Options for the verification:
  Generating no trace
  Search order is breadth first
  Using conservative space optimisation
  Seed is 1784926149
  State space representation uses minimal constraint systems with future testing
  Using HashMap + Compress integers for discrete state storage
[2K
Verifying formula 1 at /nta/queries/query[1]/formula
 -- Formula: simulate[<=700]{user_guided_transport_robot1_def.s1_start, user_guided_transport_robot1_def.s1_end, user_guided_transport_robot1_def.s2_start, user_guided_transport_robot1_def.s2_end, user_guided_transport_robot1_def.s3_start, user_guided_transport_robot1_def.s3_end, user_guided_transport.end}
[2K -- Formula is satisfied.
user_guided_transport_robot1_def.s1_start:
[0]: (0,0) (0,1) (0,0) (700,0)
user_guided_transport_robot1_def.s1_end:
[0]: (0,0) (2,0) (2,1) (2,0) (700,0)
user_guided_transport_robot1_def.s2_start:
[0]: (0,0) (2,0) (2,1) (2,0) (700,0)
user_guided_transport_robot1_def.s2_end:
[0]: (0,0) (7.627429537016385,0) (7.627429537016385,1) (7.627429537016385,0) (700,0)
user_guided_transport_robot1_def.s3_start:
[0]: (0,0) (7.627429537016385,0) (7.627429537016385,1) (7.627429537016385,0) (700,0)
user_guided_transport_robot1_def.s3_end:
[0]: (0,0) (228.8362962157552,0) (228.8362962157552,1) (228.8362962157552,0) (700,0)
user_guided_transport.end:
[0]: (0,0) (230.8362962157543,0) (230.8362962157543,1) (700,1)
[2K
Verifying formula 2 at /nta/queries/query[2]/formula
 -- Formula: simulate[<=700]{user_guided_transport_human1_def.s1_start, user_guided_transport_human1_def.s1_end, user_guided_transport_human1_def.s2_start, user_guided_transport_human1_def.s2_idle, user_guided_transport_human1_def.s3_start, user_guided_transport_human1_def.s3_end, user_guided_transport.end}
[2K -- Formula is satisfied.
user_guided_transport_human1_def.s1_start:
[0]: (0,0) (0,1) (0,0) (700,0)
user_guided_transport_human1_def.s1_end:
[0]: (0,0) (1,0) (1,1) (2,1) (2,0) (700,0)
user_guided_transport_human1_def.s2_start:
[0]: (0,0) (2,0) (2,1) (2,0) (700,0)
user_guided_transport_human1_def.s2_idle:
[0]: (0,0) (2,0) (2,1) (9.364208721517231,1) (9.364208721517231,0) (700,0)
user_guided_transport_human1_def.s3_start:
[0]: (0,0) (9.364208721517231,0) (9.364208721517231,1) (9.364208721517231,0) (14.36420872151721,0) (14.36420872151721,1) (14.36420872151721,0) (19.3642087215172,0) (19.3642087215172,1) (19.3642087215172,0) (24.36420872151721,0) (24.36420872151721,1) (24.36420872151721,0) (29.3642087215172,0) (29.3642087215172,1) (29.3642087215172,0) (34.36420872151728,0) (34.36420872151728,1) (34.36420872151728,0) (39.36420872151746,0) (39.36420872151746,1) (39.36420872151746,0) (44.36420872151763,0) (44.36420872151763,1) (44.36420872151763,0) (49.36420872151771,0) (49.36420872151771,1) (49.36420872151771,0) (54.36420872151768,0) (54.36420872151768,1) (54.36420872151768,0) (59.36420872151765,0) (59.36420872151765,1) (59.36420872151765,0) (64.36420872151766,0) (64.36420872151766,1) (64.36420872151766,0) (69.36420872151797,0) (69.36420872151797,1) (69.36420872151797,0) (74.36420872151828,0) (74.36420872151828,1) (74.36420872151828,0) (79.36420872151859,0) (79.36420872151859,1) (79.36420872151859,0) (84.36420872151889,0) (84.36420872151889,1) (84.36420872151889,0) (89.3642087215192,0) (89.3642087215192,1) (89.3642087215192,0) (94.36420872151952,0) (94.36420872151952,1) (94.36420872151952,0) (99.36420872151984,0) (99.36420872151984,1) (99.36420872151984,0) (104.3642087215202,0) (104.3642087215202,1) (104.3642087215202,0) (109.3642087215206,0) (109.3642087215206,1) (109.3642087215206,0) (114.3642087215209,0) (114.3642087215209,1) (114.3642087215209,0) (119.3642087215213,0) (119.3642087215213,1) (119.3642087215213,0) (124.3642087215216,0) (124.3642087215216,1) (124.3642087215216,0) (129.3642087215219,0) (129.3642087215219,1) (129.3642087215219,0) (134.3642087215222,0) (134.3642087215222,1) (134.3642087215222,0) (139.3642087215225,0) (139.3642087215225,1) (139.3642087215225,0) (144.3642087215228,0) (144.3642087215228,1) (144.3642087215228,0) (149.3642087215231,0) (149.3642087215231,1) (149.3642087215231,0) (154.3642087215234,0) (154.3642087215234,1) (154.3642087215234,0) (159.3642087215237,0) (159.3642087215237,1) (159.3642087215237,0) (164.3642087215239,0) (164.3642087215239,1) (164.3642087215239,0) (169.3642087215242,0) (169.3642087215242,1) (169.3642087215242,0) (174.3642087215245,0) (174.3642087215245,1) (174.3642087215245,0) (179.3642087215248,0) (179.3642087215248,1) (179.3642087215248,0) (184.3642087215252,0) (184.3642087215252,1) (184.3642087215252,0) (189.3642087215255,0) (189.3642087215255,1) (189.3642087215255,0) (194.3642087215258,0) (194.3642087215258,1) (194.3642087215258,0) (700,0)
user_guided_transport_human1_def.s3_end:
[0]: (0,0) (194.3642087215258,0) (194.3642087215258,1) (230.591878862747,1) (230.591878862747,0) (700,0)
user_guided_transport.end:
[0]: (0,0) (232.5918788627461,0) (232.5918788627461,1) (700,1)
[2K
Verifying formula 3 at /nta/queries/query[3]/formula
 -- Formula: Pr[<=700] (<> user_guided_transport.end)
[2K -- Formula is satisfied.
(72/72 runs) Pr(<> …) in [0.950056,1] (95% CI)
Values in [230.269,235.259] mean=232.641 steps=0.554446: 10 10 5 8 8 7 13 4 7
[2K
Verifying formula 4 at /nta/queries/query[4]/formula
 -- Formula: simulate[<=700]{humanPositionX[0], humanPositionY[0], robPositionX[0], robPositionY[0], batteryCharge[0], user_guided_transport.end}
[2K -- Formula is satisfied.
humanPositionX[0]:
[0]: (0,0) (0,92.5) (1,92.5) (1,97.73313175708738) (9.580556011137833,97.73313175708738) (9.580556011137833,123.7285354798977) (10.58055601113783,123.7285354798977) (10.58055601113783,149.723939202708) (11.58055601113783,149.723939202708) (11.58055601113783,175.7193429255182) (12.58055601113784,175.7193429255182) (12.58055601113784,201.7147466483285) (13.58055601113783,201.7147466483285) (13.58055601113783,227.7101503711388) (14.58055601113783,227.7101503711388) (14.58055601113783,253.7055540939491) (15.58055601113784,253.7055540939491) (15.58055601113784,279.7009578167594) (16.58055601113783,279.7009578167594) (16.58055601113783,305.6963615395697) (17.58055601113783,305.6963615395697) (17.58055601113783,331.69176526238) (18.58055601113784,331.69176526238) (18.58055601113784,357.6871689851903) (19.58055601113784,357.6871689851903) (19.58055601113784,383.6825727080006) (20.58055601113785,383.6825727080006) (20.58055601113785,409.6779764308109) (21.58055601113786,409.6779764308109) (21.58055601113786,435.6733801536212) (22.58055601113787,435.6733801536212) (22.58055601113787,461.6687838764315) (23.58055601113787,461.6687838764315) (23.58055601113787,487.6641875992418) (24.58055601113788,487.6641875992418) (24.58055601113788,513.6595913220521) (25.58055601113789,513.6595913220521) (25.58055601113789,539.6549950448623) (26.58055601113789,539.6549950448623) (26.58055601113789,565.6503987676725) (27.5805560111379,565.6503987676725) (27.5805560111379,591.6458024904828) (28.58055601113791,591.6458024904828) (28.58055601113791,617.641206213293) (29.58055601113792,617.641206213293) (29.58055601113792,643.6366099361032) (30.58055601113793,643.6366099361032) (30.58055601113793,669.6320136589135) (31.58055601113794,669.6320136589135) (31.58055601113794,695.6274173817237) (32.58055601113795,695.6274173817237) (32.58055601113795,721.622821104534) (33.58055601113796,721.622821104534) (33.58055601113796,747.6182248273442) (34.58055601113797,747.6182248273442) (34.58055601113797,773.6136285501544) (35.58055601113799,773.6136285501544) (35.58055601113799,799.6090322729647) (36.580556011138,799.6090322729647) (36.580556011138,825.6044359957749) (37.58055601113801,825.6044359957749) (37.58055601113801,851.5998397185851) (38.58055601113803,851.5998397185851) (38.58055601113803,877.5952434413954) (39.58055601113804,877.5952434413954) (39.58055601113804,903.5906471642056) (40.58055601113806,903.5906471642056) (40.58055601113806,929.5860508870159) (41.58055601113807,929.5860508870159) (41.58055601113807,955.5814546098261) (42.58055601113809,955.5814546098261) (42.58055601113809,981.5768583326363) (43.58055601113809,981.5768583326363) (43.58055601113809,1007.572262055447) (44.58055601113811,1007.572262055447) (44.58055601113811,1033.567665778257) (45.58055601113812,1033.567665778257) (45.58055601113812,1059.563069501067) (46.58055601113812,1059.563069501067) (46.58055601113812,1085.558473223878) (47.58055601113811,1085.558473223878) (47.58055601113811,1111.553876946688) (48.58055601113809,1111.553876946688) (48.58055601113809,1137.549280669498) (49.5805560111381,1137.549280669498) (49.5805560111381,1163.544684392309) (50.58055601113811,1163.544684392309) (50.58055601113811,1189.540088115119) (51.58055601113811,1189.540088115119) (51.58055601113811,1215.535491837929) (52.58055601113812,1215.535491837929) (52.58055601113812,1241.53089556074) (53.58055601113813,1241.53089556074) (53.58055601113813,1267.52629928355) (54.58055601113814,1267.52629928355) (54.58055601113814,1293.52170300636) (55.58055601113814,1293.52170300636) (55.58055601113814,1319.517106729171) (56.58055601113814,1319.517106729171) (56.58055601113814,1345.512510451981) (57.58055601113814,1345.512510451981) (57.58055601113814,1371.507914174791) (58.58055601113814,1371.507914174791) (58.58055601113814,1397.503317897602) (59.58055601113814,1397.503317897602) (59.58055601113814,1423.498721620412) (60.58055601113814,1423.498721620412) (60.58055601113814,1478) (61.58055601113814,1478) (61.58055601113814,1504) (62.58055601113814,1504) (62.58055601113814,1530) (63.58055601113814,1530) (63.58055601113814,1556) (64.58055601113817,1556) (64.58055601113817,1582) (65.58055601113823,1582) (65.58055601113823,1608) (66.5805560111383,1608) (66.5805560111383,1634) (67.58055601113837,1634) (67.58055601113837,1660) (68.58055601113843,1660) (68.58055601113843,1686) (69.5805560111385,1686) (69.5805560111385,1712) (70.58055601113857,1712) (70.58055601113857,1738) (71.58055601113863,1738) (71.58055601113863,1764) (72.5805560111387,1764) (72.5805560111387,1790) (73.58055601113877,1790) (73.58055601113877,1816) (74.58055601113884,1816) (74.58055601113884,1842) (75.58055601113891,1842) (75.58055601113891,1868) (76.58055601113898,1868) (76.58055601113898,1894) (77.58055601113905,1894) (77.58055601113905,1920) (78.58055601113911,1920) (78.58055601113911,1946) (79.58055601113917,1946) (79.58055601113917,1972) (80.58055601113924,1972) (80.58055601113924,1998) (81.58055601113929,1998) (81.58055601113929,2024) (82.58055601113935,2024) (82.58055601113935,2050) (83.58055601113941,2050) (83.58055601113941,2076) (84.58055601113946,2076) (84.58055601113946,2102) (85.58055601113952,2102) (85.58055601113952,2128) (86.58055601113959,2128) (86.58055601113959,2154) (87.58055601113965,2154) (87.58055601113965,2180) (88.58055601113972,2180) (88.58055601113972,2206) (89.58055601113979,2206) (89.58055601113979,2232) (90.58055601113985,2232) (90.58055601113985,2258) (91.58055601113992,2258) (91.58055601113992,2284) (92.58055601113998,2284) (92.58055601113998,2310) (93.58055601114003,2310) (93.58055601114003,2336) (94.58055601114009,2336) (94.58055601114009,2362) (95.58055601114016,2362) (95.58055601114016,2388) (96.58055601114023,2388) (96.58055601114023,2414) (97.58055601114029,2414) (97.58055601114029,2440) (98.58055601114035,2440) (98.58055601114035,2466) (99.5805560111404,2466) (99.5805560111404,2492) (100.5805560111405,2492) (100.5805560111405,2518) (101.5805560111405,2518) (101.5805560111405,2544) (102.5805560111406,2544) (102.5805560111406,2570) (103.5805560111406,2570) (103.5805560111406,2596) (104.5805560111407,2596) (104.5805560111407,2622) (105.5805560111407,2622) (105.5805560111407,2648) (106.5805560111408,2648) (106.5805560111408,2674) (107.5805560111409,2674) (107.5805560111409,2700) (108.5805560111409,2700) (108.5805560111409,2726) (109.580556011141,2726) (109.580556011141,2752) (110.580556011141,2752) (110.580556011141,2778) (111.5805560111411,2778) (111.5805560111411,2804) (112.5805560111411,2804) (112.5805560111411,2830) (113.5805560111412,2830) (113.5805560111412,2856) (114.5805560111413,2856) (114.5805560111413,2882) (115.5805560111413,2882) (115.5805560111413,2908) (116.5805560111414,2908) (116.5805560111414,2934) (117.5805560111414,2934) (117.5805560111414,2960) (118.5805560111415,2960) (118.5805560111415,2986) (119.5805560111415,2986) (119.5805560111415,3012) (120.5805560111416,3012) (120.5805560111416,3038) (121.5805560111417,3038) (121.5805560111417,3088.5) (122.5805560111417,3088.5) (122.5805560111417,3114.5) (123.5805560111418,3114.5) (123.5805560111418,3140.5) (124.5805560111418,3140.5) (124.5805560111418,3166.5) (125.5805560111419,3166.5) (125.5805560111419,3192.5) (126.5805560111419,3192.5) (126.5805560111419,3218.5) (127.580556011142,3218.5) (127.580556011142,3244.5) (128.5805560111421,3244.5) (128.5805560111421,3270.5) (129.5805560111421,3270.5) (129.5805560111421,3296.5) (130.5805560111422,3296.5) (130.5805560111422,3322.5) (131.5805560111423,3322.5) (131.5805560111423,3348.5) (132.5805560111424,3348.5) (132.5805560111424,3374.5) (133.5805560111425,3374.5) (133.5805560111425,3400.5) (134.5805560111426,3400.5) (134.5805560111426,3426.5) (135.5805560111426,3426.5) (135.5805560111426,3452.5) (136.5805560111427,3452.5) (136.5805560111427,3478.5) (137.5805560111428,3478.5) (137.5805560111428,3504.5) (138.5805560111429,3504.5) (138.5805560111429,3530.5) (139.580556011143,3530.5) (139.580556011143,3556.5) (140.5805560111431,3556.5) (140.5805560111431,3582.5) (141.5805560111432,3582.5) (141.5805560111432,3608.5) (142.5805560111432,3608.5) (142.5805560111432,3634.5) (143.5805560111433,3634.5) (143.5805560111433,3660.5) (144.5805560111434,3660.5) (144.5805560111434,3686.5) (145.5805560111435,3686.5) (145.5805560111435,3712.5) (146.5805560111436,3712.5) (146.5805560111436,3738.5) (147.5805560111437,3738.5) (147.5805560111437,3764.5) (148.5805560111438,3764.5) (148.5805560111438,3790.5) (149.5805560111438,3790.5) (149.5805560111438,3816.5) (150.5805560111439,3816.5) (150.5805560111439,3842.5) (151.580556011144,3842.5) (151.580556011144,3868.5) (152.5805560111441,3868.5) (152.5805560111441,3894.5) (153.5805560111442,3894.5) (153.5805560111442,3920.5) (154.5805560111443,3920.5) (154.5805560111443,3946.5) (155.5805560111444,3946.5) (155.5805560111444,3972.5) (156.5805560111444,3972.5) (156.5805560111444,3998.5) (157.5805560111445,3998.5) (157.5805560111445,4024.5) (158.5805560111446,4024.5) (158.5805560111446,4050.5) (159.5805560111447,4050.5) (159.5805560111447,4076.5) (160.5805560111448,4076.5) (160.5805560111448,4102.5) (161.5805560111448,4102.5) (161.5805560111448,4128.5) (162.5805560111449,4128.5) (162.5805560111449,4154.5) (163.5805560111449,4154.5) (163.5805560111449,4180.5) (164.580556011145,4180.5) (164.580556011145,4206.5) (165.5805560111451,4206.5) (165.5805560111451,4232.5) (166.5805560111451,4232.5) (166.5805560111451,4258.5) (167.5805560111452,4258.5) (167.5805560111452,4284.5) (168.5805560111452,4284.5) (168.5805560111452,4310.5) (169.5805560111453,4310.5) (169.5805560111453,4336.5) (170.5805560111453,4336.5) (170.5805560111453,4362.5) (171.5805560111454,4362.5) (171.5805560111454,4388.5) (172.5805560111455,4388.5) (172.5805560111455,4416.265463717128) (173.5805560111455,4416.265463717128) (173.5805560111455,4415.530927434256) (174.5805560111456,4415.530927434256) (174.5805560111456,4414.796391151384) (175.5805560111457,4414.796391151384) (175.5805560111457,4414.061854868512) (176.5805560111457,4414.061854868512) (176.5805560111457,4413.327318585641) (177.5805560111458,4413.327318585641) (177.5805560111458,4412.592782302769) (178.5805560111459,4412.592782302769) (178.5805560111459,4411.858246019897) (179.5805560111459,4411.858246019897) (179.5805560111459,4411.123709737025) (180.580556011146,4411.123709737025) (180.580556011146,4410.389173454153) (181.5805560111461,4410.389173454153) (181.5805560111461,4409.654637171281) (182.5805560111462,4409.654637171281) (182.5805560111462,4408.920100888409) (183.5805560111462,4408.920100888409) (183.5805560111462,4408.185564605537) (184.5805560111463,4408.185564605537) (184.5805560111463,4407.451028322665) (185.5805560111463,4407.451028322665) (185.5805560111463,4406.716492039794) (186.5805560111464,4406.716492039794) (186.5805560111464,4405.981955756922) (187.5805560111465,4405.981955756922) (187.5805560111465,4405.24741947405) (188.5805560111465,4405.24741947405) (188.5805560111465,4404.512883191178) (189.5805560111466,4404.512883191178) (189.5805560111466,4403.778346908306) (190.5805560111466,4403.778346908306) (190.5805560111466,4403.043810625434) (191.5805560111467,4403.043810625434) (191.5805560111467,4402.309274342562) (192.5805560111467,4402.309274342562) (192.5805560111467,4401.57473805969) (193.5805560111468,4401.57473805969) (193.5805560111468,4400.840201776819) (700,4400.840201776819)
humanPositionY[0]:
[0]: (0,0) (0,163.5) (1,163.5) (1,188.9679078844919) (9.580556011137833,188.9679078844919) (9.580556011137833,188.479046668909) (10.58055601113783,188.479046668909) (10.58055601113783,187.9901854533261) (11.58055601113783,187.9901854533261) (11.58055601113783,187.5013242377432) (12.58055601113784,187.5013242377432) (12.58055601113784,187.0124630221603) (13.58055601113783,187.0124630221603) (13.58055601113783,186.5236018065774) (14.58055601113783,186.5236018065774) (14.58055601113783,186.0347405909945) (15.58055601113784,186.0347405909945) (15.58055601113784,185.5458793754117) (16.58055601113783,185.5458793754117) (16.58055601113783,185.0570181598288) (17.58055601113783,185.0570181598288) (17.58055601113783,184.5681569442459) (18.58055601113784,184.5681569442459) (18.58055601113784,184.079295728663) (19.58055601113784,184.079295728663) (19.58055601113784,183.5904345130801) (20.58055601113785,183.5904345130801) (20.58055601113785,183.1015732974972) (21.58055601113786,183.1015732974972) (21.58055601113786,182.6127120819143) (22.58055601113787,182.6127120819143) (22.58055601113787,182.1238508663315) (23.58055601113787,182.1238508663315) (23.58055601113787,181.6349896507486) (24.58055601113788,181.6349896507486) (24.58055601113788,181.1461284351657) (25.58055601113789,181.1461284351657) (25.58055601113789,180.6572672195828) (26.58055601113789,180.6572672195828) (26.58055601113789,180.1684060039999) (27.5805560111379,180.1684060039999) (27.5805560111379,179.679544788417) (28.58055601113791,179.679544788417) (28.58055601113791,179.1906835728341) (29.58055601113792,179.1906835728341) (29.58055601113792,178.7018223572512) (30.58055601113793,178.7018223572512) (30.58055601113793,178.2129611416684) (31.58055601113794,178.2129611416684) (31.58055601113794,177.7240999260855) (32.58055601113795,177.7240999260855) (32.58055601113795,177.2352387105026) (33.58055601113796,177.2352387105026) (33.58055601113796,176.7463774949197) (34.58055601113797,176.7463774949197) (34.58055601113797,176.2575162793368) (35.58055601113799,176.2575162793368) (35.58055601113799,175.7686550637539) (36.580556011138,175.7686550637539) (36.580556011138,175.279793848171) (37.58055601113801,175.279793848171) (37.58055601113801,174.7909326325882) (38.58055601113803,174.7909326325882) (38.58055601113803,174.3020714170053) (39.58055601113804,174.3020714170053) (39.58055601113804,173.8132102014224) (40.58055601113806,173.8132102014224) (40.58055601113806,173.3243489858395) (41.58055601113807,173.3243489858395) (41.58055601113807,172.8354877702566) (42.58055601113809,172.8354877702566) (42.58055601113809,172.3466265546737) (43.58055601113809,172.3466265546737) (43.58055601113809,171.8577653390908) (44.58055601113811,171.8577653390908) (44.58055601113811,171.3689041235079) (45.58055601113812,171.3689041235079) (45.58055601113812,170.8800429079251) (46.58055601113812,170.8800429079251) (46.58055601113812,170.3911816923422) (47.58055601113811,170.3911816923422) (47.58055601113811,169.9023204767593) (48.58055601113809,169.9023204767593) (48.58055601113809,169.4134592611764) (49.5805560111381,169.4134592611764) (49.5805560111381,168.9245980455935) (50.58055601113811,168.9245980455935) (50.58055601113811,168.4357368300106) (51.58055601113811,168.4357368300106) (51.58055601113811,167.9468756144277) (52.58055601113812,167.9468756144277) (52.58055601113812,167.4580143988449) (53.58055601113813,167.4580143988449) (53.58055601113813,166.969153183262) (54.58055601113814,166.969153183262) (54.58055601113814,166.4802919676791) (55.58055601113814,166.4802919676791) (55.58055601113814,165.9914307520962) (56.58055601113814,165.9914307520962) (56.58055601113814,165.5025695365133) (57.58055601113814,165.5025695365133) (57.58055601113814,165.0137083209304) (58.58055601113814,165.0137083209304) (58.58055601113814,164.5248471053475) (59.58055601113814,164.5248471053475) (59.58055601113814,164.0359858897646) (60.58055601113814,164.0359858897646) (60.58055601113814,163.5) (172.5805560111455,163.5) (172.5805560111455,189.4896220913107) (173.5805560111455,189.4896220913107) (173.5805560111455,215.4792441826214) (174.5805560111456,215.4792441826214) (174.5805560111456,241.4688662739321) (175.5805560111457,241.4688662739321) (175.5805560111457,267.4584883652428) (176.5805560111457,267.4584883652428) (176.5805560111457,293.4481104565535) (177.5805560111458,293.4481104565535) (177.5805560111458,319.4377325478642) (178.5805560111459,319.4377325478642) (178.5805560111459,345.427354639175) (179.5805560111459,345.427354639175) (179.5805560111459,371.4169767304857) (180.580556011146,371.4169767304857) (180.580556011146,397.4065988217964) (181.5805560111461,397.4065988217964) (181.5805560111461,423.3962209131071) (182.5805560111462,423.3962209131071) (182.5805560111462,449.3858430044178) (183.5805560111462,449.3858430044178) (183.5805560111462,475.3754650957285) (184.5805560111463,475.3754650957285) (184.5805560111463,501.3650871870392) (185.5805560111463,501.3650871870392) (185.5805560111463,527.3547092783499) (186.5805560111464,527.3547092783499) (186.5805560111464,553.3443313696606) (187.5805560111465,553.3443313696606) (187.5805560111465,579.3339534609713) (188.5805560111465,579.3339534609713) (188.5805560111465,605.323575552282) (189.5805560111466,605.323575552282) (189.5805560111466,631.3131976435927) (190.5805560111466,631.3131976435927) (190.5805560111466,657.3028197349034) (191.5805560111467,657.3028197349034) (191.5805560111467,683.2924418262141) (192.5805560111467,683.2924418262141) (192.5805560111467,709.2820639175249) (193.5805560111468,709.2820639175249) (193.5805560111468,735.2716860088356) (700,735.2716860088356)
robPositionX[0]:
[0]: (0,0) (0,92.5) (2,92.5) (2,97.73313175708738) (11.58055601113783,97.73313175708738) (11.58055601113783,123.7285354798977) (12.58055601113784,123.7285354798977) (12.58055601113784,149.723939202708) (13.58055601113783,149.723939202708) (13.58055601113783,175.7193429255182) (14.59935947362108,175.7193429255182) (14.59935947362108,201.7147466483285) (15.59935947362108,201.7147466483285) (15.59935947362108,227.7101503711388) (16.59935947362108,227.7101503711388) (16.59935947362108,253.7055540939491) (17.59935947362107,253.7055540939491) (17.59935947362107,279.7009578167594) (18.59935947362108,279.7009578167594) (18.59935947362108,305.6963615395697) (19.59935947362109,305.6963615395697) (19.59935947362109,331.69176526238) (20.5993594736211,331.69176526238) (20.5993594736211,357.6871689851903) (21.5993594736211,357.6871689851903) (21.5993594736211,383.6825727080006) (22.59935947362111,383.6825727080006) (22.59935947362111,409.6779764308109) (23.59935947362112,409.6779764308109) (23.59935947362112,435.6733801536212) (24.59935947362112,435.6733801536212) (24.59935947362112,461.6687838764315) (25.59935947362113,461.6687838764315) (25.59935947362113,487.6641875992418) (26.59935947362114,487.6641875992418) (26.59935947362114,513.6595913220521) (27.59935947362115,513.6595913220521) (27.59935947362115,539.6549950448623) (28.59935947362115,539.6549950448623) (28.59935947362115,565.6503987676725) (29.59935947362116,565.6503987676725) (29.59935947362116,591.6458024904828) (30.59935947362117,591.6458024904828) (30.59935947362117,617.641206213293) (31.59935947362119,617.641206213293) (31.59935947362119,643.6366099361032) (32.59935947362119,643.6366099361032) (32.59935947362119,669.6320136589135) (33.59935947362121,669.6320136589135) (33.59935947362121,695.6274173817237) (34.59935947362122,695.6274173817237) (34.59935947362122,721.622821104534) (35.59935947362123,721.622821104534) (35.59935947362123,747.6182248273442) (36.59935947362125,747.6182248273442) (36.59935947362125,773.6136285501544) (37.59935947362126,773.6136285501544) (37.59935947362126,799.6090322729647) (38.59935947362128,799.6090322729647) (38.59935947362128,825.6044359957749) (39.59935947362129,825.6044359957749) (39.59935947362129,851.5998397185851) (40.59935947362131,851.5998397185851) (40.59935947362131,877.5952434413954) (41.59935947362132,877.5952434413954) (41.59935947362132,903.5906471642056) (42.59935947362133,903.5906471642056) (42.59935947362133,929.5860508870159) (43.59935947362135,929.5860508870159) (43.59935947362135,955.5814546098261) (44.59935947362136,955.5814546098261) (44.59935947362136,981.5768583326363) (45.59935947362138,981.5768583326363) (45.59935947362138,1007.572262055447) (46.59935947362138,1007.572262055447) (46.59935947362138,1033.567665778257) (47.59935947362137,1033.567665778257) (47.59935947362137,1059.563069501067) (48.59935947362134,1059.563069501067) (48.59935947362134,1085.558473223878) (49.59935947362136,1085.558473223878) (49.59935947362136,1111.553876946688) (50.59935947362136,1111.553876946688) (50.59935947362136,1137.549280669498) (51.59935947362137,1137.549280669498) (51.59935947362137,1163.544684392309) (52.59935947362138,1163.544684392309) (52.59935947362138,1189.540088115119) (53.59935947362138,1189.540088115119) (53.59935947362138,1215.535491837929) (54.59935947362139,1215.535491837929) (54.59935947362139,1241.53089556074) (55.59935947362139,1241.53089556074) (55.59935947362139,1267.52629928355) (56.59935947362139,1267.52629928355) (56.59935947362139,1293.52170300636) (57.59935947362139,1293.52170300636) (57.59935947362139,1319.517106729171) (58.59935947362139,1319.517106729171) (58.59935947362139,1345.512510451981) (59.59935947362139,1345.512510451981) (59.59935947362139,1371.507914174791) (60.59935947362139,1371.507914174791) (60.59935947362139,1397.503317897602) (61.61209033048054,1397.503317897602) (61.61209033048054,1423.501210954746) (62.62070954815973,1423.501210954746) (62.62070954815973,1449.500245178851) (63.62654498892763,1449.500245178851) (63.62654498892763,1475.499802499311) (64.63049571997593,1475.499802499311) (64.63049571997593,1501.499599591989) (65.63317045239613,1501.499599591989) (65.63317045239613,1527.499506587529) (66.63498130371843,1527.499506587529) (66.63498130371843,1553.499463958168) (67.63620728842669,1553.499463958168) (67.63620728842669,1579.49944441867) (68.63703730587672,1579.49944441867) (68.63703730587672,1605.499435462594) (69.63759924510651,1605.499435462594) (69.63759924510651,1631.49943135751) (70.63797968973989,1631.49943135751) (70.63797968973989,1657.499429475914) (71.63823725872314,1657.499429475914) (71.63823725872314,1683.499428613471) (72.63841163831682,1683.499428613471) (72.63841163831682,1709.499428218164) (73.63852969695114,1709.499428218164) (73.63852969695114,1735.499428036972) (74.63860962511862,1735.499428036972) (74.63860962511862,1761.499427953921) (75.63866373815983,1761.499427953921) (75.63866373815983,1787.499427915854) (76.63870037382159,1787.499427915854) (76.63870037382159,1813.499427898406) (77.63872517693315,1813.499427898406) (77.63872517693315,1839.499427890409) (78.63874196916012,1839.499427890409) (78.63874196916012,1865.499427886743) (79.63875333783801,1865.499427886743) (79.63875333783801,1891.499427885063) (80.63876103467369,1891.499427885063) (80.63876103467369,1917.499427884293) (81.6387662455866,1917.499427884293) (81.6387662455866,1943.499427883939) (82.63876977348181,1943.499427883939) (82.63876977348181,1969.499427883778) (83.6387721619479,1969.499427883778) (83.6387721619479,1995.499427883703) (84.63877377898143,1995.499427883703) (84.63877377898143,2021.499427883669) (85.63877487378593,2021.499427883669) (85.63877487378593,2047.499427883654) (86.63877561495964,2047.499427883654) (86.63877561495964,2073.499427883647) (87.63877611675505,2073.499427883647) (87.63877611675505,2099.499427883643) (88.63877645655388,2099.499427883643) (88.63877645655388,2125.499427883642) (89.63877668692031,2125.499427883642) (89.63877668692031,2151.499427883641) (90.63877684177778,2151.499427883641) (90.63877684177778,2177.499427883641) (91.63877694608598,2177.499427883641) (91.63877694608598,2203.499427883641) (92.63877701908652,2203.499427883641) (92.63877701908652,2229.499427883641) (93.63877706850813,2229.499427883641) (93.63877706850813,2255.499427883641) (94.63877710182821,2255.499427883641) (94.63877710182821,2281.499427883641) (95.6387771229017,2281.499427883641) (95.6387771229017,2307.499427883641) (96.63877712290177,2307.499427883641) (96.63877712290177,2333.499427883641) (97.63877712290183,2333.499427883641) (97.63877712290183,2359.499427883641) (98.63877712290189,2359.499427883641) (98.63877712290189,2385.499427883641) (99.63877712290194,2385.499427883641) (99.63877712290194,2411.499427883641) (100.638777122902,2411.499427883641) (100.638777122902,2437.499427883641) (101.6387771229021,2437.499427883641) (101.6387771229021,2463.499427883641) (102.6387771229021,2463.499427883641) (102.6387771229021,2489.499427883641) (103.6387771229022,2489.499427883641) (103.6387771229022,2515.499427883641) (104.6387771229022,2515.499427883641) (104.6387771229022,2541.499427883641) (105.6387771229023,2541.499427883641) (105.6387771229023,2567.499427883641) (106.6387771229023,2567.499427883641) (106.6387771229023,2593.499427883641) (107.6387771229024,2593.499427883641) (107.6387771229024,2619.499427883641) (108.6387771229025,2619.499427883641) (108.6387771229025,2645.499427883641) (109.6387771229025,2645.499427883641) (109.6387771229025,2671.499427883641) (110.6387771229026,2671.499427883641) (110.6387771229026,2697.499427883641) (111.6387771229026,2697.499427883641) (111.6387771229026,2723.499427883641) (112.6387771229027,2723.499427883641) (112.6387771229027,2749.499427883641) (113.6387771229027,2749.499427883641) (113.6387771229027,2775.499427883641) (114.6387771229028,2775.499427883641) (114.6387771229028,2801.499427883641) (115.6387771229029,2801.499427883641) (115.6387771229029,2827.499427883641) (116.6387771229029,2827.499427883641) (116.6387771229029,2853.499427883641) (117.638777122903,2853.499427883641) (117.638777122903,2879.499427883641) (118.638777122903,2879.499427883641) (118.638777122903,2905.499427883641) (119.6387771229031,2905.499427883641) (119.6387771229031,2931.499427883641) (120.6387771229031,2931.499427883641) (120.6387771229031,2957.499427883641) (121.6387771229032,2957.499427883641) (121.6387771229032,2983.499427883641) (122.6387771229032,2983.499427883641) (122.6387771229032,3009.499427883641) (123.6387771229033,3009.499427883641) (123.6387771229033,3035.499427883641) (124.6387771229034,3035.499427883641) (124.6387771229034,3061.499427883641) (125.6387771229034,3061.499427883641) (125.6387771229034,3087.499427883641) (126.6387771229035,3087.499427883641) (126.6387771229035,3113.499427883641) (127.6387771229035,3113.499427883641) (127.6387771229035,3139.499427883641) (128.6387771229036,3139.499427883641) (128.6387771229036,3165.499427883641) (129.6387771229037,3165.499427883641) (129.6387771229037,3191.499427883641) (130.6387771229038,3191.499427883641) (130.6387771229038,3217.499427883641) (131.6387771229039,3217.499427883641) (131.6387771229039,3243.499427883641) (132.6387771229039,3243.499427883641) (132.6387771229039,3269.499427883641) (133.638777122904,3269.499427883641) (133.638777122904,3295.499427883641) (134.6387771229041,3295.499427883641) (134.6387771229041,3321.499427883641) (135.6387771229042,3321.499427883641) (135.6387771229042,3347.499427883641) (136.6387771229043,3347.499427883641) (136.6387771229043,3373.499427883641) (137.6387771229044,3373.499427883641) (137.6387771229044,3399.499427883641) (138.6387771229045,3399.499427883641) (138.6387771229045,3425.499427883641) (139.6387771229045,3425.499427883641) (139.6387771229045,3451.499427883641) (140.6387771229046,3451.499427883641) (140.6387771229046,3477.499427883641) (141.6387771229047,3477.499427883641) (141.6387771229047,3503.499427883641) (142.6387771229048,3503.499427883641) (142.6387771229048,3529.499427883641) (143.6387771229049,3529.499427883641) (143.6387771229049,3555.499427883641) (144.638777122905,3555.499427883641) (144.638777122905,3581.499427883641) (145.6387771229051,3581.499427883641) (145.6387771229051,3607.499427883641) (146.6387771229051,3607.499427883641) (146.6387771229051,3633.499427883641) (147.6387771229052,3633.499427883641) (147.6387771229052,3659.499427883641) (148.6387771229053,3659.499427883641) (148.6387771229053,3685.499427883641) (149.6387771229054,3685.499427883641) (149.6387771229054,3711.499427883641) (150.6387771229055,3711.499427883641) (150.6387771229055,3737.499427883641) (151.6387771229056,3737.499427883641) (151.6387771229056,3763.499427883641) (152.6387771229057,3763.499427883641) (152.6387771229057,3789.499427883641) (153.6387771229057,3789.499427883641) (153.6387771229057,3815.499427883641) (154.6387771229058,3815.499427883641) (154.6387771229058,3841.499427883641) (155.6387771229059,3841.499427883641) (155.6387771229059,3867.499427883641) (156.638777122906,3867.499427883641) (156.638777122906,3893.499427883641) (157.6387771229061,3893.499427883641) (157.6387771229061,3919.499427883641) (158.6387771229062,3919.499427883641) (158.6387771229062,3945.499427883641) (159.6387771229062,3945.499427883641) (159.6387771229062,3971.499427883641) (160.6387771229063,3971.499427883641) (160.6387771229063,3997.499427883641) (161.6387771229064,3997.499427883641) (161.6387771229064,4023.499427883641) (162.6387771229064,4023.499427883641) (162.6387771229064,4049.499427883641) (163.6387771229065,4049.499427883641) (163.6387771229065,4075.499427883641) (164.6387771229066,4075.499427883641) (164.6387771229066,4101.49942788364) (165.6387771229066,4101.49942788364) (165.6387771229066,4127.49942788364) (166.6387771229067,4127.49942788364) (166.6387771229067,4153.49942788364) (167.6387771229067,4153.49942788364) (167.6387771229067,4179.49942788364) (168.6387771229068,4179.49942788364) (168.6387771229068,4205.49942788364) (169.6387771229068,4205.49942788364) (169.6387771229068,4231.49942788364) (170.6387771229069,4231.49942788364) (170.6387771229069,4257.49942788364) (171.638777122907,4257.49942788364) (171.638777122907,4283.49942788364) (172.638777122907,4283.49942788364) (172.638777122907,4309.49942788364) (173.877558918662,4309.49942788364) (173.877558918662,4334.761725317672) (175.3936750155755,4334.761725317672) (175.3936750155755,4357.375029374853) (177.1925321947488,4357.375029374853) (177.1925321947488,4371.80338971305) (179.3282398380424,4371.80338971305) (179.3282398380424,4380.472858151295) (181.636538296947,4380.472858151295) (181.636538296947,4385.010512952947) (184.0626783446933,4385.010512952947) (184.0626783446933,4388.172157803916) (186.5313795727159,4388.172157803916) (186.5313795727159,4390.428283375573) (189.0287466082438,4390.428283375573) (189.0287466082438,4391.835488330516) (191.5532117706965,4391.835488330516) (191.5532117706965,4392.871718959358) (194.0900496088183,4392.871718959358) (194.0900496088183,4393.515439372457) (196.6400048288945,4393.515439372457) (196.6400048288945,4394.057268921059) (199.1899600489706,4394.057268921059) (199.1899600489706,4394.599098469662) (201.7399152690468,4394.599098469662) (201.7399152690468,4395.140928018264) (204.289870489123,4395.140928018264) (204.289870489123,4395.682757566867) (206.8398257091992,4395.682757566867) (206.8398257091992,4396.224587115469) (209.3897809292754,4396.224587115469) (209.3897809292754,4396.766416664072) (211.9397361493516,4396.766416664072) (211.9397361493516,4397.308246212675) (214.4896913694278,4397.308246212675) (214.4896913694278,4397.850075761278) (217.0396465895039,4397.850075761278) (217.0396465895039,4398.391905309881) (219.5896018095801,4398.391905309881) (219.5896018095801,4398.933734858484) (222.1395570296563,4398.933734858484) (222.1395570296563,4399.475564407086) (224.6895122497325,4399.475564407086) (224.6895122497325,4400.01739395569) (227.2394674698087,4400.01739395569) (227.2394674698087,4400.559223504292) (229.7894226898848,4400.559223504292) (229.7894226898848,4400.840201776819) (700,4400.840201776819)
robPositionY[0]:
[0]: (0,0) (0,163.5) (2,163.5) (2,188.9679078844919) (11.58055601113783,188.9679078844919) (11.58055601113783,188.479046668909) (12.58055601113784,188.479046668909) (12.58055601113784,187.9901854533261) (13.58055601113783,187.9901854533261) (13.58055601113783,187.5013242377433) (14.59935947362108,187.5013242377433) (14.59935947362108,187.0124630221605) (15.59935947362108,187.0124630221605) (15.59935947362108,186.5236018065776) (16.59935947362108,186.5236018065776) (16.59935947362108,186.0347405909947) (17.59935947362107,186.0347405909947) (17.59935947362107,185.5458793754118) (18.59935947362108,185.5458793754118) (18.59935947362108,185.0570181598289) (19.59935947362109,185.0570181598289) (19.59935947362109,184.568156944246) (20.5993594736211,184.568156944246) (20.5993594736211,184.0792957286631) (21.5993594736211,184.0792957286631) (21.5993594736211,183.5904345130803) (22.59935947362111,183.5904345130803) (22.59935947362111,183.1015732974974) (23.59935947362112,183.1015732974974) (23.59935947362112,182.6127120819145) (24.59935947362112,182.6127120819145) (24.59935947362112,182.1238508663316) (25.59935947362113,182.1238508663316) (25.59935947362113,181.6349896507487) (26.59935947362114,181.6349896507487) (26.59935947362114,181.1461284351658) (27.59935947362115,181.1461284351658) (27.59935947362115,180.6572672195829) (28.59935947362115,180.6572672195829) (28.59935947362115,180.168406004) (29.59935947362116,180.168406004) (29.59935947362116,179.6795447884172) (30.59935947362117,179.6795447884172) (30.59935947362117,179.1906835728343) (31.59935947362119,179.1906835728343) (31.59935947362119,178.7018223572514) (32.59935947362119,178.7018223572514) (32.59935947362119,178.2129611416685) (33.59935947362121,178.2129611416685) (33.59935947362121,177.7240999260856) (34.59935947362122,177.7240999260856) (34.59935947362122,177.2352387105027) (35.59935947362123,177.2352387105027) (35.59935947362123,176.7463774949198) (36.59935947362125,176.7463774949198) (36.59935947362125,176.257516279337) (37.59935947362126,176.257516279337) (37.59935947362126,175.7686550637541) (38.59935947362128,175.7686550637541) (38.59935947362128,175.2797938481712) (39.59935947362129,175.2797938481712) (39.59935947362129,174.7909326325883) (40.59935947362131,174.7909326325883) (40.59935947362131,174.3020714170054) (41.59935947362132,174.3020714170054) (41.59935947362132,173.8132102014225) (42.59935947362133,173.8132102014225) (42.59935947362133,173.3243489858396) (43.59935947362135,173.3243489858396) (43.59935947362135,172.8354877702567) (44.59935947362136,172.8354877702567) (44.59935947362136,172.3466265546739) (45.59935947362138,172.3466265546739) (45.59935947362138,171.857765339091) (46.59935947362138,171.857765339091) (46.59935947362138,171.3689041235081) (47.59935947362137,171.3689041235081) (47.59935947362137,170.8800429079252) (48.59935947362134,170.8800429079252) (48.59935947362134,170.3911816923423) (49.59935947362136,170.3911816923423) (49.59935947362136,169.9023204767594) (50.59935947362136,169.9023204767594) (50.59935947362136,169.4134592611765) (51.59935947362137,169.4134592611765) (51.59935947362137,168.9245980455937) (52.59935947362138,168.9245980455937) (52.59935947362138,168.4357368300108) (53.59935947362138,168.4357368300108) (53.59935947362138,167.9468756144279) (54.59935947362139,167.9468756144279) (54.59935947362139,167.458014398845) (55.59935947362139,167.458014398845) (55.59935947362139,166.9691531832621) (56.59935947362139,166.9691531832621) (56.59935947362139,166.4802919676792) (57.59935947362139,166.4802919676792) (57.59935947362139,165.9914307520963) (58.59935947362139,165.9914307520963) (58.59935947362139,165.5025695365134) (59.59935947362139,165.5025695365134) (59.59935947362139,165.0137083209306) (60.59935947362139,165.0137083209306) (60.59935947362139,164.5248471053477) (61.61209033048054,164.5248471053477) (61.61209033048054,164.1938537681208) (62.62070954815973,164.1938537681208) (62.62070954815973,163.969756883213) (63.62654498892763,163.969756883213) (63.62654498892763,163.8180362843253) (64.63049571997593,163.8180362843253) (64.63049571997593,163.7153175442811) (65.63317045239613,163.7153175442811) (65.63317045239613,163.6457745842783) (66.63498130371843,163.6457745842783) (66.63498130371843,163.5986924756321) (67.63620728842669,163.5986924756321) (67.63620728842669,163.566816881204) (68.63703730587672,163.566816881204) (68.63703730587672,163.545236429983) (69.63759924510651,163.545236429983) (69.63759924510651,163.5306260107791) (70.63797968973989,163.5306260107791) (70.63797968973989,163.5207344505516) (71.63823725872314,163.5207344505516) (71.63823725872314,163.5140376570627) (72.63841163831682,163.5140376570627) (72.63841163831682,163.5095037876518) (73.63852969695114,163.5095037876518) (73.63852969695114,163.5064342631685) (74.63860962511862,163.5064342631685) (74.63860962511862,163.5043561308182) (75.63866373815983,163.5043561308182) (75.63866373815983,163.5029491917491) (76.63870037382159,163.5029491917491) (76.63870037382159,163.5019966645455) (77.63872517693315,163.5019966645455) (77.63872517693315,163.5013517836466) (78.63874196916012,163.5013517836466) (78.63874196916012,163.5009151857469) (79.63875333783801,163.5009151857469) (79.63875333783801,163.5006196001235) (80.63876103467369,163.5006196001235) (80.63876103467369,163.5004194823974) (81.6387662455866,163.5004194823974) (81.6387662455866,163.5002839986634) (82.63876977348181,163.5002839986634) (82.63876977348181,163.5001922733894) (83.6387721619479,163.5001922733894) (83.6387721619479,163.5001301732726) (84.63877377898143,163.5001301732726) (84.63877377898143,163.5000881304022) (85.63877487378593,163.5000881304022) (85.63877487378593,163.5000596654866) (86.63877561495964,163.5000596654866) (86.63877561495964,163.5000403949721) (87.63877611675505,163.5000403949721) (87.63877611675505,163.5000273482928) (88.63877645655388,163.5000273482928) (88.63877645655388,163.5000185135251) (89.63877668692031,163.5000185135251) (89.63877668692031,163.5000125239997) (90.63877684177778,163.5000125239997) (90.63877684177778,163.5000084977071) (91.63877694608598,163.5000084977071) (91.63877694608598,163.5000057856957) (92.63877701908652,163.5000057856957) (92.63877701908652,163.5000038876832) (93.63877706850813,163.5000038876832) (93.63877706850813,163.5000026027226) (94.63877710182821,163.5000026027226) (94.63877710182821,163.5000017364024) (95.6387771229017,163.5000017364024) (95.6387771229017,163.5000011884933) (96.63877712290177,163.5000011884933) (96.63877712290177,163.5000006405843) (173.877558918662,163.5000006405843) (173.877558918662,169.6494988603188) (175.3936750155755,169.6494988603188) (175.3936750155755,182.4806515605829) (177.1925321947488,182.4806515605829) (177.1925321947488,204.1098544573876) (179.3282398380424,204.1098544573876) (179.3282398380424,228.6218987825405) (181.636538296947,228.6218987825405) (181.636538296947,254.2228692504944) (184.0626783446933,254.2228692504944) (184.0626783446933,280.0299225855101) (186.5313795727159,280.0299225855101) (186.5313795727159,305.9318510350467) (189.0287466082438,305.9318510350467) (189.0287466082438,331.8937418408948) (191.5532117706965,331.8937418408948) (191.5532117706965,357.873084135954) (194.0900496088183,357.873084135954) (194.0900496088183,383.8651141457428) (196.6400048288945,383.8651141457428) (196.6400048288945,409.8594677776426) (199.1899600489706,409.8594677776426) (199.1899600489706,435.8538214095424) (201.7399152690468,435.8538214095424) (201.7399152690468,461.8481750414421) (204.289870489123,461.8481750414421) (204.289870489123,487.8425286733419) (206.8398257091992,487.8425286733419) (206.8398257091992,513.8368823052417) (209.3897809292754,513.8368823052417) (209.3897809292754,539.8312359371415) (211.9397361493516,539.8312359371415) (211.9397361493516,565.8255895690413) (214.4896913694278,565.8255895690413) (214.4896913694278,591.8199432009411) (217.0396465895039,591.8199432009411) (217.0396465895039,617.8142968328409) (219.5896018095801,617.8142968328409) (219.5896018095801,643.8086504647407) (222.1395570296563,643.8086504647407) (222.1395570296563,669.8030040966405) (224.6895122497325,669.8030040966405) (224.6895122497325,695.7973577285403) (227.2394674698087,695.7973577285403) (227.2394674698087,721.7917113604401) (229.7894226898848,721.7917113604401) (229.7894226898848,735.2716860088356) (700,735.2716860088356)
batteryCharge[0]:
[0]: (0,100) (700,100)
user_guided_transport.end:
[0]: (0,0) (231.7894226898839,0) (231.7894226898839,1) (700,1)
[2K
Verifying formula 5 at /nta/queries/query[5]/formula
 -- Formula: simulate[<=700]{robot_inventory[0][0], user_guided_transport.end*2}
[2K -- Formula is satisfied.
robot_inventory[0][0]:
[0]: (0,0) (11.60258494907722,0) (11.60258494907722,1) (700,1)
user_guided_transport.end * 2:
[0]: (0,0) (234.8302550902895,0) (234.8302550902895,2) (700,2)
[2K
Verifying formula 6 at /nta/queries/query[6]/formula
 -- Formula: simulate[<=700]{bedroom[0], bedroom[1], kitchen[0], kitchen[1]}
[2K -- Formula is satisfied.
bedroom[0]:
[0]: (0,100) (700,100)
bedroom[1]:
[0]: (0,200) (700,200)
kitchen[0]:
[0]: (0,4400) (700,4400)
kitchen[1]:
[0]: (0,765) (700,765)
[2K
Verifying formula 7 at /nta/queries/query[7]/formula
 -- Formula: simulate[<=700]{rm_1.idle, rf_1.idle, rp_1.idle, rd_1.idle}
[2K -- Formula is satisfied.
rm_1.idle:
[0]: (0,0) (0,1) (0,0) (3,0) (3,1) (700,1)
rf_1.idle:
[0]: (0,0) (0,1) (7.720327295732337,1) (7.720327295732337,0) (229.9291939744723,0) (229.9291939744723,1) (700,1)
rp_1.idle:
[0]: (0,0) (0,1) (2,1) (2,0) (7.720327295732337,0) (7.720327295732337,1) (700,1)
rd_1.idle:
[0]: (0,0) (0,1) (700,1)
[2K
Verifying formula 8 at /nta/queries/query[8]/formula
 -- Formula: Pr[<=700](<>!rm_1.idle || !rf_1.idle || !rp_1.idle || !rd_1.idle)
[2K -- Formula is satisfied.
(72/72 runs) Pr(<> …) in [0.950056,1] (95% CI)
Values in [0,0] mean=0 steps=2.22045e-16: 72
[2K
Verifying formula 9 at /nta/queries/query[9]/formula
 -- Formula: Pr[<=700]([] (user_guided_transport.end imply (rm_1.idle && rf_1.idle && rp_1.idle && rd_1.idle)))
 -- Throughput: 566314 runs/sec, Load: 335 runs[K
[2K -- Formula is satisfied.
(72/72 runs) Pr([] …) in [0.950056,1] (95% CI)
[2K
Verifying formula 10 at /nta/queries/query[10]/formula
 -- Formula: Pr[<=700] (<> pow(robPositionX[0] - bedroom[0], 2) + pow(robPositionY[0] - bedroom[1], 2) <= 900 )
[2K -- Formula is satisfied.
(72/72 runs) Pr(<> …) in [0.950056,1] (95% CI)
Values in [2,2] mean=2 steps=2.22045e-16: 72
[2K
Verifying formula 11 at /nta/queries/query[11]/formula
 -- Formula: Pr[<=700] (<> pow(humanPositionX[0] - kitchen[0], 2) + pow(humanPositionY[0] - kitchen[1], 2) <= 900 )
[2K -- Formula is satisfied.
(72/72 runs) Pr(<> …) in [0.950056,1] (95% CI)
Values in [192.032,196.964] mean=194.455 steps=0.547965: 12 8 4 6 10 9 7 6 10
[2K
Verifying formula 12 at /nta/queries/query[12]/formula
 -- Formula: Pr[<=700] (<> pow(humanPositionX[0] - bedroom[0], 2) + pow(humanPositionY[0] - bedroom[1], 2) <= 900 )
[2K -- Formula is satisfied.
(72/72 runs) Pr(<> …) in [0.950056,1] (95% CI)
Values in [1,1] mean=1 steps=2.22045e-16: 72
[2K
Verifying formula 13 at /nta/queries/query[13]/formula
 -- Formula: Pr[<=700] (<> !isValidPosition(humanPositionX[0], humanPositionY[0]))
[2K -- Formula is satisfied.
(72/72 runs) Pr(<> …) in [0.950056,1] (95% CI)
Values in [0,0] mean=0 steps=2.22045e-16: 72
[2K
Verifying formula 14 at /nta/queries/query[14]/formula
 -- Formula: Pr[<=700] (<> !isValidPosition(robPositionX[0], robPositionY[0]))
[2K -- Formula is satisfied.
(72/72 runs) Pr(<> …) in [0.950056,1] (95% CI)
Values in [0,0] mean=0 steps=2.22045e-16: 72
[2K
Verifying formula 15 at /nta/queries/query[15]/formula
 -- Formula: Pr[<=700] (<> currP > 2)
 -- Throughput: 574849 runs/sec, Load: 334 runs[K
[2K -- Formula is satisfied.
(0/72 runs) Pr(<> …) in [0,0.0499441] (95% CI)
