Options for the verification:
  Generating no trace
  Search order is breadth first
  Using conservative space optimisation
  Seed is 1783337370
  State space representation uses minimal constraint systems with future testing
  Using HashMap + Compress integers for discrete state storage
[2K
Verifying formula 1 at /nta/queries/query[1]/formula
 -- Formula: simulate[<=700]{user_guided_transport_human1_def.s1_start, user_guided_transport_human1_def.s1_end, user_guided_transport_human1_def.s2_start, user_guided_transport_human1_def.s2_idle, user_guided_transport_human1_def.s3_start, user_guided_transport_human1_def.s3_end, user_guided_transport.end}
[2K -- Formula is satisfied.
user_guided_transport_human1_def.s1_start:
[0]: (0,0) (0,1) (0,0) (700,0)
user_guided_transport_human1_def.s1_end:
[0]: (0,0) (1,0) (1,1) (2,1) (2,0) (700,0)
user_guided_transport_human1_def.s2_start:
[0]: (0,0) (2,0) (2,1) (2,0) (700,0)
user_guided_transport_human1_def.s2_idle:
[0]: (0,0) (2,0) (2,1) (9.189281179712212,1) (9.189281179712212,0) (700,0)
user_guided_transport_human1_def.s3_start:
[0]: (0,0) (9.189281179712212,0) (9.189281179712212,1) (9.189281179712212,0) (14.18928117971219,0) (14.18928117971219,1) (14.18928117971219,0) (19.1892811797122,0) (19.1892811797122,1) (19.1892811797122,0) (24.1892811797122,0) (24.1892811797122,1) (24.1892811797122,0) (29.1892811797122,0) (29.1892811797122,1) (29.1892811797122,0) (34.18928117971227,0) (34.18928117971227,1) (34.18928117971227,0) (39.18928117971245,0) (39.18928117971245,1) (39.18928117971245,0) (44.18928117971262,0) (44.18928117971262,1) (44.18928117971262,0) (49.18928117971274,0) (49.18928117971274,1) (49.18928117971274,0) (54.18928117971284,0) (54.18928117971284,1) (54.18928117971284,0) (59.18928117971295,0) (59.18928117971295,1) (59.18928117971295,0) (64.18928117971305,0) (64.18928117971305,1) (64.18928117971305,0) (69.18928117971313,0) (69.18928117971313,1) (69.18928117971313,0) (74.18928117971326,0) (74.18928117971326,1) (74.18928117971326,0) (79.18928117971302,0) (79.18928117971302,1) (79.18928117971302,0) (84.18928117971269,0) (84.18928117971269,1) (84.18928117971269,0) (89.18928117971241,0) (89.18928117971241,1) (89.18928117971241,0) (94.18928117971211,0) (94.18928117971211,1) (94.18928117971211,0) (99.18928117971181,0) (99.18928117971181,1) (99.18928117971181,0) (104.1892811797115,0) (104.1892811797115,1) (104.1892811797115,0) (109.1892811797112,0) (109.1892811797112,1) (109.1892811797112,0) (114.189281179711,0) (114.189281179711,1) (114.189281179711,0) (119.1892811797107,0) (119.1892811797107,1) (119.1892811797107,0) (124.1892811797104,0) (124.1892811797104,1) (124.1892811797104,0) (129.1892811797102,0) (129.1892811797102,1) (129.1892811797102,0) (134.1892811797105,0) (134.1892811797105,1) (134.1892811797105,0) (139.1892811797108,0) (139.1892811797108,1) (139.1892811797108,0) (144.1892811797111,0) (144.1892811797111,1) (144.1892811797111,0) (149.1892811797115,0) (149.1892811797115,1) (149.1892811797115,0) (154.1892811797119,0) (154.1892811797119,1) (154.1892811797119,0) (159.1892811797123,0) (159.1892811797123,1) (159.1892811797123,0) (164.1892811797128,0) (164.1892811797128,1) (164.1892811797128,0) (169.1892811797132,0) (169.1892811797132,1) (169.1892811797132,0) (174.1892811797136,0) (174.1892811797136,1) (174.1892811797136,0) (179.189281179714,0) (179.189281179714,1) (179.189281179714,0) (184.1892811797143,0) (184.1892811797143,1) (184.1892811797143,0) (189.1892811797147,0) (189.1892811797147,1) (189.1892811797147,0) (700,0)
user_guided_transport_human1_def.s3_end:
[0]: (0,0) (194.189281179715,0) (194.189281179715,1) (230.4169513209366,1) (230.4169513209366,0) (700,0)
user_guided_transport.end:
[0]: (0,0) (232.4169513209357,0) (232.4169513209357,1) (700,1)
[2K
Verifying formula 2 at /nta/queries/query[2]/formula
 -- Formula: simulate[<=700]{user_guided_transport_robot1_def.s1_start, user_guided_transport_robot1_def.s1_end, user_guided_transport_robot1_def.s2_start, user_guided_transport_robot1_def.s2_end, user_guided_transport_robot1_def.s3_start, user_guided_transport_robot1_def.s3_end, user_guided_transport.end}
[2K -- Formula is satisfied.
user_guided_transport_robot1_def.s1_start:
[0]: (0,0) (0,1) (0,0) (700,0)
user_guided_transport_robot1_def.s1_end:
[0]: (0,0) (2,0) (2,1) (2,0) (700,0)
user_guided_transport_robot1_def.s2_start:
[0]: (0,0) (2,0) (2,1) (2,0) (700,0)
user_guided_transport_robot1_def.s2_end:
[0]: (0,0) (7.939182054422382,0) (7.939182054422382,1) (7.939182054422382,0) (700,0)
user_guided_transport_robot1_def.s3_start:
[0]: (0,0) (7.939182054422382,0) (7.939182054422382,1) (7.939182054422382,0) (700,0)
user_guided_transport_robot1_def.s3_end:
[0]: (0,0) (229.1480487331686,0) (229.1480487331686,1) (229.1480487331686,0) (700,0)
user_guided_transport.end:
[0]: (0,0) (231.1480487331677,0) (231.1480487331677,1) (700,1)
[2K
Verifying formula 3 at /nta/queries/query[3]/formula
 -- Formula: Pr[<=700] (<> user_guided_transport.end)
[2K -- Formula is satisfied.
(72/72 runs) Pr(<> …) in [0.950056,1] (95% CI)
Values in [230.271,235.14] mean=232.776 steps=0.541073: 9 7 6 9 7 10 5 11 8
[2K
Verifying formula 4 at /nta/queries/query[4]/formula
 -- Formula: simulate[<=700]{humanPositionX[0], humanPositionY[0], robPositionX[0], robPositionY[0], batteryCharge[0], user_guided_transport.end}
[2K -- Formula is satisfied.
humanPositionX[0]:
[0]: (0,0) (0,92.5) (1,92.5) (1,97.73313175708738) (9.122612326911176,97.73313175708738) (9.122612326911176,123.7285354798977) (10.12261232691117,123.7285354798977) (10.12261232691117,149.723939202708) (11.12261232691117,149.723939202708) (11.12261232691117,175.7193429255182) (12.12261232691117,175.7193429255182) (12.12261232691117,201.7147466483285) (13.12261232691117,201.7147466483285) (13.12261232691117,227.7101503711388) (14.12261232691117,227.7101503711388) (14.12261232691117,253.7055540939491) (15.12261232691117,253.7055540939491) (15.12261232691117,279.7009578167594) (16.12261232691117,279.7009578167594) (16.12261232691117,305.6963615395697) (17.12261232691117,305.6963615395697) (17.12261232691117,331.69176526238) (18.12261232691117,331.69176526238) (18.12261232691117,357.6871689851903) (19.12261232691116,357.6871689851903) (19.12261232691116,383.6825727080006) (20.12261232691115,383.6825727080006) (20.12261232691115,409.6779764308109) (21.12261232691115,409.6779764308109) (21.12261232691115,435.6733801536212) (22.12261232691114,435.6733801536212) (22.12261232691114,461.6687838764315) (23.12261232691113,461.6687838764315) (23.12261232691113,487.6641875992418) (24.12261232691112,487.6641875992418) (24.12261232691112,513.6595913220521) (25.12261232691112,513.6595913220521) (25.12261232691112,539.6549950448623) (26.12261232691111,539.6549950448623) (26.12261232691111,565.6503987676725) (27.1226123269111,565.6503987676725) (27.1226123269111,591.6458024904828) (28.1226123269111,591.6458024904828) (28.1226123269111,617.641206213293) (29.12261232691109,617.641206213293) (29.12261232691109,643.6366099361032) (30.12261232691108,643.6366099361032) (30.12261232691108,669.6320136589135) (31.12261232691107,669.6320136589135) (31.12261232691107,695.6274173817237) (32.12261232691107,695.6274173817237) (32.12261232691107,721.622821104534) (33.12261232691106,721.622821104534) (33.12261232691106,747.6182248273442) (34.12261232691105,747.6182248273442) (34.12261232691105,773.6136285501544) (35.12261232691105,773.6136285501544) (35.12261232691105,799.6090322729647) (36.12261232691104,799.6090322729647) (36.12261232691104,825.6044359957749) (37.12261232691103,825.6044359957749) (37.12261232691103,851.5998397185851) (38.12261232691102,851.5998397185851) (38.12261232691102,877.5952434413954) (39.12261232691102,877.5952434413954) (39.12261232691102,903.5906471642056) (40.12261232691102,903.5906471642056) (40.12261232691102,929.5860508870159) (41.12261232691102,929.5860508870159) (41.12261232691102,955.5814546098261) (42.12261232691102,955.5814546098261) (42.12261232691102,981.5768583326363) (43.12261232691102,981.5768583326363) (43.12261232691102,1007.572262055447) (44.12261232691101,1007.572262055447) (44.12261232691101,1033.567665778257) (45.122612326911,1033.567665778257) (45.122612326911,1059.563069501067) (46.122612326911,1059.563069501067) (46.122612326911,1085.558473223878) (47.12261232691099,1085.558473223878) (47.12261232691099,1111.553876946688) (48.12261232691098,1111.553876946688) (48.12261232691098,1137.549280669498) (49.12261232691097,1137.549280669498) (49.12261232691097,1163.544684392309) (50.12261232691097,1163.544684392309) (50.12261232691097,1189.540088115119) (51.12261232691096,1189.540088115119) (51.12261232691096,1215.535491837929) (52.12261232691095,1215.535491837929) (52.12261232691095,1241.53089556074) (53.12261232691095,1241.53089556074) (53.12261232691095,1267.52629928355) (54.12261232691094,1267.52629928355) (54.12261232691094,1293.52170300636) (55.12261232691093,1293.52170300636) (55.12261232691093,1319.517106729171) (56.12261232691093,1319.517106729171) (56.12261232691093,1345.512510451981) (57.12261232691092,1345.512510451981) (57.12261232691092,1371.507914174791) (58.12261232691091,1371.507914174791) (58.12261232691091,1397.503317897602) (59.12261232691091,1397.503317897602) (59.12261232691091,1423.498721620412) (60.12261232691091,1423.498721620412) (60.12261232691091,1478) (61.12261232691091,1478) (61.12261232691091,1504) (62.1226123269109,1504) (62.1226123269109,1530) (63.12261232691089,1530) (63.12261232691089,1556) (64.1226123269109,1556) (64.1226123269109,1582) (65.12261232691088,1582) (65.12261232691088,1608) (66.12261232691088,1608) (66.12261232691088,1634) (67.12261232691088,1634) (67.12261232691088,1660) (68.12261232691087,1660) (68.12261232691087,1686) (69.12261232691085,1686) (69.12261232691085,1712) (70.12261232691084,1712) (70.12261232691084,1738) (71.12261232691083,1738) (71.12261232691083,1764) (72.12261232691083,1764) (72.12261232691083,1790) (73.12261232691075,1790) (73.12261232691075,1816) (74.12261232691073,1816) (74.12261232691073,1842) (75.12261232691067,1842) (75.12261232691067,1868) (76.12261232691061,1868) (76.12261232691061,1894) (77.12261232691056,1894) (77.12261232691056,1920) (78.1226123269105,1920) (78.1226123269105,1946) (79.12261232691044,1946) (79.12261232691044,1972) (80.12261232691039,1972) (80.12261232691039,1998) (81.12261232691033,1998) (81.12261232691033,2024) (82.12261232691027,2024) (82.12261232691027,2050) (83.1226123269102,2050) (83.1226123269102,2076) (84.12261232691013,2076) (84.12261232691013,2102) (85.12261232691007,2102) (85.12261232691007,2128) (86.12261232691003,2128) (86.12261232691003,2154) (87.12261232690996,2154) (87.12261232690996,2180) (88.12261232690992,2180) (88.12261232690992,2206) (89.12261232690986,2206) (89.12261232690986,2232) (90.1226123269098,2232) (90.1226123269098,2258) (91.12261232690975,2258) (91.12261232690975,2284) (92.12261232690967,2284) (92.12261232690967,2310) (93.12261232690962,2310) (93.12261232690962,2336) (94.12261232690956,2336) (94.12261232690956,2362) (95.12261232690949,2362) (95.12261232690949,2388) (96.12261232690942,2388) (96.12261232690942,2414) (97.12261232690935,2414) (97.12261232690935,2440) (98.12261232690928,2440) (98.12261232690928,2466) (99.12261232690921,2466) (99.12261232690921,2492) (100.1226123269091,2492) (100.1226123269091,2518) (101.1226123269091,2518) (101.1226123269091,2544) (102.122612326909,2544) (102.122612326909,2570) (103.1226123269089,2570) (103.1226123269089,2596) (104.1226123269089,2596) (104.1226123269089,2622) (105.1226123269088,2622) (105.1226123269088,2648) (106.1226123269087,2648) (106.1226123269087,2674) (107.1226123269086,2674) (107.1226123269086,2700) (108.1226123269086,2700) (108.1226123269086,2726) (109.1226123269085,2726) (109.1226123269085,2752) (110.1226123269084,2752) (110.1226123269084,2778) (111.1226123269084,2778) (111.1226123269084,2804) (112.1226123269083,2804) (112.1226123269083,2830) (113.1226123269082,2830) (113.1226123269082,2856) (114.1226123269081,2856) (114.1226123269081,2882) (115.1226123269081,2882) (115.1226123269081,2908) (116.122612326908,2908) (116.122612326908,2934) (117.1226123269079,2934) (117.1226123269079,2960) (118.1226123269079,2960) (118.1226123269079,2986) (119.1226123269078,2986) (119.1226123269078,3012) (120.1226123269077,3012) (120.1226123269077,3038) (121.1226123269076,3038) (121.1226123269076,3088.5) (122.1226123269076,3088.5) (122.1226123269076,3114.5) (123.1226123269075,3114.5) (123.1226123269075,3140.5) (124.1226123269074,3140.5) (124.1226123269074,3166.5) (125.1226123269074,3166.5) (125.1226123269074,3192.5) (126.1226123269073,3192.5) (126.1226123269073,3218.5) (127.1226123269072,3218.5) (127.1226123269072,3244.5) (128.1226123269072,3244.5) (128.1226123269072,3270.5) (129.1226123269072,3270.5) (129.1226123269072,3296.5) (130.1226123269073,3296.5) (130.1226123269073,3322.5) (131.1226123269074,3322.5) (131.1226123269074,3348.5) (132.1226123269075,3348.5) (132.1226123269075,3374.5) (133.1226123269076,3374.5) (133.1226123269076,3400.5) (134.1226123269077,3400.5) (134.1226123269077,3426.5) (135.1226123269078,3426.5) (135.1226123269078,3452.5) (136.1226123269078,3452.5) (136.1226123269078,3478.5) (137.1226123269079,3478.5) (137.1226123269079,3504.5) (138.122612326908,3504.5) (138.122612326908,3530.5) (139.1226123269081,3530.5) (139.1226123269081,3556.5) (140.1226123269082,3556.5) (140.1226123269082,3582.5) (141.1226123269083,3582.5) (141.1226123269083,3608.5) (142.1226123269084,3608.5) (142.1226123269084,3634.5) (143.1226123269084,3634.5) (143.1226123269084,3660.5) (144.1226123269085,3660.5) (144.1226123269085,3686.5) (145.1226123269086,3686.5) (145.1226123269086,3712.5) (146.1226123269087,3712.5) (146.1226123269087,3738.5) (147.1226123269088,3738.5) (147.1226123269088,3764.5) (148.1226123269089,3764.5) (148.1226123269089,3790.5) (149.1226123269089,3790.5) (149.1226123269089,3816.5) (150.122612326909,3816.5) (150.122612326909,3842.5) (151.1226123269091,3842.5) (151.1226123269091,3868.5) (152.1226123269092,3868.5) (152.1226123269092,3894.5) (153.1226123269093,3894.5) (153.1226123269093,3920.5) (154.1226123269094,3920.5) (154.1226123269094,3946.5) (155.1226123269095,3946.5) (155.1226123269095,3972.5) (156.1226123269095,3972.5) (156.1226123269095,3998.5) (157.1226123269096,3998.5) (157.1226123269096,4024.5) (158.1226123269097,4024.5) (158.1226123269097,4050.5) (159.1226123269098,4050.5) (159.1226123269098,4076.5) (160.1226123269099,4076.5) (160.1226123269099,4102.5) (161.12261232691,4102.5) (161.12261232691,4128.5) (162.1226123269101,4128.5) (162.1226123269101,4154.5) (163.1226123269101,4154.5) (163.1226123269101,4180.5) (164.1226123269102,4180.5) (164.1226123269102,4206.5) (165.1226123269103,4206.5) (165.1226123269103,4232.5) (166.1226123269104,4232.5) (166.1226123269104,4258.5) (167.1226123269105,4258.5) (167.1226123269105,4284.5) (168.1226123269106,4284.5) (168.1226123269106,4310.5) (169.1226123269107,4310.5) (169.1226123269107,4336.5) (170.1226123269107,4336.5) (170.1226123269107,4362.5) (171.1226123269108,4362.5) (171.1226123269108,4388.5) (172.1226123269109,4388.5) (172.1226123269109,4416.265463717128) (173.122612326911,4416.265463717128) (173.122612326911,4415.530927434256) (174.1226123269111,4415.530927434256) (174.1226123269111,4414.796391151384) (175.1226123269111,4414.796391151384) (175.1226123269111,4414.061854868512) (176.1226123269112,4414.061854868512) (176.1226123269112,4413.327318585641) (177.1226123269113,4413.327318585641) (177.1226123269113,4412.592782302769) (178.1226123269114,4412.592782302769) (178.1226123269114,4411.858246019897) (179.1226123269115,4411.858246019897) (179.1226123269115,4411.123709737025) (180.1226123269115,4411.123709737025) (180.1226123269115,4410.389173454153) (181.1226123269116,4410.389173454153) (181.1226123269116,4409.654637171281) (182.1226123269116,4409.654637171281) (182.1226123269116,4408.920100888409) (183.1226123269117,4408.920100888409) (183.1226123269117,4408.185564605537) (184.1226123269118,4408.185564605537) (184.1226123269118,4407.451028322665) (185.1226123269119,4407.451028322665) (185.1226123269119,4406.716492039794) (186.1226123269119,4406.716492039794) (186.1226123269119,4405.981955756922) (187.122612326912,4405.981955756922) (187.122612326912,4405.24741947405) (188.1226123269121,4405.24741947405) (188.1226123269121,4404.512883191178) (189.1226123269122,4404.512883191178) (189.1226123269122,4403.778346908306) (190.1226123269122,4403.778346908306) (190.1226123269122,4403.043810625434) (191.1226123269123,4403.043810625434) (191.1226123269123,4402.309274342562) (192.1226123269124,4402.309274342562) (192.1226123269124,4401.57473805969) (193.1226123269124,4401.57473805969) (193.1226123269124,4400.840201776819) (700,4400.840201776819)
humanPositionY[0]:
[0]: (0,0) (0,163.5) (1,163.5) (1,188.9679078844919) (9.122612326911176,188.9679078844919) (9.122612326911176,188.479046668909) (10.12261232691117,188.479046668909) (10.12261232691117,187.9901854533261) (11.12261232691117,187.9901854533261) (11.12261232691117,187.5013242377432) (12.12261232691117,187.5013242377432) (12.12261232691117,187.0124630221603) (13.12261232691117,187.0124630221603) (13.12261232691117,186.5236018065774) (14.12261232691117,186.5236018065774) (14.12261232691117,186.0347405909945) (15.12261232691117,186.0347405909945) (15.12261232691117,185.5458793754117) (16.12261232691117,185.5458793754117) (16.12261232691117,185.0570181598288) (17.12261232691117,185.0570181598288) (17.12261232691117,184.5681569442459) (18.12261232691117,184.5681569442459) (18.12261232691117,184.079295728663) (19.12261232691116,184.079295728663) (19.12261232691116,183.5904345130801) (20.12261232691115,183.5904345130801) (20.12261232691115,183.1015732974972) (21.12261232691115,183.1015732974972) (21.12261232691115,182.6127120819143) (22.12261232691114,182.6127120819143) (22.12261232691114,182.1238508663315) (23.12261232691113,182.1238508663315) (23.12261232691113,181.6349896507486) (24.12261232691112,181.6349896507486) (24.12261232691112,181.1461284351657) (25.12261232691112,181.1461284351657) (25.12261232691112,180.6572672195828) (26.12261232691111,180.6572672195828) (26.12261232691111,180.1684060039999) (27.1226123269111,180.1684060039999) (27.1226123269111,179.679544788417) (28.1226123269111,179.679544788417) (28.1226123269111,179.1906835728341) (29.12261232691109,179.1906835728341) (29.12261232691109,178.7018223572512) (30.12261232691108,178.7018223572512) (30.12261232691108,178.2129611416684) (31.12261232691107,178.2129611416684) (31.12261232691107,177.7240999260855) (32.12261232691107,177.7240999260855) (32.12261232691107,177.2352387105026) (33.12261232691106,177.2352387105026) (33.12261232691106,176.7463774949197) (34.12261232691105,176.7463774949197) (34.12261232691105,176.2575162793368) (35.12261232691105,176.2575162793368) (35.12261232691105,175.7686550637539) (36.12261232691104,175.7686550637539) (36.12261232691104,175.279793848171) (37.12261232691103,175.279793848171) (37.12261232691103,174.7909326325882) (38.12261232691102,174.7909326325882) (38.12261232691102,174.3020714170053) (39.12261232691102,174.3020714170053) (39.12261232691102,173.8132102014224) (40.12261232691102,173.8132102014224) (40.12261232691102,173.3243489858395) (41.12261232691102,173.3243489858395) (41.12261232691102,172.8354877702566) (42.12261232691102,172.8354877702566) (42.12261232691102,172.3466265546737) (43.12261232691102,172.3466265546737) (43.12261232691102,171.8577653390908) (44.12261232691101,171.8577653390908) (44.12261232691101,171.3689041235079) (45.122612326911,171.3689041235079) (45.122612326911,170.8800429079251) (46.122612326911,170.8800429079251) (46.122612326911,170.3911816923422) (47.12261232691099,170.3911816923422) (47.12261232691099,169.9023204767593) (48.12261232691098,169.9023204767593) (48.12261232691098,169.4134592611764) (49.12261232691097,169.4134592611764) (49.12261232691097,168.9245980455935) (50.12261232691097,168.9245980455935) (50.12261232691097,168.4357368300106) (51.12261232691096,168.4357368300106) (51.12261232691096,167.9468756144277) (52.12261232691095,167.9468756144277) (52.12261232691095,167.4580143988449) (53.12261232691095,167.4580143988449) (53.12261232691095,166.969153183262) (54.12261232691094,166.969153183262) (54.12261232691094,166.4802919676791) (55.12261232691093,166.4802919676791) (55.12261232691093,165.9914307520962) (56.12261232691093,165.9914307520962) (56.12261232691093,165.5025695365133) (57.12261232691092,165.5025695365133) (57.12261232691092,165.0137083209304) (58.12261232691091,165.0137083209304) (58.12261232691091,164.5248471053475) (59.12261232691091,164.5248471053475) (59.12261232691091,164.0359858897646) (60.12261232691091,164.0359858897646) (60.12261232691091,163.5) (172.1226123269109,163.5) (172.1226123269109,189.4896220913107) (173.122612326911,189.4896220913107) (173.122612326911,215.4792441826214) (174.1226123269111,215.4792441826214) (174.1226123269111,241.4688662739321) (175.1226123269111,241.4688662739321) (175.1226123269111,267.4584883652428) (176.1226123269112,267.4584883652428) (176.1226123269112,293.4481104565535) (177.1226123269113,293.4481104565535) (177.1226123269113,319.4377325478642) (178.1226123269114,319.4377325478642) (178.1226123269114,345.427354639175) (179.1226123269115,345.427354639175) (179.1226123269115,371.4169767304857) (180.1226123269115,371.4169767304857) (180.1226123269115,397.4065988217964) (181.1226123269116,397.4065988217964) (181.1226123269116,423.3962209131071) (182.1226123269116,423.3962209131071) (182.1226123269116,449.3858430044178) (183.1226123269117,449.3858430044178) (183.1226123269117,475.3754650957285) (184.1226123269118,475.3754650957285) (184.1226123269118,501.3650871870392) (185.1226123269119,501.3650871870392) (185.1226123269119,527.3547092783499) (186.1226123269119,527.3547092783499) (186.1226123269119,553.3443313696606) (187.122612326912,553.3443313696606) (187.122612326912,579.3339534609713) (188.1226123269121,579.3339534609713) (188.1226123269121,605.323575552282) (189.1226123269122,605.323575552282) (189.1226123269122,631.3131976435927) (190.1226123269122,631.3131976435927) (190.1226123269122,657.3028197349034) (191.1226123269123,657.3028197349034) (191.1226123269123,683.2924418262141) (192.1226123269124,683.2924418262141) (192.1226123269124,709.2820639175249) (193.1226123269124,709.2820639175249) (193.1226123269124,735.2716860088356) (700,735.2716860088356)
robPositionX[0]:
[0]: (0,0) (0,92.5) (2,92.5) (2,97.73313175708738) (11.12261232691117,97.73313175708738) (11.12261232691117,123.7285354798977) (12.12261232691117,123.7285354798977) (12.12261232691117,149.723939202708) (13.14141578939442,149.723939202708) (13.14141578939442,175.7193429255182) (14.14141578939442,175.7193429255182) (14.14141578939442,201.7147466483285) (15.14141578939442,201.7147466483285) (15.14141578939442,227.7101503711388) (16.14141578939442,227.7101503711388) (16.14141578939442,253.7055540939491) (17.14141578939442,253.7055540939491) (17.14141578939442,279.7009578167594) (18.14141578939441,279.7009578167594) (18.14141578939441,305.6963615395697) (19.1414157893944,305.6963615395697) (19.1414157893944,331.69176526238) (20.1414157893944,331.69176526238) (20.1414157893944,357.6871689851903) (21.14141578939439,357.6871689851903) (21.14141578939439,383.6825727080006) (22.14141578939438,383.6825727080006) (22.14141578939438,409.6779764308109) (23.14141578939438,409.6779764308109) (23.14141578939438,435.6733801536212) (24.14141578939437,435.6733801536212) (24.14141578939437,461.6687838764315) (25.14141578939437,461.6687838764315) (25.14141578939437,487.6641875992418) (26.14141578939436,487.6641875992418) (26.14141578939436,513.6595913220521) (27.14141578939435,513.6595913220521) (27.14141578939435,539.6549950448623) (28.14141578939434,539.6549950448623) (28.14141578939434,565.6503987676725) (29.14141578939434,565.6503987676725) (29.14141578939434,591.6458024904828) (30.14141578939433,591.6458024904828) (30.14141578939433,617.641206213293) (31.14141578939432,617.641206213293) (31.14141578939432,643.6366099361032) (32.14141578939432,643.6366099361032) (32.14141578939432,669.6320136589135) (33.14141578939431,669.6320136589135) (33.14141578939431,695.6274173817237) (34.1414157893943,695.6274173817237) (34.1414157893943,721.622821104534) (35.14141578939429,721.622821104534) (35.14141578939429,747.6182248273442) (36.14141578939429,747.6182248273442) (36.14141578939429,773.6136285501544) (37.14141578939428,773.6136285501544) (37.14141578939428,799.6090322729647) (38.14141578939428,799.6090322729647) (38.14141578939428,825.6044359957749) (39.14141578939428,825.6044359957749) (39.14141578939428,851.5998397185851) (40.14141578939428,851.5998397185851) (40.14141578939428,877.5952434413954) (41.14141578939428,877.5952434413954) (41.14141578939428,903.5906471642056) (42.14141578939428,903.5906471642056) (42.14141578939428,929.5860508870159) (43.14141578939427,929.5860508870159) (43.14141578939427,955.5814546098261) (44.14141578939427,955.5814546098261) (44.14141578939427,981.5768583326363) (45.14141578939426,981.5768583326363) (45.14141578939426,1007.572262055447) (46.14141578939425,1007.572262055447) (46.14141578939425,1033.567665778257) (47.14141578939424,1033.567665778257) (47.14141578939424,1059.563069501067) (48.14141578939424,1059.563069501067) (48.14141578939424,1085.558473223878) (49.14141578939423,1085.558473223878) (49.14141578939423,1111.553876946688) (50.14141578939422,1111.553876946688) (50.14141578939422,1137.549280669498) (51.14141578939422,1137.549280669498) (51.14141578939422,1163.544684392309) (52.14141578939421,1163.544684392309) (52.14141578939421,1189.540088115119) (53.1414157893942,1189.540088115119) (53.1414157893942,1215.535491837929) (54.14141578939419,1215.535491837929) (54.14141578939419,1241.53089556074) (55.14141578939419,1241.53089556074) (55.14141578939419,1267.52629928355) (56.14141578939418,1267.52629928355) (56.14141578939418,1293.52170300636) (57.14141578939417,1293.52170300636) (57.14141578939417,1319.517106729171) (58.14141578939417,1319.517106729171) (58.14141578939417,1345.512510451981) (59.14141578939417,1345.512510451981) (59.14141578939417,1371.507914174791) (60.14141578939417,1371.507914174791) (60.14141578939417,1397.503317897602) (61.15414664625332,1397.503317897602) (61.15414664625332,1423.501210954746) (62.1627658639325,1423.501210954746) (62.1627658639325,1449.500245178851) (63.16860130470039,1449.500245178851) (63.16860130470039,1475.499802499311) (64.17255203574867,1475.499802499311) (64.17255203574867,1501.499599591989) (65.17522676816878,1501.499599591989) (65.17522676816878,1527.499506587529) (66.17703761949102,1527.499506587529) (66.17703761949102,1553.499463958168) (67.17826360419922,1553.499463958168) (67.17826360419922,1579.49944441867) (68.17909362164916,1579.49944441867) (68.17909362164916,1605.499435462594) (69.17965556087887,1605.499435462594) (69.17965556087887,1631.49943135751) (70.18003600551216,1631.49943135751) (70.18003600551216,1657.499429475914) (71.18029357449535,1657.499429475914) (71.18029357449535,1683.499428613471) (72.18046795408895,1683.499428613471) (72.18046795408895,1709.499428218164) (73.18058601272313,1709.499428218164) (73.18058601272313,1735.499428036972) (74.18066594089051,1735.499428036972) (74.18066594089051,1761.499427953921) (75.18072005393159,1761.499427953921) (75.18072005393159,1787.499427915854) (76.18075668959322,1787.499427915854) (76.18075668959322,1813.499427898406) (77.18078149270467,1813.499427898406) (77.18078149270467,1839.499427890409) (78.18079828493153,1839.499427890409) (78.18079828493153,1865.499427886743) (79.18080965360929,1865.499427886743) (79.18080965360929,1891.499427885063) (80.18081735044485,1891.499427885063) (80.18081735044485,1917.499427884293) (81.18082256135764,1917.499427884293) (81.18082256135764,1943.499427883939) (82.18082608925273,1943.499427883939) (82.18082608925273,1969.499427883778) (83.18082847771869,1969.499427883778) (83.18082847771869,1995.499427883703) (84.18083009475211,1995.499427883703) (84.18083009475211,2021.499427883669) (85.1808311895565,2021.499427883669) (85.1808311895565,2047.499427883654) (86.18083193073008,2047.499427883654) (86.18083193073008,2073.499427883647) (87.18083243252538,2073.499427883647) (87.18083243252538,2099.499427883643) (88.18083277232408,2099.499427883643) (88.18083277232408,2125.499427883642) (89.18083300269039,2125.499427883642) (89.18083300269039,2151.499427883641) (90.18083315754774,2151.499427883641) (90.18083315754774,2177.499427883641) (91.18083326185581,2177.499427883641) (91.18083326185581,2203.499427883641) (92.18083333485623,2203.499427883641) (92.18083333485623,2229.499427883641) (93.18083338427773,2229.499427883641) (93.18083338427773,2255.499427883641) (94.18083341759768,2255.499427883641) (94.18083341759768,2281.499427883641) (95.18083343867103,2281.499427883641) (95.18083343867103,2307.499427883641) (96.18083343867096,2307.499427883641) (96.18083343867096,2333.499427883641) (97.18083343867089,2333.499427883641) (97.18083343867089,2359.499427883641) (98.18083343867082,2359.499427883641) (98.18083343867082,2385.499427883641) (99.18083343867075,2385.499427883641) (99.18083343867075,2411.499427883641) (100.1808334386707,2411.499427883641) (100.1808334386707,2437.499427883641) (101.1808334386706,2437.499427883641) (101.1808334386706,2463.499427883641) (102.1808334386705,2463.499427883641) (102.1808334386705,2489.499427883641) (103.1808334386705,2489.499427883641) (103.1808334386705,2515.499427883641) (104.1808334386704,2515.499427883641) (104.1808334386704,2541.499427883641) (105.1808334386703,2541.499427883641) (105.1808334386703,2567.499427883641) (106.1808334386702,2567.499427883641) (106.1808334386702,2593.499427883641) (107.1808334386702,2593.499427883641) (107.1808334386702,2619.499427883641) (108.1808334386701,2619.499427883641) (108.1808334386701,2645.499427883641) (109.18083343867,2645.499427883641) (109.18083343867,2671.499427883641) (110.18083343867,2671.499427883641) (110.18083343867,2697.499427883641) (111.1808334386699,2697.499427883641) (111.1808334386699,2723.499427883641) (112.1808334386698,2723.499427883641) (112.1808334386698,2749.499427883641) (113.1808334386698,2749.499427883641) (113.1808334386698,2775.499427883641) (114.1808334386697,2775.499427883641) (114.1808334386697,2801.499427883641) (115.1808334386696,2801.499427883641) (115.1808334386696,2827.499427883641) (116.1808334386695,2827.499427883641) (116.1808334386695,2853.499427883641) (117.1808334386695,2853.499427883641) (117.1808334386695,2879.499427883641) (118.1808334386694,2879.499427883641) (118.1808334386694,2905.499427883641) (119.1808334386693,2905.499427883641) (119.1808334386693,2931.499427883641) (120.1808334386693,2931.499427883641) (120.1808334386693,2957.499427883641) (121.1808334386692,2957.499427883641) (121.1808334386692,2983.499427883641) (122.1808334386691,2983.499427883641) (122.1808334386691,3009.499427883641) (123.180833438669,3009.499427883641) (123.180833438669,3035.499427883641) (124.180833438669,3035.499427883641) (124.180833438669,3061.499427883641) (125.1808334386689,3061.499427883641) (125.1808334386689,3087.499427883641) (126.1808334386688,3087.499427883641) (126.1808334386688,3113.499427883641) (127.1808334386688,3113.499427883641) (127.1808334386688,3139.499427883641) (128.1808334386687,3139.499427883641) (128.1808334386687,3165.499427883641) (129.1808334386688,3165.499427883641) (129.1808334386688,3191.499427883641) (130.1808334386689,3191.499427883641) (130.1808334386689,3217.499427883641) (131.180833438669,3217.499427883641) (131.180833438669,3243.499427883641) (132.1808334386691,3243.499427883641) (132.1808334386691,3269.499427883641) (133.1808334386691,3269.499427883641) (133.1808334386691,3295.499427883641) (134.1808334386692,3295.499427883641) (134.1808334386692,3321.499427883641) (135.1808334386693,3321.499427883641) (135.1808334386693,3347.499427883641) (136.1808334386694,3347.499427883641) (136.1808334386694,3373.499427883641) (137.1808334386695,3373.499427883641) (137.1808334386695,3399.499427883641) (138.1808334386696,3399.499427883641) (138.1808334386696,3425.499427883641) (139.1808334386697,3425.499427883641) (139.1808334386697,3451.499427883641) (140.1808334386697,3451.499427883641) (140.1808334386697,3477.499427883641) (141.1808334386698,3477.499427883641) (141.1808334386698,3503.499427883641) (142.1808334386699,3503.499427883641) (142.1808334386699,3529.499427883641) (143.18083343867,3529.499427883641) (143.18083343867,3555.499427883641) (144.1808334386701,3555.499427883641) (144.1808334386701,3581.499427883641) (145.1808334386702,3581.499427883641) (145.1808334386702,3607.499427883641) (146.1808334386702,3607.499427883641) (146.1808334386702,3633.499427883641) (147.1808334386703,3633.499427883641) (147.1808334386703,3659.499427883641) (148.1808334386704,3659.499427883641) (148.1808334386704,3685.499427883641) (149.1808334386705,3685.499427883641) (149.1808334386705,3711.499427883641) (150.1808334386706,3711.499427883641) (150.1808334386706,3737.499427883641) (151.1808334386707,3737.499427883641) (151.1808334386707,3763.499427883641) (152.1808334386708,3763.499427883641) (152.1808334386708,3789.499427883641) (153.1808334386708,3789.499427883641) (153.1808334386708,3815.499427883641) (154.1808334386709,3815.499427883641) (154.1808334386709,3841.499427883641) (155.180833438671,3841.499427883641) (155.180833438671,3867.499427883641) (156.1808334386711,3867.499427883641) (156.1808334386711,3893.499427883641) (157.1808334386712,3893.499427883641) (157.1808334386712,3919.499427883641) (158.1808334386713,3919.499427883641) (158.1808334386713,3945.499427883641) (159.1808334386714,3945.499427883641) (159.1808334386714,3971.499427883641) (160.1808334386714,3971.499427883641) (160.1808334386714,3997.499427883641) (161.1808334386715,3997.499427883641) (161.1808334386715,4023.499427883641) (162.1808334386716,4023.499427883641) (162.1808334386716,4049.499427883641) (163.1808334386717,4049.499427883641) (163.1808334386717,4075.499427883641) (164.1808334386718,4075.499427883641) (164.1808334386718,4101.49942788364) (165.1808334386719,4101.49942788364) (165.1808334386719,4127.49942788364) (166.180833438672,4127.49942788364) (166.180833438672,4153.49942788364) (167.180833438672,4153.49942788364) (167.180833438672,4179.49942788364) (168.1808334386721,4179.49942788364) (168.1808334386721,4205.49942788364) (169.1808334386722,4205.49942788364) (169.1808334386722,4231.49942788364) (170.1808334386723,4231.49942788364) (170.1808334386723,4257.49942788364) (171.1808334386724,4257.49942788364) (171.1808334386724,4283.49942788364) (172.1808334386725,4283.49942788364) (172.1808334386725,4309.49942788364) (173.4196152344274,4309.49942788364) (173.4196152344274,4334.761725317672) (174.9357313313409,4334.761725317672) (174.9357313313409,4357.375029374853) (176.7345885105143,4357.375029374853) (176.7345885105143,4371.80338971305) (178.8702961538079,4371.80338971305) (178.8702961538079,4380.472858151295) (181.1785946127125,4380.472858151295) (181.1785946127125,4385.010512952947) (183.6047346604588,4385.010512952947) (183.6047346604588,4388.172157803916) (186.0734358884815,4388.172157803916) (186.0734358884815,4390.428283375573) (188.5708029240094,4390.428283375573) (188.5708029240094,4391.835488330516) (191.0952680864621,4391.835488330516) (191.0952680864621,4392.871718959358) (193.632105924584,4392.871718959358) (193.632105924584,4393.515439372457) (196.1820611446601,4393.515439372457) (196.1820611446601,4394.057268921059) (198.7320163647364,4394.057268921059) (198.7320163647364,4394.599098469662) (201.2819715848126,4394.599098469662) (201.2819715848126,4395.140928018264) (203.8319268048888,4395.140928018264) (203.8319268048888,4395.682757566867) (206.381882024965,4395.682757566867) (206.381882024965,4396.224587115469) (208.9318372450412,4396.224587115469) (208.9318372450412,4396.766416664072) (211.4817924651174,4396.766416664072) (211.4817924651174,4397.308246212675) (214.0317476851936,4397.308246212675) (214.0317476851936,4397.850075761278) (216.5817029052698,4397.850075761278) (216.5817029052698,4398.391905309881) (219.131658125346,4398.391905309881) (219.131658125346,4398.933734858484) (221.6816133454223,4398.933734858484) (221.6816133454223,4399.475564407086) (224.2315685654985,4399.475564407086) (224.2315685654985,4400.01739395569) (226.7815237855746,4400.01739395569) (226.7815237855746,4400.559223504292) (229.3314790056508,4400.559223504292) (229.3314790056508,4400.840201776819) (700,4400.840201776819)
robPositionY[0]:
[0]: (0,0) (0,163.5) (2,163.5) (2,188.9679078844919) (11.12261232691117,188.9679078844919) (11.12261232691117,188.479046668909) (12.12261232691117,188.479046668909) (12.12261232691117,187.9901854533262) (13.14141578939442,187.9901854533262) (13.14141578939442,187.5013242377433) (14.14141578939442,187.5013242377433) (14.14141578939442,187.0124630221605) (15.14141578939442,187.0124630221605) (15.14141578939442,186.5236018065776) (16.14141578939442,186.5236018065776) (16.14141578939442,186.0347405909947) (17.14141578939442,186.0347405909947) (17.14141578939442,185.5458793754118) (18.14141578939441,185.5458793754118) (18.14141578939441,185.0570181598289) (19.1414157893944,185.0570181598289) (19.1414157893944,184.568156944246) (20.1414157893944,184.568156944246) (20.1414157893944,184.0792957286631) (21.14141578939439,184.0792957286631) (21.14141578939439,183.5904345130803) (22.14141578939438,183.5904345130803) (22.14141578939438,183.1015732974974) (23.14141578939438,183.1015732974974) (23.14141578939438,182.6127120819145) (24.14141578939437,182.6127120819145) (24.14141578939437,182.1238508663316) (25.14141578939437,182.1238508663316) (25.14141578939437,181.6349896507487) (26.14141578939436,181.6349896507487) (26.14141578939436,181.1461284351658) (27.14141578939435,181.1461284351658) (27.14141578939435,180.6572672195829) (28.14141578939434,180.6572672195829) (28.14141578939434,180.168406004) (29.14141578939434,180.168406004) (29.14141578939434,179.6795447884172) (30.14141578939433,179.6795447884172) (30.14141578939433,179.1906835728343) (31.14141578939432,179.1906835728343) (31.14141578939432,178.7018223572514) (32.14141578939432,178.7018223572514) (32.14141578939432,178.2129611416685) (33.14141578939431,178.2129611416685) (33.14141578939431,177.7240999260856) (34.1414157893943,177.7240999260856) (34.1414157893943,177.2352387105027) (35.14141578939429,177.2352387105027) (35.14141578939429,176.7463774949198) (36.14141578939429,176.7463774949198) (36.14141578939429,176.257516279337) (37.14141578939428,176.257516279337) (37.14141578939428,175.7686550637541) (38.14141578939428,175.7686550637541) (38.14141578939428,175.2797938481712) (39.14141578939428,175.2797938481712) (39.14141578939428,174.7909326325883) (40.14141578939428,174.7909326325883) (40.14141578939428,174.3020714170054) (41.14141578939428,174.3020714170054) (41.14141578939428,173.8132102014225) (42.14141578939428,173.8132102014225) (42.14141578939428,173.3243489858396) (43.14141578939427,173.3243489858396) (43.14141578939427,172.8354877702567) (44.14141578939427,172.8354877702567) (44.14141578939427,172.3466265546739) (45.14141578939426,172.3466265546739) (45.14141578939426,171.857765339091) (46.14141578939425,171.857765339091) (46.14141578939425,171.3689041235081) (47.14141578939424,171.3689041235081) (47.14141578939424,170.8800429079252) (48.14141578939424,170.8800429079252) (48.14141578939424,170.3911816923423) (49.14141578939423,170.3911816923423) (49.14141578939423,169.9023204767594) (50.14141578939422,169.9023204767594) (50.14141578939422,169.4134592611765) (51.14141578939422,169.4134592611765) (51.14141578939422,168.9245980455937) (52.14141578939421,168.9245980455937) (52.14141578939421,168.4357368300108) (53.1414157893942,168.4357368300108) (53.1414157893942,167.9468756144279) (54.14141578939419,167.9468756144279) (54.14141578939419,167.458014398845) (55.14141578939419,167.458014398845) (55.14141578939419,166.9691531832621) (56.14141578939418,166.9691531832621) (56.14141578939418,166.4802919676792) (57.14141578939417,166.4802919676792) (57.14141578939417,165.9914307520963) (58.14141578939417,165.9914307520963) (58.14141578939417,165.5025695365134) (59.14141578939417,165.5025695365134) (59.14141578939417,165.0137083209306) (60.14141578939417,165.0137083209306) (60.14141578939417,164.5248471053477) (61.15414664625332,164.5248471053477) (61.15414664625332,164.1938537681208) (62.1627658639325,164.1938537681208) (62.1627658639325,163.969756883213) (63.16860130470039,163.969756883213) (63.16860130470039,163.8180362843253) (64.17255203574867,163.8180362843253) (64.17255203574867,163.7153175442811) (65.17522676816878,163.7153175442811) (65.17522676816878,163.6457745842783) (66.17703761949102,163.6457745842783) (66.17703761949102,163.5986924756321) (67.17826360419922,163.5986924756321) (67.17826360419922,163.566816881204) (68.17909362164916,163.566816881204) (68.17909362164916,163.545236429983) (69.17965556087887,163.545236429983) (69.17965556087887,163.5306260107791) (70.18003600551216,163.5306260107791) (70.18003600551216,163.5207344505516) (71.18029357449535,163.5207344505516) (71.18029357449535,163.5140376570627) (72.18046795408895,163.5140376570627) (72.18046795408895,163.5095037876518) (73.18058601272313,163.5095037876518) (73.18058601272313,163.5064342631685) (74.18066594089051,163.5064342631685) (74.18066594089051,163.5043561308182) (75.18072005393159,163.5043561308182) (75.18072005393159,163.5029491917491) (76.18075668959322,163.5029491917491) (76.18075668959322,163.5019966645455) (77.18078149270467,163.5019966645455) (77.18078149270467,163.5013517836466) (78.18079828493153,163.5013517836466) (78.18079828493153,163.5009151857469) (79.18080965360929,163.5009151857469) (79.18080965360929,163.5006196001235) (80.18081735044485,163.5006196001235) (80.18081735044485,163.5004194823974) (81.18082256135764,163.5004194823974) (81.18082256135764,163.5002839986634) (82.18082608925273,163.5002839986634) (82.18082608925273,163.5001922733894) (83.18082847771869,163.5001922733894) (83.18082847771869,163.5001301732726) (84.18083009475211,163.5001301732726) (84.18083009475211,163.5000881304022) (85.1808311895565,163.5000881304022) (85.1808311895565,163.5000596654866) (86.18083193073008,163.5000596654866) (86.18083193073008,163.5000403949721) (87.18083243252538,163.5000403949721) (87.18083243252538,163.5000273482928) (88.18083277232408,163.5000273482928) (88.18083277232408,163.5000185135251) (89.18083300269039,163.5000185135251) (89.18083300269039,163.5000125239997) (90.18083315754774,163.5000125239997) (90.18083315754774,163.5000084977071) (91.18083326185581,163.5000084977071) (91.18083326185581,163.5000057856957) (92.18083333485623,163.5000057856957) (92.18083333485623,163.5000038876832) (93.18083338427773,163.5000038876832) (93.18083338427773,163.5000026027226) (94.18083341759768,163.5000026027226) (94.18083341759768,163.5000017364024) (95.18083343867103,163.5000017364024) (95.18083343867103,163.5000011884933) (96.18083343867096,163.5000011884933) (96.18083343867096,163.5000006405843) (173.4196152344274,163.5000006405843) (173.4196152344274,169.6494988603188) (174.9357313313409,169.6494988603188) (174.9357313313409,182.4806515605829) (176.7345885105143,182.4806515605829) (176.7345885105143,204.1098544573876) (178.8702961538079,204.1098544573876) (178.8702961538079,228.6218987825405) (181.1785946127125,228.6218987825405) (181.1785946127125,254.2228692504944) (183.6047346604588,254.2228692504944) (183.6047346604588,280.0299225855101) (186.0734358884815,280.0299225855101) (186.0734358884815,305.9318510350467) (188.5708029240094,305.9318510350467) (188.5708029240094,331.8937418408948) (191.0952680864621,331.8937418408948) (191.0952680864621,357.873084135954) (193.632105924584,357.873084135954) (193.632105924584,383.8651141457428) (196.1820611446601,383.8651141457428) (196.1820611446601,409.8594677776426) (198.7320163647364,409.8594677776426) (198.7320163647364,435.8538214095424) (201.2819715848126,435.8538214095424) (201.2819715848126,461.8481750414421) (203.8319268048888,461.8481750414421) (203.8319268048888,487.8425286733419) (206.381882024965,487.8425286733419) (206.381882024965,513.8368823052417) (208.9318372450412,513.8368823052417) (208.9318372450412,539.8312359371415) (211.4817924651174,539.8312359371415) (211.4817924651174,565.8255895690413) (214.0317476851936,565.8255895690413) (214.0317476851936,591.8199432009411) (216.5817029052698,591.8199432009411) (216.5817029052698,617.8142968328409) (219.131658125346,617.8142968328409) (219.131658125346,643.8086504647407) (221.6816133454223,643.8086504647407) (221.6816133454223,669.8030040966405) (224.2315685654985,669.8030040966405) (224.2315685654985,695.7973577285403) (226.7815237855746,695.7973577285403) (226.7815237855746,721.7917113604401) (229.3314790056508,721.7917113604401) (229.3314790056508,735.2716860088356) (700,735.2716860088356)
batteryCharge[0]:
[0]: (0,100) (700,100)
user_guided_transport.end:
[0]: (0,0) (231.3314790056499,0) (231.3314790056499,1) (700,1)
[2K
Verifying formula 5 at /nta/queries/query[5]/formula
 -- Formula: simulate[<=700]{robot_inventory[0][0], user_guided_transport.end*2}
[2K -- Formula is satisfied.
robot_inventory[0][0]:
[0]: (0,0) (9.449708177258513,0) (9.449708177258513,1) (700,1)
user_guided_transport.end * 2:
[0]: (0,0) (232.6773783184873,0) (232.6773783184873,2) (700,2)
[2K
Verifying formula 6 at /nta/queries/query[6]/formula
 -- Formula: simulate[<=700]{bedroom[0], bedroom[1], kitchen[0], kitchen[1]}
[2K -- Formula is satisfied.
bedroom[0]:
[0]: (0,100) (700,100)
bedroom[1]:
[0]: (0,200) (700,200)
kitchen[0]:
[0]: (0,4400) (700,4400)
kitchen[1]:
[0]: (0,765) (700,765)
[2K
Verifying formula 7 at /nta/queries/query[7]/formula
 -- Formula: simulate[<=700]{rm_1.idle, rf_1.idle, rp_1.idle, rd_1.idle}
[2K -- Formula is satisfied.
rm_1.idle:
[0]: (0,0) (0,1) (0,0) (3,0) (3,1) (700,1)
rf_1.idle:
[0]: (0,0) (0,1) (8.265853577011613,1) (8.265853577011613,0) (230.4935237182348,0) (230.4935237182348,1) (700,1)
rp_1.idle:
[0]: (0,0) (0,1) (2,1) (2,0) (8.265853577011613,0) (8.265853577011613,1) (700,1)
rd_1.idle:
[0]: (0,0) (0,1) (700,1)
[2K
Verifying formula 8 at /nta/queries/query[8]/formula
 -- Formula: Pr[<=700](<>!rm_1.idle || !rf_1.idle || !rp_1.idle || !rd_1.idle)
[2K -- Formula is satisfied.
(72/72 runs) Pr(<> …) in [0.950056,1] (95% CI)
Values in [0,0] mean=0 steps=2.22045e-16: 72
[2K
Verifying formula 9 at /nta/queries/query[9]/formula
 -- Formula: Pr[<=700]([] (user_guided_transport.end imply (rm_1.idle && rf_1.idle && rp_1.idle && rd_1.idle)))
 -- Throughput: 607962 runs/sec, Load: 331 runs[K
[2K -- Formula is satisfied.
(72/72 runs) Pr([] …) in [0.950056,1] (95% CI)
[2K
Verifying formula 10 at /nta/queries/query[10]/formula
 -- Formula: Pr[<=700] (<> pow(humanPositionX[0] - kitchen[0], 2) + pow(humanPositionY[0] - kitchen[1], 2) <= 900 )
[2K -- Formula is satisfied.
(72/72 runs) Pr(<> …) in [0.950056,1] (95% CI)
Values in [192.044,196.999] mean=194.524 steps=0.550518: 11 0 11 9 10 6 10 9 6
[2K
Verifying formula 11 at /nta/queries/query[11]/formula
 -- Formula: Pr[<=700] (<> pow(humanPositionX[0] - bedroom[0], 2) + pow(humanPositionY[0] - bedroom[1], 2) <= 900 )
[2K -- Formula is satisfied.
(72/72 runs) Pr(<> …) in [0.950056,1] (95% CI)
Values in [1,1] mean=1 steps=2.22045e-16: 72
[2K
Verifying formula 12 at /nta/queries/query[12]/formula
 -- Formula: Pr[<=700] (<> pow(robPositionX[0] - bedroom[0], 2) + pow(robPositionY[0] - bedroom[1], 2) <= 900 )
[2K -- Formula is satisfied.
(72/72 runs) Pr(<> …) in [0.950056,1] (95% CI)
Values in [2,2] mean=2 steps=2.22045e-16: 72
[2K
Verifying formula 13 at /nta/queries/query[13]/formula
 -- Formula: Pr[<=700] (<> !isValidPosition(humanPositionX[0], humanPositionY[0]))
[2K -- Formula is satisfied.
(72/72 runs) Pr(<> …) in [0.950056,1] (95% CI)
Values in [0,0] mean=0 steps=2.22045e-16: 72
[2K
Verifying formula 14 at /nta/queries/query[14]/formula
 -- Formula: Pr[<=700] (<> !isValidPosition(robPositionX[0], robPositionY[0]))
[2K -- Formula is satisfied.
(72/72 runs) Pr(<> …) in [0.950056,1] (95% CI)
Values in [0,0] mean=0 steps=2.22045e-16: 72
[2K
Verifying formula 15 at /nta/queries/query[15]/formula
 -- Formula: Pr[<=700] (<> currP > 2)
 -- Throughput: 613790 runs/sec, Load: 330 runs[K
[2K -- Formula is satisfied.
(0/72 runs) Pr(<> …) in [0,0.0499441] (95% CI)
