Options for the verification:
  Generating no trace
  Search order is breadth first
  Using conservative space optimisation
  Seed is 1784380755
  State space representation uses minimal constraint systems with future testing
  Using HashMap + Compress integers for discrete state storage
[2K
Verifying formula 1 at /nta/queries/query[1]/formula
 -- Formula: simulate[<=700]{user_guided_transport_human1_def.s1_start, user_guided_transport_human1_def.s1_end, user_guided_transport_human1_def.s2_start, user_guided_transport_human1_def.s2_idle, user_guided_transport_human1_def.s3_start, user_guided_transport_human1_def.s3_end, user_guided_transport_human1_def.s4_start, user_guided_transport_human1_def.s4_idle, user_guided_transport.end}
[2K -- Formula is satisfied.
user_guided_transport_human1_def.s1_start:
[0]: (0,0) (0,1) (0,0) (700,0)
user_guided_transport_human1_def.s1_end:
[0]: (0,0) (1,0) (1,1) (2,1) (2,0) (700,0)
user_guided_transport_human1_def.s2_start:
[0]: (0,0) (2,0) (2,1) (2,0) (700,0)
user_guided_transport_human1_def.s2_idle:
[0]: (0,0) (2,0) (2,1) (8.000809867866337,1) (8.000809867866337,0) (700,0)
user_guided_transport_human1_def.s3_start:
[0]: (0,0) (8.000809867866337,0) (8.000809867866337,1) (8.000809867866337,0) (13.00080986786634,0) (13.00080986786634,1) (13.00080986786634,0) (18.00080986786633,0) (18.00080986786633,1) (18.00080986786633,0) (23.00080986786628,0) (23.00080986786628,1) (23.00080986786628,0) (28.00080986786622,0) (28.00080986786622,1) (28.00080986786622,0) (33.00080986786621,0) (33.00080986786621,1) (33.00080986786621,0) (38.00080986786635,0) (38.00080986786635,1) (38.00080986786635,0) (43.00080986786637,0) (43.00080986786637,1) (43.00080986786637,0) (48.0008098678664,0) (48.0008098678664,1) (48.0008098678664,0) (53.0008098678664,0) (53.0008098678664,1) (53.0008098678664,0) (58.0008098678664,0) (58.0008098678664,1) (58.0008098678664,0) (63.0008098678664,0) (63.0008098678664,1) (63.0008098678664,0) (68.00080986786612,0) (68.00080986786612,1) (68.00080986786612,0) (73.00080986786577,0) (73.00080986786577,1) (73.00080986786577,0) (78.00080986786541,0) (78.00080986786541,1) (78.00080986786541,0) (83.00080986786506,0) (83.00080986786506,1) (83.00080986786506,0) (88.0008098678647,0) (88.0008098678647,1) (88.0008098678647,0) (93.00080986786435,0) (93.00080986786435,1) (93.00080986786435,0) (98.00080986786399,0) (98.00080986786399,1) (98.00080986786399,0) (103.0008098678636,0) (103.0008098678636,1) (103.0008098678636,0) (108.0008098678633,0) (108.0008098678633,1) (108.0008098678633,0) (113.0008098678629,0) (113.0008098678629,1) (113.0008098678629,0) (118.0008098678626,0) (118.0008098678626,1) (118.0008098678626,0) (123.0008098678622,0) (123.0008098678622,1) (123.0008098678622,0) (128.0008098678618,0) (128.0008098678618,1) (128.0008098678618,0) (133.0008098678622,0) (133.0008098678622,1) (133.0008098678622,0) (138.0008098678626,0) (138.0008098678626,1) (138.0008098678626,0) (143.000809867863,0) (143.000809867863,1) (143.000809867863,0) (148.0008098678634,0) (148.0008098678634,1) (148.0008098678634,0) (153.0008098678638,0) (153.0008098678638,1) (153.0008098678638,0) (158.0008098678642,0) (158.0008098678642,1) (158.0008098678642,0) (163.0008098678646,0) (163.0008098678646,1) (163.0008098678646,0) (168.000809867865,0) (168.000809867865,1) (168.000809867865,0) (173.0008098678654,0) (173.0008098678654,1) (173.0008098678654,0) (178.0008098678658,0) (178.0008098678658,1) (178.0008098678658,0) (183.0008098678662,0) (183.0008098678662,1) (183.0008098678662,0) (188.0008098678666,0) (188.0008098678666,1) (188.0008098678666,0) (193.000809867867,0) (193.000809867867,1) (193.000809867867,0) (700,0)
user_guided_transport_human1_def.s3_end:
[0]: (0,0) (193.000809867867,0) (193.000809867867,1) (193.000809867867,0) (700,0)
user_guided_transport_human1_def.s4_start:
[0]: (0,0) (193.000809867867,0) (193.000809867867,1) (193.000809867867,0) (700,0)
user_guided_transport_human1_def.s4_idle:
[0]: (0,0) (193.000809867867,0) (193.000809867867,1) (422.5153153861796,1) (422.5153153861796,0) (700,0)
user_guided_transport.end:
[0]: (0,0) (424.5153153861787,0) (424.5153153861787,1) (700,1)
[2K
Verifying formula 2 at /nta/queries/query[2]/formula
 -- Formula: simulate[<=700]{user_guided_transport_robot1_def.s1_start, user_guided_transport_robot1_def.s1_end, user_guided_transport_robot1_def.s2_start, user_guided_transport_robot1_def.s2_end, user_guided_transport_robot1_def.s3_start, user_guided_transport_robot1_def.s3_idle, user_guided_transport_robot1_def.s4_start, user_guided_transport_robot1_def.s4_end, user_guided_transport.end}
[2K -- Formula is satisfied.
user_guided_transport_robot1_def.s1_start:
[0]: (0,0) (0,1) (0,0) (700,0)
user_guided_transport_robot1_def.s1_end:
[0]: (0,0) (2,0) (2,1) (2,0) (700,0)
user_guided_transport_robot1_def.s2_start:
[0]: (0,0) (2,0) (2,1) (2,0) (700,0)
user_guided_transport_robot1_def.s2_end:
[0]: (0,0) (10.68730900870796,0) (10.68730900870796,1) (10.68730900870796,0) (700,0)
user_guided_transport_robot1_def.s3_start:
[0]: (0,0) (10.68730900870796,0) (10.68730900870796,1) (10.68730900870796,0) (700,0)
user_guided_transport_robot1_def.s3_idle:
[0]: (0,0) (10.68730900870796,0) (10.68730900870796,1) (195.687309008709,1) (195.687309008709,0) (700,0)
user_guided_transport_robot1_def.s4_start:
[0]: (0,0) (195.687309008709,0) (195.687309008709,1) (195.687309008709,0) (700,0)
user_guided_transport_robot1_def.s4_end:
[0]: (0,0) (425.2018145270396,0) (425.2018145270396,1) (425.2018145270396,0) (700,0)
user_guided_transport.end:
[0]: (0,0) (427.2018145270387,0) (427.2018145270387,1) (700,1)
[2K
Verifying formula 3 at /nta/queries/query[3]/formula
 -- Formula: Pr[<=700] (<> user_guided_transport.end)
[2K -- Formula is satisfied.
(72/72 runs) Pr(<> …) in [0.950056,1] (95% CI)
Values in [423.528,428.512] mean=426.275 steps=0.553786: 10 4 5 9 7 4 9 14 10
[2K
Verifying formula 4 at /nta/queries/query[4]/formula
 -- Formula: simulate[<=700]{humanPositionX[0], humanPositionY[0], robPositionX[0], robPositionY[0], batteryCharge[0], user_guided_transport.end}
[2K -- Formula is satisfied.
humanPositionX[0]:
[0]: (0,0) (0,92.5) (1,92.5) (1,97.73313175708738) (12.36835291645542,97.73313175708738) (12.36835291645542,123.7285354798977) (13.36835291645542,123.7285354798977) (13.36835291645542,149.723939202708) (14.36835291645541,149.723939202708) (14.36835291645541,175.7193429255182) (15.36835291645541,175.7193429255182) (15.36835291645541,201.7147466483285) (16.36835291645541,201.7147466483285) (16.36835291645541,227.7101503711388) (17.3683529164554,227.7101503711388) (17.3683529164554,253.7055540939491) (18.3683529164554,253.7055540939491) (18.3683529164554,279.7009578167594) (19.3683529164554,279.7009578167594) (19.3683529164554,305.6963615395697) (20.36835291645539,305.6963615395697) (20.36835291645539,331.69176526238) (21.36835291645539,331.69176526238) (21.36835291645539,357.6871689851903) (22.36835291645539,357.6871689851903) (22.36835291645539,383.6825727080006) (23.36835291645538,383.6825727080006) (23.36835291645538,409.6779764308109) (24.36835291645538,409.6779764308109) (24.36835291645538,435.6733801536212) (25.36835291645538,435.6733801536212) (25.36835291645538,461.6687838764315) (26.36835291645537,461.6687838764315) (26.36835291645537,487.6641875992418) (27.36835291645537,487.6641875992418) (27.36835291645537,513.6595913220521) (28.36835291645536,513.6595913220521) (28.36835291645536,539.6549950448623) (29.36835291645536,539.6549950448623) (29.36835291645536,565.6503987676725) (30.36835291645536,565.6503987676725) (30.36835291645536,591.6458024904828) (31.36835291645535,591.6458024904828) (31.36835291645535,617.641206213293) (32.36835291645536,617.641206213293) (32.36835291645536,643.6366099361032) (33.3683529164554,643.6366099361032) (33.3683529164554,669.6320136589135) (34.36835291645544,669.6320136589135) (34.36835291645544,695.6274173817237) (35.36835291645547,695.6274173817237) (35.36835291645547,721.622821104534) (36.36835291645551,721.622821104534) (36.36835291645551,747.6182248273442) (37.36835291645554,747.6182248273442) (37.36835291645554,773.6136285501544) (38.36835291645558,773.6136285501544) (38.36835291645558,799.6090322729647) (39.36835291645561,799.6090322729647) (39.36835291645561,825.6044359957749) (40.36835291645565,825.6044359957749) (40.36835291645565,851.5998397185851) (41.36835291645568,851.5998397185851) (41.36835291645568,877.5952434413954) (42.36835291645572,877.5952434413954) (42.36835291645572,903.5906471642056) (43.36835291645576,903.5906471642056) (43.36835291645576,929.5860508870159) (44.36835291645574,929.5860508870159) (44.36835291645574,955.5814546098261) (45.36835291645573,955.5814546098261) (45.36835291645573,981.5768583326363) (46.3683529164557,981.5768583326363) (46.3683529164557,1007.572262055447) (47.36835291645571,1007.572262055447) (47.36835291645571,1033.567665778257) (48.36835291645573,1033.567665778257) (48.36835291645573,1059.563069501067) (49.36835291645574,1059.563069501067) (49.36835291645574,1085.558473223878) (50.36835291645576,1085.558473223878) (50.36835291645576,1111.553876946688) (51.36835291645576,1111.553876946688) (51.36835291645576,1137.549280669498) (52.36835291645577,1137.549280669498) (52.36835291645577,1163.544684392309) (53.36835291645577,1163.544684392309) (53.36835291645577,1189.540088115119) (54.36835291645577,1189.540088115119) (54.36835291645577,1215.535491837929) (55.36835291645577,1215.535491837929) (55.36835291645577,1241.53089556074) (56.36835291645577,1241.53089556074) (56.36835291645577,1267.52629928355) (57.36835291645577,1267.52629928355) (57.36835291645577,1293.52170300636) (58.36835291645577,1293.52170300636) (58.36835291645577,1319.517106729171) (59.36835291645577,1319.517106729171) (59.36835291645577,1345.512510451981) (60.36835291645577,1345.512510451981) (60.36835291645577,1371.507914174791) (61.36835291645577,1371.507914174791) (61.36835291645577,1397.503317897602) (62.36835291645577,1397.503317897602) (62.36835291645577,1423.498721620412) (63.36835291645577,1423.498721620412) (63.36835291645577,1478) (64.36835291645575,1478) (64.36835291645575,1504) (65.36835291645568,1504) (65.36835291645568,1530) (66.36835291645561,1530) (66.36835291645561,1556) (67.36835291645554,1556) (67.36835291645554,1582) (68.36835291645546,1582) (68.36835291645546,1608) (69.36835291645539,1608) (69.36835291645539,1634) (70.36835291645532,1634) (70.36835291645532,1660) (71.36835291645525,1660) (71.36835291645525,1686) (72.36835291645518,1686) (72.36835291645518,1712) (73.36835291645511,1712) (73.36835291645511,1738) (74.36835291645504,1738) (74.36835291645504,1764) (75.36835291645497,1764) (75.36835291645497,1790) (76.3683529164549,1790) (76.3683529164549,1816) (77.36835291645482,1816) (77.36835291645482,1842) (78.36835291645475,1842) (78.36835291645475,1868) (79.36835291645468,1868) (79.36835291645468,1894) (80.36835291645461,1894) (80.36835291645461,1920) (81.36835291645454,1920) (81.36835291645454,1946) (82.36835291645447,1946) (82.36835291645447,1972) (83.3683529164544,1972) (83.3683529164544,1998) (84.36835291645433,1998) (84.36835291645433,2024) (85.36835291645426,2024) (85.36835291645426,2050) (86.36835291645419,2050) (86.36835291645419,2076) (87.36835291645411,2076) (87.36835291645411,2102) (88.36835291645404,2102) (88.36835291645404,2128) (89.36835291645397,2128) (89.36835291645397,2154) (90.3683529164539,2154) (90.3683529164539,2180) (91.36835291645383,2180) (91.36835291645383,2206) (92.36835291645376,2206) (92.36835291645376,2232) (93.36835291645369,2232) (93.36835291645369,2258) (94.36835291645362,2258) (94.36835291645362,2284) (95.36835291645355,2284) (95.36835291645355,2310) (96.36835291645347,2310) (96.36835291645347,2336) (97.3683529164534,2336) (97.3683529164534,2362) (98.36835291645333,2362) (98.36835291645333,2388) (99.36835291645326,2388) (99.36835291645326,2414) (100.3683529164532,2414) (100.3683529164532,2440) (101.3683529164531,2440) (101.3683529164531,2466) (102.368352916453,2466) (102.368352916453,2492) (103.368352916453,2492) (103.368352916453,2518) (104.3683529164529,2518) (104.3683529164529,2544) (105.3683529164528,2544) (105.3683529164528,2570) (106.3683529164528,2570) (106.3683529164528,2596) (107.3683529164527,2596) (107.3683529164527,2622) (108.3683529164526,2622) (108.3683529164526,2648) (109.3683529164526,2648) (109.3683529164526,2674) (110.3683529164525,2674) (110.3683529164525,2700) (111.3683529164524,2700) (111.3683529164524,2726) (112.3683529164523,2726) (112.3683529164523,2752) (113.3683529164523,2752) (113.3683529164523,2778) (114.3683529164522,2778) (114.3683529164522,2804) (115.3683529164521,2804) (115.3683529164521,2830) (116.3683529164521,2830) (116.3683529164521,2856) (117.368352916452,2856) (117.368352916452,2882) (118.3683529164519,2882) (118.3683529164519,2908) (119.3683529164518,2908) (119.3683529164518,2934) (120.3683529164518,2934) (120.3683529164518,2960) (121.3683529164517,2960) (121.3683529164517,2986) (122.3683529164516,2986) (122.3683529164516,3012) (123.3683529164516,3012) (123.3683529164516,3038) (124.3683529164515,3038) (124.3683529164515,3088.5) (125.3683529164514,3088.5) (125.3683529164514,3114.5) (126.3683529164513,3114.5) (126.3683529164513,3140.5) (127.3683529164513,3140.5) (127.3683529164513,3166.5) (128.3683529164513,3166.5) (128.3683529164513,3192.5) (129.3683529164514,3192.5) (129.3683529164514,3218.5) (130.3683529164514,3218.5) (130.3683529164514,3244.5) (131.3683529164515,3244.5) (131.3683529164515,3270.5) (132.3683529164516,3270.5) (132.3683529164516,3296.5) (133.3683529164517,3296.5) (133.3683529164517,3322.5) (134.3683529164518,3322.5) (134.3683529164518,3348.5) (135.3683529164518,3348.5) (135.3683529164518,3374.5) (136.3683529164519,3374.5) (136.3683529164519,3400.5) (137.368352916452,3400.5) (137.368352916452,3426.5) (138.3683529164521,3426.5) (138.3683529164521,3452.5) (139.3683529164522,3452.5) (139.3683529164522,3478.5) (140.3683529164522,3478.5) (140.3683529164522,3504.5) (141.3683529164523,3504.5) (141.3683529164523,3530.5) (142.3683529164524,3530.5) (142.3683529164524,3556.5) (143.3683529164525,3556.5) (143.3683529164525,3582.5) (144.3683529164526,3582.5) (144.3683529164526,3608.5) (145.3683529164526,3608.5) (145.3683529164526,3634.5) (146.3683529164527,3634.5) (146.3683529164527,3660.5) (147.3683529164528,3660.5) (147.3683529164528,3686.5) (148.3683529164529,3686.5) (148.3683529164529,3712.5) (149.3683529164529,3712.5) (149.3683529164529,3738.5) (150.368352916453,3738.5) (150.368352916453,3764.5) (151.3683529164531,3764.5) (151.3683529164531,3790.5) (152.3683529164532,3790.5) (152.3683529164532,3816.5) (153.3683529164533,3816.5) (153.3683529164533,3842.5) (154.3683529164533,3842.5) (154.3683529164533,3868.5) (155.3683529164534,3868.5) (155.3683529164534,3894.5) (156.3683529164535,3894.5) (156.3683529164535,3920.5) (157.3683529164536,3920.5) (157.3683529164536,3946.5) (158.3683529164537,3946.5) (158.3683529164537,3972.5) (159.3683529164537,3972.5) (159.3683529164537,3998.5) (160.3683529164538,3998.5) (160.3683529164538,4024.5) (161.3683529164539,4024.5) (161.3683529164539,4050.5) (162.368352916454,4050.5) (162.368352916454,4076.5) (163.3683529164541,4076.5) (163.3683529164541,4102.5) (164.3683529164541,4102.5) (164.3683529164541,4128.5) (165.3683529164542,4128.5) (165.3683529164542,4154.5) (166.3683529164543,4154.5) (166.3683529164543,4180.5) (167.3683529164544,4180.5) (167.3683529164544,4206.5) (168.3683529164545,4206.5) (168.3683529164545,4232.5) (169.3683529164545,4232.5) (169.3683529164545,4258.5) (170.3683529164546,4258.5) (170.3683529164546,4284.5) (171.3683529164547,4284.5) (171.3683529164547,4310.5) (172.3683529164548,4310.5) (172.3683529164548,4336.5) (173.3683529164549,4336.5) (173.3683529164549,4362.5) (174.3683529164549,4362.5) (174.3683529164549,4388.5) (175.368352916455,4388.5) (175.368352916455,4416.265463717128) (176.3683529164551,4416.265463717128) (176.3683529164551,4415.530927434256) (177.3683529164552,4415.530927434256) (177.3683529164552,4414.796391151384) (178.3683529164553,4414.796391151384) (178.3683529164553,4414.061854868512) (179.3683529164553,4414.061854868512) (179.3683529164553,4413.327318585641) (180.3683529164554,4413.327318585641) (180.3683529164554,4412.592782302769) (181.3683529164555,4412.592782302769) (181.3683529164555,4411.858246019897) (182.3683529164556,4411.858246019897) (182.3683529164556,4411.123709737025) (183.3683529164556,4411.123709737025) (183.3683529164556,4410.389173454153) (184.3683529164557,4410.389173454153) (184.3683529164557,4409.654637171281) (185.3683529164558,4409.654637171281) (185.3683529164558,4408.920100888409) (186.3683529164559,4408.920100888409) (186.3683529164559,4408.185564605537) (187.368352916456,4408.185564605537) (187.368352916456,4407.451028322665) (188.368352916456,4407.451028322665) (188.368352916456,4406.716492039794) (189.3683529164561,4406.716492039794) (189.3683529164561,4405.981955756922) (190.3683529164562,4405.981955756922) (190.3683529164562,4405.24741947405) (191.3683529164563,4405.24741947405) (191.3683529164563,4404.512883191178) (192.3683529164564,4404.512883191178) (192.3683529164564,4403.778346908306) (193.3683529164564,4403.778346908306) (193.3683529164564,4403.043810625434) (194.3683529164565,4403.043810625434) (194.3683529164565,4402.309274342562) (195.3683529164566,4402.309274342562) (195.3683529164566,4401.57473805969) (196.3683529164567,4401.57473805969) (196.3683529164567,4400.840201776819) (700,4400.840201776819)
humanPositionY[0]:
[0]: (0,0) (0,163.5) (1,163.5) (1,188.9679078844919) (12.36835291645542,188.9679078844919) (12.36835291645542,188.479046668909) (13.36835291645542,188.479046668909) (13.36835291645542,187.9901854533261) (14.36835291645541,187.9901854533261) (14.36835291645541,187.5013242377432) (15.36835291645541,187.5013242377432) (15.36835291645541,187.0124630221603) (16.36835291645541,187.0124630221603) (16.36835291645541,186.5236018065774) (17.3683529164554,186.5236018065774) (17.3683529164554,186.0347405909945) (18.3683529164554,186.0347405909945) (18.3683529164554,185.5458793754117) (19.3683529164554,185.5458793754117) (19.3683529164554,185.0570181598288) (20.36835291645539,185.0570181598288) (20.36835291645539,184.5681569442459) (21.36835291645539,184.5681569442459) (21.36835291645539,184.079295728663) (22.36835291645539,184.079295728663) (22.36835291645539,183.5904345130801) (23.36835291645538,183.5904345130801) (23.36835291645538,183.1015732974972) (24.36835291645538,183.1015732974972) (24.36835291645538,182.6127120819143) (25.36835291645538,182.6127120819143) (25.36835291645538,182.1238508663315) (26.36835291645537,182.1238508663315) (26.36835291645537,181.6349896507486) (27.36835291645537,181.6349896507486) (27.36835291645537,181.1461284351657) (28.36835291645536,181.1461284351657) (28.36835291645536,180.6572672195828) (29.36835291645536,180.6572672195828) (29.36835291645536,180.1684060039999) (30.36835291645536,180.1684060039999) (30.36835291645536,179.679544788417) (31.36835291645535,179.679544788417) (31.36835291645535,179.1906835728341) (32.36835291645536,179.1906835728341) (32.36835291645536,178.7018223572512) (33.3683529164554,178.7018223572512) (33.3683529164554,178.2129611416684) (34.36835291645544,178.2129611416684) (34.36835291645544,177.7240999260855) (35.36835291645547,177.7240999260855) (35.36835291645547,177.2352387105026) (36.36835291645551,177.2352387105026) (36.36835291645551,176.7463774949197) (37.36835291645554,176.7463774949197) (37.36835291645554,176.2575162793368) (38.36835291645558,176.2575162793368) (38.36835291645558,175.7686550637539) (39.36835291645561,175.7686550637539) (39.36835291645561,175.279793848171) (40.36835291645565,175.279793848171) (40.36835291645565,174.7909326325882) (41.36835291645568,174.7909326325882) (41.36835291645568,174.3020714170053) (42.36835291645572,174.3020714170053) (42.36835291645572,173.8132102014224) (43.36835291645576,173.8132102014224) (43.36835291645576,173.3243489858395) (44.36835291645574,173.3243489858395) (44.36835291645574,172.8354877702566) (45.36835291645573,172.8354877702566) (45.36835291645573,172.3466265546737) (46.3683529164557,172.3466265546737) (46.3683529164557,171.8577653390908) (47.36835291645571,171.8577653390908) (47.36835291645571,171.3689041235079) (48.36835291645573,171.3689041235079) (48.36835291645573,170.8800429079251) (49.36835291645574,170.8800429079251) (49.36835291645574,170.3911816923422) (50.36835291645576,170.3911816923422) (50.36835291645576,169.9023204767593) (51.36835291645576,169.9023204767593) (51.36835291645576,169.4134592611764) (52.36835291645577,169.4134592611764) (52.36835291645577,168.9245980455935) (53.36835291645577,168.9245980455935) (53.36835291645577,168.4357368300106) (54.36835291645577,168.4357368300106) (54.36835291645577,167.9468756144277) (55.36835291645577,167.9468756144277) (55.36835291645577,167.4580143988449) (56.36835291645577,167.4580143988449) (56.36835291645577,166.969153183262) (57.36835291645577,166.969153183262) (57.36835291645577,166.4802919676791) (58.36835291645577,166.4802919676791) (58.36835291645577,165.9914307520962) (59.36835291645577,165.9914307520962) (59.36835291645577,165.5025695365133) (60.36835291645577,165.5025695365133) (60.36835291645577,165.0137083209304) (61.36835291645577,165.0137083209304) (61.36835291645577,164.5248471053475) (62.36835291645577,164.5248471053475) (62.36835291645577,164.0359858897646) (63.36835291645577,164.0359858897646) (63.36835291645577,163.5) (175.368352916455,163.5) (175.368352916455,189.4896220913107) (176.3683529164551,189.4896220913107) (176.3683529164551,215.4792441826214) (177.3683529164552,215.4792441826214) (177.3683529164552,241.4688662739321) (178.3683529164553,241.4688662739321) (178.3683529164553,267.4584883652428) (179.3683529164553,267.4584883652428) (179.3683529164553,293.4481104565535) (180.3683529164554,293.4481104565535) (180.3683529164554,319.4377325478642) (181.3683529164555,319.4377325478642) (181.3683529164555,345.427354639175) (182.3683529164556,345.427354639175) (182.3683529164556,371.4169767304857) (183.3683529164556,371.4169767304857) (183.3683529164556,397.4065988217964) (184.3683529164557,397.4065988217964) (184.3683529164557,423.3962209131071) (185.3683529164558,423.3962209131071) (185.3683529164558,449.3858430044178) (186.3683529164559,449.3858430044178) (186.3683529164559,475.3754650957285) (187.368352916456,475.3754650957285) (187.368352916456,501.3650871870392) (188.368352916456,501.3650871870392) (188.368352916456,527.3547092783499) (189.3683529164561,527.3547092783499) (189.3683529164561,553.3443313696606) (190.3683529164562,553.3443313696606) (190.3683529164562,579.3339534609713) (191.3683529164563,579.3339534609713) (191.3683529164563,605.323575552282) (192.3683529164564,605.323575552282) (192.3683529164564,631.3131976435927) (193.3683529164564,631.3131976435927) (193.3683529164564,657.3028197349034) (194.3683529164565,657.3028197349034) (194.3683529164565,683.2924418262141) (195.3683529164566,683.2924418262141) (195.3683529164566,709.2820639175249) (196.3683529164567,709.2820639175249) (196.3683529164567,735.2716860088356) (700,735.2716860088356)
robPositionX[0]:
[0]: (0,0) (0,92.5) (2,92.5) (2,97.73313175708738) (198.3683529164558,97.73313175708738) (198.3683529164558,123.7285354798977) (199.387156378939,123.7285354798977) (199.387156378939,149.723939202708) (200.387156378939,149.723939202708) (200.387156378939,175.7193429255182) (201.4059598414223,175.7193429255182) (201.4059598414223,201.7147466483285) (202.4059598414223,201.7147466483285) (202.4059598414223,227.7101503711388) (203.4247633039055,227.7101503711388) (203.4247633039055,253.7055540939491) (204.4435667663888,253.7055540939491) (204.4435667663888,279.7009578167594) (205.4623702288719,279.7009578167594) (205.4623702288719,305.6963615395697) (206.4811736913551,305.6963615395697) (206.4811736913551,331.69176526238) (207.4811736913551,331.69176526238) (207.4811736913551,357.6871689851903) (208.4999771538382,357.6871689851903) (208.4999771538382,383.6825727080006) (209.5187806163214,383.6825727080006) (209.5187806163214,409.6779764308109) (210.5375840788045,409.6779764308109) (210.5375840788045,435.6733801536212) (211.5563875412877,435.6733801536212) (211.5563875412877,461.6687838764315) (212.5751910037709,461.6687838764315) (212.5751910037709,487.6641875992418) (213.5939944662541,487.6641875992418) (213.5939944662541,513.6595913220521) (214.6127979287373,513.6595913220521) (214.6127979287373,539.6549950448623) (215.6127979287372,539.6549950448623) (215.6127979287372,565.6503987676725) (216.6127979287371,565.6503987676725) (216.6127979287371,591.6458024904828) (217.6316013912203,591.6458024904828) (217.6316013912203,617.641206213293) (218.6316013912203,617.641206213293) (218.6316013912203,643.6366099361032) (219.6504048537034,643.6366099361032) (219.6504048537034,669.6320136589135) (220.6692083161866,669.6320136589135) (220.6692083161866,695.6274173817237) (221.6880117786698,695.6274173817237) (221.6880117786698,721.622821104534) (222.6880117786697,721.622821104534) (222.6880117786697,747.6182248273442) (223.6880117786697,747.6182248273442) (223.6880117786697,773.6136285501544) (224.6880117786696,773.6136285501544) (224.6880117786696,799.6090322729647) (225.7068152411528,799.6090322729647) (225.7068152411528,825.6044359957749) (226.725618703636,825.6044359957749) (226.725618703636,851.5998397185851) (227.7444221661192,851.5998397185851) (227.7444221661192,877.5952434413954) (228.7632256286023,877.5952434413954) (228.7632256286023,903.5906471642056) (229.7820290910855,903.5906471642056) (229.7820290910855,929.5860508870159) (230.8008325535687,929.5860508870159) (230.8008325535687,955.5814546098261) (231.8196360160518,955.5814546098261) (231.8196360160518,981.5768583326363) (232.838439478535,981.5768583326363) (232.838439478535,1007.572262055447) (233.838439478535,1007.572262055447) (233.838439478535,1033.567665778257) (234.8384394785349,1033.567665778257) (234.8384394785349,1059.563069501067) (235.8384394785349,1059.563069501067) (235.8384394785349,1085.558473223878) (236.8384394785348,1085.558473223878) (236.8384394785348,1111.553876946688) (237.8384394785348,1111.553876946688) (237.8384394785348,1137.549280669498) (238.8572429410179,1137.549280669498) (238.8572429410179,1163.544684392309) (239.8572429410178,1163.544684392309) (239.8572429410178,1189.540088115119) (240.876046403501,1189.540088115119) (240.876046403501,1215.535491837929) (241.8948498659841,1215.535491837929) (241.8948498659841,1241.53089556074) (242.9136533284673,1241.53089556074) (242.9136533284673,1267.52629928355) (243.9324567909505,1267.52629928355) (243.9324567909505,1293.52170300636) (244.9324567909505,1293.52170300636) (244.9324567909505,1319.517106729171) (245.9512602534336,1319.517106729171) (245.9512602534336,1345.512510451981) (246.9512602534335,1345.512510451981) (246.9512602534335,1371.507914174791) (249.3878564258407,1371.507914174791) (249.3878564258407,1374.986654373684) (250.3878564258406,1374.986654373684) (250.3878564258406,1378.465394572576) (251.3878564258405,1378.465394572576) (251.3878564258405,1381.944134771469) (252.3878564258405,1381.944134771469) (252.3878564258405,1385.422874970361) (253.3878564258404,1385.422874970361) (253.3878564258404,1388.901615169254) (255.8244525982476,1388.901615169254) (255.8244525982476,1392.380355368146) (256.917654765894,1392.380355368146) (256.917654765894,1418.267510717711) (258.0108569335405,1418.267510717711) (258.0108569335405,1444.154666067276) (259.0108569335404,1444.154666067276) (259.0108569335404,1470.041821416841) (260.0108569335403,1470.041821416841) (260.0108569335403,1495.928976766406) (261.0108569335401,1495.928976766406) (261.0108569335401,1521.816132115971) (262.1040591011866,1521.816132115971) (262.1040591011866,1547.703287465537) (263.1972612688331,1547.703287465537) (263.1972612688331,1573.590442815102) (264.1972612688331,1573.590442815102) (264.1972612688331,1599.477598164667) (265.2904634364796,1599.477598164667) (265.2904634364796,1625.364753514232) (266.3836656041261,1625.364753514232) (266.3836656041261,1651.251908863797) (267.383665604126,1651.251908863797) (267.383665604126,1677.139064213362) (268.4768677717728,1677.139064213362) (268.4768677717728,1703.026219562927) (269.5700699394195,1703.026219562927) (269.5700699394195,1728.913374912492) (270.5700699394197,1728.913374912492) (270.5700699394197,1754.800530262057) (271.6632721070665,1754.800530262057) (271.6632721070665,1780.687685611622) (272.7564742747132,1780.687685611622) (272.7564742747132,1806.574840961187) (273.7564742747135,1806.574840961187) (273.7564742747135,1832.461996310753) (274.8496764423602,1832.461996310753) (274.8496764423602,1858.349151660318) (275.942878610007,1858.349151660318) (275.942878610007,1884.236307009883) (276.9428786100073,1884.236307009883) (276.9428786100073,1910.123462359448) (278.036080777654,1910.123462359448) (278.036080777654,1936.010617709013) (279.1292829453008,1936.010617709013) (279.1292829453008,1961.897773058578) (280.2224851129475,1961.897773058578) (280.2224851129475,1987.784928408143) (281.3156872805943,1987.784928408143) (281.3156872805943,2013.672083757708) (282.4088894482411,2013.672083757708) (282.4088894482411,2039.559239107273) (283.5020916158879,2039.559239107273) (283.5020916158879,2065.446394456838) (284.5952937835347,2065.446394456838) (284.5952937835347,2091.333549806403) (285.6884959511814,2091.333549806403) (285.6884959511814,2117.220705155969) (286.6884959511816,2117.220705155969) (286.6884959511816,2143.107860505534) (287.7816981188283,2143.107860505534) (287.7816981188283,2168.995015855099) (288.8749002864751,2168.995015855099) (288.8749002864751,2194.882171204664) (289.8749002864753,2194.882171204664) (289.8749002864753,2220.769326554229) (290.9681024541221,2220.769326554229) (290.9681024541221,2246.656481903794) (292.0613046217689,2246.656481903794) (292.0613046217689,2272.543637253359) (293.0613046217691,2272.543637253359) (293.0613046217691,2298.430792602924) (294.1545067894158,2298.430792602924) (294.1545067894158,2324.317947952489) (295.2477089570626,2324.317947952489) (295.2477089570626,2350.205103302054) (296.2477089570629,2350.205103302054) (296.2477089570629,2376.092258651619) (297.2477089570631,2376.092258651619) (297.2477089570631,2401.979414001185) (298.3409111247098,2401.979414001185) (298.3409111247098,2427.86656935075) (299.4341132923565,2427.86656935075) (299.4341132923565,2453.753724700315) (300.4341132923567,2453.753724700315) (300.4341132923567,2479.64088004988) (301.5273154600034,2479.64088004988) (301.5273154600034,2505.528035399445) (302.6205176276501,2505.528035399445) (302.6205176276501,2531.41519074901) (303.6205176276503,2531.41519074901) (303.6205176276503,2557.302346098575) (304.6205176276505,2557.302346098575) (304.6205176276505,2583.18950144814) (305.7137197952973,2583.18950144814) (305.7137197952973,2609.076656797705) (306.806921962944,2609.076656797705) (306.806921962944,2634.96381214727) (307.8069219629442,2634.96381214727) (307.8069219629442,2660.850967496835) (308.8069219629443,2660.850967496835) (308.8069219629443,2686.738122846401) (309.8069219629445,2686.738122846401) (309.8069219629445,2712.625278195966) (310.9001241305913,2712.625278195966) (310.9001241305913,2738.512433545531) (311.993326298238,2738.512433545531) (311.993326298238,2764.399588895096) (312.9933262982382,2764.399588895096) (312.9933262982382,2790.286744244661) (314.0865284658849,2790.286744244661) (314.0865284658849,2816.173899594226) (315.1797306335317,2816.173899594226) (315.1797306335317,2842.061054943791) (316.2729328011785,2842.061054943791) (316.2729328011785,2867.948210293356) (317.3661349688252,2867.948210293356) (317.3661349688252,2893.835365642921) (318.459337136472,2893.835365642921) (318.459337136472,2919.722520992486) (319.5525393041187,2919.722520992486) (319.5525393041187,2945.609676342051) (320.552539304119,2945.609676342051) (320.552539304119,2971.496831691617) (321.5584239257036,2971.496831691617) (321.5584239257036,2997.49638151889) (322.5643085472883,2997.49638151889) (322.5643085472883,3023.495931346164) (323.5701931688729,3023.495931346164) (323.5701931688729,3049.495481173438) (324.5701931688732,3049.495481173438) (324.5701931688732,3075.495031000712) (325.5760777904578,3075.495031000712) (325.5760777904578,3101.494580827985) (326.576077790458,3101.494580827985) (326.576077790458,3127.494130655259) (327.5760777904582,3127.494130655259) (327.5760777904582,3153.493680482533) (328.5819624120428,3153.493680482533) (328.5819624120428,3179.493230309807) (329.581962412043,3179.493230309807) (329.581962412043,3205.49278013708) (330.5819624120433,3205.49278013708) (330.5819624120433,3231.492329964354) (331.587847033628,3231.492329964354) (331.587847033628,3257.491879791628) (332.5878470336282,3257.491879791628) (332.5878470336282,3283.491429618902) (333.5937316552128,3283.491429618902) (333.5937316552128,3309.490979446176) (334.5937316552129,3309.490979446176) (334.5937316552129,3335.490529273449) (335.5937316552131,3335.490529273449) (335.5937316552131,3361.490079100723) (336.5996162767978,3361.490079100723) (336.5996162767978,3387.489628927997) (337.599616276798,3387.489628927997) (337.599616276798,3413.489178755271) (338.6055008983827,3413.489178755271) (338.6055008983827,3439.488728582544) (339.6113855199674,3439.488728582544) (339.6113855199674,3465.488278409818) (340.617270141552,3465.488278409818) (340.617270141552,3491.487828237092) (341.6172701415522,3491.487828237092) (341.6172701415522,3517.487378064366) (342.6231547631369,3517.487378064366) (342.6231547631369,3543.486927891639) (343.6231547631371,3543.486927891639) (343.6231547631371,3569.486477718913) (344.6231547631372,3569.486477718913) (344.6231547631372,3595.486027546187) (345.6231547631374,3595.486027546187) (345.6231547631374,3621.485577373461) (346.629039384722,3621.485577373461) (346.629039384722,3647.485127200734) (347.6349240063067,3647.485127200734) (347.6349240063067,3673.484677028008) (348.6349240063068,3673.484677028008) (348.6349240063068,3699.484226855282) (349.6408086278914,3699.484226855282) (349.6408086278914,3725.483776682556) (350.6466932494761,3725.483776682556) (350.6466932494761,3751.48332650983) (351.6466932494764,3751.48332650983) (351.6466932494764,3777.482876337103) (352.6525778710609,3777.482876337103) (352.6525778710609,3803.482426164377) (353.6584624926456,3803.482426164377) (353.6584624926456,3829.481975991651) (354.6643471142303,3829.481975991651) (354.6643471142303,3855.481525818925) (355.6643471142305,3855.481525818925) (355.6643471142305,3881.481075646198) (356.6702317358152,3881.481075646198) (356.6702317358152,3907.480625473472) (357.6761163573998,3907.480625473472) (357.6761163573998,3933.480175300746) (358.6761163574001,3933.480175300746) (358.6761163574001,3959.47972512802) (359.6820009789847,3959.47972512802) (359.6820009789847,3985.479274955293) (360.6878856005694,3985.479274955293) (360.6878856005694,4011.478824782567) (361.6937702221541,4011.478824782567) (361.6937702221541,4037.478374609841) (362.6996548437388,4037.478374609841) (362.6996548437388,4063.477924437115) (363.7055394653235,4063.477924437115) (363.7055394653235,4089.477474264389) (364.7114240869081,4089.477474264389) (364.7114240869081,4115.477024091662) (365.7173087084927,4115.477024091662) (365.7173087084927,4141.476573918936) (366.7231933300773,4141.476573918936) (366.7231933300773,4167.47612374621) (367.7231933300775,4167.47612374621) (367.7231933300775,4193.475673573484) (368.7231933300777,4193.475673573484) (368.7231933300777,4219.475223400757) (369.7231933300778,4219.475223400757) (369.7231933300778,4245.474773228031) (370.723193330078,4245.474773228031) (370.723193330078,4271.474323055305) (371.7231933300782,4271.474323055305) (371.7231933300782,4297.473872882579) (372.7231933300783,4297.473872882579) (372.7231933300783,4323.473422709852) (375.1593678588735,4323.473422709852) (375.1593678588735,4326.963026763519) (377.5955423876686,4326.963026763519) (377.5955423876686,4330.452630817186) (378.5955423876688,4330.452630817186) (378.5955423876688,4333.942234870853) (381.0317169164639,4333.942234870853) (381.0317169164639,4337.43183892452) (382.0317169164641,4337.43183892452) (382.0317169164641,4340.921442978187) (384.4678914452592,4340.921442978187) (384.4678914452592,4344.411047031854) (386.9040659740542,4344.411047031854) (386.9040659740542,4347.900651085521) (389.3402405028493,4347.900651085521) (389.3402405028493,4351.390255139188) (391.7764150316445,4351.390255139188) (391.7764150316445,4354.879859192854) (394.2125895604395,4354.879859192854) (394.2125895604395,4358.369463246521) (396.6487640892346,4358.369463246521) (396.6487640892346,4361.859067300188) (399.0849386180298,4361.859067300188) (399.0849386180298,4365.348671353855) (401.5211131468249,4365.348671353855) (401.5211131468249,4368.838275407522) (403.95728767562,4368.838275407522) (403.95728767562,4372.327879461189) (406.3934622044151,4372.327879461189) (406.3934622044151,4375.817483514856) (408.8296367332102,4375.817483514856) (408.8296367332102,4379.307087568523) (411.2658112620053,4379.307087568523) (411.2658112620053,4382.796691622189) (413.7019857908004,4382.796691622189) (413.7019857908004,4386.286295675856) (416.1381603195956,4386.286295675856) (416.1381603195956,4389.775899729522) (418.5743348483908,4389.775899729522) (418.5743348483908,4393.265503783189) (421.0105093771859,4393.265503783189) (421.0105093771859,4396.755107836855) (423.446683905981,4396.755107836855) (423.446683905981,4400.244711890522) (425.8828584347762,4400.244711890522) (425.8828584347762,4400.840201776819) (700,4400.840201776819)
robPositionY[0]:
[0]: (0,0) (0,163.5) (2,163.5) (2,188.9679078844919) (198.3683529164558,188.9679078844919) (198.3683529164558,188.479046668909) (199.387156378939,188.479046668909) (199.387156378939,187.9901854533262) (200.387156378939,187.9901854533262) (200.387156378939,187.5013242377435) (201.4059598414223,187.5013242377435) (201.4059598414223,187.0124630221606) (202.4059598414223,187.0124630221606) (202.4059598414223,186.5236018065777) (203.4247633039055,186.5236018065777) (203.4247633039055,186.034740590995) (204.4435667663888,186.034740590995) (204.4435667663888,185.5458793754121) (205.4623702288719,185.5458793754121) (205.4623702288719,185.0570181598295) (206.4811736913551,185.0570181598295) (206.4811736913551,184.5681569442468) (207.4811736913551,184.5681569442468) (207.4811736913551,184.079295728664) (208.4999771538382,184.079295728664) (208.4999771538382,183.5904345130811) (209.5187806163214,183.5904345130811) (209.5187806163214,183.1015732974986) (210.5375840788045,183.1015732974986) (210.5375840788045,182.6127120819158) (211.5563875412877,182.6127120819158) (211.5563875412877,182.1238508663329) (212.5751910037709,182.1238508663329) (212.5751910037709,181.6349896507502) (213.5939944662541,181.6349896507502) (213.5939944662541,181.1461284351673) (214.6127979287373,181.1461284351673) (214.6127979287373,180.6572672195846) (215.6127979287372,180.6572672195846) (215.6127979287372,180.1684060040018) (216.6127979287371,180.1684060040018) (216.6127979287371,179.6795447884191) (217.6316013912203,179.6795447884191) (217.6316013912203,179.1906835728362) (218.6316013912203,179.1906835728362) (218.6316013912203,178.7018223572533) (219.6504048537034,178.7018223572533) (219.6504048537034,178.2129611416705) (220.6692083161866,178.2129611416705) (220.6692083161866,177.7240999260877) (221.6880117786698,177.7240999260877) (221.6880117786698,177.2352387105049) (222.6880117786697,177.2352387105049) (222.6880117786697,176.7463774949222) (223.6880117786697,176.7463774949222) (223.6880117786697,176.2575162793394) (224.6880117786696,176.2575162793394) (224.6880117786696,175.7686550637567) (225.7068152411528,175.7686550637567) (225.7068152411528,175.2797938481738) (226.725618703636,175.2797938481738) (226.725618703636,174.7909326325911) (227.7444221661192,174.7909326325911) (227.7444221661192,174.3020714170082) (228.7632256286023,174.3020714170082) (228.7632256286023,173.8132102014254) (229.7820290910855,173.8132102014254) (229.7820290910855,173.3243489858428) (230.8008325535687,173.3243489858428) (230.8008325535687,172.8354877702601) (231.8196360160518,172.8354877702601) (231.8196360160518,172.3466265546772) (232.838439478535,172.3466265546772) (232.838439478535,171.8577653390945) (233.838439478535,171.8577653390945) (233.838439478535,171.3689041235117) (234.8384394785349,171.3689041235117) (234.8384394785349,170.880042907929) (235.8384394785349,170.880042907929) (235.8384394785349,170.3911816923462) (236.8384394785348,170.3911816923462) (236.8384394785348,169.9023204767635) (237.8384394785348,169.9023204767635) (237.8384394785348,169.4134592611807) (238.8572429410179,169.4134592611807) (238.8572429410179,168.9245980455979) (239.8572429410178,168.9245980455979) (239.8572429410178,168.435736830015) (240.876046403501,168.435736830015) (240.876046403501,167.9468756144324) (241.8948498659841,167.9468756144324) (241.8948498659841,167.4580143988497) (242.9136533284673,167.4580143988497) (242.9136533284673,166.9691531832668) (243.9324567909505,166.9691531832668) (243.9324567909505,166.480291967684) (244.9324567909505,166.480291967684) (244.9324567909505,165.9914307521013) (245.9512602534336,165.9914307521013) (245.9512602534336,165.5025695365184) (246.9512602534335,165.5025695365184) (246.9512602534335,165.0137083209355) (249.3878564258407,165.0137083209355) (249.3878564258407,190.7799336290518) (250.3878564258406,190.7799336290518) (250.3878564258406,216.546158937168) (251.3878564258405,216.546158937168) (251.3878564258405,242.3123842452842) (252.3878564258405,242.3123842452842) (252.3878564258405,268.0786095534005) (253.3878564258404,268.0786095534005) (253.3878564258404,293.8448348615167) (255.8244525982476,293.8448348615167) (255.8244525982476,319.611060169633) (256.917654765894,319.611060169633) (256.917654765894,317.1913106149312) (258.0108569335405,317.1913106149312) (258.0108569335405,314.7715610602295) (259.0108569335404,314.7715610602295) (259.0108569335404,312.3518115055277) (260.0108569335403,312.3518115055277) (260.0108569335403,309.932061950826) (261.0108569335401,309.932061950826) (261.0108569335401,307.5123123961242) (262.1040591011866,307.5123123961242) (262.1040591011866,305.0925628414225) (263.1972612688331,305.0925628414225) (263.1972612688331,302.6728132867207) (264.1972612688331,302.6728132867207) (264.1972612688331,300.253063732019) (265.2904634364796,300.253063732019) (265.2904634364796,297.8333141773172) (266.3836656041261,297.8333141773172) (266.3836656041261,295.4135646226154) (267.383665604126,295.4135646226154) (267.383665604126,292.9938150679137) (268.4768677717728,292.9938150679137) (268.4768677717728,290.5740655132119) (269.5700699394195,290.5740655132119) (269.5700699394195,288.1543159585102) (270.5700699394197,288.1543159585102) (270.5700699394197,285.7345664038084) (271.6632721070665,285.7345664038084) (271.6632721070665,283.3148168491066) (272.7564742747132,283.3148168491066) (272.7564742747132,280.8950672944048) (273.7564742747135,280.8950672944048) (273.7564742747135,278.4753177397031) (274.8496764423602,278.4753177397031) (274.8496764423602,276.0555681850013) (275.942878610007,276.0555681850013) (275.942878610007,273.6358186302995) (276.9428786100073,273.6358186302995) (276.9428786100073,271.2160690755978) (278.036080777654,271.2160690755978) (278.036080777654,268.796319520896) (279.1292829453008,268.796319520896) (279.1292829453008,266.3765699661942) (280.2224851129475,266.3765699661942) (280.2224851129475,263.9568204114925) (281.3156872805943,263.9568204114925) (281.3156872805943,261.5370708567906) (282.4088894482411,261.5370708567906) (282.4088894482411,259.1173213020889) (283.5020916158879,259.1173213020889) (283.5020916158879,256.6975717473871) (284.5952937835347,256.6975717473871) (284.5952937835347,254.2778221926853) (285.6884959511814,254.2778221926853) (285.6884959511814,251.8580726379836) (286.6884959511816,251.8580726379836) (286.6884959511816,249.4383230832818) (287.7816981188283,249.4383230832818) (287.7816981188283,247.01857352858) (288.8749002864751,247.01857352858) (288.8749002864751,244.5988239738783) (289.8749002864753,244.5988239738783) (289.8749002864753,242.1790744191765) (290.9681024541221,242.1790744191765) (290.9681024541221,239.7593248644748) (292.0613046217689,239.7593248644748) (292.0613046217689,237.339575309773) (293.0613046217691,237.339575309773) (293.0613046217691,234.9198257550713) (294.1545067894158,234.9198257550713) (294.1545067894158,232.5000762003694) (295.2477089570626,232.5000762003694) (295.2477089570626,230.0803266456677) (296.2477089570629,230.0803266456677) (296.2477089570629,227.6605770909659) (297.2477089570631,227.6605770909659) (297.2477089570631,225.2408275362642) (298.3409111247098,225.2408275362642) (298.3409111247098,222.8210779815625) (299.4341132923565,222.8210779815625) (299.4341132923565,220.4013284268607) (300.4341132923567,220.4013284268607) (300.4341132923567,217.9815788721589) (301.5273154600034,217.9815788721589) (301.5273154600034,215.5618293174572) (302.6205176276501,215.5618293174572) (302.6205176276501,213.1420797627554) (303.6205176276503,213.1420797627554) (303.6205176276503,210.7223302080537) (304.6205176276505,210.7223302080537) (304.6205176276505,208.3025806533519) (305.7137197952973,208.3025806533519) (305.7137197952973,205.8828310986502) (306.806921962944,205.8828310986502) (306.806921962944,203.4630815439484) (307.8069219629442,203.4630815439484) (307.8069219629442,201.0433319892467) (308.8069219629443,201.0433319892467) (308.8069219629443,198.6235824345449) (309.8069219629445,198.6235824345449) (309.8069219629445,196.2038328798432) (310.9001241305913,196.2038328798432) (310.9001241305913,193.7840833251414) (311.993326298238,193.7840833251414) (311.993326298238,191.3643337704397) (312.9933262982382,191.3643337704397) (312.9933262982382,188.9445842157379) (314.0865284658849,188.9445842157379) (314.0865284658849,186.5248346610361) (315.1797306335317,186.5248346610361) (315.1797306335317,184.1050851063343) (316.2729328011785,184.1050851063343) (316.2729328011785,181.6853355516326) (317.3661349688252,181.6853355516326) (317.3661349688252,179.2655859969308) (318.459337136472,179.2655859969308) (318.459337136472,176.8458364422291) (319.5525393041187,176.8458364422291) (319.5525393041187,174.4260868875273) (320.552539304119,174.4260868875273) (320.552539304119,172.0063373328256) (321.5584239257036,172.0063373328256) (321.5584239257036,171.8533380546641) (322.5643085472883,171.8533380546641) (322.5643085472883,171.7003387765016) (323.5701931688729,171.7003387765016) (323.5701931688729,171.5473394983395) (324.5701931688732,171.5473394983395) (324.5701931688732,171.3943402201775) (325.5760777904578,171.3943402201775) (325.5760777904578,171.241340942015) (326.576077790458,171.241340942015) (326.576077790458,171.0883416638525) (327.5760777904582,171.0883416638525) (327.5760777904582,170.93534238569) (328.5819624120428,170.93534238569) (328.5819624120428,170.782343107528) (329.581962412043,170.782343107528) (329.581962412043,170.629343829366) (330.5819624120433,170.629343829366) (330.5819624120433,170.476344551204) (331.587847033628,170.476344551204) (331.587847033628,170.3233452730415) (332.5878470336282,170.3233452730415) (332.5878470336282,170.170345994879) (333.5937316552128,170.170345994879) (333.5937316552128,170.017346716717) (334.5937316552129,170.017346716717) (334.5937316552129,169.864347438555) (335.5937316552131,169.864347438555) (335.5937316552131,169.711348160393) (336.5996162767978,169.711348160393) (336.5996162767978,169.5583488822305) (337.599616276798,169.5583488822305) (337.599616276798,169.405349604068) (338.6055008983827,169.405349604068) (338.6055008983827,169.252350325906) (339.6113855199674,169.252350325906) (339.6113855199674,169.0993510477435) (340.617270141552,169.0993510477435) (340.617270141552,168.9463517695814) (341.6172701415522,168.9463517695814) (341.6172701415522,168.7933524914194) (342.6231547631369,168.7933524914194) (342.6231547631369,168.6403532132569) (343.6231547631371,168.6403532132569) (343.6231547631371,168.4873539350944) (344.6231547631372,168.4873539350944) (344.6231547631372,168.3343546569319) (345.6231547631374,168.3343546569319) (345.6231547631374,168.1813553787694) (346.629039384722,168.1813553787694) (346.629039384722,168.0283561006074) (347.6349240063067,168.0283561006074) (347.6349240063067,167.8753568224449) (348.6349240063068,167.8753568224449) (348.6349240063068,167.7223575442824) (349.6408086278914,167.7223575442824) (349.6408086278914,167.5693582661204) (350.6466932494761,167.5693582661204) (350.6466932494761,167.4163589879579) (351.6466932494764,167.4163589879579) (351.6466932494764,167.2633597097954) (352.6525778710609,167.2633597097954) (352.6525778710609,167.1103604316334) (353.6584624926456,167.1103604316334) (353.6584624926456,166.9573611534709) (354.6643471142303,166.9573611534709) (354.6643471142303,166.8043618753089) (355.6643471142305,166.8043618753089) (355.6643471142305,166.6513625971469) (356.6702317358152,166.6513625971469) (356.6702317358152,166.4983633189844) (357.6761163573998,166.4983633189844) (357.6761163573998,166.3453640408224) (358.6761163574001,166.3453640408224) (358.6761163574001,166.1923647626604) (359.6820009789847,166.1923647626604) (359.6820009789847,166.0393654844979) (360.6878856005694,166.0393654844979) (360.6878856005694,165.8863662063359) (361.6937702221541,165.8863662063359) (361.6937702221541,165.7333669281734) (362.6996548437388,165.7333669281734) (362.6996548437388,165.5803676500104) (363.7055394653235,165.5803676500104) (363.7055394653235,165.4273683718479) (364.7114240869081,165.4273683718479) (364.7114240869081,165.2743690936863) (365.7173087084927,165.2743690936863) (365.7173087084927,165.1213698155238) (366.7231933300773,165.1213698155238) (366.7231933300773,164.9683705373618) (367.7231933300775,164.9683705373618) (367.7231933300775,164.8153712591998) (368.7231933300777,164.8153712591998) (368.7231933300777,164.6623719810378) (369.7231933300778,164.6623719810378) (369.7231933300778,164.5093727028758) (370.723193330078,164.5093727028758) (370.723193330078,164.3563734247138) (371.7231933300782,164.3563734247138) (371.7231933300782,164.2033741465518) (372.7231933300783,164.2033741465518) (372.7231933300783,164.0503748683898) (375.1593678588735,164.0503748683898) (375.1593678588735,189.8151310975613) (377.5955423876686,189.8151310975613) (377.5955423876686,215.5798873267328) (378.5955423876688,215.5798873267328) (378.5955423876688,241.3446435559043) (381.0317169164639,241.3446435559043) (381.0317169164639,267.1093997850758) (382.0317169164641,267.1093997850758) (382.0317169164641,292.8741560142473) (384.4678914452592,292.8741560142473) (384.4678914452592,318.6389122434188) (386.9040659740542,318.6389122434188) (386.9040659740542,344.4036684725903) (389.3402405028493,344.4036684725903) (389.3402405028493,370.1684247017618) (391.7764150316445,370.1684247017618) (391.7764150316445,395.9331809309333) (394.2125895604395,395.9331809309333) (394.2125895604395,421.6979371601049) (396.6487640892346,421.6979371601049) (396.6487640892346,447.4626933892764) (399.0849386180298,447.4626933892764) (399.0849386180298,473.227449618448) (401.5211131468249,473.227449618448) (401.5211131468249,498.9922058476195) (403.95728767562,498.9922058476195) (403.95728767562,524.7569620767911) (406.3934622044151,524.7569620767911) (406.3934622044151,550.5217183059626) (408.8296367332102,550.5217183059626) (408.8296367332102,576.2864745351342) (411.2658112620053,576.2864745351342) (411.2658112620053,602.0512307643057) (413.7019857908004,602.0512307643057) (413.7019857908004,627.8159869934773) (416.1381603195956,627.8159869934773) (416.1381603195956,653.5807432226488) (418.5743348483908,653.5807432226488) (418.5743348483908,679.3454994518204) (421.0105093771859,679.3454994518204) (421.0105093771859,705.1102556809919) (423.446683905981,705.1102556809919) (423.446683905981,730.8750119101635) (425.8828584347762,730.8750119101635) (425.8828584347762,735.2716860088356) (700,735.2716860088356)
batteryCharge[0]:
[0]: (0,100) (700,100)
user_guided_transport.end:
[0]: (0,0) (427.8828584347753,0) (427.8828584347753,1) (700,1)
[2K
Verifying formula 5 at /nta/queries/query[5]/formula
 -- Formula: simulate[<=700]{robot_inventory[0][0], user_guided_transport.end*2}
[2K -- Formula is satisfied.
robot_inventory[0][0]:
[0]: (0,0) (8.494276874822274,0) (8.494276874822274,1) (700,1)
user_guided_transport.end * 2:
[0]: (0,0) (425.0087823931527,0) (425.0087823931527,2) (700,2)
[2K
Verifying formula 6 at /nta/queries/query[6]/formula
 -- Formula: simulate[<=700]{bedroom[0], bedroom[1], kitchen[0], kitchen[1]}
[2K -- Formula is satisfied.
bedroom[0]:
[0]: (0,100) (700,100)
bedroom[1]:
[0]: (0,200) (700,200)
kitchen[0]:
[0]: (0,4400) (700,4400)
kitchen[1]:
[0]: (0,765) (700,765)
[2K
Verifying formula 7 at /nta/queries/query[7]/formula
 -- Formula: simulate[<=700]{rm_1.idle, rf_1.idle, rp_1.idle, rd_1.idle}
[2K -- Formula is satisfied.
rm_1.idle:
[0]: (0,0) (0,1) (0,0) (3,0) (3,1) (700,1)
rf_1.idle:
[0]: (0,0) (0,1) (192.1726192494617,1) (192.1726192494617,0) (422.6871247677727,0) (422.6871247677727,1) (700,1)
rp_1.idle:
[0]: (0,0) (0,1) (2,1) (2,0) (7.172619249454326,0) (7.172619249454326,1) (700,1)
rd_1.idle:
[0]: (0,0) (0,1) (700,1)
[2K
Verifying formula 8 at /nta/queries/query[8]/formula
 -- Formula: Pr[<=700](<>!rm_1.idle || !rf_1.idle || !rp_1.idle || !rd_1.idle)
[2K -- Formula is satisfied.
(72/72 runs) Pr(<> …) in [0.950056,1] (95% CI)
Values in [0,0] mean=0 steps=2.22045e-16: 72
[2K
Verifying formula 9 at /nta/queries/query[9]/formula
 -- Formula: Pr[<=700]([] (user_guided_transport.end imply (rm_1.idle && rf_1.idle && rp_1.idle && rd_1.idle)))
 -- Throughput: 271072 runs/sec, Load: 363 runs[K
 -- Throughput: 268743 runs/sec, Load: 337 runs[K
[2K -- Formula is satisfied.
(72/72 runs) Pr([] …) in [0.950056,1] (95% CI)
[2K
Verifying formula 10 at /nta/queries/query[10]/formula
 -- Formula: Pr[<=700] (<> pow(humanPositionX[0] - kitchen[0], 2) + pow(humanPositionY[0] - kitchen[1], 2) <= 900 )
[2K -- Formula is satisfied.
(88/89 runs) Pr(<> …) in [0.938982,0.999716] (95% CI)
Values in [192.064,197] mean=194.463 steps=0.493618: 10 6 9 8 14 10 6 8 12 4 1
[2K
Verifying formula 11 at /nta/queries/query[11]/formula
 -- Formula: Pr[<=700] (<> pow(humanPositionX[0] - bedroom[0], 2) + pow(humanPositionY[0] - bedroom[1], 2) <= 900 )
[2K -- Formula is satisfied.
(72/72 runs) Pr(<> …) in [0.950056,1] (95% CI)
Values in [1,1] mean=1 steps=2.22045e-16: 72
[2K
Verifying formula 12 at /nta/queries/query[12]/formula
 -- Formula: Pr[<=700] (<> pow(robPositionX[0] - bedroom[0], 2) + pow(robPositionY[0] - bedroom[1], 2) <= 900 )
[2K -- Formula is satisfied.
(72/72 runs) Pr(<> …) in [0.950056,1] (95% CI)
Values in [2,2] mean=2 steps=2.22045e-16: 72
[2K
Verifying formula 13 at /nta/queries/query[13]/formula
 -- Formula: Pr[<=700] (<> !isValidPosition(humanPositionX[0], humanPositionY[0]))
[2K -- Formula is satisfied.
(72/72 runs) Pr(<> …) in [0.950056,1] (95% CI)
Values in [0,0] mean=0 steps=2.22045e-16: 72
[2K
Verifying formula 14 at /nta/queries/query[14]/formula
 -- Formula: Pr[<=700] (<> !isValidPosition(robPositionX[0], robPositionY[0]))
[2K -- Formula is satisfied.
(72/72 runs) Pr(<> …) in [0.950056,1] (95% CI)
Values in [0,0] mean=0 steps=2.22045e-16: 72
[2K
Verifying formula 15 at /nta/queries/query[15]/formula
 -- Formula: Pr[<=700] (<> currP > 2)
 -- Throughput: 268486 runs/sec, Load: 364 runs[K
 -- Throughput: 271649 runs/sec, Load: 337 runs[K
[2K -- Formula is satisfied.
(0/72 runs) Pr(<> …) in [0,0.0499441] (95% CI)
