Options for the verification:
  Generating no trace
  Search order is breadth first
  Using conservative space optimisation
  Seed is 1783200926
  State space representation uses minimal constraint systems with future testing
  Using HashMap + Compress integers for discrete state storage
[2K
Verifying formula 1 at /nta/queries/query[1]/formula
 -- Formula: simulate[<=700]{Coffee_Delivery_robot1_def.s1_start, Coffee_Delivery_robot1_def.s1_end, Coffee_Delivery_robot1_def.s2_start, Coffee_Delivery_robot1_def.s2_end, Coffee_Delivery_robot1_def.s3_start, Coffee_Delivery_robot1_def.s3_end, Coffee_Delivery_robot1_def.s4_start, Coffee_Delivery_robot1_def.s4_end, Coffee_Delivery.end}
[2K -- Formula is satisfied.
Coffee_Delivery_robot1_def.s1_start:
[0]: (0,0) (0,1) (0,0) (700.000002,0)
Coffee_Delivery_robot1_def.s1_end:
[0]: (0,0) (67.5767397931244,0) (67.5767397931244,1) (67.5767397931244,0) (700.000002,0)
Coffee_Delivery_robot1_def.s2_start:
[0]: (0,0) (67.5767397931244,0) (67.5767397931244,1) (67.5767397931244,0) (700.000002,0)
Coffee_Delivery_robot1_def.s2_end:
[0]: (0,0) (76.30250531597578,0) (76.30250531597578,1) (76.30250531597578,0) (700.000002,0)
Coffee_Delivery_robot1_def.s3_start:
[0]: (0,0) (76.30250531597578,0) (76.30250531597578,1) (76.30250531597578,0) (700.000002,0)
Coffee_Delivery_robot1_def.s3_end:
[0]: (0,0) (144.9819603444978,0) (144.9819603444978,1) (144.9819603444978,0) (700.000002,0)
Coffee_Delivery_robot1_def.s4_start:
[0]: (0,0) (144.9819603444978,0) (144.9819603444978,1) (144.9819603444978,0) (700.000002,0)
Coffee_Delivery_robot1_def.s4_end:
[0]: (0,0) (149.9819603444978,0) (149.9819603444978,1) (149.9819603444978,0) (700.000002,0)
Coffee_Delivery.end:
[0]: (0,0) (151.9819603444977,0) (151.9819603444977,1) (700.000002,1)
[2K
Verifying formula 2 at /nta/queries/query[2]/formula
 -- Formula: Pr[<=700] (<> Coffee_Delivery.end)
[2K -- Formula is satisfied.
(72/72 runs) Pr(<> …) in [0.950056,1] (95% CI)
Values in [148.522,153.252] mean=150.772 steps=0.525579: 7 8 9 14 4 8 10 7 5
[2K
Verifying formula 3 at /nta/queries/query[3]/formula
 -- Formula: simulate[<=700]{humanPositionX[0], humanPositionY[0], robPositionX[0], robPositionY[0], batteryCharge[0], Coffee_Delivery.end}
[2K -- Formula is satisfied.
humanPositionX[0]:
[0]: (0,0) (0,92.5) (700.000002,92.5)
humanPositionY[0]:
[0]: (0,0) (0,163.5) (700.000002,163.5)
robPositionX[0]:
[0]: (0,0) (0,92.5) (2,92.5) (2,118.5) (3,118.5) (3,144.5) (4,144.5) (4,170.5) (5,170.5) (5,196.5) (6,196.5) (6,222.5) (7,222.5) (7,248.5) (8,248.5) (8,274.5) (9,274.5) (9,300.5) (10,300.5) (10,326.5) (11,326.5) (11,352.5) (12,352.5) (12,378.5) (13,378.5) (13,404.5) (14,404.5) (14,430.5) (15,430.5) (15,456.5) (16,456.5) (16,482.5) (17,482.5) (17,508.5) (18,508.5) (18,534.5) (19,534.5) (19,560.5) (20,560.5) (20,586.5) (21,586.5) (21,612.5) (22,612.5) (22,638.5) (23,638.5) (23,664.5) (24,664.5) (24,690.5) (25,690.5) (25,716.5) (26,716.5) (26,742.5) (27,742.5) (27,768.5) (28,768.5) (28,794.5) (29,794.5) (29,820.5) (30,820.5) (30,846.5) (31,846.5) (31,872.5) (32,872.5) (32,898.5) (33,898.5) (33,924.5) (34,924.5) (34,950.5) (35,950.5) (35,976.5) (36,976.5) (36,1002.5) (37,1002.5) (37,1028.5) (38,1028.5) (38,1054.5) (39,1054.5) (39,1080.5) (40,1080.5) (40,1106.5) (41,1106.5) (41,1132.5) (42,1132.5) (42,1158.5) (43,1158.5) (43,1184.5) (44,1184.5) (44,1210.5) (45,1210.5) (45,1236.5) (46,1236.5) (46,1262.5) (47,1262.5) (47,1288.5) (48,1288.5) (48,1314.5) (49,1314.5) (49,1340.5) (50,1340.5) (50,1366.5) (51,1366.5) (51,1392.5) (52,1392.5) (52,1418.5) (53,1418.5) (53,1444.5) (54,1444.5) (54,1452) (56.57673979312436,1452) (56.57673979312436,1451.845470785223) (57.57673979312436,1451.845470785223) (57.57673979312436,1451.690941570446) (58.57673979312436,1451.690941570446) (58.57673979312436,1451.536412355669) (59.57673979312436,1451.536412355669) (59.57673979312436,1451.381883140892) (60.57673979312436,1451.381883140892) (60.57673979312436,1451.227353926115) (61.57673979312436,1451.227353926115) (61.57673979312436,1451.072824711337) (62.57673979312436,1451.072824711337) (62.57673979312436,1450.91829549656) (63.57673979312436,1450.91829549656) (63.57673979312436,1450.763766281783) (64.5767397931244,1450.763766281783) (64.5767397931244,1450.609237067006) (65.5767397931244,1450.609237067006) (65.5767397931244,1450.454707852229) (66.5767397931244,1450.454707852229) (66.5767397931244,1450.300178637452) (67.5767397931244,1450.300178637452) (67.5767397931244,1450.145649422675) (77.59735755691055,1450.145649422675) (77.59735755691055,1450.300178637452) (80.16221041737597,1450.300178637452) (80.16221041737597,1450.454707852229) (81.16221041737597,1450.454707852229) (81.16221041737597,1450.609237067006) (82.16221041737597,1450.609237067006) (82.16221041737597,1450.763766281783) (83.16221041737597,1450.763766281783) (83.16221041737597,1450.91829549656) (84.16221041737597,1450.91829549656) (84.16221041737597,1451.072824711337) (85.16221041737597,1451.072824711337) (85.16221041737597,1451.227353926115) (86.16221041737597,1451.227353926115) (86.16221041737597,1451.381883140892) (87.16221041737597,1451.381883140892) (87.16221041737597,1451.536412355669) (88.16221041737597,1451.536412355669) (88.16221041737597,1451.690941570446) (89.16221041737597,1451.690941570446) (89.16221041737597,1451.845470785223) (90.16221041737597,1451.845470785223) (90.16221041737597,1452) (94.27681258543258,1452) (94.27681258543258,1426.009469747118) (95.27681258543258,1426.009469747118) (95.27681258543258,1400.018939494237) (96.27681258543258,1400.018939494237) (96.27681258543258,1374.028409241355) (97.27681258543258,1374.028409241355) (97.27681258543258,1348.037878988473) (98.27681258543258,1348.037878988473) (98.27681258543258,1322.047348735592) (99.27681258543258,1322.047348735592) (99.27681258543258,1296.05681848271) (100.2768125854326,1296.05681848271) (100.2768125854326,1270.066288229829) (101.2768125854326,1270.066288229829) (101.2768125854326,1244.075757976947) (102.2768125854326,1244.075757976947) (102.2768125854326,1218.085227724065) (103.2768125854326,1218.085227724065) (103.2768125854326,1192.094697471184) (104.2768125854326,1192.094697471184) (104.2768125854326,1166.104167218302) (105.2768125854326,1166.104167218302) (105.2768125854326,1140.11363696542) (106.2768125854326,1140.11363696542) (106.2768125854326,1114.123106712539) (107.2768125854326,1114.123106712539) (107.2768125854326,1088.132576459657) (108.2768125854326,1088.132576459657) (108.2768125854326,1062.142046206776) (109.2768125854326,1062.142046206776) (109.2768125854326,1036.151515953894) (110.2768125854326,1036.151515953894) (110.2768125854326,1010.160985701012) (111.2768125854326,1010.160985701012) (111.2768125854326,984.1704554481307) (112.2768125854326,984.1704554481307) (112.2768125854326,958.1799251952491) (113.2768125854326,958.1799251952491) (113.2768125854326,932.1893949423675) (114.2768125854326,932.1893949423675) (114.2768125854326,906.1988646894858) (115.2768125854326,906.1988646894858) (115.2768125854326,880.2083344366042) (116.2768125854326,880.2083344366042) (116.2768125854326,854.2178041837226) (117.2768125854326,854.2178041837226) (117.2768125854326,828.227273930841) (118.2768125854326,828.227273930841) (118.2768125854326,802.2367436779593) (119.2768125854326,802.2367436779593) (119.2768125854326,776.2462134250777) (120.2768125854326,776.2462134250777) (120.2768125854326,750.2556831721961) (121.2768125854326,750.2556831721961) (121.2768125854326,724.2651529193145) (122.2768125854326,724.2651529193145) (122.2768125854326,698.2746226664328) (123.2768125854326,698.2746226664328) (123.2768125854326,672.2840924135512) (124.2768125854326,672.2840924135512) (124.2768125854326,646.2935621606696) (125.2768125854326,646.2935621606696) (125.2768125854326,620.303031907788) (126.2768125854326,620.303031907788) (126.2768125854326,594.3125016549063) (127.2768125854326,594.3125016549063) (127.2768125854326,568.3219714020247) (128.2768125854326,568.3219714020247) (128.2768125854326,542.3314411491431) (129.2768125854326,542.3314411491431) (129.2768125854326,516.3409108962614) (130.2768125854326,516.3409108962614) (130.2768125854326,490.3503806433799) (131.2768125854326,490.3503806433799) (131.2768125854326,464.3598503904983) (132.2768125854326,464.3598503904983) (132.2768125854326,438.3693201376167) (133.2768125854326,438.3693201376167) (133.2768125854326,412.3787898847352) (134.2768125854326,412.3787898847352) (134.2768125854326,386.3882596318536) (135.2768125854326,386.3882596318536) (135.2768125854326,360.397729378972) (136.2768125854326,360.397729378972) (136.2768125854326,334.4071991260905) (137.2768125854326,334.4071991260905) (137.2768125854326,308.4166688732089) (138.2768125854326,308.4166688732089) (138.2768125854326,282.4261386203273) (139.2768125854326,282.4261386203273) (139.2768125854326,256.4356083674458) (140.2768125854326,256.4356083674458) (140.2768125854326,230.4450781145642) (141.2768125854326,230.4450781145642) (141.2768125854326,204.4545478616826) (142.2768125854326,204.4545478616826) (142.2768125854326,178.464017608801) (143.2768125854326,178.464017608801) (143.2768125854326,152.4734873559195) (144.2768125854326,152.4734873559195) (144.2768125854326,126.4829571030379) (700.000002,126.4829571030379)
robPositionY[0]:
[0]: (0,0) (0,163.5) (56.57673979312436,163.5) (56.57673979312436,189.4995407790557) (57.57673979312436,189.4995407790557) (57.57673979312436,215.4990815581114) (58.57673979312436,215.4990815581114) (58.57673979312436,241.4986223371671) (59.57673979312436,241.4986223371671) (59.57673979312436,267.4981631162228) (60.57673979312436,267.4981631162228) (60.57673979312436,293.4977038952785) (61.57673979312436,293.4977038952785) (61.57673979312436,319.4972446743342) (62.57673979312436,319.4972446743342) (62.57673979312436,345.4967854533899) (63.57673979312436,345.4967854533899) (63.57673979312436,371.4963262324455) (64.5767397931244,371.4963262324455) (64.5767397931244,397.4958670115012) (65.5767397931244,397.4958670115012) (65.5767397931244,423.4954077905569) (66.5767397931244,423.4954077905569) (66.5767397931244,449.4949485696126) (67.5767397931244,449.4949485696126) (67.5767397931244,475.4944893486683) (77.59735755691055,475.4944893486683) (77.59735755691055,449.4949485696126) (80.16221041737597,449.4949485696126) (80.16221041737597,423.4954077905569) (81.16221041737597,423.4954077905569) (81.16221041737597,397.4958670115012) (82.16221041737597,397.4958670115012) (82.16221041737597,371.4963262324455) (83.16221041737597,371.4963262324455) (83.16221041737597,345.4967854533899) (84.16221041737597,345.4967854533899) (84.16221041737597,319.4972446743342) (85.16221041737597,319.4972446743342) (85.16221041737597,293.4977038952785) (86.16221041737597,293.4977038952785) (86.16221041737597,267.4981631162228) (87.16221041737597,267.4981631162228) (87.16221041737597,241.4986223371671) (88.16221041737597,241.4986223371671) (88.16221041737597,215.4990815581114) (89.16221041737597,215.4990815581114) (89.16221041737597,189.4995407790557) (90.16221041737597,189.4995407790557) (90.16221041737597,163.5) (94.27681258543258,163.5) (94.27681258543258,164.2016674241034) (95.27681258543258,164.2016674241034) (95.27681258543258,164.9033348482068) (96.27681258543258,164.9033348482068) (96.27681258543258,165.6050022723103) (97.27681258543258,165.6050022723103) (97.27681258543258,166.3066696964137) (98.27681258543258,166.3066696964137) (98.27681258543258,167.0083371205171) (99.27681258543258,167.0083371205171) (99.27681258543258,167.7100045446205) (100.2768125854326,167.7100045446205) (100.2768125854326,168.4116719687239) (101.2768125854326,168.4116719687239) (101.2768125854326,169.1133393928274) (102.2768125854326,169.1133393928274) (102.2768125854326,169.8150068169308) (103.2768125854326,169.8150068169308) (103.2768125854326,170.5166742410342) (104.2768125854326,170.5166742410342) (104.2768125854326,171.2183416651376) (105.2768125854326,171.2183416651376) (105.2768125854326,171.920009089241) (106.2768125854326,171.920009089241) (106.2768125854326,172.6216765133445) (107.2768125854326,172.6216765133445) (107.2768125854326,173.3233439374479) (108.2768125854326,173.3233439374479) (108.2768125854326,174.0250113615513) (109.2768125854326,174.0250113615513) (109.2768125854326,174.7266787856547) (110.2768125854326,174.7266787856547) (110.2768125854326,175.4283462097581) (111.2768125854326,175.4283462097581) (111.2768125854326,176.1300136338616) (112.2768125854326,176.1300136338616) (112.2768125854326,176.831681057965) (113.2768125854326,176.831681057965) (113.2768125854326,177.5333484820684) (114.2768125854326,177.5333484820684) (114.2768125854326,178.2350159061718) (115.2768125854326,178.2350159061718) (115.2768125854326,178.9366833302752) (116.2768125854326,178.9366833302752) (116.2768125854326,179.6383507543786) (117.2768125854326,179.6383507543786) (117.2768125854326,180.3400181784821) (118.2768125854326,180.3400181784821) (118.2768125854326,181.0416856025855) (119.2768125854326,181.0416856025855) (119.2768125854326,181.7433530266889) (120.2768125854326,181.7433530266889) (120.2768125854326,182.4450204507923) (121.2768125854326,182.4450204507923) (121.2768125854326,183.1466878748957) (122.2768125854326,183.1466878748957) (122.2768125854326,183.8483552989992) (123.2768125854326,183.8483552989992) (123.2768125854326,184.5500227231026) (124.2768125854326,184.5500227231026) (124.2768125854326,185.251690147206) (125.2768125854326,185.251690147206) (125.2768125854326,185.9533575713094) (126.2768125854326,185.9533575713094) (126.2768125854326,186.6550249954128) (127.2768125854326,186.6550249954128) (127.2768125854326,187.3566924195163) (128.2768125854326,187.3566924195163) (128.2768125854326,188.0583598436197) (129.2768125854326,188.0583598436197) (129.2768125854326,188.7600272677231) (130.2768125854326,188.7600272677231) (130.2768125854326,189.4616946918265) (131.2768125854326,189.4616946918265) (131.2768125854326,190.1633621159299) (132.2768125854326,190.1633621159299) (132.2768125854326,190.8650295400334) (133.2768125854326,190.8650295400334) (133.2768125854326,191.5666969641368) (134.2768125854326,191.5666969641368) (134.2768125854326,192.2683643882402) (135.2768125854326,192.2683643882402) (135.2768125854326,192.9700318123436) (136.2768125854326,192.9700318123436) (136.2768125854326,193.671699236447) (137.2768125854326,193.671699236447) (137.2768125854326,194.3733666605505) (138.2768125854326,194.3733666605505) (138.2768125854326,195.0750340846539) (139.2768125854326,195.0750340846539) (139.2768125854326,195.7767015087573) (140.2768125854326,195.7767015087573) (140.2768125854326,196.4783689328607) (141.2768125854326,196.4783689328607) (141.2768125854326,197.1800363569641) (142.2768125854326,197.1800363569641) (142.2768125854326,197.8817037810676) (143.2768125854326,197.8817037810676) (143.2768125854326,198.583371205171) (144.2768125854326,198.583371205171) (144.2768125854326,199.2850386292744) (700.000002,199.2850386292744)
batteryCharge[0]:
[0]: (0,100) (700.000002,100)
Coffee_Delivery.end:
[0]: (0,0) (151.2768125854326,0) (151.2768125854326,1) (700.000002,1)
[2K
Verifying formula 4 at /nta/queries/query[4]/formula
 -- Formula: simulate[<=700]{robot_inventory[0][0], Coffee_Delivery.end*2}
[2K -- Formula is satisfied.
robot_inventory[0][0]:
[0]: (0,0) (74.69773796033394,0) (74.69773796033394,1) (148.377192988856,1) (148.377192988856,0) (700.000002,0)
Coffee_Delivery.end * 2:
[0]: (0,0) (150.3771929888559,0) (150.3771929888559,2) (700.000002,2)
[2K
Verifying formula 5 at /nta/queries/query[5]/formula
 -- Formula: simulate[<=700]{coffee_room[0], coffee_room[1], office001[0], office001[1]}
[2K -- Formula is satisfied.
coffee_room[0]:
[0]: (0,1450) (700.000002,1450)
coffee_room[1]:
[0]: (0,500) (700.000002,500)
office001[0]:
[0]: (0,100) (700.000002,100)
office001[1]:
[0]: (0,200) (700.000002,200)
[2K
Verifying formula 6 at /nta/queries/query[6]/formula
 -- Formula: simulate[<=700]{rm_1.idle, rf_1.idle, rp_1.idle, rd_1.idle}
[2K -- Formula is satisfied.
rm_1.idle:
[0]: (0,0) (0,1) (0,0) (68.57673979312466,0) (68.57673979312466,1) (75.81087382885141,1) (75.81087382885141,0) (145.490328857373,0) (145.490328857373,1) (700.000002,1)
rf_1.idle:
[0]: (0,0) (0,1) (700.000002,1)
rp_1.idle:
[0]: (0,0) (0,1) (67.5767397931244,1) (67.5767397931244,0) (75.81087382885141,0) (75.81087382885141,1) (700.000002,1)
rd_1.idle:
[0]: (0,0) (0,1) (144.4903288573734,1) (144.4903288573734,0) (149.4903288573735,0) (149.4903288573735,1) (700.000002,1)
[2K
Verifying formula 7 at /nta/queries/query[7]/formula
 -- Formula: Pr[<=700](<>!rm_1.idle || !rf_1.idle || !rp_1.idle || !rd_1.idle)
[2K -- Formula is satisfied.
(72/72 runs) Pr(<> …) in [0.950056,1] (95% CI)
Values in [0,0] mean=0 steps=2.22045e-16: 72
[2K
Verifying formula 8 at /nta/queries/query[8]/formula
 -- Formula: Pr[<=700]([] (Coffee_Delivery.end imply (rm_1.idle && rf_1.idle && rp_1.idle && rd_1.idle)))
[2K -- Formula is satisfied.
(72/72 runs) Pr([] …) in [0.950056,1] (95% CI)
[2K
Verifying formula 9 at /nta/queries/query[9]/formula
 -- Formula: Pr[<=700] (<> pow(robPositionX[0] - coffee_room[0], 2) + pow(robPositionY[0] - coffee_room[1], 2) <= 900 )
[2K -- Formula is satisfied.
(72/72 runs) Pr(<> …) in [0.950056,1] (95% CI)
Values in [67.5767,67.5767] mean=67.5767 steps=4.73695e-15: 1 0 0 0 0 0 0 0 71
[2K
Verifying formula 10 at /nta/queries/query[10]/formula
 -- Formula: Pr[<=700] (<> pow(robPositionX[0] - office001[0], 2) + pow(robPositionY[0] - office001[1], 2) <= 900 )
[2K -- Formula is satisfied.
(72/72 runs) Pr(<> …) in [0.950056,1] (95% CI)
Values in [141.365,146.226] mean=143.865 steps=0.540127: 8 8 7 3 12 8 10 9 7
[2K
Verifying formula 11 at /nta/queries/query[11]/formula
 -- Formula: Pr[<=700] (<> !isValidPosition(humanPositionX[0], humanPositionY[0]))
[2K -- Formula is satisfied.
(72/72 runs) Pr(<> …) in [0.950056,1] (95% CI)
Values in [0,0] mean=0 steps=2.22045e-16: 72
[2K
Verifying formula 12 at /nta/queries/query[12]/formula
 -- Formula: Pr[<=700] (<> !isValidPosition(robPositionX[0], robPositionY[0]))
[2K -- Formula is satisfied.
(72/72 runs) Pr(<> …) in [0.950056,1] (95% CI)
Values in [0,0] mean=0 steps=2.22045e-16: 72
[2K
Verifying formula 13 at /nta/queries/query[13]/formula
 -- Formula: Pr[<=700] (<> currP > 2)
[2K -- Formula is satisfied.
(0/72 runs) Pr(<> …) in [0,0.0499441] (95% CI)
