Options for the verification:
  Generating no trace
  Search order is breadth first
  Using conservative space optimisation
  Seed is 1783329457
  State space representation uses minimal constraint systems with future testing
  Using HashMap + Compress integers for discrete state storage
[2K
Verifying formula 1 at /nta/queries/query[1]/formula
 -- Formula: simulate[<=700]{user_guided_transport_human1_def.s1_start, user_guided_transport_human1_def.s1_end, user_guided_transport_human1_def.s2_start, user_guided_transport_human1_def.s2_idle, user_guided_transport_human1_def.s3_start, user_guided_transport_human1_def.s3_end, user_guided_transport.end}
[2K -- Formula is satisfied.
user_guided_transport_human1_def.s1_start:
[0]: (0,0) (0,1) (0,0) (700,0)
user_guided_transport_human1_def.s1_end:
[0]: (0,0) (1,0) (1,1) (2,1) (2,0) (700,0)
user_guided_transport_human1_def.s2_start:
[0]: (0,0) (2,0) (2,1) (2,0) (700,0)
user_guided_transport_human1_def.s2_idle:
[0]: (0,0) (2,0) (2,1) (9.693199498558677,1) (9.693199498558677,0) (700,0)
user_guided_transport_human1_def.s3_start:
[0]: (0,0) (9.693199498558677,0) (9.693199498558677,1) (9.693199498558677,0) (14.69319949855865,0) (14.69319949855865,1) (14.69319949855865,0) (19.69319949855866,0) (19.69319949855866,1) (19.69319949855866,0) (24.69319949855873,0) (24.69319949855873,1) (24.69319949855873,0) (29.6931994985588,0) (29.6931994985588,1) (29.6931994985588,0) (34.69319949855886,0) (34.69319949855886,1) (34.69319949855886,0) (39.69319949855893,0) (39.69319949855893,1) (39.69319949855893,0) (44.69319949855899,0) (44.69319949855899,1) (44.69319949855899,0) (49.69319949855885,0) (49.69319949855885,1) (49.69319949855885,0) (54.69319949855871,0) (54.69319949855871,1) (54.69319949855871,0) (59.69319949855853,0) (59.69319949855853,1) (59.69319949855853,0) (64.69319949855841,0) (64.69319949855841,1) (64.69319949855841,0) (69.69319949855858,0) (69.69319949855858,1) (69.69319949855858,0) (74.69319949855877,0) (74.69319949855877,1) (74.69319949855877,0) (79.6931994985585,0) (79.6931994985585,1) (79.6931994985585,0) (84.69319949855817,0) (84.69319949855817,1) (84.69319949855817,0) (89.69319949855786,0) (89.69319949855786,1) (89.69319949855786,0) (94.69319949855756,0) (94.69319949855756,1) (94.69319949855756,0) (99.69319949855726,0) (99.69319949855726,1) (99.69319949855726,0) (104.693199498557,0) (104.693199498557,1) (104.693199498557,0) (109.6931994985566,0) (109.6931994985566,1) (109.6931994985566,0) (114.6931994985563,0) (114.6931994985563,1) (114.6931994985563,0) (119.693199498556,0) (119.693199498556,1) (119.693199498556,0) (124.6931994985557,0) (124.6931994985557,1) (124.6931994985557,0) (129.6931994985556,0) (129.6931994985556,1) (129.6931994985556,0) (134.6931994985559,0) (134.6931994985559,1) (134.6931994985559,0) (139.6931994985562,0) (139.6931994985562,1) (139.6931994985562,0) (144.6931994985566,0) (144.6931994985566,1) (144.6931994985566,0) (149.693199498557,0) (149.693199498557,1) (149.693199498557,0) (154.6931994985574,0) (154.6931994985574,1) (154.6931994985574,0) (159.6931994985577,0) (159.6931994985577,1) (159.6931994985577,0) (164.693199498558,0) (164.693199498558,1) (164.693199498558,0) (169.6931994985583,0) (169.6931994985583,1) (169.6931994985583,0) (174.6931994985586,0) (174.6931994985586,1) (174.6931994985586,0) (179.693199498559,0) (179.693199498559,1) (179.693199498559,0) (184.6931994985593,0) (184.6931994985593,1) (184.6931994985593,0) (189.6931994985597,0) (189.6931994985597,1) (189.6931994985597,0) (194.69319949856,0) (194.69319949856,1) (194.69319949856,0) (700,0)
user_guided_transport_human1_def.s3_end:
[0]: (0,0) (194.69319949856,0) (194.69319949856,1) (230.9208696397817,1) (230.9208696397817,0) (700,0)
user_guided_transport.end:
[0]: (0,0) (232.9208696397808,0) (232.9208696397808,1) (700,1)
[2K
Verifying formula 2 at /nta/queries/query[2]/formula
 -- Formula: simulate[<=700]{user_guided_transport_robot1_def.s1_start, user_guided_transport_robot1_def.s1_end, user_guided_transport_robot1_def.s2_start, user_guided_transport_robot1_def.s2_end, user_guided_transport_robot1_def.s3_start, user_guided_transport_robot1_def.s3_end, user_guided_transport.end}
[2K -- Formula is satisfied.
user_guided_transport_robot1_def.s1_start:
[0]: (0,0) (0,1) (0,0) (700,0)
user_guided_transport_robot1_def.s1_end:
[0]: (0,0) (2,0) (2,1) (2,0) (700,0)
user_guided_transport_robot1_def.s2_start:
[0]: (0,0) (2,0) (2,1) (2,0) (700,0)
user_guided_transport_robot1_def.s2_end:
[0]: (0,0) (11.26315307780491,0) (11.26315307780491,1) (11.26315307780491,0) (700,0)
user_guided_transport_robot1_def.s3_start:
[0]: (0,0) (11.26315307780491,0) (11.26315307780491,1) (11.26315307780491,0) (700,0)
user_guided_transport_robot1_def.s3_end:
[0]: (0,0) (232.4720197565437,0) (232.4720197565437,1) (232.4720197565437,0) (700,0)
user_guided_transport.end:
[0]: (0,0) (234.4720197565428,0) (234.4720197565428,1) (700,1)
[2K
Verifying formula 3 at /nta/queries/query[3]/formula
 -- Formula: Pr[<=700] (<> user_guided_transport.end)
[2K -- Formula is satisfied.
(72/72 runs) Pr(<> …) in [0.950056,1] (95% CI)
Values in [230.27,235.1] mean=232.448 steps=0.536679: 9 12 10 9 6 4 6 8 8
[2K
Verifying formula 4 at /nta/queries/query[4]/formula
 -- Formula: simulate[<=700]{humanPositionX[0], humanPositionY[0], robPositionX[0], robPositionY[0], batteryCharge[0], user_guided_transport.end}
[2K -- Formula is satisfied.
humanPositionX[0]:
[0]: (0,0) (0,92.5) (1,92.5) (1,97.73313175708738) (9.722416670760678,97.73313175708738) (9.722416670760678,123.7285354798977) (10.72241667076068,123.7285354798977) (10.72241667076068,149.723939202708) (11.72241667076067,149.723939202708) (11.72241667076067,175.7193429255182) (12.72241667076068,175.7193429255182) (12.72241667076068,201.7147466483285) (13.72241667076068,201.7147466483285) (13.72241667076068,227.7101503711388) (14.72241667076068,227.7101503711388) (14.72241667076068,253.7055540939491) (15.72241667076067,253.7055540939491) (15.72241667076067,279.7009578167594) (16.72241667076067,279.7009578167594) (16.72241667076067,305.6963615395697) (17.72241667076067,305.6963615395697) (17.72241667076067,331.69176526238) (18.72241667076066,331.69176526238) (18.72241667076066,357.6871689851903) (19.72241667076065,357.6871689851903) (19.72241667076065,383.6825727080006) (20.72241667076065,383.6825727080006) (20.72241667076065,409.6779764308109) (21.72241667076064,409.6779764308109) (21.72241667076064,435.6733801536212) (22.72241667076063,435.6733801536212) (22.72241667076063,461.6687838764315) (23.72241667076062,461.6687838764315) (23.72241667076062,487.6641875992418) (24.72241667076062,487.6641875992418) (24.72241667076062,513.6595913220521) (25.72241667076061,513.6595913220521) (25.72241667076061,539.6549950448623) (26.7224166707606,539.6549950448623) (26.7224166707606,565.6503987676725) (27.72241667076059,565.6503987676725) (27.72241667076059,591.6458024904828) (28.72241667076059,591.6458024904828) (28.72241667076059,617.641206213293) (29.72241667076058,617.641206213293) (29.72241667076058,643.6366099361032) (30.72241667076057,643.6366099361032) (30.72241667076057,669.6320136589135) (31.72241667076056,669.6320136589135) (31.72241667076056,695.6274173817237) (32.72241667076055,695.6274173817237) (32.72241667076055,721.622821104534) (33.72241667076054,721.622821104534) (33.72241667076054,747.6182248273442) (34.72241667076054,747.6182248273442) (34.72241667076054,773.6136285501544) (35.72241667076053,773.6136285501544) (35.72241667076053,799.6090322729647) (36.72241667076052,799.6090322729647) (36.72241667076052,825.6044359957749) (37.72241667076052,825.6044359957749) (37.72241667076052,851.5998397185851) (38.72241667076051,851.5998397185851) (38.72241667076051,877.5952434413954) (39.7224166707605,877.5952434413954) (39.7224166707605,903.5906471642056) (40.7224166707605,903.5906471642056) (40.7224166707605,929.5860508870159) (41.72241667076049,929.5860508870159) (41.72241667076049,955.5814546098261) (42.72241667076048,955.5814546098261) (42.72241667076048,981.5768583326363) (43.72241667076047,981.5768583326363) (43.72241667076047,1007.572262055447) (44.72241667076047,1007.572262055447) (44.72241667076047,1033.567665778257) (45.72241667076046,1033.567665778257) (45.72241667076046,1059.563069501067) (46.72241667076049,1059.563069501067) (46.72241667076049,1085.558473223878) (47.72241667076052,1085.558473223878) (47.72241667076052,1111.553876946688) (48.72241667076053,1111.553876946688) (48.72241667076053,1137.549280669498) (49.72241667076054,1137.549280669498) (49.72241667076054,1163.544684392309) (50.72241667076054,1163.544684392309) (50.72241667076054,1189.540088115119) (51.72241667076055,1189.540088115119) (51.72241667076055,1215.535491837929) (52.72241667076056,1215.535491837929) (52.72241667076056,1241.53089556074) (53.72241667076057,1241.53089556074) (53.72241667076057,1267.52629928355) (54.72241667076057,1267.52629928355) (54.72241667076057,1293.52170300636) (55.72241667076058,1293.52170300636) (55.72241667076058,1319.517106729171) (56.72241667076059,1319.517106729171) (56.72241667076059,1345.512510451981) (57.72241667076059,1345.512510451981) (57.72241667076059,1371.507914174791) (58.7224166707606,1371.507914174791) (58.7224166707606,1397.503317897602) (59.72241667076061,1397.503317897602) (59.72241667076061,1423.498721620412) (60.72241667076062,1423.498721620412) (60.72241667076062,1478) (61.72241667076063,1478) (61.72241667076063,1504) (62.72241667076064,1504) (62.72241667076064,1530) (63.72241667076064,1530) (63.72241667076064,1556) (64.72241667076061,1556) (64.72241667076061,1582) (65.72241667076054,1582) (65.72241667076054,1608) (66.7224166707605,1608) (66.7224166707605,1634) (67.72241667076045,1634) (67.72241667076045,1660) (68.72241667076038,1660) (68.72241667076038,1686) (69.72241667076032,1686) (69.72241667076032,1712) (70.72241667076027,1712) (70.72241667076027,1738) (71.72241667076021,1738) (71.72241667076021,1764) (72.72241667076015,1764) (72.72241667076015,1790) (73.7224166707601,1790) (73.7224166707601,1816) (74.72241667076004,1816) (74.72241667076004,1842) (75.72241667075998,1842) (75.72241667075998,1868) (76.72241667075993,1868) (76.72241667075993,1894) (77.72241667075988,1894) (77.72241667075988,1920) (78.72241667075983,1920) (78.72241667075983,1946) (79.72241667075976,1946) (79.72241667075976,1972) (80.72241667075971,1972) (80.72241667075971,1998) (81.72241667075966,1998) (81.72241667075966,2024) (82.72241667075959,2024) (82.72241667075959,2050) (83.72241667075953,2050) (83.72241667075953,2076) (84.72241667075947,2076) (84.72241667075947,2102) (85.72241667075942,2102) (85.72241667075942,2128) (86.72241667075936,2128) (86.72241667075936,2154) (87.7224166707593,2154) (87.7224166707593,2180) (88.72241667075924,2180) (88.72241667075924,2206) (89.7224166707592,2206) (89.7224166707592,2232) (90.72241667075913,2232) (90.72241667075913,2258) (91.72241667075907,2258) (91.72241667075907,2284) (92.72241667075902,2284) (92.72241667075902,2310) (93.72241667075896,2310) (93.72241667075896,2336) (94.7224166707589,2336) (94.7224166707589,2362) (95.72241667075883,2362) (95.72241667075883,2388) (96.72241667075878,2388) (96.72241667075878,2414) (97.72241667075872,2414) (97.72241667075872,2440) (98.72241667075866,2440) (98.72241667075866,2466) (99.72241667075861,2466) (99.72241667075861,2492) (100.7224166707585,2492) (100.7224166707585,2518) (101.7224166707585,2518) (101.7224166707585,2544) (102.7224166707584,2544) (102.7224166707584,2570) (103.7224166707584,2570) (103.7224166707584,2596) (104.7224166707583,2596) (104.7224166707583,2622) (105.7224166707583,2622) (105.7224166707583,2648) (106.7224166707582,2648) (106.7224166707582,2674) (107.7224166707582,2674) (107.7224166707582,2700) (108.7224166707581,2700) (108.7224166707581,2726) (109.722416670758,2726) (109.722416670758,2752) (110.722416670758,2752) (110.722416670758,2778) (111.7224166707579,2778) (111.7224166707579,2804) (112.7224166707579,2804) (112.7224166707579,2830) (113.7224166707578,2830) (113.7224166707578,2856) (114.7224166707578,2856) (114.7224166707578,2882) (115.7224166707577,2882) (115.7224166707577,2908) (116.7224166707576,2908) (116.7224166707576,2934) (117.7224166707576,2934) (117.7224166707576,2960) (118.7224166707575,2960) (118.7224166707575,2986) (119.7224166707575,2986) (119.7224166707575,3012) (120.7224166707574,3012) (120.7224166707574,3038) (121.7224166707574,3038) (121.7224166707574,3088.5) (122.7224166707573,3088.5) (122.7224166707573,3114.5) (123.7224166707572,3114.5) (123.7224166707572,3140.5) (124.7224166707572,3140.5) (124.7224166707572,3166.5) (125.7224166707571,3166.5) (125.7224166707571,3192.5) (126.7224166707571,3192.5) (126.7224166707571,3218.5) (127.722416670757,3218.5) (127.722416670757,3244.5) (128.7224166707571,3244.5) (128.7224166707571,3270.5) (129.7224166707572,3270.5) (129.7224166707572,3296.5) (130.7224166707572,3296.5) (130.7224166707572,3322.5) (131.7224166707573,3322.5) (131.7224166707573,3348.5) (132.7224166707574,3348.5) (132.7224166707574,3374.5) (133.7224166707575,3374.5) (133.7224166707575,3400.5) (134.7224166707576,3400.5) (134.7224166707576,3426.5) (135.7224166707577,3426.5) (135.7224166707577,3452.5) (136.7224166707578,3452.5) (136.7224166707578,3478.5) (137.7224166707578,3478.5) (137.7224166707578,3504.5) (138.7224166707579,3504.5) (138.7224166707579,3530.5) (139.722416670758,3530.5) (139.722416670758,3556.5) (140.7224166707581,3556.5) (140.7224166707581,3582.5) (141.7224166707582,3582.5) (141.7224166707582,3608.5) (142.7224166707583,3608.5) (142.7224166707583,3634.5) (143.7224166707583,3634.5) (143.7224166707583,3660.5) (144.7224166707584,3660.5) (144.7224166707584,3686.5) (145.7224166707585,3686.5) (145.7224166707585,3712.5) (146.7224166707586,3712.5) (146.7224166707586,3738.5) (147.7224166707587,3738.5) (147.7224166707587,3764.5) (148.7224166707588,3764.5) (148.7224166707588,3790.5) (149.7224166707589,3790.5) (149.7224166707589,3816.5) (150.7224166707589,3816.5) (150.7224166707589,3842.5) (151.722416670759,3842.5) (151.722416670759,3868.5) (152.7224166707591,3868.5) (152.7224166707591,3894.5) (153.7224166707592,3894.5) (153.7224166707592,3920.5) (154.7224166707593,3920.5) (154.7224166707593,3946.5) (155.7224166707594,3946.5) (155.7224166707594,3972.5) (156.7224166707595,3972.5) (156.7224166707595,3998.5) (157.7224166707595,3998.5) (157.7224166707595,4024.5) (158.7224166707596,4024.5) (158.7224166707596,4050.5) (159.7224166707597,4050.5) (159.7224166707597,4076.5) (160.7224166707598,4076.5) (160.7224166707598,4102.5) (161.7224166707599,4102.5) (161.7224166707599,4128.5) (162.72241667076,4128.5) (162.72241667076,4154.5) (163.7224166707601,4154.5) (163.7224166707601,4180.5) (164.7224166707601,4180.5) (164.7224166707601,4206.5) (165.7224166707602,4206.5) (165.7224166707602,4232.5) (166.7224166707603,4232.5) (166.7224166707603,4258.5) (167.7224166707604,4258.5) (167.7224166707604,4284.5) (168.7224166707605,4284.5) (168.7224166707605,4310.5) (169.7224166707606,4310.5) (169.7224166707606,4336.5) (170.7224166707607,4336.5) (170.7224166707607,4362.5) (171.7224166707607,4362.5) (171.7224166707607,4388.5) (172.7224166707608,4388.5) (172.7224166707608,4416.265463717128) (173.7224166707609,4416.265463717128) (173.7224166707609,4415.530927434256) (174.722416670761,4415.530927434256) (174.722416670761,4414.796391151384) (175.722416670761,4414.796391151384) (175.722416670761,4414.061854868512) (176.7224166707611,4414.061854868512) (176.7224166707611,4413.327318585641) (177.7224166707611,4413.327318585641) (177.7224166707611,4412.592782302769) (178.7224166707612,4412.592782302769) (178.7224166707612,4411.858246019897) (179.7224166707613,4411.858246019897) (179.7224166707613,4411.123709737025) (180.7224166707614,4411.123709737025) (180.7224166707614,4410.389173454153) (181.7224166707615,4410.389173454153) (181.7224166707615,4409.654637171281) (182.7224166707616,4409.654637171281) (182.7224166707616,4408.920100888409) (183.7224166707616,4408.920100888409) (183.7224166707616,4408.185564605537) (184.7224166707617,4408.185564605537) (184.7224166707617,4407.451028322665) (185.7224166707618,4407.451028322665) (185.7224166707618,4406.716492039794) (186.7224166707619,4406.716492039794) (186.7224166707619,4405.981955756922) (187.722416670762,4405.981955756922) (187.722416670762,4405.24741947405) (188.722416670762,4405.24741947405) (188.722416670762,4404.512883191178) (189.7224166707621,4404.512883191178) (189.7224166707621,4403.778346908306) (190.7224166707622,4403.778346908306) (190.7224166707622,4403.043810625434) (191.7224166707623,4403.043810625434) (191.7224166707623,4402.309274342562) (192.7224166707624,4402.309274342562) (192.7224166707624,4401.57473805969) (193.7224166707624,4401.57473805969) (193.7224166707624,4400.840201776819) (700,4400.840201776819)
humanPositionY[0]:
[0]: (0,0) (0,163.5) (1,163.5) (1,188.9679078844919) (9.722416670760678,188.9679078844919) (9.722416670760678,188.479046668909) (10.72241667076068,188.479046668909) (10.72241667076068,187.9901854533261) (11.72241667076067,187.9901854533261) (11.72241667076067,187.5013242377432) (12.72241667076068,187.5013242377432) (12.72241667076068,187.0124630221603) (13.72241667076068,187.0124630221603) (13.72241667076068,186.5236018065774) (14.72241667076068,186.5236018065774) (14.72241667076068,186.0347405909945) (15.72241667076067,186.0347405909945) (15.72241667076067,185.5458793754117) (16.72241667076067,185.5458793754117) (16.72241667076067,185.0570181598288) (17.72241667076067,185.0570181598288) (17.72241667076067,184.5681569442459) (18.72241667076066,184.5681569442459) (18.72241667076066,184.079295728663) (19.72241667076065,184.079295728663) (19.72241667076065,183.5904345130801) (20.72241667076065,183.5904345130801) (20.72241667076065,183.1015732974972) (21.72241667076064,183.1015732974972) (21.72241667076064,182.6127120819143) (22.72241667076063,182.6127120819143) (22.72241667076063,182.1238508663315) (23.72241667076062,182.1238508663315) (23.72241667076062,181.6349896507486) (24.72241667076062,181.6349896507486) (24.72241667076062,181.1461284351657) (25.72241667076061,181.1461284351657) (25.72241667076061,180.6572672195828) (26.7224166707606,180.6572672195828) (26.7224166707606,180.1684060039999) (27.72241667076059,180.1684060039999) (27.72241667076059,179.679544788417) (28.72241667076059,179.679544788417) (28.72241667076059,179.1906835728341) (29.72241667076058,179.1906835728341) (29.72241667076058,178.7018223572512) (30.72241667076057,178.7018223572512) (30.72241667076057,178.2129611416684) (31.72241667076056,178.2129611416684) (31.72241667076056,177.7240999260855) (32.72241667076055,177.7240999260855) (32.72241667076055,177.2352387105026) (33.72241667076054,177.2352387105026) (33.72241667076054,176.7463774949197) (34.72241667076054,176.7463774949197) (34.72241667076054,176.2575162793368) (35.72241667076053,176.2575162793368) (35.72241667076053,175.7686550637539) (36.72241667076052,175.7686550637539) (36.72241667076052,175.279793848171) (37.72241667076052,175.279793848171) (37.72241667076052,174.7909326325882) (38.72241667076051,174.7909326325882) (38.72241667076051,174.3020714170053) (39.7224166707605,174.3020714170053) (39.7224166707605,173.8132102014224) (40.7224166707605,173.8132102014224) (40.7224166707605,173.3243489858395) (41.72241667076049,173.3243489858395) (41.72241667076049,172.8354877702566) (42.72241667076048,172.8354877702566) (42.72241667076048,172.3466265546737) (43.72241667076047,172.3466265546737) (43.72241667076047,171.8577653390908) (44.72241667076047,171.8577653390908) (44.72241667076047,171.3689041235079) (45.72241667076046,171.3689041235079) (45.72241667076046,170.8800429079251) (46.72241667076049,170.8800429079251) (46.72241667076049,170.3911816923422) (47.72241667076052,170.3911816923422) (47.72241667076052,169.9023204767593) (48.72241667076053,169.9023204767593) (48.72241667076053,169.4134592611764) (49.72241667076054,169.4134592611764) (49.72241667076054,168.9245980455935) (50.72241667076054,168.9245980455935) (50.72241667076054,168.4357368300106) (51.72241667076055,168.4357368300106) (51.72241667076055,167.9468756144277) (52.72241667076056,167.9468756144277) (52.72241667076056,167.4580143988449) (53.72241667076057,167.4580143988449) (53.72241667076057,166.969153183262) (54.72241667076057,166.969153183262) (54.72241667076057,166.4802919676791) (55.72241667076058,166.4802919676791) (55.72241667076058,165.9914307520962) (56.72241667076059,165.9914307520962) (56.72241667076059,165.5025695365133) (57.72241667076059,165.5025695365133) (57.72241667076059,165.0137083209304) (58.7224166707606,165.0137083209304) (58.7224166707606,164.5248471053475) (59.72241667076061,164.5248471053475) (59.72241667076061,164.0359858897646) (60.72241667076062,164.0359858897646) (60.72241667076062,163.5) (172.7224166707608,163.5) (172.7224166707608,189.4896220913107) (173.7224166707609,189.4896220913107) (173.7224166707609,215.4792441826214) (174.722416670761,215.4792441826214) (174.722416670761,241.4688662739321) (175.722416670761,241.4688662739321) (175.722416670761,267.4584883652428) (176.7224166707611,267.4584883652428) (176.7224166707611,293.4481104565535) (177.7224166707611,293.4481104565535) (177.7224166707611,319.4377325478642) (178.7224166707612,319.4377325478642) (178.7224166707612,345.427354639175) (179.7224166707613,345.427354639175) (179.7224166707613,371.4169767304857) (180.7224166707614,371.4169767304857) (180.7224166707614,397.4065988217964) (181.7224166707615,397.4065988217964) (181.7224166707615,423.3962209131071) (182.7224166707616,423.3962209131071) (182.7224166707616,449.3858430044178) (183.7224166707616,449.3858430044178) (183.7224166707616,475.3754650957285) (184.7224166707617,475.3754650957285) (184.7224166707617,501.3650871870392) (185.7224166707618,501.3650871870392) (185.7224166707618,527.3547092783499) (186.7224166707619,527.3547092783499) (186.7224166707619,553.3443313696606) (187.722416670762,553.3443313696606) (187.722416670762,579.3339534609713) (188.722416670762,579.3339534609713) (188.722416670762,605.323575552282) (189.7224166707621,605.323575552282) (189.7224166707621,631.3131976435927) (190.7224166707622,631.3131976435927) (190.7224166707622,657.3028197349034) (191.7224166707623,657.3028197349034) (191.7224166707623,683.2924418262141) (192.7224166707624,683.2924418262141) (192.7224166707624,709.2820639175249) (193.7224166707624,709.2820639175249) (193.7224166707624,735.2716860088356) (700,735.2716860088356)
robPositionX[0]:
[0]: (0,0) (0,92.5) (2,92.5) (2,97.73313175708738) (11.72241667076067,97.73313175708738) (11.72241667076067,123.7285354798977) (12.74122013324391,123.7285354798977) (12.74122013324391,149.723939202708) (13.76002359572716,149.723939202708) (13.76002359572716,175.7193429255182) (14.76002359572716,175.7193429255182) (14.76002359572716,201.7147466483285) (15.76002359572716,201.7147466483285) (15.76002359572716,227.7101503711388) (16.76002359572715,227.7101503711388) (16.76002359572715,253.7055540939491) (17.76002359572715,253.7055540939491) (17.76002359572715,279.7009578167594) (18.76002359572714,279.7009578167594) (18.76002359572714,305.6963615395697) (19.76002359572714,305.6963615395697) (19.76002359572714,331.69176526238) (20.76002359572713,331.69176526238) (20.76002359572713,357.6871689851903) (21.76002359572712,357.6871689851903) (21.76002359572712,383.6825727080006) (22.76002359572712,383.6825727080006) (22.76002359572712,409.6779764308109) (23.76002359572711,409.6779764308109) (23.76002359572711,435.6733801536212) (24.7600235957271,435.6733801536212) (24.7600235957271,461.6687838764315) (25.76002359572709,461.6687838764315) (25.76002359572709,487.6641875992418) (26.76002359572709,487.6641875992418) (26.76002359572709,513.6595913220521) (27.76002359572708,513.6595913220521) (27.76002359572708,539.6549950448623) (28.76002359572707,539.6549950448623) (28.76002359572707,565.6503987676725) (29.76002359572707,565.6503987676725) (29.76002359572707,591.6458024904828) (30.76002359572706,591.6458024904828) (30.76002359572706,617.641206213293) (31.76002359572705,617.641206213293) (31.76002359572705,643.6366099361032) (32.76002359572704,643.6366099361032) (32.76002359572704,669.6320136589135) (33.76002359572703,669.6320136589135) (33.76002359572703,695.6274173817237) (34.76002359572703,695.6274173817237) (34.76002359572703,721.622821104534) (35.76002359572702,721.622821104534) (35.76002359572702,747.6182248273442) (36.76002359572701,747.6182248273442) (36.76002359572701,773.6136285501544) (37.76002359572701,773.6136285501544) (37.76002359572701,799.6090322729647) (38.760023595727,799.6090322729647) (38.760023595727,825.6044359957749) (39.76002359572699,825.6044359957749) (39.76002359572699,851.5998397185851) (40.76002359572698,851.5998397185851) (40.76002359572698,877.5952434413954) (41.76002359572698,877.5952434413954) (41.76002359572698,903.5906471642056) (42.76002359572697,903.5906471642056) (42.76002359572697,929.5860508870159) (43.76002359572696,929.5860508870159) (43.76002359572696,955.5814546098261) (44.76002359572696,955.5814546098261) (44.76002359572696,981.5768583326363) (45.76002359572695,981.5768583326363) (45.76002359572695,1007.572262055447) (46.76002359572698,1007.572262055447) (46.76002359572698,1033.567665778257) (47.76002359572701,1033.567665778257) (47.76002359572701,1059.563069501067) (48.76002359572702,1059.563069501067) (48.76002359572702,1085.558473223878) (49.76002359572703,1085.558473223878) (49.76002359572703,1111.553876946688) (50.76002359572703,1111.553876946688) (50.76002359572703,1137.549280669498) (51.76002359572704,1137.549280669498) (51.76002359572704,1163.544684392309) (52.76002359572705,1163.544684392309) (52.76002359572705,1189.540088115119) (53.76002359572706,1189.540088115119) (53.76002359572706,1215.535491837929) (54.76002359572706,1215.535491837929) (54.76002359572706,1241.53089556074) (55.76002359572707,1241.53089556074) (55.76002359572707,1267.52629928355) (56.76002359572708,1267.52629928355) (56.76002359572708,1293.52170300636) (57.76002359572708,1293.52170300636) (57.76002359572708,1319.517106729171) (58.76002359572709,1319.517106729171) (58.76002359572709,1345.512510451981) (59.7600235957271,1345.512510451981) (59.7600235957271,1371.507914174791) (60.76002359572711,1371.507914174791) (60.76002359572711,1397.503317897602) (61.77275445258626,1397.503317897602) (61.77275445258626,1423.501210954746) (62.78137367026546,1423.501210954746) (62.78137367026546,1449.500245178851) (63.78720911103336,1449.500245178851) (63.78720911103336,1475.499802499311) (64.7911598420816,1475.499802499311) (64.7911598420816,1501.499599591989) (65.79383457450167,1501.499599591989) (65.79383457450167,1527.499506587529) (66.79564542582386,1527.499506587529) (66.79564542582386,1553.499463958168) (67.79687141053201,1553.499463958168) (67.79687141053201,1579.49944441867) (68.79770142798191,1579.49944441867) (68.79770142798191,1605.499435462594) (69.79826336721158,1605.499435462594) (69.79826336721158,1631.49943135751) (70.79864381184483,1631.49943135751) (70.79864381184483,1657.499429475914) (71.79890138082796,1657.499429475914) (71.79890138082796,1683.499428613471) (72.79907576042152,1683.499428613471) (72.79907576042152,1709.499428218164) (73.7991938190557,1709.499428218164) (73.7991938190557,1735.499428036972) (74.79927374722305,1735.499428036972) (74.79927374722305,1761.499427953921) (75.79932786026414,1761.499427953921) (75.79932786026414,1787.499427915854) (76.79936449592577,1787.499427915854) (76.79936449592577,1813.499427898406) (77.79938929903722,1813.499427898406) (77.79938929903722,1839.499427890409) (78.79940609126407,1839.499427890409) (78.79940609126407,1865.499427886743) (79.79941745994184,1865.499427886743) (79.79941745994184,1891.499427885063) (80.7994251567774,1891.499427885063) (80.7994251567774,1917.499427884293) (81.79943036769019,1917.499427884293) (81.79943036769019,1943.499427883939) (82.79943389558528,1943.499427883939) (82.79943389558528,1969.499427883778) (83.79943628405125,1969.499427883778) (83.79943628405125,1995.499427883703) (84.79943790108467,1995.499427883703) (84.79943790108467,2021.499427883669) (85.79943899588906,2021.499427883669) (85.79943899588906,2047.499427883654) (86.79943973706264,2047.499427883654) (86.79943973706264,2073.499427883647) (87.79944023885794,2073.499427883647) (87.79944023885794,2099.499427883643) (88.79944057865664,2099.499427883643) (88.79944057865664,2125.499427883642) (89.79944080902295,2125.499427883642) (89.79944080902295,2151.499427883641) (90.7994409638803,2151.499427883641) (90.7994409638803,2177.499427883641) (91.79944106818837,2177.499427883641) (91.79944106818837,2203.499427883641) (92.79944114118879,2203.499427883641) (92.79944114118879,2229.499427883641) (93.7994411906103,2229.499427883641) (93.7994411906103,2255.499427883641) (94.79944122393024,2255.499427883641) (94.79944122393024,2281.499427883641) (95.79944124500361,2281.499427883641) (95.79944124500361,2307.499427883641) (96.79944124500355,2307.499427883641) (96.79944124500355,2333.499427883641) (97.79944124500349,2333.499427883641) (97.79944124500349,2359.499427883641) (98.79944124500344,2359.499427883641) (98.79944124500344,2385.499427883641) (99.79944124500338,2385.499427883641) (99.79944124500338,2411.499427883641) (100.7994412450033,2411.499427883641) (100.7994412450033,2437.499427883641) (101.7994412450033,2437.499427883641) (101.7994412450033,2463.499427883641) (102.7994412450032,2463.499427883641) (102.7994412450032,2489.499427883641) (103.7994412450032,2489.499427883641) (103.7994412450032,2515.499427883641) (104.7994412450031,2515.499427883641) (104.7994412450031,2541.499427883641) (105.799441245003,2541.499427883641) (105.799441245003,2567.499427883641) (106.799441245003,2567.499427883641) (106.799441245003,2593.499427883641) (107.7994412450029,2593.499427883641) (107.7994412450029,2619.499427883641) (108.7994412450029,2619.499427883641) (108.7994412450029,2645.499427883641) (109.7994412450028,2645.499427883641) (109.7994412450028,2671.499427883641) (110.7994412450028,2671.499427883641) (110.7994412450028,2697.499427883641) (111.7994412450027,2697.499427883641) (111.7994412450027,2723.499427883641) (112.7994412450026,2723.499427883641) (112.7994412450026,2749.499427883641) (113.7994412450026,2749.499427883641) (113.7994412450026,2775.499427883641) (114.7994412450025,2775.499427883641) (114.7994412450025,2801.499427883641) (115.7994412450025,2801.499427883641) (115.7994412450025,2827.499427883641) (116.7994412450024,2827.499427883641) (116.7994412450024,2853.499427883641) (117.7994412450024,2853.499427883641) (117.7994412450024,2879.499427883641) (118.7994412450023,2879.499427883641) (118.7994412450023,2905.499427883641) (119.7994412450022,2905.499427883641) (119.7994412450022,2931.499427883641) (120.7994412450022,2931.499427883641) (120.7994412450022,2957.499427883641) (121.7994412450021,2957.499427883641) (121.7994412450021,2983.499427883641) (122.7994412450021,2983.499427883641) (122.7994412450021,3009.499427883641) (123.799441245002,3009.499427883641) (123.799441245002,3035.499427883641) (124.799441245002,3035.499427883641) (124.799441245002,3061.499427883641) (125.7994412450019,3061.499427883641) (125.7994412450019,3087.499427883641) (126.7994412450018,3087.499427883641) (126.7994412450018,3113.499427883641) (127.7994412450018,3113.499427883641) (127.7994412450018,3139.499427883641) (128.7994412450018,3139.499427883641) (128.7994412450018,3165.499427883641) (129.7994412450019,3165.499427883641) (129.7994412450019,3191.499427883641) (130.799441245002,3191.499427883641) (130.799441245002,3217.499427883641) (131.7994412450021,3217.499427883641) (131.7994412450021,3243.499427883641) (132.7994412450022,3243.499427883641) (132.7994412450022,3269.499427883641) (133.7994412450023,3269.499427883641) (133.7994412450023,3295.499427883641) (134.7994412450024,3295.499427883641) (134.7994412450024,3321.499427883641) (135.7994412450024,3321.499427883641) (135.7994412450024,3347.499427883641) (136.7994412450025,3347.499427883641) (136.7994412450025,3373.499427883641) (137.7994412450026,3373.499427883641) (137.7994412450026,3399.499427883641) (138.7994412450027,3399.499427883641) (138.7994412450027,3425.499427883641) (139.7994412450028,3425.499427883641) (139.7994412450028,3451.499427883641) (140.7994412450029,3451.499427883641) (140.7994412450029,3477.499427883641) (141.799441245003,3477.499427883641) (141.799441245003,3503.499427883641) (142.799441245003,3503.499427883641) (142.799441245003,3529.499427883641) (143.7994412450031,3529.499427883641) (143.7994412450031,3555.499427883641) (144.7994412450032,3555.499427883641) (144.7994412450032,3581.499427883641) (145.7994412450033,3581.499427883641) (145.7994412450033,3607.499427883641) (146.7994412450034,3607.499427883641) (146.7994412450034,3633.499427883641) (147.7994412450035,3633.499427883641) (147.7994412450035,3659.499427883641) (148.7994412450035,3659.499427883641) (148.7994412450035,3685.499427883641) (149.7994412450036,3685.499427883641) (149.7994412450036,3711.499427883641) (150.7994412450037,3711.499427883641) (150.7994412450037,3737.499427883641) (151.7994412450038,3737.499427883641) (151.7994412450038,3763.499427883641) (152.7994412450039,3763.499427883641) (152.7994412450039,3789.499427883641) (153.799441245004,3789.499427883641) (153.799441245004,3815.499427883641) (154.7994412450041,3815.499427883641) (154.7994412450041,3841.499427883641) (155.7994412450041,3841.499427883641) (155.7994412450041,3867.499427883641) (156.7994412450042,3867.499427883641) (156.7994412450042,3893.499427883641) (157.7994412450043,3893.499427883641) (157.7994412450043,3919.499427883641) (158.7994412450044,3919.499427883641) (158.7994412450044,3945.499427883641) (159.7994412450045,3945.499427883641) (159.7994412450045,3971.499427883641) (160.7994412450046,3971.499427883641) (160.7994412450046,3997.499427883641) (161.7994412450047,3997.499427883641) (161.7994412450047,4023.499427883641) (162.7994412450047,4023.499427883641) (162.7994412450047,4049.499427883641) (163.7994412450048,4049.499427883641) (163.7994412450048,4075.499427883641) (164.7994412450049,4075.499427883641) (164.7994412450049,4101.49942788364) (165.799441245005,4101.49942788364) (165.799441245005,4127.49942788364) (166.7994412450051,4127.49942788364) (166.7994412450051,4153.49942788364) (167.7994412450052,4153.49942788364) (167.7994412450052,4179.49942788364) (168.7994412450053,4179.49942788364) (168.7994412450053,4205.49942788364) (169.7994412450053,4205.49942788364) (169.7994412450053,4231.49942788364) (170.7994412450054,4231.49942788364) (170.7994412450054,4257.49942788364) (171.7994412450055,4257.49942788364) (171.7994412450055,4283.49942788364) (172.7994412450056,4283.49942788364) (172.7994412450056,4309.49942788364) (174.0382230407606,4309.49942788364) (174.0382230407606,4334.761725317672) (175.554339137674,4334.761725317672) (175.554339137674,4357.375029374853) (177.3531963168474,4357.375029374853) (177.3531963168474,4371.80338971305) (179.4889039601409,4371.80338971305) (179.4889039601409,4380.472858151295) (181.7972024190456,4380.472858151295) (181.7972024190456,4385.010512952947) (184.2233424667919,4385.010512952947) (184.2233424667919,4388.172157803916) (186.6920436948147,4388.172157803916) (186.6920436948147,4390.428283375573) (189.1894107303425,4390.428283375573) (189.1894107303425,4391.835488330516) (191.7138758927953,4391.835488330516) (191.7138758927953,4392.871718959358) (194.2507137309172,4392.871718959358) (194.2507137309172,4393.515439372457) (196.8006689509934,4393.515439372457) (196.8006689509934,4394.057268921059) (199.3506241710696,4394.057268921059) (199.3506241710696,4394.599098469662) (201.9005793911458,4394.599098469662) (201.9005793911458,4395.140928018264) (204.450534611222,4395.140928018264) (204.450534611222,4395.682757566867) (207.0004898312982,4395.682757566867) (207.0004898312982,4396.224587115469) (209.5504450513744,4396.224587115469) (209.5504450513744,4396.766416664072) (212.1004002714506,4396.766416664072) (212.1004002714506,4397.308246212675) (214.6503554915268,4397.308246212675) (214.6503554915268,4397.850075761278) (217.200310711603,4397.850075761278) (217.200310711603,4398.391905309881) (219.7502659316792,4398.391905309881) (219.7502659316792,4398.933734858484) (222.3002211517554,4398.933734858484) (222.3002211517554,4399.475564407086) (224.8501763718317,4399.475564407086) (224.8501763718317,4400.01739395569) (227.4001315919079,4400.01739395569) (227.4001315919079,4400.559223504292) (229.950086811984,4400.559223504292) (229.950086811984,4400.840201776819) (700,4400.840201776819)
robPositionY[0]:
[0]: (0,0) (0,163.5) (2,163.5) (2,188.9679078844919) (11.72241667076067,188.9679078844919) (11.72241667076067,188.479046668909) (12.74122013324391,188.479046668909) (12.74122013324391,187.9901854533262) (13.76002359572716,187.9901854533262) (13.76002359572716,187.5013242377433) (14.76002359572716,187.5013242377433) (14.76002359572716,187.0124630221605) (15.76002359572716,187.0124630221605) (15.76002359572716,186.5236018065776) (16.76002359572715,186.5236018065776) (16.76002359572715,186.0347405909947) (17.76002359572715,186.0347405909947) (17.76002359572715,185.5458793754118) (18.76002359572714,185.5458793754118) (18.76002359572714,185.0570181598289) (19.76002359572714,185.0570181598289) (19.76002359572714,184.568156944246) (20.76002359572713,184.568156944246) (20.76002359572713,184.0792957286631) (21.76002359572712,184.0792957286631) (21.76002359572712,183.5904345130803) (22.76002359572712,183.5904345130803) (22.76002359572712,183.1015732974974) (23.76002359572711,183.1015732974974) (23.76002359572711,182.6127120819145) (24.7600235957271,182.6127120819145) (24.7600235957271,182.1238508663316) (25.76002359572709,182.1238508663316) (25.76002359572709,181.6349896507487) (26.76002359572709,181.6349896507487) (26.76002359572709,181.1461284351658) (27.76002359572708,181.1461284351658) (27.76002359572708,180.6572672195829) (28.76002359572707,180.6572672195829) (28.76002359572707,180.168406004) (29.76002359572707,180.168406004) (29.76002359572707,179.6795447884172) (30.76002359572706,179.6795447884172) (30.76002359572706,179.1906835728343) (31.76002359572705,179.1906835728343) (31.76002359572705,178.7018223572514) (32.76002359572704,178.7018223572514) (32.76002359572704,178.2129611416685) (33.76002359572703,178.2129611416685) (33.76002359572703,177.7240999260856) (34.76002359572703,177.7240999260856) (34.76002359572703,177.2352387105027) (35.76002359572702,177.2352387105027) (35.76002359572702,176.7463774949198) (36.76002359572701,176.7463774949198) (36.76002359572701,176.257516279337) (37.76002359572701,176.257516279337) (37.76002359572701,175.7686550637541) (38.760023595727,175.7686550637541) (38.760023595727,175.2797938481712) (39.76002359572699,175.2797938481712) (39.76002359572699,174.7909326325883) (40.76002359572698,174.7909326325883) (40.76002359572698,174.3020714170054) (41.76002359572698,174.3020714170054) (41.76002359572698,173.8132102014225) (42.76002359572697,173.8132102014225) (42.76002359572697,173.3243489858396) (43.76002359572696,173.3243489858396) (43.76002359572696,172.8354877702567) (44.76002359572696,172.8354877702567) (44.76002359572696,172.3466265546739) (45.76002359572695,172.3466265546739) (45.76002359572695,171.857765339091) (46.76002359572698,171.857765339091) (46.76002359572698,171.3689041235081) (47.76002359572701,171.3689041235081) (47.76002359572701,170.8800429079252) (48.76002359572702,170.8800429079252) (48.76002359572702,170.3911816923423) (49.76002359572703,170.3911816923423) (49.76002359572703,169.9023204767594) (50.76002359572703,169.9023204767594) (50.76002359572703,169.4134592611765) (51.76002359572704,169.4134592611765) (51.76002359572704,168.9245980455937) (52.76002359572705,168.9245980455937) (52.76002359572705,168.4357368300108) (53.76002359572706,168.4357368300108) (53.76002359572706,167.9468756144279) (54.76002359572706,167.9468756144279) (54.76002359572706,167.458014398845) (55.76002359572707,167.458014398845) (55.76002359572707,166.9691531832621) (56.76002359572708,166.9691531832621) (56.76002359572708,166.4802919676792) (57.76002359572708,166.4802919676792) (57.76002359572708,165.9914307520963) (58.76002359572709,165.9914307520963) (58.76002359572709,165.5025695365134) (59.7600235957271,165.5025695365134) (59.7600235957271,165.0137083209306) (60.76002359572711,165.0137083209306) (60.76002359572711,164.5248471053477) (61.77275445258626,164.5248471053477) (61.77275445258626,164.1938537681208) (62.78137367026546,164.1938537681208) (62.78137367026546,163.969756883213) (63.78720911103336,163.969756883213) (63.78720911103336,163.8180362843253) (64.7911598420816,163.8180362843253) (64.7911598420816,163.7153175442811) (65.79383457450167,163.7153175442811) (65.79383457450167,163.6457745842783) (66.79564542582386,163.6457745842783) (66.79564542582386,163.5986924756321) (67.79687141053201,163.5986924756321) (67.79687141053201,163.566816881204) (68.79770142798191,163.566816881204) (68.79770142798191,163.545236429983) (69.79826336721158,163.545236429983) (69.79826336721158,163.5306260107791) (70.79864381184483,163.5306260107791) (70.79864381184483,163.5207344505516) (71.79890138082796,163.5207344505516) (71.79890138082796,163.5140376570627) (72.79907576042152,163.5140376570627) (72.79907576042152,163.5095037876518) (73.7991938190557,163.5095037876518) (73.7991938190557,163.5064342631685) (74.79927374722305,163.5064342631685) (74.79927374722305,163.5043561308182) (75.79932786026414,163.5043561308182) (75.79932786026414,163.5029491917491) (76.79936449592577,163.5029491917491) (76.79936449592577,163.5019966645455) (77.79938929903722,163.5019966645455) (77.79938929903722,163.5013517836466) (78.79940609126407,163.5013517836466) (78.79940609126407,163.5009151857469) (79.79941745994184,163.5009151857469) (79.79941745994184,163.5006196001235) (80.7994251567774,163.5006196001235) (80.7994251567774,163.5004194823974) (81.79943036769019,163.5004194823974) (81.79943036769019,163.5002839986634) (82.79943389558528,163.5002839986634) (82.79943389558528,163.5001922733894) (83.79943628405125,163.5001922733894) (83.79943628405125,163.5001301732726) (84.79943790108467,163.5001301732726) (84.79943790108467,163.5000881304022) (85.79943899588906,163.5000881304022) (85.79943899588906,163.5000596654866) (86.79943973706264,163.5000596654866) (86.79943973706264,163.5000403949721) (87.79944023885794,163.5000403949721) (87.79944023885794,163.5000273482928) (88.79944057865664,163.5000273482928) (88.79944057865664,163.5000185135251) (89.79944080902295,163.5000185135251) (89.79944080902295,163.5000125239997) (90.7994409638803,163.5000125239997) (90.7994409638803,163.5000084977071) (91.79944106818837,163.5000084977071) (91.79944106818837,163.5000057856957) (92.79944114118879,163.5000057856957) (92.79944114118879,163.5000038876832) (93.7994411906103,163.5000038876832) (93.7994411906103,163.5000026027226) (94.79944122393024,163.5000026027226) (94.79944122393024,163.5000017364024) (95.79944124500361,163.5000017364024) (95.79944124500361,163.5000011884933) (96.79944124500355,163.5000011884933) (96.79944124500355,163.5000006405843) (174.0382230407606,163.5000006405843) (174.0382230407606,169.6494988603188) (175.554339137674,169.6494988603188) (175.554339137674,182.4806515605829) (177.3531963168474,182.4806515605829) (177.3531963168474,204.1098544573876) (179.4889039601409,204.1098544573876) (179.4889039601409,228.6218987825405) (181.7972024190456,228.6218987825405) (181.7972024190456,254.2228692504944) (184.2233424667919,254.2228692504944) (184.2233424667919,280.0299225855101) (186.6920436948147,280.0299225855101) (186.6920436948147,305.9318510350467) (189.1894107303425,305.9318510350467) (189.1894107303425,331.8937418408948) (191.7138758927953,331.8937418408948) (191.7138758927953,357.873084135954) (194.2507137309172,357.873084135954) (194.2507137309172,383.8651141457428) (196.8006689509934,383.8651141457428) (196.8006689509934,409.8594677776426) (199.3506241710696,409.8594677776426) (199.3506241710696,435.8538214095424) (201.9005793911458,435.8538214095424) (201.9005793911458,461.8481750414421) (204.450534611222,461.8481750414421) (204.450534611222,487.8425286733419) (207.0004898312982,487.8425286733419) (207.0004898312982,513.8368823052417) (209.5504450513744,513.8368823052417) (209.5504450513744,539.8312359371415) (212.1004002714506,539.8312359371415) (212.1004002714506,565.8255895690413) (214.6503554915268,565.8255895690413) (214.6503554915268,591.8199432009411) (217.200310711603,591.8199432009411) (217.200310711603,617.8142968328409) (219.7502659316792,617.8142968328409) (219.7502659316792,643.8086504647407) (222.3002211517554,643.8086504647407) (222.3002211517554,669.8030040966405) (224.8501763718317,669.8030040966405) (224.8501763718317,695.7973577285403) (227.4001315919079,695.7973577285403) (227.4001315919079,721.7917113604401) (229.950086811984,721.7917113604401) (229.950086811984,735.2716860088356) (700,735.2716860088356)
batteryCharge[0]:
[0]: (0,100) (700,100)
user_guided_transport.end:
[0]: (0,0) (231.9500868119831,0) (231.9500868119831,1) (700,1)
[2K
Verifying formula 5 at /nta/queries/query[5]/formula
 -- Formula: simulate[<=700]{robot_inventory[0][0], user_guided_transport.end*2}
[2K -- Formula is satisfied.
robot_inventory[0][0]:
[0]: (0,0) (11.89768681795087,0) (11.89768681795087,1) (700,1)
user_guided_transport.end * 2:
[0]: (0,0) (235.1253569591589,0) (235.1253569591589,2) (700,2)
[2K
Verifying formula 6 at /nta/queries/query[6]/formula
 -- Formula: simulate[<=700]{bedroom[0], bedroom[1], kitchen[0], kitchen[1]}
[2K -- Formula is satisfied.
bedroom[0]:
[0]: (0,100) (700,100)
bedroom[1]:
[0]: (0,200) (700,200)
kitchen[0]:
[0]: (0,4400) (700,4400)
kitchen[1]:
[0]: (0,765) (700,765)
[2K
Verifying formula 7 at /nta/queries/query[7]/formula
 -- Formula: simulate[<=700]{rm_1.idle, rf_1.idle, rp_1.idle, rd_1.idle}
[2K -- Formula is satisfied.
rm_1.idle:
[0]: (0,0) (0,1) (0,0) (3,0) (3,1) (700,1)
rf_1.idle:
[0]: (0,0) (0,1) (9.344599389285479,1) (9.344599389285479,0) (231.5722695305145,0) (231.5722695305145,1) (700,1)
rp_1.idle:
[0]: (0,0) (0,1) (2,1) (2,0) (9.344599389285479,0) (9.344599389285479,1) (700,1)
rd_1.idle:
[0]: (0,0) (0,1) (700,1)
[2K
Verifying formula 8 at /nta/queries/query[8]/formula
 -- Formula: Pr[<=700](<>!rm_1.idle || !rf_1.idle || !rp_1.idle || !rd_1.idle)
[2K -- Formula is satisfied.
(72/72 runs) Pr(<> …) in [0.950056,1] (95% CI)
Values in [0,0] mean=0 steps=2.22045e-16: 72
[2K
Verifying formula 9 at /nta/queries/query[9]/formula
 -- Formula: Pr[<=700]([] (user_guided_transport.end imply (rm_1.idle && rf_1.idle && rp_1.idle && rd_1.idle)))
 -- Throughput: 605252 runs/sec, Load: 331 runs[K
[2K -- Formula is satisfied.
(72/72 runs) Pr([] …) in [0.950056,1] (95% CI)
[2K
Verifying formula 10 at /nta/queries/query[10]/formula
 -- Formula: Pr[<=700] (<> pow(humanPositionX[0] - kitchen[0], 2) + pow(humanPositionY[0] - kitchen[1], 2) <= 900 )
[2K -- Formula is satisfied.
(72/72 runs) Pr(<> …) in [0.950056,1] (95% CI)
Values in [192.016,196.986] mean=194.932 steps=0.55225: 4 7 7 5 7 10 6 12 14
[2K
Verifying formula 11 at /nta/queries/query[11]/formula
 -- Formula: Pr[<=700] (<> pow(humanPositionX[0] - bedroom[0], 2) + pow(humanPositionY[0] - bedroom[1], 2) <= 900 )
[2K -- Formula is satisfied.
(72/72 runs) Pr(<> …) in [0.950056,1] (95% CI)
Values in [1,1] mean=1 steps=2.22045e-16: 72
[2K
Verifying formula 12 at /nta/queries/query[12]/formula
 -- Formula: Pr[<=700] (<> pow(robPositionX[0] - bedroom[0], 2) + pow(robPositionY[0] - bedroom[1], 2) <= 900 )
[2K -- Formula is satisfied.
(72/72 runs) Pr(<> …) in [0.950056,1] (95% CI)
Values in [2,2] mean=2 steps=2.22045e-16: 72
[2K
Verifying formula 13 at /nta/queries/query[13]/formula
 -- Formula: Pr[<=700] (<> !isValidPosition(humanPositionX[0], humanPositionY[0]))
[2K -- Formula is satisfied.
(72/72 runs) Pr(<> …) in [0.950056,1] (95% CI)
Values in [0,0] mean=0 steps=2.22045e-16: 72
[2K
Verifying formula 14 at /nta/queries/query[14]/formula
 -- Formula: Pr[<=700] (<> !isValidPosition(robPositionX[0], robPositionY[0]))
[2K -- Formula is satisfied.
(72/72 runs) Pr(<> …) in [0.950056,1] (95% CI)
Values in [0,0] mean=0 steps=2.22045e-16: 72
[2K
Verifying formula 15 at /nta/queries/query[15]/formula
 -- Formula: Pr[<=700] (<> currP > 2)
 -- Throughput: 622669 runs/sec, Load: 329 runs[K
[2K -- Formula is satisfied.
(0/72 runs) Pr(<> …) in [0,0.0499441] (95% CI)
