Options for the verification:
  Generating no trace
  Search order is breadth first
  Using conservative space optimisation
  Seed is 1784935674
  State space representation uses minimal constraint systems with future testing
  Using HashMap + Compress integers for discrete state storage
[2K
Verifying formula 1 at /nta/queries/query[1]/formula
 -- Formula: simulate[<=700]{user_guided_transport_human_def.s1_start, user_guided_transport_human_def.s1_end, user_guided_transport_human_def.s2_start, user_guided_transport_human_def.s2_idle, user_guided_transport_human_def.s3_start, user_guided_transport_human_def.s3_end, user_guided_transport.end}
[2K -- Formula is satisfied.
user_guided_transport_human_def.s1_start:
[0]: (0,0) (0,1) (0,0) (700,0)
user_guided_transport_human_def.s1_end:
[0]: (0,0) (1,0) (1,1) (2,1) (2,0) (700,0)
user_guided_transport_human_def.s2_start:
[0]: (0,0) (2,0) (2,1) (2,0) (700,0)
user_guided_transport_human_def.s2_idle:
[0]: (0,0) (2,0) (2,1) (8.314193389424362,1) (8.314193389424362,0) (700,0)
user_guided_transport_human_def.s3_start:
[0]: (0,0) (8.314193389424362,0) (8.314193389424362,1) (8.314193389424362,0) (13.31419338942434,0) (13.31419338942434,1) (13.31419338942434,0) (18.31419338942434,0) (18.31419338942434,1) (18.31419338942434,0) (23.31419338942434,0) (23.31419338942434,1) (23.31419338942434,0) (28.31419338942434,0) (28.31419338942434,1) (28.31419338942434,0) (33.31419338942438,0) (33.31419338942438,1) (33.31419338942438,0) (38.31419338942456,0) (38.31419338942456,1) (38.31419338942456,0) (43.31419338942474,0) (43.31419338942474,1) (43.31419338942474,0) (48.31419338942472,0) (48.31419338942472,1) (48.31419338942472,0) (53.31419338942464,0) (53.31419338942464,1) (53.31419338942464,0) (58.31419338942453,0) (58.31419338942453,1) (58.31419338942453,0) (63.31419338942445,0) (63.31419338942445,1) (63.31419338942445,0) (68.31419338942437,0) (68.31419338942437,1) (68.31419338942437,0) (73.31419338942433,0) (73.31419338942433,1) (73.31419338942433,0) (78.31419338942409,0) (78.31419338942409,1) (78.31419338942409,0) (83.31419338942379,0) (83.31419338942379,1) (83.31419338942379,0) (88.31419338942351,0) (88.31419338942351,1) (88.31419338942351,0) (93.31419338942322,0) (93.31419338942322,1) (93.31419338942322,0) (98.31419338942293,0) (98.31419338942293,1) (98.31419338942293,0) (103.3141933894226,0) (103.3141933894226,1) (103.3141933894226,0) (108.3141933894224,0) (108.3141933894224,1) (108.3141933894224,0) (113.3141933894221,0) (113.3141933894221,1) (113.3141933894221,0) (118.3141933894218,0) (118.3141933894218,1) (118.3141933894218,0) (123.3141933894215,0) (123.3141933894215,1) (123.3141933894215,0) (128.3141933894213,0) (128.3141933894213,1) (128.3141933894213,0) (133.3141933894215,0) (133.3141933894215,1) (133.3141933894215,0) (138.3141933894218,0) (138.3141933894218,1) (138.3141933894218,0) (143.3141933894221,0) (143.3141933894221,1) (143.3141933894221,0) (148.3141933894224,0) (148.3141933894224,1) (148.3141933894224,0) (153.3141933894227,0) (153.3141933894227,1) (153.3141933894227,0) (158.314193389423,0) (158.314193389423,1) (158.314193389423,0) (163.3141933894233,0) (163.3141933894233,1) (163.3141933894233,0) (168.3141933894235,0) (168.3141933894235,1) (168.3141933894235,0) (173.3141933894238,0) (173.3141933894238,1) (173.3141933894238,0) (178.3141933894242,0) (178.3141933894242,1) (178.3141933894242,0) (183.3141933894246,0) (183.3141933894246,1) (183.3141933894246,0) (188.314193389425,0) (188.314193389425,1) (188.314193389425,0) (700,0)
user_guided_transport_human_def.s3_end:
[0]: (0,0) (193.3141933894254,0) (193.3141933894254,1) (229.5418635306472,1) (229.5418635306472,0) (700,0)
user_guided_transport.end:
[0]: (0,0) (231.5418635306463,0) (231.5418635306463,1) (700,1)
[2K
Verifying formula 2 at /nta/queries/query[2]/formula
 -- Formula: simulate[<=700]{user_guided_transport_robot_def.s1_start, user_guided_transport_robot_def.s1_end, user_guided_transport_robot_def.s2_start, user_guided_transport_robot_def.s2_end, user_guided_transport_robot_def.s3_start, user_guided_transport_robot_def.s3_end, user_guided_transport.end}
[2K -- Formula is satisfied.
user_guided_transport_robot_def.s1_start:
[0]: (0,0) (0,1) (0,0) (700,0)
user_guided_transport_robot_def.s1_end:
[0]: (0,0) (2,0) (2,1) (2,0) (700,0)
user_guided_transport_robot_def.s2_start:
[0]: (0,0) (2,0) (2,1) (2,0) (700,0)
user_guided_transport_robot_def.s2_end:
[0]: (0,0) (10.88585922414485,0) (10.88585922414485,1) (10.88585922414485,0) (700,0)
user_guided_transport_robot_def.s3_start:
[0]: (0,0) (10.88585922414485,0) (10.88585922414485,1) (10.88585922414485,0) (700,0)
user_guided_transport_robot_def.s3_end:
[0]: (0,0) (232.1135293653667,0) (232.1135293653667,1) (232.1135293653667,0) (700,0)
user_guided_transport.end:
[0]: (0,0) (234.1135293653658,0) (234.1135293653658,1) (700,1)
[2K
Verifying formula 3 at /nta/queries/query[3]/formula
 -- Formula: Pr[<=700] (<> user_guided_transport.end)
[2K -- Formula is satisfied.
(72/72 runs) Pr(<> …) in [0.950056,1] (95% CI)
Values in [230.253,235.215] mean=232.786 steps=0.551383: 5 9 12 7 4 9 12 7 7
[2K
Verifying formula 4 at /nta/queries/query[4]/formula
 -- Formula: simulate[<=700]{humanPositionX[0], humanPositionY[0], robPositionX[0], robPositionY[0], batteryCharge[0], user_guided_transport.end}
[2K -- Formula is satisfied.
humanPositionX[0]:
[0]: (0,0) (0,92.5) (1,92.5) (1,97.73313175708738) (12.03595528798176,97.73313175708738) (12.03595528798176,123.7285354798977) (13.03595528798176,123.7285354798977) (13.03595528798176,149.723939202708) (14.03595528798176,149.723939202708) (14.03595528798176,175.7193429255182) (15.03595528798176,175.7193429255182) (15.03595528798176,201.7147466483285) (16.03595528798176,201.7147466483285) (16.03595528798176,227.7101503711388) (17.03595528798175,227.7101503711388) (17.03595528798175,253.7055540939491) (18.03595528798176,253.7055540939491) (18.03595528798176,279.7009578167594) (19.03595528798175,279.7009578167594) (19.03595528798175,305.6963615395697) (20.03595528798176,305.6963615395697) (20.03595528798176,331.69176526238) (21.03595528798175,331.69176526238) (21.03595528798175,357.6871689851903) (22.03595528798174,357.6871689851903) (22.03595528798174,383.6825727080006) (23.03595528798173,383.6825727080006) (23.03595528798173,409.6779764308109) (24.03595528798173,409.6779764308109) (24.03595528798173,435.6733801536212) (25.03595528798172,435.6733801536212) (25.03595528798172,461.6687838764315) (26.03595528798171,461.6687838764315) (26.03595528798171,487.6641875992418) (27.0359552879817,487.6641875992418) (27.0359552879817,513.6595913220521) (28.03595528798169,513.6595913220521) (28.03595528798169,539.6549950448623) (29.03595528798169,539.6549950448623) (29.03595528798169,565.6503987676725) (30.03595528798168,565.6503987676725) (30.03595528798168,591.6458024904828) (31.03595528798167,591.6458024904828) (31.03595528798167,617.641206213293) (32.03595528798166,617.641206213293) (32.03595528798166,643.6366099361032) (33.03595528798166,643.6366099361032) (33.03595528798166,669.6320136589135) (34.03595528798166,669.6320136589135) (34.03595528798166,695.6274173817237) (35.03595528798166,695.6274173817237) (35.03595528798166,721.622821104534) (36.03595528798166,721.622821104534) (36.03595528798166,747.6182248273442) (37.03595528798165,747.6182248273442) (37.03595528798165,773.6136285501544) (38.03595528798164,773.6136285501544) (38.03595528798164,799.6090322729647) (39.03595528798164,799.6090322729647) (39.03595528798164,825.6044359957749) (40.03595528798163,825.6044359957749) (40.03595528798163,851.5998397185851) (41.03595528798162,851.5998397185851) (41.03595528798162,877.5952434413954) (42.03595528798162,877.5952434413954) (42.03595528798162,903.5906471642056) (43.03595528798162,903.5906471642056) (43.03595528798162,929.5860508870159) (44.03595528798162,929.5860508870159) (44.03595528798162,955.5814546098261) (45.03595528798162,955.5814546098261) (45.03595528798162,981.5768583326363) (46.03595528798161,981.5768583326363) (46.03595528798161,1007.572262055447) (47.03595528798161,1007.572262055447) (47.03595528798161,1033.567665778257) (48.0359552879816,1033.567665778257) (48.0359552879816,1059.563069501067) (49.03595528798159,1059.563069501067) (49.03595528798159,1085.558473223878) (50.03595528798159,1085.558473223878) (50.03595528798159,1111.553876946688) (51.03595528798158,1111.553876946688) (51.03595528798158,1137.549280669498) (52.03595528798158,1137.549280669498) (52.03595528798158,1163.544684392309) (53.03595528798158,1163.544684392309) (53.03595528798158,1189.540088115119) (54.03595528798158,1189.540088115119) (54.03595528798158,1215.535491837929) (55.03595528798158,1215.535491837929) (55.03595528798158,1241.53089556074) (56.03595528798157,1241.53089556074) (56.03595528798157,1267.52629928355) (57.03595528798157,1267.52629928355) (57.03595528798157,1293.52170300636) (58.03595528798156,1293.52170300636) (58.03595528798156,1319.517106729171) (59.03595528798155,1319.517106729171) (59.03595528798155,1345.512510451981) (60.03595528798154,1345.512510451981) (60.03595528798154,1371.507914174791) (61.03595528798154,1371.507914174791) (61.03595528798154,1397.503317897602) (62.03595528798154,1397.503317897602) (62.03595528798154,1423.498721620412) (63.03595528798154,1423.498721620412) (63.03595528798154,1478) (64.03595528798154,1478) (64.03595528798154,1504) (65.03595528798152,1504) (65.03595528798152,1530) (66.03595528798151,1530) (66.03595528798151,1556) (67.03595528798151,1556) (67.03595528798151,1582) (68.03595528798149,1582) (68.03595528798149,1608) (69.03595528798149,1608) (69.03595528798149,1634) (70.03595528798148,1634) (70.03595528798148,1660) (71.03595528798147,1660) (71.03595528798147,1686) (72.03595528798147,1686) (72.03595528798147,1712) (73.03595528798147,1712) (73.03595528798147,1738) (74.03595528798147,1738) (74.03595528798147,1764) (75.03595528798147,1764) (75.03595528798147,1790) (76.03595528798152,1790) (76.03595528798152,1816) (77.03595528798149,1816) (77.03595528798149,1842) (78.03595528798145,1842) (78.03595528798145,1868) (79.03595528798141,1868) (79.03595528798141,1894) (80.03595528798137,1894) (80.03595528798137,1920) (81.03595528798131,1920) (81.03595528798131,1946) (82.03595528798124,1946) (82.03595528798124,1972) (83.03595528798118,1972) (83.03595528798118,1998) (84.03595528798111,1998) (84.03595528798111,2024) (85.03595528798104,2024) (85.03595528798104,2050) (86.03595528798098,2050) (86.03595528798098,2076) (87.03595528798093,2076) (87.03595528798093,2102) (88.03595528798087,2102) (88.03595528798087,2128) (89.03595528798081,2128) (89.03595528798081,2154) (90.03595528798076,2154) (90.03595528798076,2180) (91.0359552879807,2180) (91.0359552879807,2206) (92.03595528798064,2206) (92.03595528798064,2232) (93.03595528798057,2232) (93.03595528798057,2258) (94.03595528798051,2258) (94.03595528798051,2284) (95.03595528798046,2284) (95.03595528798046,2310) (96.0359552879804,2310) (96.0359552879804,2336) (97.03595528798033,2336) (97.03595528798033,2362) (98.03595528798026,2362) (98.03595528798026,2388) (99.0359552879802,2388) (99.0359552879802,2414) (100.0359552879801,2414) (100.0359552879801,2440) (101.0359552879801,2440) (101.0359552879801,2466) (102.03595528798,2466) (102.03595528798,2492) (103.03595528798,2492) (103.03595528798,2518) (104.0359552879799,2518) (104.0359552879799,2544) (105.0359552879799,2544) (105.0359552879799,2570) (106.0359552879798,2570) (106.0359552879798,2596) (107.0359552879797,2596) (107.0359552879797,2622) (108.0359552879797,2622) (108.0359552879797,2648) (109.0359552879796,2648) (109.0359552879796,2674) (110.0359552879796,2674) (110.0359552879796,2700) (111.0359552879795,2700) (111.0359552879795,2726) (112.0359552879795,2726) (112.0359552879795,2752) (113.0359552879794,2752) (113.0359552879794,2778) (114.0359552879793,2778) (114.0359552879793,2804) (115.0359552879793,2804) (115.0359552879793,2830) (116.0359552879792,2830) (116.0359552879792,2856) (117.0359552879792,2856) (117.0359552879792,2882) (118.0359552879791,2882) (118.0359552879791,2908) (119.0359552879791,2908) (119.0359552879791,2934) (120.035955287979,2934) (120.035955287979,2960) (121.035955287979,2960) (121.035955287979,2986) (122.0359552879789,2986) (122.0359552879789,3012) (123.0359552879788,3012) (123.0359552879788,3038) (124.0359552879788,3038) (124.0359552879788,3088.5) (125.0359552879787,3088.5) (125.0359552879787,3114.5) (126.0359552879787,3114.5) (126.0359552879787,3140.5) (127.0359552879786,3140.5) (127.0359552879786,3166.5) (128.0359552879785,3166.5) (128.0359552879785,3192.5) (129.0359552879786,3192.5) (129.0359552879786,3218.5) (130.0359552879787,3218.5) (130.0359552879787,3244.5) (131.0359552879787,3244.5) (131.0359552879787,3270.5) (132.0359552879788,3270.5) (132.0359552879788,3296.5) (133.0359552879788,3296.5) (133.0359552879788,3322.5) (134.0359552879789,3322.5) (134.0359552879789,3348.5) (135.0359552879789,3348.5) (135.0359552879789,3374.5) (136.035955287979,3374.5) (136.035955287979,3400.5) (137.035955287979,3400.5) (137.035955287979,3426.5) (138.0359552879791,3426.5) (138.0359552879791,3452.5) (139.0359552879792,3452.5) (139.0359552879792,3478.5) (140.0359552879792,3478.5) (140.0359552879792,3504.5) (141.0359552879793,3504.5) (141.0359552879793,3530.5) (142.0359552879793,3530.5) (142.0359552879793,3556.5) (143.0359552879794,3556.5) (143.0359552879794,3582.5) (144.0359552879794,3582.5) (144.0359552879794,3608.5) (145.0359552879795,3608.5) (145.0359552879795,3634.5) (146.0359552879796,3634.5) (146.0359552879796,3660.5) (147.0359552879796,3660.5) (147.0359552879796,3686.5) (148.0359552879797,3686.5) (148.0359552879797,3712.5) (149.0359552879797,3712.5) (149.0359552879797,3738.5) (150.0359552879798,3738.5) (150.0359552879798,3764.5) (151.0359552879798,3764.5) (151.0359552879798,3790.5) (152.0359552879799,3790.5) (152.0359552879799,3816.5) (153.03595528798,3816.5) (153.03595528798,3842.5) (154.03595528798,3842.5) (154.03595528798,3868.5) (155.0359552879801,3868.5) (155.0359552879801,3894.5) (156.0359552879801,3894.5) (156.0359552879801,3920.5) (157.0359552879802,3920.5) (157.0359552879802,3946.5) (158.0359552879802,3946.5) (158.0359552879802,3972.5) (159.0359552879803,3972.5) (159.0359552879803,3998.5) (160.0359552879804,3998.5) (160.0359552879804,4024.5) (161.0359552879804,4024.5) (161.0359552879804,4050.5) (162.0359552879805,4050.5) (162.0359552879805,4076.5) (163.0359552879805,4076.5) (163.0359552879805,4102.5) (164.0359552879806,4102.5) (164.0359552879806,4128.5) (165.0359552879806,4128.5) (165.0359552879806,4154.5) (166.0359552879807,4154.5) (166.0359552879807,4180.5) (167.0359552879808,4180.5) (167.0359552879808,4206.5) (168.0359552879808,4206.5) (168.0359552879808,4232.5) (169.0359552879809,4232.5) (169.0359552879809,4258.5) (170.0359552879809,4258.5) (170.0359552879809,4284.5) (171.035955287981,4284.5) (171.035955287981,4310.5) (172.035955287981,4310.5) (172.035955287981,4336.5) (173.0359552879811,4336.5) (173.0359552879811,4362.5) (174.0359552879812,4362.5) (174.0359552879812,4388.5) (175.0359552879812,4388.5) (175.0359552879812,4416.265463717128) (176.0359552879813,4416.265463717128) (176.0359552879813,4415.530927434256) (177.0359552879814,4415.530927434256) (177.0359552879814,4414.796391151384) (178.0359552879814,4414.796391151384) (178.0359552879814,4414.061854868512) (179.0359552879815,4414.061854868512) (179.0359552879815,4413.327318585641) (180.0359552879816,4413.327318585641) (180.0359552879816,4412.592782302769) (181.0359552879817,4412.592782302769) (181.0359552879817,4411.858246019897) (182.0359552879817,4411.858246019897) (182.0359552879817,4411.123709737025) (183.0359552879818,4411.123709737025) (183.0359552879818,4410.389173454153) (184.0359552879819,4410.389173454153) (184.0359552879819,4409.654637171281) (185.0359552879819,4409.654637171281) (185.0359552879819,4408.920100888409) (186.035955287982,4408.920100888409) (186.035955287982,4408.185564605537) (187.035955287982,4408.185564605537) (187.035955287982,4407.451028322665) (188.0359552879821,4407.451028322665) (188.0359552879821,4406.716492039794) (189.0359552879822,4406.716492039794) (189.0359552879822,4405.981955756922) (190.0359552879823,4405.981955756922) (190.0359552879823,4405.24741947405) (191.0359552879824,4405.24741947405) (191.0359552879824,4404.512883191178) (192.0359552879825,4404.512883191178) (192.0359552879825,4403.778346908306) (193.0359552879825,4403.778346908306) (193.0359552879825,4403.043810625434) (194.0359552879826,4403.043810625434) (194.0359552879826,4402.309274342562) (195.0359552879827,4402.309274342562) (195.0359552879827,4401.57473805969) (196.0359552879828,4401.57473805969) (196.0359552879828,4400.840201776819) (700,4400.840201776819)
humanPositionY[0]:
[0]: (0,0) (0,163.5) (1,163.5) (1,188.9679078844919) (12.03595528798176,188.9679078844919) (12.03595528798176,188.479046668909) (13.03595528798176,188.479046668909) (13.03595528798176,187.9901854533261) (14.03595528798176,187.9901854533261) (14.03595528798176,187.5013242377432) (15.03595528798176,187.5013242377432) (15.03595528798176,187.0124630221603) (16.03595528798176,187.0124630221603) (16.03595528798176,186.5236018065774) (17.03595528798175,186.5236018065774) (17.03595528798175,186.0347405909945) (18.03595528798176,186.0347405909945) (18.03595528798176,185.5458793754117) (19.03595528798175,185.5458793754117) (19.03595528798175,185.0570181598288) (20.03595528798176,185.0570181598288) (20.03595528798176,184.5681569442459) (21.03595528798175,184.5681569442459) (21.03595528798175,184.079295728663) (22.03595528798174,184.079295728663) (22.03595528798174,183.5904345130801) (23.03595528798173,183.5904345130801) (23.03595528798173,183.1015732974972) (24.03595528798173,183.1015732974972) (24.03595528798173,182.6127120819143) (25.03595528798172,182.6127120819143) (25.03595528798172,182.1238508663315) (26.03595528798171,182.1238508663315) (26.03595528798171,181.6349896507486) (27.0359552879817,181.6349896507486) (27.0359552879817,181.1461284351657) (28.03595528798169,181.1461284351657) (28.03595528798169,180.6572672195828) (29.03595528798169,180.6572672195828) (29.03595528798169,180.1684060039999) (30.03595528798168,180.1684060039999) (30.03595528798168,179.679544788417) (31.03595528798167,179.679544788417) (31.03595528798167,179.1906835728341) (32.03595528798166,179.1906835728341) (32.03595528798166,178.7018223572512) (33.03595528798166,178.7018223572512) (33.03595528798166,178.2129611416684) (34.03595528798166,178.2129611416684) (34.03595528798166,177.7240999260855) (35.03595528798166,177.7240999260855) (35.03595528798166,177.2352387105026) (36.03595528798166,177.2352387105026) (36.03595528798166,176.7463774949197) (37.03595528798165,176.7463774949197) (37.03595528798165,176.2575162793368) (38.03595528798164,176.2575162793368) (38.03595528798164,175.7686550637539) (39.03595528798164,175.7686550637539) (39.03595528798164,175.279793848171) (40.03595528798163,175.279793848171) (40.03595528798163,174.7909326325882) (41.03595528798162,174.7909326325882) (41.03595528798162,174.3020714170053) (42.03595528798162,174.3020714170053) (42.03595528798162,173.8132102014224) (43.03595528798162,173.8132102014224) (43.03595528798162,173.3243489858395) (44.03595528798162,173.3243489858395) (44.03595528798162,172.8354877702566) (45.03595528798162,172.8354877702566) (45.03595528798162,172.3466265546737) (46.03595528798161,172.3466265546737) (46.03595528798161,171.8577653390908) (47.03595528798161,171.8577653390908) (47.03595528798161,171.3689041235079) (48.0359552879816,171.3689041235079) (48.0359552879816,170.8800429079251) (49.03595528798159,170.8800429079251) (49.03595528798159,170.3911816923422) (50.03595528798159,170.3911816923422) (50.03595528798159,169.9023204767593) (51.03595528798158,169.9023204767593) (51.03595528798158,169.4134592611764) (52.03595528798158,169.4134592611764) (52.03595528798158,168.9245980455935) (53.03595528798158,168.9245980455935) (53.03595528798158,168.4357368300106) (54.03595528798158,168.4357368300106) (54.03595528798158,167.9468756144277) (55.03595528798158,167.9468756144277) (55.03595528798158,167.4580143988449) (56.03595528798157,167.4580143988449) (56.03595528798157,166.969153183262) (57.03595528798157,166.969153183262) (57.03595528798157,166.4802919676791) (58.03595528798156,166.4802919676791) (58.03595528798156,165.9914307520962) (59.03595528798155,165.9914307520962) (59.03595528798155,165.5025695365133) (60.03595528798154,165.5025695365133) (60.03595528798154,165.0137083209304) (61.03595528798154,165.0137083209304) (61.03595528798154,164.5248471053475) (62.03595528798154,164.5248471053475) (62.03595528798154,164.0359858897646) (63.03595528798154,164.0359858897646) (63.03595528798154,163.5) (175.0359552879812,163.5) (175.0359552879812,189.4896220913107) (176.0359552879813,189.4896220913107) (176.0359552879813,215.4792441826214) (177.0359552879814,215.4792441826214) (177.0359552879814,241.4688662739321) (178.0359552879814,241.4688662739321) (178.0359552879814,267.4584883652428) (179.0359552879815,267.4584883652428) (179.0359552879815,293.4481104565535) (180.0359552879816,293.4481104565535) (180.0359552879816,319.4377325478642) (181.0359552879817,319.4377325478642) (181.0359552879817,345.427354639175) (182.0359552879817,345.427354639175) (182.0359552879817,371.4169767304857) (183.0359552879818,371.4169767304857) (183.0359552879818,397.4065988217964) (184.0359552879819,397.4065988217964) (184.0359552879819,423.3962209131071) (185.0359552879819,423.3962209131071) (185.0359552879819,449.3858430044178) (186.035955287982,449.3858430044178) (186.035955287982,475.3754650957285) (187.035955287982,475.3754650957285) (187.035955287982,501.3650871870392) (188.0359552879821,501.3650871870392) (188.0359552879821,527.3547092783499) (189.0359552879822,527.3547092783499) (189.0359552879822,553.3443313696606) (190.0359552879823,553.3443313696606) (190.0359552879823,579.3339534609713) (191.0359552879824,579.3339534609713) (191.0359552879824,605.323575552282) (192.0359552879825,605.323575552282) (192.0359552879825,631.3131976435927) (193.0359552879825,631.3131976435927) (193.0359552879825,657.3028197349034) (194.0359552879826,657.3028197349034) (194.0359552879826,683.2924418262141) (195.0359552879827,683.2924418262141) (195.0359552879827,709.2820639175249) (196.0359552879828,709.2820639175249) (196.0359552879828,735.2716860088356) (700,735.2716860088356)
robPositionX[0]:
[0]: (0,0) (0,92.5) (2,92.5) (2,97.73313175708738) (14.03595528798176,97.73313175708738) (14.03595528798176,123.7285354798977) (15.03595528798176,123.7285354798977) (15.03595528798176,149.723939202708) (16.03595528798176,149.723939202708) (16.03595528798176,175.7193429255182) (17.054758750465,175.7193429255182) (17.054758750465,201.7147466483285) (18.054758750465,201.7147466483285) (18.054758750465,227.7101503711388) (19.054758750465,227.7101503711388) (19.054758750465,253.7055540939491) (20.054758750465,253.7055540939491) (20.054758750465,279.7009578167594) (21.05475875046499,279.7009578167594) (21.05475875046499,305.6963615395697) (22.05475875046498,305.6963615395697) (22.05475875046498,331.69176526238) (23.05475875046498,331.69176526238) (23.05475875046498,357.6871689851903) (24.05475875046497,357.6871689851903) (24.05475875046497,383.6825727080006) (25.05475875046496,383.6825727080006) (25.05475875046496,409.6779764308109) (26.05475875046496,409.6779764308109) (26.05475875046496,435.6733801536212) (27.05475875046495,435.6733801536212) (27.05475875046495,461.6687838764315) (28.05475875046494,461.6687838764315) (28.05475875046494,487.6641875992418) (29.05475875046493,487.6641875992418) (29.05475875046493,513.6595913220521) (30.05475875046493,513.6595913220521) (30.05475875046493,539.6549950448623) (31.05475875046492,539.6549950448623) (31.05475875046492,565.6503987676725) (32.05475875046492,565.6503987676725) (32.05475875046492,591.6458024904828) (33.05475875046492,591.6458024904828) (33.05475875046492,617.641206213293) (34.05475875046492,617.641206213293) (34.05475875046492,643.6366099361032) (35.05475875046492,643.6366099361032) (35.05475875046492,669.6320136589135) (36.05475875046491,669.6320136589135) (36.05475875046491,695.6274173817237) (37.05475875046491,695.6274173817237) (37.05475875046491,721.622821104534) (38.0547587504649,721.622821104534) (38.0547587504649,747.6182248273442) (39.05475875046489,747.6182248273442) (39.05475875046489,773.6136285501544) (40.05475875046488,773.6136285501544) (40.05475875046488,799.6090322729647) (41.05475875046488,799.6090322729647) (41.05475875046488,825.6044359957749) (42.05475875046488,825.6044359957749) (42.05475875046488,851.5998397185851) (43.05475875046488,851.5998397185851) (43.05475875046488,877.5952434413954) (44.05475875046488,877.5952434413954) (44.05475875046488,903.5906471642056) (45.05475875046488,903.5906471642056) (45.05475875046488,929.5860508870159) (46.05475875046488,929.5860508870159) (46.05475875046488,955.5814546098261) (47.05475875046487,955.5814546098261) (47.05475875046487,981.5768583326363) (48.05475875046486,981.5768583326363) (48.05475875046486,1007.572262055447) (49.05475875046486,1007.572262055447) (49.05475875046486,1033.567665778257) (50.05475875046485,1033.567665778257) (50.05475875046485,1059.563069501067) (51.05475875046485,1059.563069501067) (51.05475875046485,1085.558473223878) (52.05475875046485,1085.558473223878) (52.05475875046485,1111.553876946688) (53.05475875046485,1111.553876946688) (53.05475875046485,1137.549280669498) (54.05475875046485,1137.549280669498) (54.05475875046485,1163.544684392309) (55.05475875046485,1163.544684392309) (55.05475875046485,1189.540088115119) (56.05475875046484,1189.540088115119) (56.05475875046484,1215.535491837929) (57.05475875046483,1215.535491837929) (57.05475875046483,1241.53089556074) (58.05475875046483,1241.53089556074) (58.05475875046483,1267.52629928355) (59.05475875046482,1267.52629928355) (59.05475875046482,1293.52170300636) (60.05475875046481,1293.52170300636) (60.05475875046481,1319.517106729171) (61.05475875046481,1319.517106729171) (61.05475875046481,1345.512510451981) (62.05475875046481,1345.512510451981) (62.05475875046481,1371.507914174791) (63.05475875046481,1371.507914174791) (63.05475875046481,1397.503317897602) (64.06748960732396,1397.503317897602) (64.06748960732396,1423.501210954746) (65.07610882500313,1423.501210954746) (65.07610882500313,1449.500245178851) (66.08194426577103,1449.500245178851) (66.08194426577103,1475.499802499311) (67.08589499681929,1475.499802499311) (67.08589499681929,1501.499599591989) (68.08856972923942,1501.499599591989) (68.08856972923942,1527.499506587529) (69.09038058056164,1527.499506587529) (69.09038058056164,1553.499463958168) (70.09160656526983,1553.499463958168) (70.09160656526983,1579.49944441867) (71.09243658271978,1579.49944441867) (71.09243658271978,1605.499435462594) (72.09299852194951,1605.499435462594) (72.09299852194951,1631.49943135751) (73.09337896658282,1631.49943135751) (73.09337896658282,1657.499429475914) (74.09363653556601,1657.499429475914) (74.09363653556601,1683.499428613471) (75.09381091515962,1683.499428613471) (75.09381091515962,1709.499428218164) (76.09392897379392,1709.499428218164) (76.09392897379392,1735.499428036972) (77.0940089019613,1735.499428036972) (77.0940089019613,1761.499427953921) (78.0940630150024,1761.499427953921) (78.0940630150024,1787.499427915854) (79.09409965066405,1787.499427915854) (79.09409965066405,1813.499427898406) (80.09412445377549,1813.499427898406) (80.09412445377549,1839.499427890409) (81.09414124600235,1839.499427890409) (81.09414124600235,1865.499427886743) (82.09415261468011,1865.499427886743) (82.09415261468011,1891.499427885063) (83.09416031151567,1891.499427885063) (83.09416031151567,1917.499427884293) (84.09416552242844,1917.499427884293) (84.09416552242844,1943.499427883939) (85.09416905032353,1943.499427883939) (85.09416905032353,1969.499427883778) (86.0941714387895,1969.499427883778) (86.0941714387895,1995.499427883703) (87.09417305582292,1995.499427883703) (87.09417305582292,2021.499427883669) (88.09417415062731,2021.499427883669) (88.09417415062731,2047.499427883654) (89.09417489180089,2047.499427883654) (89.09417489180089,2073.499427883647) (90.09417539359619,2073.499427883647) (90.09417539359619,2099.499427883643) (91.09417573339489,2099.499427883643) (91.09417573339489,2125.499427883642) (92.09417596376119,2125.499427883642) (92.09417596376119,2151.499427883641) (93.09417611861853,2151.499427883641) (93.09417611861853,2177.499427883641) (94.09417622292661,2177.499427883641) (94.09417622292661,2203.499427883641) (95.09417629592703,2203.499427883641) (95.09417629592703,2229.499427883641) (96.09417634534853,2229.499427883641) (96.09417634534853,2255.499427883641) (97.09417637866846,2255.499427883641) (97.09417637866846,2281.499427883641) (98.09417639974183,2281.499427883641) (98.09417639974183,2307.499427883641) (99.09417639974177,2307.499427883641) (99.09417639974177,2333.499427883641) (100.0941763997417,2333.499427883641) (100.0941763997417,2359.499427883641) (101.0941763997417,2359.499427883641) (101.0941763997417,2385.499427883641) (102.0941763997416,2385.499427883641) (102.0941763997416,2411.499427883641) (103.0941763997415,2411.499427883641) (103.0941763997415,2437.499427883641) (104.0941763997415,2437.499427883641) (104.0941763997415,2463.499427883641) (105.0941763997414,2463.499427883641) (105.0941763997414,2489.499427883641) (106.0941763997414,2489.499427883641) (106.0941763997414,2515.499427883641) (107.0941763997413,2515.499427883641) (107.0941763997413,2541.499427883641) (108.0941763997413,2541.499427883641) (108.0941763997413,2567.499427883641) (109.0941763997412,2567.499427883641) (109.0941763997412,2593.499427883641) (110.0941763997411,2593.499427883641) (110.0941763997411,2619.499427883641) (111.0941763997411,2619.499427883641) (111.0941763997411,2645.499427883641) (112.094176399741,2645.499427883641) (112.094176399741,2671.499427883641) (113.094176399741,2671.499427883641) (113.094176399741,2697.499427883641) (114.0941763997409,2697.499427883641) (114.0941763997409,2723.499427883641) (115.0941763997409,2723.499427883641) (115.0941763997409,2749.499427883641) (116.0941763997408,2749.499427883641) (116.0941763997408,2775.499427883641) (117.0941763997407,2775.499427883641) (117.0941763997407,2801.499427883641) (118.0941763997407,2801.499427883641) (118.0941763997407,2827.499427883641) (119.0941763997406,2827.499427883641) (119.0941763997406,2853.499427883641) (120.0941763997406,2853.499427883641) (120.0941763997406,2879.499427883641) (121.0941763997405,2879.499427883641) (121.0941763997405,2905.499427883641) (122.0941763997405,2905.499427883641) (122.0941763997405,2931.499427883641) (123.0941763997404,2931.499427883641) (123.0941763997404,2957.499427883641) (124.0941763997403,2957.499427883641) (124.0941763997403,2983.499427883641) (125.0941763997403,2983.499427883641) (125.0941763997403,3009.499427883641) (126.0941763997402,3009.499427883641) (126.0941763997402,3035.499427883641) (127.0941763997402,3035.499427883641) (127.0941763997402,3061.499427883641) (128.0941763997401,3061.499427883641) (128.0941763997401,3087.499427883641) (129.0941763997401,3087.499427883641) (129.0941763997401,3113.499427883641) (130.0941763997402,3113.499427883641) (130.0941763997402,3139.499427883641) (131.0941763997403,3139.499427883641) (131.0941763997403,3165.499427883641) (132.0941763997403,3165.499427883641) (132.0941763997403,3191.499427883641) (133.0941763997404,3191.499427883641) (133.0941763997404,3217.499427883641) (134.0941763997404,3217.499427883641) (134.0941763997404,3243.499427883641) (135.0941763997405,3243.499427883641) (135.0941763997405,3269.499427883641) (136.0941763997405,3269.499427883641) (136.0941763997405,3295.499427883641) (137.0941763997406,3295.499427883641) (137.0941763997406,3321.499427883641) (138.0941763997407,3321.499427883641) (138.0941763997407,3347.499427883641) (139.0941763997407,3347.499427883641) (139.0941763997407,3373.499427883641) (140.0941763997408,3373.499427883641) (140.0941763997408,3399.499427883641) (141.0941763997408,3399.499427883641) (141.0941763997408,3425.499427883641) (142.0941763997409,3425.499427883641) (142.0941763997409,3451.499427883641) (143.0941763997409,3451.499427883641) (143.0941763997409,3477.499427883641) (144.094176399741,3477.499427883641) (144.094176399741,3503.499427883641) (145.0941763997411,3503.499427883641) (145.0941763997411,3529.499427883641) (146.0941763997411,3529.499427883641) (146.0941763997411,3555.499427883641) (147.0941763997412,3555.499427883641) (147.0941763997412,3581.499427883641) (148.0941763997412,3581.499427883641) (148.0941763997412,3607.499427883641) (149.0941763997413,3607.499427883641) (149.0941763997413,3633.499427883641) (150.0941763997413,3633.499427883641) (150.0941763997413,3659.499427883641) (151.0941763997414,3659.499427883641) (151.0941763997414,3685.499427883641) (152.0941763997415,3685.499427883641) (152.0941763997415,3711.499427883641) (153.0941763997415,3711.499427883641) (153.0941763997415,3737.499427883641) (154.0941763997416,3737.499427883641) (154.0941763997416,3763.499427883641) (155.0941763997416,3763.499427883641) (155.0941763997416,3789.499427883641) (156.0941763997417,3789.499427883641) (156.0941763997417,3815.499427883641) (157.0941763997417,3815.499427883641) (157.0941763997417,3841.499427883641) (158.0941763997418,3841.499427883641) (158.0941763997418,3867.499427883641) (159.0941763997419,3867.499427883641) (159.0941763997419,3893.499427883641) (160.0941763997419,3893.499427883641) (160.0941763997419,3919.499427883641) (161.094176399742,3919.499427883641) (161.094176399742,3945.499427883641) (162.094176399742,3945.499427883641) (162.094176399742,3971.499427883641) (163.0941763997421,3971.499427883641) (163.0941763997421,3997.499427883641) (164.0941763997421,3997.499427883641) (164.0941763997421,4023.499427883641) (165.0941763997422,4023.499427883641) (165.0941763997422,4049.499427883641) (166.0941763997423,4049.499427883641) (166.0941763997423,4075.499427883641) (167.0941763997423,4075.499427883641) (167.0941763997423,4101.49942788364) (168.0941763997424,4101.49942788364) (168.0941763997424,4127.49942788364) (169.0941763997424,4127.49942788364) (169.0941763997424,4153.49942788364) (170.0941763997425,4153.49942788364) (170.0941763997425,4179.49942788364) (171.0941763997425,4179.49942788364) (171.0941763997425,4205.49942788364) (172.0941763997426,4205.49942788364) (172.0941763997426,4231.49942788364) (173.0941763997427,4231.49942788364) (173.0941763997427,4257.49942788364) (174.0941763997427,4257.49942788364) (174.0941763997427,4283.49942788364) (175.0941763997428,4283.49942788364) (175.0941763997428,4309.49942788364) (176.3329581954977,4309.49942788364) (176.3329581954977,4334.761725317672) (177.8490742924112,4334.761725317672) (177.8490742924112,4357.375029374853) (179.6479314715846,4357.375029374853) (179.6479314715846,4371.80338971305) (181.7836391148782,4371.80338971305) (181.7836391148782,4380.472858151295) (184.0919375737828,4380.472858151295) (184.0919375737828,4385.010512952947) (186.518077621529,4385.010512952947) (186.518077621529,4388.172157803916) (188.9867788495517,4388.172157803916) (188.9867788495517,4390.428283375573) (191.4841458850797,4390.428283375573) (191.4841458850797,4391.835488330516) (194.0086110475325,4391.835488330516) (194.0086110475325,4392.871718959358) (196.5454488856543,4392.871718959358) (196.5454488856543,4393.515439372457) (199.0954041057306,4393.515439372457) (199.0954041057306,4394.057268921059) (201.6453593258068,4394.057268921059) (201.6453593258068,4394.599098469662) (204.195314545883,4394.599098469662) (204.195314545883,4395.140928018264) (206.7452697659592,4395.140928018264) (206.7452697659592,4395.682757566867) (209.2952249860354,4395.682757566867) (209.2952249860354,4396.224587115469) (211.8451802061116,4396.224587115469) (211.8451802061116,4396.766416664072) (214.3951354261878,4396.766416664072) (214.3951354261878,4397.308246212675) (216.945090646264,4397.308246212675) (216.945090646264,4397.850075761278) (219.4950458663402,4397.850075761278) (219.4950458663402,4398.391905309881) (222.0450010864165,4398.391905309881) (222.0450010864165,4398.933734858484) (224.5949563064927,4398.933734858484) (224.5949563064927,4399.475564407086) (227.1449115265689,4399.475564407086) (227.1449115265689,4400.01739395569) (229.6948667466451,4400.01739395569) (229.6948667466451,4400.559223504292) (232.2448219667213,4400.559223504292) (232.2448219667213,4400.840201776819) (700,4400.840201776819)
robPositionY[0]:
[0]: (0,0) (0,163.5) (2,163.5) (2,188.9679078844919) (14.03595528798176,188.9679078844919) (14.03595528798176,188.479046668909) (15.03595528798176,188.479046668909) (15.03595528798176,187.9901854533261) (16.03595528798176,187.9901854533261) (16.03595528798176,187.5013242377433) (17.054758750465,187.5013242377433) (17.054758750465,187.0124630221605) (18.054758750465,187.0124630221605) (18.054758750465,186.5236018065776) (19.054758750465,186.5236018065776) (19.054758750465,186.0347405909947) (20.054758750465,186.0347405909947) (20.054758750465,185.5458793754118) (21.05475875046499,185.5458793754118) (21.05475875046499,185.0570181598289) (22.05475875046498,185.0570181598289) (22.05475875046498,184.568156944246) (23.05475875046498,184.568156944246) (23.05475875046498,184.0792957286631) (24.05475875046497,184.0792957286631) (24.05475875046497,183.5904345130803) (25.05475875046496,183.5904345130803) (25.05475875046496,183.1015732974974) (26.05475875046496,183.1015732974974) (26.05475875046496,182.6127120819145) (27.05475875046495,182.6127120819145) (27.05475875046495,182.1238508663316) (28.05475875046494,182.1238508663316) (28.05475875046494,181.6349896507487) (29.05475875046493,181.6349896507487) (29.05475875046493,181.1461284351658) (30.05475875046493,181.1461284351658) (30.05475875046493,180.6572672195829) (31.05475875046492,180.6572672195829) (31.05475875046492,180.168406004) (32.05475875046492,180.168406004) (32.05475875046492,179.6795447884172) (33.05475875046492,179.6795447884172) (33.05475875046492,179.1906835728343) (34.05475875046492,179.1906835728343) (34.05475875046492,178.7018223572514) (35.05475875046492,178.7018223572514) (35.05475875046492,178.2129611416685) (36.05475875046491,178.2129611416685) (36.05475875046491,177.7240999260856) (37.05475875046491,177.7240999260856) (37.05475875046491,177.2352387105027) (38.0547587504649,177.2352387105027) (38.0547587504649,176.7463774949198) (39.05475875046489,176.7463774949198) (39.05475875046489,176.257516279337) (40.05475875046488,176.257516279337) (40.05475875046488,175.7686550637541) (41.05475875046488,175.7686550637541) (41.05475875046488,175.2797938481712) (42.05475875046488,175.2797938481712) (42.05475875046488,174.7909326325883) (43.05475875046488,174.7909326325883) (43.05475875046488,174.3020714170054) (44.05475875046488,174.3020714170054) (44.05475875046488,173.8132102014225) (45.05475875046488,173.8132102014225) (45.05475875046488,173.3243489858396) (46.05475875046488,173.3243489858396) (46.05475875046488,172.8354877702567) (47.05475875046487,172.8354877702567) (47.05475875046487,172.3466265546739) (48.05475875046486,172.3466265546739) (48.05475875046486,171.857765339091) (49.05475875046486,171.857765339091) (49.05475875046486,171.3689041235081) (50.05475875046485,171.3689041235081) (50.05475875046485,170.8800429079252) (51.05475875046485,170.8800429079252) (51.05475875046485,170.3911816923423) (52.05475875046485,170.3911816923423) (52.05475875046485,169.9023204767594) (53.05475875046485,169.9023204767594) (53.05475875046485,169.4134592611765) (54.05475875046485,169.4134592611765) (54.05475875046485,168.9245980455937) (55.05475875046485,168.9245980455937) (55.05475875046485,168.4357368300108) (56.05475875046484,168.4357368300108) (56.05475875046484,167.9468756144279) (57.05475875046483,167.9468756144279) (57.05475875046483,167.458014398845) (58.05475875046483,167.458014398845) (58.05475875046483,166.9691531832621) (59.05475875046482,166.9691531832621) (59.05475875046482,166.4802919676792) (60.05475875046481,166.4802919676792) (60.05475875046481,165.9914307520963) (61.05475875046481,165.9914307520963) (61.05475875046481,165.5025695365134) (62.05475875046481,165.5025695365134) (62.05475875046481,165.0137083209306) (63.05475875046481,165.0137083209306) (63.05475875046481,164.5248471053477) (64.06748960732396,164.5248471053477) (64.06748960732396,164.1938537681208) (65.07610882500313,164.1938537681208) (65.07610882500313,163.969756883213) (66.08194426577103,163.969756883213) (66.08194426577103,163.8180362843253) (67.08589499681929,163.8180362843253) (67.08589499681929,163.7153175442811) (68.08856972923942,163.7153175442811) (68.08856972923942,163.6457745842783) (69.09038058056164,163.6457745842783) (69.09038058056164,163.5986924756321) (70.09160656526983,163.5986924756321) (70.09160656526983,163.566816881204) (71.09243658271978,163.566816881204) (71.09243658271978,163.545236429983) (72.09299852194951,163.545236429983) (72.09299852194951,163.5306260107791) (73.09337896658282,163.5306260107791) (73.09337896658282,163.5207344505516) (74.09363653556601,163.5207344505516) (74.09363653556601,163.5140376570627) (75.09381091515962,163.5140376570627) (75.09381091515962,163.5095037876518) (76.09392897379392,163.5095037876518) (76.09392897379392,163.5064342631685) (77.0940089019613,163.5064342631685) (77.0940089019613,163.5043561308182) (78.0940630150024,163.5043561308182) (78.0940630150024,163.5029491917491) (79.09409965066405,163.5029491917491) (79.09409965066405,163.5019966645455) (80.09412445377549,163.5019966645455) (80.09412445377549,163.5013517836466) (81.09414124600235,163.5013517836466) (81.09414124600235,163.5009151857469) (82.09415261468011,163.5009151857469) (82.09415261468011,163.5006196001235) (83.09416031151567,163.5006196001235) (83.09416031151567,163.5004194823974) (84.09416552242844,163.5004194823974) (84.09416552242844,163.5002839986634) (85.09416905032353,163.5002839986634) (85.09416905032353,163.5001922733894) (86.0941714387895,163.5001922733894) (86.0941714387895,163.5001301732726) (87.09417305582292,163.5001301732726) (87.09417305582292,163.5000881304022) (88.09417415062731,163.5000881304022) (88.09417415062731,163.5000596654866) (89.09417489180089,163.5000596654866) (89.09417489180089,163.5000403949721) (90.09417539359619,163.5000403949721) (90.09417539359619,163.5000273482928) (91.09417573339489,163.5000273482928) (91.09417573339489,163.5000185135251) (92.09417596376119,163.5000185135251) (92.09417596376119,163.5000125239997) (93.09417611861853,163.5000125239997) (93.09417611861853,163.5000084977071) (94.09417622292661,163.5000084977071) (94.09417622292661,163.5000057856957) (95.09417629592703,163.5000057856957) (95.09417629592703,163.5000038876832) (96.09417634534853,163.5000038876832) (96.09417634534853,163.5000026027226) (97.09417637866846,163.5000026027226) (97.09417637866846,163.5000017364024) (98.09417639974183,163.5000017364024) (98.09417639974183,163.5000011884933) (99.09417639974177,163.5000011884933) (99.09417639974177,163.5000006405843) (176.3329581954977,163.5000006405843) (176.3329581954977,169.6494988603188) (177.8490742924112,169.6494988603188) (177.8490742924112,182.4806515605829) (179.6479314715846,182.4806515605829) (179.6479314715846,204.1098544573876) (181.7836391148782,204.1098544573876) (181.7836391148782,228.6218987825405) (184.0919375737828,228.6218987825405) (184.0919375737828,254.2228692504944) (186.518077621529,254.2228692504944) (186.518077621529,280.0299225855101) (188.9867788495517,280.0299225855101) (188.9867788495517,305.9318510350467) (191.4841458850797,305.9318510350467) (191.4841458850797,331.8937418408948) (194.0086110475325,331.8937418408948) (194.0086110475325,357.873084135954) (196.5454488856543,357.873084135954) (196.5454488856543,383.8651141457428) (199.0954041057306,383.8651141457428) (199.0954041057306,409.8594677776426) (201.6453593258068,409.8594677776426) (201.6453593258068,435.8538214095424) (204.195314545883,435.8538214095424) (204.195314545883,461.8481750414421) (206.7452697659592,461.8481750414421) (206.7452697659592,487.8425286733419) (209.2952249860354,487.8425286733419) (209.2952249860354,513.8368823052417) (211.8451802061116,513.8368823052417) (211.8451802061116,539.8312359371415) (214.3951354261878,539.8312359371415) (214.3951354261878,565.8255895690413) (216.945090646264,565.8255895690413) (216.945090646264,591.8199432009411) (219.4950458663402,591.8199432009411) (219.4950458663402,617.8142968328409) (222.0450010864165,617.8142968328409) (222.0450010864165,643.8086504647407) (224.5949563064927,643.8086504647407) (224.5949563064927,669.8030040966405) (227.1449115265689,669.8030040966405) (227.1449115265689,695.7973577285403) (229.6948667466451,695.7973577285403) (229.6948667466451,721.7917113604401) (232.2448219667213,721.7917113604401) (232.2448219667213,735.2716860088356) (700,735.2716860088356)
batteryCharge[0]:
[0]: (0,100) (700,100)
user_guided_transport.end:
[0]: (0,0) (234.2448219667205,0) (234.2448219667205,1) (700,1)
[2K
Verifying formula 5 at /nta/queries/query[5]/formula
 -- Formula: simulate[<=700]{robot_inventory[0][0], user_guided_transport.end*2}
[2K -- Formula is satisfied.
robot_inventory[0][0]:
[0]: (0,0) (10.62645795155876,0) (10.62645795155876,1) (700,1)
user_guided_transport.end * 2:
[0]: (0,0) (233.854128092783,0) (233.854128092783,2) (700,2)
[2K
Verifying formula 6 at /nta/queries/query[6]/formula
 -- Formula: simulate[<=700]{bedroom[0], bedroom[1], kitchen[0], kitchen[1]}
[2K -- Formula is satisfied.
bedroom[0]:
[0]: (0,100) (700,100)
bedroom[1]:
[0]: (0,200) (700,200)
kitchen[0]:
[0]: (0,4400) (700,4400)
kitchen[1]:
[0]: (0,765) (700,765)
[2K
Verifying formula 7 at /nta/queries/query[7]/formula
 -- Formula: simulate[<=700]{rm_1.idle, rf_1.idle, rp_1.idle, rd_1.idle}
[2K -- Formula is satisfied.
rm_1.idle:
[0]: (0,0) (0,1) (0,0) (3,0) (3,1) (700,1)
rf_1.idle:
[0]: (0,0) (0,1) (10.62159673860061,1) (10.62159673860061,0) (232.8304634173417,0) (232.8304634173417,1) (700,1)
rp_1.idle:
[0]: (0,0) (0,1) (2,1) (2,0) (10.62159673860061,0) (10.62159673860061,1) (700,1)
rd_1.idle:
[0]: (0,0) (0,1) (700,1)
[2K
Verifying formula 8 at /nta/queries/query[8]/formula
 -- Formula: Pr[<=700](<>!rm_1.idle || !rf_1.idle || !rp_1.idle || !rd_1.idle)
[2K -- Formula is satisfied.
(72/72 runs) Pr(<> …) in [0.950056,1] (95% CI)
Values in [0,0] mean=0 steps=2.22045e-16: 72
[2K
Verifying formula 9 at /nta/queries/query[9]/formula
 -- Formula: Pr[<=700]([] (user_guided_transport.end imply (rm_1.idle && rf_1.idle && rp_1.idle && rd_1.idle)))
 -- Throughput: 611658 runs/sec, Load: 330 runs[K
[2K -- Formula is satisfied.
(72/72 runs) Pr([] …) in [0.950056,1] (95% CI)
[2K
Verifying formula 10 at /nta/queries/query[10]/formula
 -- Formula: Pr[<=700] (<> pow(humanPositionX[0] - kitchen[0], 2) + pow(humanPositionY[0] - kitchen[1], 2) <= 900 )
[2K -- Formula is satisfied.
(72/72 runs) Pr(<> …) in [0.950056,1] (95% CI)
Values in [192.044,196.921] mean=194.241 steps=0.541911: 12 10 6 12 4 6 9 6 7
[2K
Verifying formula 11 at /nta/queries/query[11]/formula
 -- Formula: Pr[<=700] (<> pow(humanPositionX[0] - bedroom[0], 2) + pow(humanPositionY[0] - bedroom[1], 2) <= 900 )
[2K -- Formula is satisfied.
(72/72 runs) Pr(<> …) in [0.950056,1] (95% CI)
Values in [1,1] mean=1 steps=2.22045e-16: 72
[2K
Verifying formula 12 at /nta/queries/query[12]/formula
 -- Formula: Pr[<=700] (<> pow(robPositionX[0] - bedroom[0], 2) + pow(robPositionY[0] - bedroom[1], 2) <= 900 )
[2K -- Formula is satisfied.
(72/72 runs) Pr(<> …) in [0.950056,1] (95% CI)
Values in [2,2] mean=2 steps=2.22045e-16: 72
[2K
Verifying formula 13 at /nta/queries/query[13]/formula
 -- Formula: Pr[<=700] (<> !isValidPosition(humanPositionX[0], humanPositionY[0]))
[2K -- Formula is satisfied.
(72/72 runs) Pr(<> …) in [0.950056,1] (95% CI)
Values in [0,0] mean=0 steps=2.22045e-16: 72
[2K
Verifying formula 14 at /nta/queries/query[14]/formula
 -- Formula: Pr[<=700] (<> !isValidPosition(robPositionX[0], robPositionY[0]))
[2K -- Formula is satisfied.
(72/72 runs) Pr(<> …) in [0.950056,1] (95% CI)
Values in [0,0] mean=0 steps=2.22045e-16: 72
[2K
Verifying formula 15 at /nta/queries/query[15]/formula
 -- Formula: Pr[<=700] (<> currP > 2)
 -- Throughput: 615287 runs/sec, Load: 330 runs[K
[2K -- Formula is satisfied.
(0/72 runs) Pr(<> …) in [0,0.0499441] (95% CI)
