Options for the verification:
  Generating no trace
  Search order is breadth first
  Using conservative space optimisation
  Seed is 1784917802
  State space representation uses minimal constraint systems with future testing
  Using HashMap + Compress integers for discrete state storage
[2K
Verifying formula 1 at /nta/queries/query[1]/formula
 -- Formula: simulate[<=700]{user_guided_transport_robot1_def.s1_start, user_guided_transport_robot1_def.s1_end, user_guided_transport_robot1_def.s2_start, user_guided_transport_robot1_def.s2_end, user_guided_transport_robot1_def.s3_start, user_guided_transport_robot1_def.s3_end, user_guided_transport.end}
[2K -- Formula is satisfied.
user_guided_transport_robot1_def.s1_start:
[0]: (0,0) (0,1) (0,0) (700,0)
user_guided_transport_robot1_def.s1_end:
[0]: (0,0) (2,0) (2,1) (2,0) (700,0)
user_guided_transport_robot1_def.s2_start:
[0]: (0,0) (2,0) (2,1) (2,0) (700,0)
user_guided_transport_robot1_def.s2_end:
[0]: (0,0) (10.17909115316115,0) (10.17909115316115,1) (10.17909115316115,0) (700,0)
user_guided_transport_robot1_def.s3_start:
[0]: (0,0) (10.17909115316115,0) (10.17909115316115,1) (10.17909115316115,0) (700,0)
user_guided_transport_robot1_def.s3_end:
[0]: (0,0) (200.7969460973888,0) (200.7969460973888,1) (200.7969460973888,0) (700,0)
user_guided_transport.end:
[0]: (0,0) (202.7969460973879,0) (202.7969460973879,1) (700,1)
[2K
Verifying formula 2 at /nta/queries/query[2]/formula
 -- Formula: simulate[<=700]{user_guided_transport_human1_def.s1_start, user_guided_transport_human1_def.s1_end, user_guided_transport_human1_def.s2_start, user_guided_transport_human1_def.s2_idle, user_guided_transport_human1_def.s3_start, user_guided_transport_human1_def.s3_end, user_guided_transport.end}
[2K -- Formula is satisfied.
user_guided_transport_human1_def.s1_start:
[0]: (0,0) (0,1) (0,0) (700,0)
user_guided_transport_human1_def.s1_end:
[0]: (0,0) (1,0) (1,1) (2,1) (2,0) (700,0)
user_guided_transport_human1_def.s2_start:
[0]: (0,0) (2,0) (2,1) (2,0) (700,0)
user_guided_transport_human1_def.s2_idle:
[0]: (0,0) (2,0) (2,1) (10.36541239458048,1) (10.36541239458048,0) (700,0)
user_guided_transport_human1_def.s3_start:
[0]: (0,0) (10.36541239458048,0) (10.36541239458048,1) (10.36541239458048,0) (15.36541239458045,0) (15.36541239458045,1) (15.36541239458045,0) (20.36541239458043,0) (20.36541239458043,1) (20.36541239458043,0) (25.36541239458038,0) (25.36541239458038,1) (25.36541239458038,0) (30.36541239458033,0) (30.36541239458033,1) (30.36541239458033,0) (35.36541239458035,0) (35.36541239458035,1) (35.36541239458035,0) (40.36541239458046,0) (40.36541239458046,1) (40.36541239458046,0) (45.36541239458055,0) (45.36541239458055,1) (45.36541239458055,0) (50.36541239458056,0) (50.36541239458056,1) (50.36541239458056,0) (55.36541239458056,0) (55.36541239458056,1) (55.36541239458056,0) (60.36541239458056,0) (60.36541239458056,1) (60.36541239458056,0) (65.36541239458066,0) (65.36541239458066,1) (65.36541239458066,0) (70.36541239458101,0) (70.36541239458101,1) (70.36541239458101,0) (75.36541239458137,0) (75.36541239458137,1) (75.36541239458137,0) (80.36541239458172,0) (80.36541239458172,1) (80.36541239458172,0) (85.36541239458208,0) (85.36541239458208,1) (85.36541239458208,0) (90.36541239458244,0) (90.36541239458244,1) (90.36541239458244,0) (95.36541239458279,0) (95.36541239458279,1) (95.36541239458279,0) (100.3654123945831,0) (100.3654123945831,1) (100.3654123945831,0) (105.3654123945835,0) (105.3654123945835,1) (105.3654123945835,0) (110.3654123945839,0) (110.3654123945839,1) (110.3654123945839,0) (115.3654123945842,0) (115.3654123945842,1) (115.3654123945842,0) (120.3654123945846,0) (120.3654123945846,1) (120.3654123945846,0) (125.3654123945849,0) (125.3654123945849,1) (125.3654123945849,0) (130.3654123945852,0) (130.3654123945852,1) (130.3654123945852,0) (135.3654123945855,0) (135.3654123945855,1) (135.3654123945855,0) (140.3654123945858,0) (140.3654123945858,1) (140.3654123945858,0) (145.3654123945861,0) (145.3654123945861,1) (145.3654123945861,0) (150.3654123945864,0) (150.3654123945864,1) (150.3654123945864,0) (155.3654123945867,0) (155.3654123945867,1) (155.3654123945867,0) (160.3654123945869,0) (160.3654123945869,1) (160.3654123945869,0) (165.3654123945872,0) (165.3654123945872,1) (165.3654123945872,0) (170.3654123945875,0) (170.3654123945875,1) (170.3654123945875,0) (175.3654123945878,0) (175.3654123945878,1) (175.3654123945878,0) (180.3654123945881,0) (180.3654123945881,1) (180.3654123945881,0) (185.3654123945886,0) (185.3654123945886,1) (185.3654123945886,0) (190.365412394589,0) (190.365412394589,1) (190.365412394589,0) (700,0)
user_guided_transport_human1_def.s3_end:
[0]: (0,0) (195.3654123945894,0) (195.3654123945894,1) (200.9832673388147,1) (200.9832673388147,0) (700,0)
user_guided_transport.end:
[0]: (0,0) (202.9832673388138,0) (202.9832673388138,1) (700,1)
[2K
Verifying formula 3 at /nta/queries/query[3]/formula
 -- Formula: Pr[<=700] (<> user_guided_transport.end)
[2K -- Formula is satisfied.
(72/72 runs) Pr(<> …) in [0.950056,1] (95% CI)
Values in [199.687,204.468] mean=202.213 steps=0.531242: 8 2 8 7 14 10 10 6 7
[2K
Verifying formula 4 at /nta/queries/query[4]/formula
 -- Formula: simulate[<=700]{humanPositionX[0], humanPositionY[0], robPositionX[0], robPositionY[0], batteryCharge[0], user_guided_transport.end}
[2K -- Formula is satisfied.
humanPositionX[0]:
[0]: (0,0) (0,92.5) (1,92.5) (1,97.73313175708738) (10.73352212771184,97.73313175708738) (10.73352212771184,123.7285354798977) (11.73352212771184,123.7285354798977) (11.73352212771184,149.723939202708) (12.73352212771184,149.723939202708) (12.73352212771184,175.7193429255182) (13.73352212771183,175.7193429255182) (13.73352212771183,201.7147466483285) (14.73352212771183,201.7147466483285) (14.73352212771183,227.7101503711388) (15.73352212771183,227.7101503711388) (15.73352212771183,253.7055540939491) (16.73352212771184,253.7055540939491) (16.73352212771184,279.7009578167594) (17.73352212771184,279.7009578167594) (17.73352212771184,305.6963615395697) (18.73352212771184,305.6963615395697) (18.73352212771184,331.69176526238) (19.73352212771183,331.69176526238) (19.73352212771183,357.6871689851903) (20.73352212771183,357.6871689851903) (20.73352212771183,383.6825727080006) (21.73352212771182,383.6825727080006) (21.73352212771182,409.6779764308109) (22.73352212771181,409.6779764308109) (22.73352212771181,435.6733801536212) (23.7335221277118,435.6733801536212) (23.7335221277118,461.6687838764315) (24.73352212771179,461.6687838764315) (24.73352212771179,487.6641875992418) (25.73352212771179,487.6641875992418) (25.73352212771179,513.6595913220521) (26.73352212771178,513.6595913220521) (26.73352212771178,539.6549950448623) (27.73352212771177,539.6549950448623) (27.73352212771177,565.6503987676725) (28.73352212771177,565.6503987676725) (28.73352212771177,591.6458024904828) (29.73352212771175,591.6458024904828) (29.73352212771175,617.641206213293) (30.73352212771175,617.641206213293) (30.73352212771175,643.6366099361032) (31.73352212771174,643.6366099361032) (31.73352212771174,669.6320136589135) (32.73352212771176,669.6320136589135) (32.73352212771176,695.6274173817237) (33.73352212771179,695.6274173817237) (33.73352212771179,721.622821104534) (34.73352212771182,721.622821104534) (34.73352212771182,747.6182248273442) (35.73352212771184,747.6182248273442) (35.73352212771184,773.6136285501544) (36.73352212771187,773.6136285501544) (36.73352212771187,799.6090322729647) (37.7335221277119,799.6090322729647) (37.7335221277119,825.6044359957749) (38.73352212771193,825.6044359957749) (38.73352212771193,851.5998397185851) (39.73352212771196,851.5998397185851) (39.73352212771196,877.5952434413954) (40.73352212771199,877.5952434413954) (40.73352212771199,903.5906471642056) (41.73352212771201,903.5906471642056) (41.73352212771201,929.5860508870159) (42.73352212771204,929.5860508870159) (42.73352212771204,955.5814546098261) (43.73352212771207,955.5814546098261) (43.73352212771207,981.5768583326363) (44.73352212771209,981.5768583326363) (44.73352212771209,1007.572262055447) (45.73352212771211,1007.572262055447) (45.73352212771211,1033.567665778257) (46.73352212771212,1033.567665778257) (46.73352212771212,1059.563069501067) (47.73352212771213,1059.563069501067) (47.73352212771213,1085.558473223878) (48.73352212771215,1085.558473223878) (48.73352212771215,1111.553876946688) (49.73352212771216,1111.553876946688) (49.73352212771216,1137.549280669498) (50.73352212771218,1137.549280669498) (50.73352212771218,1163.544684392309) (51.73352212771221,1163.544684392309) (51.73352212771221,1189.540088115119) (52.73352212771223,1189.540088115119) (52.73352212771223,1215.535491837929) (53.73352212771225,1215.535491837929) (53.73352212771225,1241.53089556074) (54.73352212771226,1241.53089556074) (54.73352212771226,1267.52629928355) (55.73352212771228,1267.52629928355) (55.73352212771228,1293.52170300636) (56.73352212771229,1293.52170300636) (56.73352212771229,1319.517106729171) (57.73352212771231,1319.517106729171) (57.73352212771231,1345.512510451981) (58.73352212771232,1345.512510451981) (58.73352212771232,1371.507914174791) (59.73352212771233,1371.507914174791) (59.73352212771233,1397.503317897602) (60.73352212771236,1397.503317897602) (60.73352212771236,1423.498721620412) (61.73352212771238,1423.498721620412) (61.73352212771238,1478) (62.7335221277124,1478) (62.7335221277124,1504) (63.73352212771242,1504) (63.73352212771242,1530) (64.73352212771243,1530) (64.73352212771243,1556) (65.73352212771245,1556) (65.73352212771245,1582) (66.73352212771246,1582) (66.73352212771246,1608) (67.73352212771248,1608) (67.73352212771248,1634) (68.73352212771249,1634) (68.73352212771249,1660) (69.7335221277125,1660) (69.7335221277125,1686) (70.73352212771252,1686) (70.73352212771252,1712) (71.73352212771253,1712) (71.73352212771253,1738) (72.73352212771255,1738) (72.73352212771255,1764) (73.73352212771256,1764) (73.73352212771256,1790) (74.73352212771259,1790) (74.73352212771259,1816) (75.73352212771259,1816) (75.73352212771259,1842) (76.73352212771259,1842) (76.73352212771259,1868) (77.73352212771259,1868) (77.73352212771259,1894) (78.73352212771259,1894) (78.73352212771259,1920) (79.73352212771259,1920) (79.73352212771259,1946) (80.73352212771259,1946) (80.73352212771259,1972) (81.73352212771259,1972) (81.73352212771259,1998) (82.73352212771259,1998) (82.73352212771259,2024) (83.73352212771259,2024) (83.73352212771259,2050) (84.73352212771259,2050) (84.73352212771259,2076) (85.73352212771259,2076) (85.73352212771259,2102) (86.73352212771259,2102) (86.73352212771259,2128) (87.73352212771259,2128) (87.73352212771259,2154) (88.73352212771259,2154) (88.73352212771259,2180) (89.73352212771259,2180) (89.73352212771259,2206) (90.73352212771259,2206) (90.73352212771259,2232) (91.73352212771259,2232) (91.73352212771259,2258) (92.73352212771259,2258) (92.73352212771259,2284) (93.73352212771259,2284) (93.73352212771259,2310) (94.73352212771259,2310) (94.73352212771259,2336) (95.73352212771253,2336) (95.73352212771253,2362) (96.73352212771246,2362) (96.73352212771246,2388) (97.73352212771239,2388) (97.73352212771239,2414) (98.73352212771232,2414) (98.73352212771232,2440) (99.73352212771223,2440) (99.73352212771223,2466) (100.7335221277122,2466) (100.7335221277122,2492) (101.7335221277121,2492) (101.7335221277121,2518) (102.7335221277121,2518) (102.7335221277121,2544) (103.733522127712,2544) (103.733522127712,2570) (104.7335221277119,2570) (104.7335221277119,2596) (105.7335221277119,2596) (105.7335221277119,2622) (106.7335221277118,2622) (106.7335221277118,2648) (107.7335221277117,2648) (107.7335221277117,2674) (108.7335221277117,2674) (108.7335221277117,2700) (109.7335221277116,2700) (109.7335221277116,2726) (110.7335221277115,2726) (110.7335221277115,2752) (111.7335221277114,2752) (111.7335221277114,2778) (112.7335221277114,2778) (112.7335221277114,2804) (113.7335221277113,2804) (113.7335221277113,2830) (114.7335221277112,2830) (114.7335221277112,2856) (115.7335221277112,2856) (115.7335221277112,2882) (116.7335221277111,2882) (116.7335221277111,2908) (117.733522127711,2908) (117.733522127711,2934) (118.7335221277109,2934) (118.7335221277109,2960) (119.7335221277109,2960) (119.7335221277109,2986) (120.7335221277108,2986) (120.7335221277108,3012) (121.7335221277108,3012) (121.7335221277108,3038) (122.7335221277107,3038) (122.7335221277107,3088.5) (123.7335221277106,3088.5) (123.7335221277106,3114.5) (124.7335221277106,3114.5) (124.7335221277106,3140.5) (125.7335221277105,3140.5) (125.7335221277105,3166.5) (126.7335221277104,3166.5) (126.7335221277104,3192.5) (127.7335221277104,3192.5) (127.7335221277104,3218.5) (128.7335221277104,3218.5) (128.7335221277104,3244.5) (129.7335221277104,3244.5) (129.7335221277104,3270.5) (130.7335221277105,3270.5) (130.7335221277105,3296.5) (131.7335221277106,3296.5) (131.7335221277106,3322.5) (132.7335221277107,3322.5) (132.7335221277107,3348.5) (133.7335221277108,3348.5) (133.7335221277108,3374.5) (134.7335221277109,3374.5) (134.7335221277109,3400.5) (135.733522127711,3400.5) (135.733522127711,3426.5) (136.733522127711,3426.5) (136.733522127711,3452.5) (137.7335221277111,3452.5) (137.7335221277111,3478.5) (138.7335221277112,3478.5) (138.7335221277112,3504.5) (139.7335221277113,3504.5) (139.7335221277113,3530.5) (140.7335221277114,3530.5) (140.7335221277114,3556.5) (141.7335221277115,3556.5) (141.7335221277115,3582.5) (142.7335221277116,3582.5) (142.7335221277116,3608.5) (143.7335221277116,3608.5) (143.7335221277116,3634.5) (144.7335221277117,3634.5) (144.7335221277117,3660.5) (145.7335221277118,3660.5) (145.7335221277118,3686.5) (146.7335221277119,3686.5) (146.7335221277119,3712.5) (147.733522127712,3712.5) (147.733522127712,3738.5) (148.7335221277121,3738.5) (148.7335221277121,3764.5) (149.7335221277121,3764.5) (149.7335221277121,3790.5) (150.7335221277122,3790.5) (150.7335221277122,3816.5) (151.7335221277123,3816.5) (151.7335221277123,3842.5) (152.7335221277123,3842.5) (152.7335221277123,3868.5) (153.7335221277124,3868.5) (153.7335221277124,3894.5) (154.7335221277124,3894.5) (154.7335221277124,3920.5) (155.7335221277125,3920.5) (155.7335221277125,3946.5) (156.7335221277125,3946.5) (156.7335221277125,3972.5) (157.7335221277126,3972.5) (157.7335221277126,3998.5) (158.7335221277127,3998.5) (158.7335221277127,4024.5) (159.7335221277127,4024.5) (159.7335221277127,4050.5) (160.7335221277128,4050.5) (160.7335221277128,4076.5) (161.7335221277128,4076.5) (161.7335221277128,4102.5) (162.7335221277129,4102.5) (162.7335221277129,4128.5) (163.7335221277129,4128.5) (163.7335221277129,4154.5) (164.733522127713,4154.5) (164.733522127713,4180.5) (165.7335221277131,4180.5) (165.7335221277131,4206.5) (166.7335221277131,4206.5) (166.7335221277131,4232.5) (167.7335221277132,4232.5) (167.7335221277132,4258.5) (168.7335221277132,4258.5) (168.7335221277132,4284.5) (169.7335221277133,4284.5) (169.7335221277133,4310.5) (170.7335221277134,4310.5) (170.7335221277134,4336.5) (171.7335221277135,4336.5) (171.7335221277135,4362.5) (172.7335221277135,4362.5) (172.7335221277135,4388.5) (173.7335221277136,4388.5) (173.7335221277136,4416.265463717128) (174.7335221277137,4416.265463717128) (174.7335221277137,4415.530927434256) (175.7335221277138,4415.530927434256) (175.7335221277138,4414.796391151384) (176.7335221277139,4414.796391151384) (176.7335221277139,4414.061854868512) (177.733522127714,4414.061854868512) (177.733522127714,4413.327318585641) (178.733522127714,4413.327318585641) (178.733522127714,4412.592782302769) (179.7335221277141,4412.592782302769) (179.7335221277141,4411.858246019897) (180.7335221277141,4411.858246019897) (180.7335221277141,4411.123709737025) (181.7335221277142,4411.123709737025) (181.7335221277142,4410.389173454153) (182.7335221277143,4410.389173454153) (182.7335221277143,4409.654637171281) (183.7335221277143,4409.654637171281) (183.7335221277143,4408.920100888409) (184.7335221277144,4408.920100888409) (184.7335221277144,4408.185564605537) (185.7335221277145,4408.185564605537) (185.7335221277145,4407.451028322665) (186.7335221277145,4407.451028322665) (186.7335221277145,4406.716492039794) (187.7335221277146,4406.716492039794) (187.7335221277146,4405.981955756922) (188.7335221277147,4405.981955756922) (188.7335221277147,4405.24741947405) (189.7335221277148,4405.24741947405) (189.7335221277148,4404.512883191178) (190.7335221277149,4404.512883191178) (190.7335221277149,4403.778346908306) (191.733522127715,4403.778346908306) (191.733522127715,4403.043810625434) (192.733522127715,4403.043810625434) (192.733522127715,4402.309274342562) (193.7335221277151,4402.309274342562) (193.7335221277151,4401.57473805969) (194.7335221277152,4401.57473805969) (194.7335221277152,4400.840201776819) (700,4400.840201776819)
humanPositionY[0]:
[0]: (0,0) (0,163.5) (1,163.5) (1,188.9679078844919) (10.73352212771184,188.9679078844919) (10.73352212771184,188.479046668909) (11.73352212771184,188.479046668909) (11.73352212771184,187.9901854533261) (12.73352212771184,187.9901854533261) (12.73352212771184,187.5013242377432) (13.73352212771183,187.5013242377432) (13.73352212771183,187.0124630221603) (14.73352212771183,187.0124630221603) (14.73352212771183,186.5236018065774) (15.73352212771183,186.5236018065774) (15.73352212771183,186.0347405909945) (16.73352212771184,186.0347405909945) (16.73352212771184,185.5458793754117) (17.73352212771184,185.5458793754117) (17.73352212771184,185.0570181598288) (18.73352212771184,185.0570181598288) (18.73352212771184,184.5681569442459) (19.73352212771183,184.5681569442459) (19.73352212771183,184.079295728663) (20.73352212771183,184.079295728663) (20.73352212771183,183.5904345130801) (21.73352212771182,183.5904345130801) (21.73352212771182,183.1015732974972) (22.73352212771181,183.1015732974972) (22.73352212771181,182.6127120819143) (23.7335221277118,182.6127120819143) (23.7335221277118,182.1238508663315) (24.73352212771179,182.1238508663315) (24.73352212771179,181.6349896507486) (25.73352212771179,181.6349896507486) (25.73352212771179,181.1461284351657) (26.73352212771178,181.1461284351657) (26.73352212771178,180.6572672195828) (27.73352212771177,180.6572672195828) (27.73352212771177,180.1684060039999) (28.73352212771177,180.1684060039999) (28.73352212771177,179.679544788417) (29.73352212771175,179.679544788417) (29.73352212771175,179.1906835728341) (30.73352212771175,179.1906835728341) (30.73352212771175,178.7018223572512) (31.73352212771174,178.7018223572512) (31.73352212771174,178.2129611416684) (32.73352212771176,178.2129611416684) (32.73352212771176,177.7240999260855) (33.73352212771179,177.7240999260855) (33.73352212771179,177.2352387105026) (34.73352212771182,177.2352387105026) (34.73352212771182,176.7463774949197) (35.73352212771184,176.7463774949197) (35.73352212771184,176.2575162793368) (36.73352212771187,176.2575162793368) (36.73352212771187,175.7686550637539) (37.7335221277119,175.7686550637539) (37.7335221277119,175.279793848171) (38.73352212771193,175.279793848171) (38.73352212771193,174.7909326325882) (39.73352212771196,174.7909326325882) (39.73352212771196,174.3020714170053) (40.73352212771199,174.3020714170053) (40.73352212771199,173.8132102014224) (41.73352212771201,173.8132102014224) (41.73352212771201,173.3243489858395) (42.73352212771204,173.3243489858395) (42.73352212771204,172.8354877702566) (43.73352212771207,172.8354877702566) (43.73352212771207,172.3466265546737) (44.73352212771209,172.3466265546737) (44.73352212771209,171.8577653390908) (45.73352212771211,171.8577653390908) (45.73352212771211,171.3689041235079) (46.73352212771212,171.3689041235079) (46.73352212771212,170.8800429079251) (47.73352212771213,170.8800429079251) (47.73352212771213,170.3911816923422) (48.73352212771215,170.3911816923422) (48.73352212771215,169.9023204767593) (49.73352212771216,169.9023204767593) (49.73352212771216,169.4134592611764) (50.73352212771218,169.4134592611764) (50.73352212771218,168.9245980455935) (51.73352212771221,168.9245980455935) (51.73352212771221,168.4357368300106) (52.73352212771223,168.4357368300106) (52.73352212771223,167.9468756144277) (53.73352212771225,167.9468756144277) (53.73352212771225,167.4580143988449) (54.73352212771226,167.4580143988449) (54.73352212771226,166.969153183262) (55.73352212771228,166.969153183262) (55.73352212771228,166.4802919676791) (56.73352212771229,166.4802919676791) (56.73352212771229,165.9914307520962) (57.73352212771231,165.9914307520962) (57.73352212771231,165.5025695365133) (58.73352212771232,165.5025695365133) (58.73352212771232,165.0137083209304) (59.73352212771233,165.0137083209304) (59.73352212771233,164.5248471053475) (60.73352212771236,164.5248471053475) (60.73352212771236,164.0359858897646) (61.73352212771238,164.0359858897646) (61.73352212771238,163.5) (173.7335221277136,163.5) (173.7335221277136,189.4896220913107) (174.7335221277137,189.4896220913107) (174.7335221277137,215.4792441826214) (175.7335221277138,215.4792441826214) (175.7335221277138,241.4688662739321) (176.7335221277139,241.4688662739321) (176.7335221277139,267.4584883652428) (177.733522127714,267.4584883652428) (177.733522127714,293.4481104565535) (178.733522127714,293.4481104565535) (178.733522127714,319.4377325478642) (179.7335221277141,319.4377325478642) (179.7335221277141,345.427354639175) (180.7335221277141,345.427354639175) (180.7335221277141,371.4169767304857) (181.7335221277142,371.4169767304857) (181.7335221277142,397.4065988217964) (182.7335221277143,397.4065988217964) (182.7335221277143,423.3962209131071) (183.7335221277143,423.3962209131071) (183.7335221277143,449.3858430044178) (184.7335221277144,449.3858430044178) (184.7335221277144,475.3754650957285) (185.7335221277145,475.3754650957285) (185.7335221277145,501.3650871870392) (186.7335221277145,501.3650871870392) (186.7335221277145,527.3547092783499) (187.7335221277146,527.3547092783499) (187.7335221277146,553.3443313696606) (188.7335221277147,553.3443313696606) (188.7335221277147,579.3339534609713) (189.7335221277148,579.3339534609713) (189.7335221277148,605.323575552282) (190.7335221277149,605.323575552282) (190.7335221277149,631.3131976435927) (191.733522127715,631.3131976435927) (191.733522127715,657.3028197349034) (192.733522127715,657.3028197349034) (192.733522127715,683.2924418262141) (193.7335221277151,683.2924418262141) (193.7335221277151,709.2820639175249) (194.7335221277152,709.2820639175249) (194.7335221277152,735.2716860088356) (700,735.2716860088356)
robPositionX[0]:
[0]: (0,0) (0,92.5) (2,92.5) (2,97.73313175708738) (11.73352212771184,97.73313175708738) (11.73352212771184,123.7285354798977) (12.75232559019508,123.7285354798977) (12.75232559019508,149.723939202708) (13.75232559019508,149.723939202708) (13.75232559019508,175.7193429255182) (14.75232559019508,175.7193429255182) (14.75232559019508,201.7147466483285) (15.75232559019508,201.7147466483285) (15.75232559019508,227.7101503711388) (16.75232559019508,227.7101503711388) (16.75232559019508,253.7055540939491) (17.75232559019508,253.7055540939491) (17.75232559019508,279.7009578167594) (18.75232559019508,279.7009578167594) (18.75232559019508,305.6963615395697) (19.75232559019508,305.6963615395697) (19.75232559019508,331.69176526238) (20.75232559019507,331.69176526238) (20.75232559019507,357.6871689851903) (21.75232559019506,357.6871689851903) (21.75232559019506,383.6825727080006) (22.75232559019506,383.6825727080006) (22.75232559019506,409.6779764308109) (23.75232559019505,409.6779764308109) (23.75232559019505,435.6733801536212) (24.75232559019504,435.6733801536212) (24.75232559019504,461.6687838764315) (25.75232559019503,461.6687838764315) (25.75232559019503,487.6641875992418) (26.75232559019502,487.6641875992418) (26.75232559019502,513.6595913220521) (27.75232559019502,513.6595913220521) (27.75232559019502,539.6549950448623) (28.75232559019501,539.6549950448623) (28.75232559019501,565.6503987676725) (29.752325590195,565.6503987676725) (29.752325590195,591.6458024904828) (30.752325590195,591.6458024904828) (30.752325590195,617.641206213293) (31.75232559019499,617.641206213293) (31.75232559019499,643.6366099361032) (32.75232559019501,643.6366099361032) (32.75232559019501,669.6320136589135) (33.75232559019503,669.6320136589135) (33.75232559019503,695.6274173817237) (34.75232559019506,695.6274173817237) (34.75232559019506,721.622821104534) (35.75232559019509,721.622821104534) (35.75232559019509,747.6182248273442) (36.75232559019512,747.6182248273442) (36.75232559019512,773.6136285501544) (37.75232559019515,773.6136285501544) (37.75232559019515,799.6090322729647) (38.75232559019518,799.6090322729647) (38.75232559019518,825.6044359957749) (39.75232559019521,825.6044359957749) (39.75232559019521,851.5998397185851) (40.75232559019523,851.5998397185851) (40.75232559019523,877.5952434413954) (41.75232559019526,877.5952434413954) (41.75232559019526,903.5906471642056) (42.75232559019529,903.5906471642056) (42.75232559019529,929.5860508870159) (43.75232559019532,929.5860508870159) (43.75232559019532,955.5814546098261) (44.75232559019534,955.5814546098261) (44.75232559019534,981.5768583326363) (45.75232559019535,981.5768583326363) (45.75232559019535,1007.572262055447) (46.75232559019537,1007.572262055447) (46.75232559019537,1033.567665778257) (47.75232559019538,1033.567665778257) (47.75232559019538,1059.563069501067) (48.7523255901954,1059.563069501067) (48.7523255901954,1085.558473223878) (49.75232559019542,1085.558473223878) (49.75232559019542,1111.553876946688) (50.75232559019544,1111.553876946688) (50.75232559019544,1137.549280669498) (51.75232559019546,1137.549280669498) (51.75232559019546,1163.544684392309) (52.75232559019548,1163.544684392309) (52.75232559019548,1189.540088115119) (53.7523255901955,1189.540088115119) (53.7523255901955,1215.535491837929) (54.75232559019552,1215.535491837929) (54.75232559019552,1241.53089556074) (55.75232559019553,1241.53089556074) (55.75232559019553,1267.52629928355) (56.75232559019555,1267.52629928355) (56.75232559019555,1293.52170300636) (57.75232559019556,1293.52170300636) (57.75232559019556,1319.517106729171) (58.75232559019557,1319.517106729171) (58.75232559019557,1345.512510451981) (59.7523255901956,1345.512510451981) (59.7523255901956,1371.507914174791) (60.75232559019562,1371.507914174791) (60.75232559019562,1397.503317897602) (61.75232559019564,1397.503317897602) (61.75232559019564,1423.498721620412) (62.75232559019566,1423.498721620412) (62.75232559019566,1452) (63.75232559019568,1452) (63.75232559019568,1478) (64.7523255901957,1478) (64.7523255901957,1504) (65.75232559019571,1504) (65.75232559019571,1530) (66.75232559019572,1530) (66.75232559019572,1556) (67.75232559019574,1556) (67.75232559019574,1582) (68.75232559019575,1582) (68.75232559019575,1608) (69.75232559019577,1608) (69.75232559019577,1634) (70.75232559019578,1634) (70.75232559019578,1660) (71.7523255901958,1660) (71.7523255901958,1686) (72.75232559019581,1686) (72.75232559019581,1712) (73.75232559019582,1712) (73.75232559019582,1738) (74.75232559019585,1738) (74.75232559019585,1764) (75.75232559019585,1764) (75.75232559019585,1790) (76.75232559019585,1790) (76.75232559019585,1816) (77.75232559019585,1816) (77.75232559019585,1842) (78.75232559019585,1842) (78.75232559019585,1868) (79.75232559019585,1868) (79.75232559019585,1894) (80.75232559019585,1894) (80.75232559019585,1920) (81.75232559019585,1920) (81.75232559019585,1946) (82.75232559019585,1946) (82.75232559019585,1972) (83.75232559019585,1972) (83.75232559019585,1998) (84.75232559019585,1998) (84.75232559019585,2024) (85.75232559019585,2024) (85.75232559019585,2050) (86.75232559019585,2050) (86.75232559019585,2076) (87.75232559019585,2076) (87.75232559019585,2102) (88.75232559019585,2102) (88.75232559019585,2128) (89.75232559019585,2128) (89.75232559019585,2154) (90.75232559019585,2154) (90.75232559019585,2180) (91.75232559019585,2180) (91.75232559019585,2206) (92.75232559019585,2206) (92.75232559019585,2232) (93.75232559019585,2232) (93.75232559019585,2258) (94.75232559019585,2258) (94.75232559019585,2284) (95.7523255901958,2284) (95.7523255901958,2310) (96.75232559019572,2310) (96.75232559019572,2336) (97.75232559019565,2336) (97.75232559019565,2362) (98.75232559019558,2362) (98.75232559019558,2388) (99.75232559019551,2388) (99.75232559019551,2414) (100.7523255901955,2414) (100.7523255901955,2440) (101.7523255901954,2440) (101.7523255901954,2466) (102.7523255901953,2466) (102.7523255901953,2492) (103.7523255901953,2492) (103.7523255901953,2518) (104.7523255901952,2518) (104.7523255901952,2544) (105.7523255901951,2544) (105.7523255901951,2570) (106.7523255901951,2570) (106.7523255901951,2596) (107.752325590195,2596) (107.752325590195,2622) (108.7523255901949,2622) (108.7523255901949,2648) (109.7523255901949,2648) (109.7523255901949,2674) (110.7523255901948,2674) (110.7523255901948,2700) (111.7523255901947,2700) (111.7523255901947,2726) (112.7523255901946,2726) (112.7523255901946,2752) (113.7523255901946,2752) (113.7523255901946,2778) (114.7523255901945,2778) (114.7523255901945,2804) (115.7523255901944,2804) (115.7523255901944,2830) (116.7523255901944,2830) (116.7523255901944,2856) (117.7523255901943,2856) (117.7523255901943,2882) (118.7523255901942,2882) (118.7523255901942,2908) (119.7523255901942,2908) (119.7523255901942,2934) (120.7523255901941,2934) (120.7523255901941,2960) (121.752325590194,2960) (121.752325590194,2986) (122.752325590194,2986) (122.752325590194,3012) (123.7523255901939,3012) (123.7523255901939,3038) (124.7523255901939,3038) (124.7523255901939,3062.5) (125.7523255901938,3062.5) (125.7523255901938,3088.5) (126.7523255901937,3088.5) (126.7523255901937,3114.5) (127.7523255901936,3114.5) (127.7523255901936,3140.5) (128.7523255901937,3140.5) (128.7523255901937,3166.5) (129.7523255901937,3166.5) (129.7523255901937,3192.5) (130.7523255901938,3192.5) (130.7523255901938,3218.5) (131.7523255901939,3218.5) (131.7523255901939,3244.5) (132.752325590194,3244.5) (132.752325590194,3270.5) (133.7523255901941,3270.5) (133.7523255901941,3296.5) (134.7523255901942,3296.5) (134.7523255901942,3322.5) (135.7523255901943,3322.5) (135.7523255901943,3348.5) (136.7523255901943,3348.5) (136.7523255901943,3374.5) (137.7523255901944,3374.5) (137.7523255901944,3400.5) (138.7523255901945,3400.5) (138.7523255901945,3426.5) (139.7523255901946,3426.5) (139.7523255901946,3452.5) (140.7523255901947,3452.5) (140.7523255901947,3478.5) (141.7523255901948,3478.5) (141.7523255901948,3504.5) (142.7523255901949,3504.5) (142.7523255901949,3530.5) (143.7523255901949,3530.5) (143.7523255901949,3556.5) (144.752325590195,3556.5) (144.752325590195,3582.5) (145.7523255901951,3582.5) (145.7523255901951,3608.5) (146.7523255901952,3608.5) (146.7523255901952,3634.5) (147.7523255901953,3634.5) (147.7523255901953,3660.5) (148.7523255901954,3660.5) (148.7523255901954,3686.5) (149.7523255901955,3686.5) (149.7523255901955,3712.5) (150.7523255901955,3712.5) (150.7523255901955,3738.5) (151.7523255901956,3738.5) (151.7523255901956,3764.5) (152.7523255901956,3764.5) (152.7523255901956,3790.5) (153.7523255901957,3790.5) (153.7523255901957,3816.5) (154.7523255901957,3816.5) (154.7523255901957,3842.5) (155.7523255901958,3842.5) (155.7523255901958,3868.5) (156.7523255901959,3868.5) (156.7523255901959,3894.5) (157.7523255901959,3894.5) (157.7523255901959,3920.5) (158.752325590196,3920.5) (158.752325590196,3946.5) (159.752325590196,3946.5) (159.752325590196,3972.5) (160.7523255901961,3972.5) (160.7523255901961,3998.5) (161.7523255901961,3998.5) (161.7523255901961,4024.5) (162.7523255901962,4024.5) (162.7523255901962,4050.5) (163.7523255901963,4050.5) (163.7523255901963,4076.5) (164.7523255901963,4076.5) (164.7523255901963,4102.5) (165.7523255901964,4102.5) (165.7523255901964,4128.5) (166.7523255901964,4128.5) (166.7523255901964,4154.5) (167.7523255901965,4154.5) (167.7523255901965,4180.5) (168.7523255901965,4180.5) (168.7523255901965,4206.5) (169.7523255901966,4206.5) (169.7523255901966,4232.5) (170.7523255901967,4232.5) (170.7523255901967,4258.5) (171.7523255901968,4258.5) (171.7523255901968,4284.5) (172.7523255901969,4284.5) (172.7523255901969,4310.5) (173.752325590197,4310.5) (173.752325590197,4336.5) (174.752325590197,4336.5) (174.752325590197,4362.5) (175.7523255901971,4362.5) (175.7523255901971,4388.5) (176.7523255901972,4388.5) (176.7523255901972,4417) (179.3513770719389,4417) (179.3513770719389,4416.265463717128) (180.351377071939,4416.265463717128) (180.351377071939,4415.530927434256) (181.351377071939,4415.530927434256) (181.351377071939,4414.796391151384) (182.3513770719391,4414.796391151384) (182.3513770719391,4414.061854868512) (183.3513770719391,4414.061854868512) (183.3513770719391,4413.327318585641) (184.3513770719392,4413.327318585641) (184.3513770719392,4412.592782302769) (185.3513770719393,4412.592782302769) (185.3513770719393,4411.858246019897) (186.3513770719394,4411.858246019897) (186.3513770719394,4411.123709737025) (187.3513770719395,4411.123709737025) (187.3513770719395,4410.389173454153) (188.3513770719395,4410.389173454153) (188.3513770719395,4409.654637171281) (189.3513770719396,4409.654637171281) (189.3513770719396,4408.920100888409) (190.3513770719397,4408.920100888409) (190.3513770719397,4408.185564605537) (191.3513770719398,4408.185564605537) (191.3513770719398,4407.451028322665) (192.3513770719399,4407.451028322665) (192.3513770719399,4406.716492039794) (193.35137707194,4406.716492039794) (193.35137707194,4405.981955756922) (194.35137707194,4405.981955756922) (194.35137707194,4405.24741947405) (195.3513770719401,4405.24741947405) (195.3513770719401,4404.512883191178) (196.3513770719402,4404.512883191178) (196.3513770719402,4403.778346908306) (197.3513770719403,4403.778346908306) (197.3513770719403,4403.043810625434) (198.3513770719404,4403.043810625434) (198.3513770719404,4402.309274342562) (199.3513770719405,4402.309274342562) (199.3513770719405,4401.57473805969) (200.3513770719406,4401.57473805969) (200.3513770719406,4400.840201776819) (700,4400.840201776819)
robPositionY[0]:
[0]: (0,0) (0,163.5) (2,163.5) (2,188.9679078844919) (11.73352212771184,188.9679078844919) (11.73352212771184,188.479046668909) (12.75232559019508,188.479046668909) (12.75232559019508,187.9901854533261) (13.75232559019508,187.9901854533261) (13.75232559019508,187.5013242377432) (14.75232559019508,187.5013242377432) (14.75232559019508,187.0124630221603) (15.75232559019508,187.0124630221603) (15.75232559019508,186.5236018065774) (16.75232559019508,186.5236018065774) (16.75232559019508,186.0347405909945) (17.75232559019508,186.0347405909945) (17.75232559019508,185.5458793754117) (18.75232559019508,185.5458793754117) (18.75232559019508,185.0570181598288) (19.75232559019508,185.0570181598288) (19.75232559019508,184.5681569442459) (20.75232559019507,184.5681569442459) (20.75232559019507,184.079295728663) (21.75232559019506,184.079295728663) (21.75232559019506,183.5904345130801) (22.75232559019506,183.5904345130801) (22.75232559019506,183.1015732974972) (23.75232559019505,183.1015732974972) (23.75232559019505,182.6127120819143) (24.75232559019504,182.6127120819143) (24.75232559019504,182.1238508663315) (25.75232559019503,182.1238508663315) (25.75232559019503,181.6349896507486) (26.75232559019502,181.6349896507486) (26.75232559019502,181.1461284351657) (27.75232559019502,181.1461284351657) (27.75232559019502,180.6572672195828) (28.75232559019501,180.6572672195828) (28.75232559019501,180.1684060039999) (29.752325590195,180.1684060039999) (29.752325590195,179.679544788417) (30.752325590195,179.679544788417) (30.752325590195,179.1906835728341) (31.75232559019499,179.1906835728341) (31.75232559019499,178.7018223572512) (32.75232559019501,178.7018223572512) (32.75232559019501,178.2129611416684) (33.75232559019503,178.2129611416684) (33.75232559019503,177.7240999260855) (34.75232559019506,177.7240999260855) (34.75232559019506,177.2352387105026) (35.75232559019509,177.2352387105026) (35.75232559019509,176.7463774949197) (36.75232559019512,176.7463774949197) (36.75232559019512,176.2575162793368) (37.75232559019515,176.2575162793368) (37.75232559019515,175.7686550637539) (38.75232559019518,175.7686550637539) (38.75232559019518,175.279793848171) (39.75232559019521,175.279793848171) (39.75232559019521,174.7909326325882) (40.75232559019523,174.7909326325882) (40.75232559019523,174.3020714170053) (41.75232559019526,174.3020714170053) (41.75232559019526,173.8132102014224) (42.75232559019529,173.8132102014224) (42.75232559019529,173.3243489858395) (43.75232559019532,173.3243489858395) (43.75232559019532,172.8354877702566) (44.75232559019534,172.8354877702566) (44.75232559019534,172.3466265546737) (45.75232559019535,172.3466265546737) (45.75232559019535,171.8577653390908) (46.75232559019537,171.8577653390908) (46.75232559019537,171.3689041235079) (47.75232559019538,171.3689041235079) (47.75232559019538,170.8800429079251) (48.7523255901954,170.8800429079251) (48.7523255901954,170.3911816923422) (49.75232559019542,170.3911816923422) (49.75232559019542,169.9023204767593) (50.75232559019544,169.9023204767593) (50.75232559019544,169.4134592611764) (51.75232559019546,169.4134592611764) (51.75232559019546,168.9245980455935) (52.75232559019548,168.9245980455935) (52.75232559019548,168.4357368300106) (53.7523255901955,168.4357368300106) (53.7523255901955,167.9468756144277) (54.75232559019552,167.9468756144277) (54.75232559019552,167.4580143988449) (55.75232559019553,167.4580143988449) (55.75232559019553,166.969153183262) (56.75232559019555,166.969153183262) (56.75232559019555,166.4802919676791) (57.75232559019556,166.4802919676791) (57.75232559019556,165.9914307520962) (58.75232559019557,165.9914307520962) (58.75232559019557,165.5025695365133) (59.7523255901956,165.5025695365133) (59.7523255901956,165.0137083209304) (60.75232559019562,165.0137083209304) (60.75232559019562,164.5248471053475) (61.75232559019564,164.5248471053475) (61.75232559019564,164.0359858897646) (62.75232559019566,164.0359858897646) (62.75232559019566,163.5) (179.3513770719389,163.5) (179.3513770719389,189.4896220913107) (180.351377071939,189.4896220913107) (180.351377071939,215.4792441826214) (181.351377071939,215.4792441826214) (181.351377071939,241.4688662739321) (182.3513770719391,241.4688662739321) (182.3513770719391,267.4584883652428) (183.3513770719391,267.4584883652428) (183.3513770719391,293.4481104565535) (184.3513770719392,293.4481104565535) (184.3513770719392,319.4377325478642) (185.3513770719393,319.4377325478642) (185.3513770719393,345.427354639175) (186.3513770719394,345.427354639175) (186.3513770719394,371.4169767304857) (187.3513770719395,371.4169767304857) (187.3513770719395,397.4065988217964) (188.3513770719395,397.4065988217964) (188.3513770719395,423.3962209131071) (189.3513770719396,423.3962209131071) (189.3513770719396,449.3858430044178) (190.3513770719397,449.3858430044178) (190.3513770719397,475.3754650957285) (191.3513770719398,475.3754650957285) (191.3513770719398,501.3650871870392) (192.3513770719399,501.3650871870392) (192.3513770719399,527.3547092783499) (193.35137707194,527.3547092783499) (193.35137707194,553.3443313696606) (194.35137707194,553.3443313696606) (194.35137707194,579.3339534609713) (195.3513770719401,579.3339534609713) (195.3513770719401,605.323575552282) (196.3513770719402,605.323575552282) (196.3513770719402,631.3131976435927) (197.3513770719403,631.3131976435927) (197.3513770719403,657.3028197349034) (198.3513770719404,657.3028197349034) (198.3513770719404,683.2924418262141) (199.3513770719405,683.2924418262141) (199.3513770719405,709.2820639175249) (200.3513770719406,709.2820639175249) (200.3513770719406,735.2716860088356) (700,735.2716860088356)
batteryCharge[0]:
[0]: (0,100) (700,100)
user_guided_transport.end:
[0]: (0,0) (202.3513770719397,0) (202.3513770719397,1) (700,1)
[2K
Verifying formula 5 at /nta/queries/query[5]/formula
 -- Formula: simulate[<=700]{robot_inventory[0][0], user_guided_transport.end*2}
[2K -- Formula is satisfied.
robot_inventory[0][0]:
[0]: (0,0) (11.13820091219451,0) (11.13820091219451,1) (700,1)
user_guided_transport.end * 2:
[0]: (0,0) (203.756055856423,0) (203.756055856423,2) (700,2)
[2K
Verifying formula 6 at /nta/queries/query[6]/formula
 -- Formula: simulate[<=700]{bedroom[0], bedroom[1], kitchen[0], kitchen[1]}
[2K -- Formula is satisfied.
bedroom[0]:
[0]: (0,100) (700,100)
bedroom[1]:
[0]: (0,200) (700,200)
kitchen[0]:
[0]: (0,4400) (700,4400)
kitchen[1]:
[0]: (0,765) (700,765)
[2K
Verifying formula 7 at /nta/queries/query[7]/formula
 -- Formula: simulate[<=700]{rm_1.idle, rf_1.idle, rp_1.idle, rd_1.idle}
[2K -- Formula is satisfied.
rm_1.idle:
[0]: (0,0) (0,1) (0,0) (3,0) (3,1) (11.40771468803841,1) (11.40771468803841,0) (203.0255696322673,0) (203.0255696322673,1) (700,1)
rf_1.idle:
[0]: (0,0) (0,1) (700,1)
rp_1.idle:
[0]: (0,0) (0,1) (2,1) (2,0) (11.40771468803841,0) (11.40771468803841,1) (700,1)
rd_1.idle:
[0]: (0,0) (0,1) (700,1)
[2K
Verifying formula 8 at /nta/queries/query[8]/formula
 -- Formula: Pr[<=700](<>!rm_1.idle || !rf_1.idle || !rp_1.idle || !rd_1.idle)
[2K -- Formula is satisfied.
(72/72 runs) Pr(<> …) in [0.950056,1] (95% CI)
Values in [0,0] mean=0 steps=2.22045e-16: 72
[2K
Verifying formula 9 at /nta/queries/query[9]/formula
 -- Formula: Pr[<=700]([] (user_guided_transport.end imply (rm_1.idle && rf_1.idle && rp_1.idle && rd_1.idle)))
 -- Throughput: 672709 runs/sec, Load: 325 runs[K
[2K -- Formula is satisfied.
(72/72 runs) Pr([] …) in [0.950056,1] (95% CI)
[2K
Verifying formula 10 at /nta/queries/query[10]/formula
 -- Formula: Pr[<=700] (<> pow(robPositionX[0] - kitchen[0], 2) + pow(robPositionY[0] - kitchen[1], 2) <= 900 )
[2K -- Formula is satisfied.
(72/72 runs) Pr(<> …) in [0.950056,1] (95% CI)
Values in [197.686,202.614] mean=200.121 steps=0.547557: 13 5 9 7 10 2 6 7 13
[2K
Verifying formula 11 at /nta/queries/query[11]/formula
 -- Formula: Pr[<=700] (<> pow(robPositionX[0] - bedroom[0], 2) + pow(robPositionY[0] - bedroom[1], 2) <= 900 )
[2K -- Formula is satisfied.
(72/72 runs) Pr(<> …) in [0.950056,1] (95% CI)
Values in [2,2] mean=2 steps=2.22045e-16: 72
[2K
Verifying formula 12 at /nta/queries/query[12]/formula
 -- Formula: Pr[<=700] (<> pow(humanPositionX[0] - kitchen[0], 2) + pow(humanPositionY[0] - kitchen[1], 2) <= 900 )
[2K -- Formula is satisfied.
(72/72 runs) Pr(<> …) in [0.950056,1] (95% CI)
Values in [192.055,196.927] mean=194.653 steps=0.541286: 7 9 5 10 7 6 8 8 12
[2K
Verifying formula 13 at /nta/queries/query[13]/formula
 -- Formula: Pr[<=700] (<> pow(humanPositionX[0] - bedroom[0], 2) + pow(humanPositionY[0] - bedroom[1], 2) <= 900 )
[2K -- Formula is satisfied.
(72/72 runs) Pr(<> …) in [0.950056,1] (95% CI)
Values in [1,1] mean=1 steps=2.22045e-16: 72
[2K
Verifying formula 14 at /nta/queries/query[14]/formula
 -- Formula: Pr[<=700] (<> !isValidPosition(humanPositionX[0], humanPositionY[0]))
[2K -- Formula is satisfied.
(72/72 runs) Pr(<> …) in [0.950056,1] (95% CI)
Values in [0,0] mean=0 steps=2.22045e-16: 72
[2K
Verifying formula 15 at /nta/queries/query[15]/formula
 -- Formula: Pr[<=700] (<> !isValidPosition(robPositionX[0], robPositionY[0]))
[2K -- Formula is satisfied.
(72/72 runs) Pr(<> …) in [0.950056,1] (95% CI)
Values in [0,0] mean=0 steps=2.22045e-16: 72
[2K
Verifying formula 16 at /nta/queries/query[16]/formula
 -- Formula: Pr[<=700] (<> currP > 2)
 -- Throughput: 662561 runs/sec, Load: 327 runs[K
[2K -- Formula is satisfied.
(0/72 runs) Pr(<> …) in [0,0.0499441] (95% CI)
