Options for the verification:
  Generating no trace
  Search order is breadth first
  Using conservative space optimisation
  Seed is 1779211706
  State space representation uses minimal constraint systems with future testing
  Using HashMap + Compress integers for discrete state storage
[2K
Verifying formula 1 at /nta/queries/query[1]/formula
 -- Formula: simulate[<=700]{user_guided_transport_human_def.s1_start, user_guided_transport_human_def.s1_end, user_guided_transport_human_def.s2_start, user_guided_transport_human_def.s2_idle, user_guided_transport_human_def.s3_start, user_guided_transport_human_def.s3_end, user_guided_transport.end}
[2K -- Formula is satisfied.
user_guided_transport_human_def.s1_start:
[0]: (0,0) (0,1) (0,0) (700,0)
user_guided_transport_human_def.s1_end:
[0]: (0,0) (1,0) (1,1) (2,1) (2,0) (700,0)
user_guided_transport_human_def.s2_start:
[0]: (0,0) (2,0) (2,1) (2,0) (700,0)
user_guided_transport_human_def.s2_idle:
[0]: (0,0) (2,0) (2,1) (8.803873803205713,1) (8.803873803205713,0) (700,0)
user_guided_transport_human_def.s3_start:
[0]: (0,0) (8.803873803205713,0) (8.803873803205713,1) (8.803873803205713,0) (13.80387380320569,0) (13.80387380320569,1) (13.80387380320569,0) (18.80387380320569,0) (18.80387380320569,1) (18.80387380320569,0) (23.80387380320571,0) (23.80387380320571,1) (23.80387380320571,0) (28.80387380320573,0) (28.80387380320573,1) (28.80387380320573,0) (33.80387380320568,0) (33.80387380320568,1) (33.80387380320568,0) (38.80387380320551,0) (38.80387380320551,1) (38.80387380320551,0) (43.80387380320533,0) (43.80387380320533,1) (43.80387380320533,0) (48.80387380320541,0) (48.80387380320541,1) (48.80387380320541,0) (53.80387380320555,0) (53.80387380320555,1) (53.80387380320555,0) (58.80387380320569,0) (58.80387380320569,1) (58.80387380320569,0) (63.80387380320582,0) (63.80387380320582,1) (63.80387380320582,0) (68.80387380320596,0) (68.80387380320596,1) (68.80387380320596,0) (73.8038738032061,0) (73.8038738032061,1) (73.8038738032061,0) (78.8038738032059,0) (78.8038738032059,1) (78.8038738032059,0) (83.80387380320562,0) (83.80387380320562,1) (83.80387380320562,0) (88.80387380320533,0) (88.80387380320533,1) (88.80387380320533,0) (93.80387380320504,0) (93.80387380320504,1) (93.80387380320504,0) (98.80387380320474,0) (98.80387380320474,1) (98.80387380320474,0) (103.8038738032045,0) (103.8038738032045,1) (103.8038738032045,0) (108.8038738032042,0) (108.8038738032042,1) (108.8038738032042,0) (113.8038738032039,0) (113.8038738032039,1) (113.8038738032039,0) (118.8038738032036,0) (118.8038738032036,1) (118.8038738032036,0) (123.8038738032033,0) (123.8038738032033,1) (123.8038738032033,0) (128.8038738032031,0) (128.8038738032031,1) (128.8038738032031,0) (133.8038738032034,0) (133.8038738032034,1) (133.8038738032034,0) (138.8038738032037,0) (138.8038738032037,1) (138.8038738032037,0) (143.803873803204,0) (143.803873803204,1) (143.803873803204,0) (148.8038738032043,0) (148.8038738032043,1) (148.8038738032043,0) (153.8038738032045,0) (153.8038738032045,1) (153.8038738032045,0) (158.8038738032048,0) (158.8038738032048,1) (158.8038738032048,0) (163.8038738032051,0) (163.8038738032051,1) (163.8038738032051,0) (168.8038738032055,0) (168.8038738032055,1) (168.8038738032055,0) (173.8038738032059,0) (173.8038738032059,1) (173.8038738032059,0) (178.8038738032062,0) (178.8038738032062,1) (178.8038738032062,0) (183.8038738032066,0) (183.8038738032066,1) (183.8038738032066,0) (188.803873803207,0) (188.803873803207,1) (188.803873803207,0) (700,0)
user_guided_transport_human_def.s3_end:
[0]: (0,0) (193.8038738032074,0) (193.8038738032074,1) (230.031543944429,1) (230.031543944429,0) (700,0)
user_guided_transport.end:
[0]: (0,0) (230.031543944429,0) (230.031543944429,1) (700,1)
[2K
Verifying formula 2 at /nta/queries/query[2]/formula
 -- Formula: simulate[<=700]{user_guided_transport_robot_def.s1_start, user_guided_transport_robot_def.s1_end, user_guided_transport_robot_def.s2_start, user_guided_transport_robot_def.s2_end, user_guided_transport_robot_def.s3_start, user_guided_transport_robot_def.s3_end, user_guided_transport.end}
[2K -- Formula is satisfied.
user_guided_transport_robot_def.s1_start:
[0]: (0,0) (0,1) (0,0) (700,0)
user_guided_transport_robot_def.s1_end:
[0]: (0,0) (2,0) (2,1) (2,0) (700,0)
user_guided_transport_robot_def.s2_start:
[0]: (0,0) (2,0) (2,1) (2,0) (700,0)
user_guided_transport_robot_def.s2_end:
[0]: (0,0) (11.71147499507426,0) (11.71147499507426,1) (11.71147499507426,0) (700,0)
user_guided_transport_robot_def.s3_start:
[0]: (0,0) (11.71147499507426,0) (11.71147499507426,1) (11.71147499507426,0) (700,0)
user_guided_transport_robot_def.s3_end:
[0]: (0,0) (232.9391451362827,0) (232.9391451362827,1) (232.9391451362827,0) (700,0)
user_guided_transport.end:
[0]: (0,0) (232.9391451362827,0) (232.9391451362827,1) (700,1)
[2K
Verifying formula 3 at /nta/queries/query[3]/formula
 -- Formula: Pr[<=700] (<> user_guided_transport.end)
[2K -- Formula is satisfied.
(72/72 runs) Pr(<> …) in [0.950056,1] (95% CI)
Values in [228.317,233.225] mean=230.592 steps=0.545334: 12 9 7 5 9 11 6 4 9
[2K
Verifying formula 4 at /nta/queries/query[4]/formula
 -- Formula: simulate[<=700]{humanPositionX[0], humanPositionY[0], robPositionX[0], robPositionY[0], batteryCharge[0], user_guided_transport.end}
[2K -- Formula is satisfied.
humanPositionX[0]:
[0]: (0,0) (0,92.5) (1,92.5) (1,97.73313175708738) (8.435234218096134,97.73313175708738) (8.435234218096134,123.7285354798977) (9.435234218096133,123.7285354798977) (9.435234218096133,149.723939202708) (10.43523421809613,149.723939202708) (10.43523421809613,175.7193429255182) (11.43523421809614,175.7193429255182) (11.43523421809614,201.7147466483285) (12.43523421809613,201.7147466483285) (12.43523421809613,227.7101503711388) (13.43523421809613,227.7101503711388) (13.43523421809613,253.7055540939491) (14.43523421809613,253.7055540939491) (14.43523421809613,279.7009578167594) (15.43523421809613,279.7009578167594) (15.43523421809613,305.6963615395697) (16.43523421809613,305.6963615395697) (16.43523421809613,331.69176526238) (17.43523421809613,331.69176526238) (17.43523421809613,357.6871689851903) (18.43523421809613,357.6871689851903) (18.43523421809613,383.6825727080006) (19.43523421809613,383.6825727080006) (19.43523421809613,409.6779764308109) (20.43523421809613,409.6779764308109) (20.43523421809613,435.6733801536212) (21.43523421809613,435.6733801536212) (21.43523421809613,461.6687838764315) (22.43523421809613,461.6687838764315) (22.43523421809613,487.6641875992418) (23.43523421809613,487.6641875992418) (23.43523421809613,513.6595913220521) (24.43523421809614,513.6595913220521) (24.43523421809614,539.6549950448623) (25.43523421809614,539.6549950448623) (25.43523421809614,565.6503987676725) (26.43523421809615,565.6503987676725) (26.43523421809615,591.6458024904828) (27.43523421809615,591.6458024904828) (27.43523421809615,617.641206213293) (28.43523421809615,617.641206213293) (28.43523421809615,643.6366099361032) (29.43523421809615,643.6366099361032) (29.43523421809615,669.6320136589135) (30.43523421809615,669.6320136589135) (30.43523421809615,695.6274173817237) (31.43523421809615,695.6274173817237) (31.43523421809615,721.622821104534) (32.43523421809613,721.622821104534) (32.43523421809613,747.6182248273442) (33.43523421809611,747.6182248273442) (33.43523421809611,773.6136285501544) (34.43523421809608,773.6136285501544) (34.43523421809608,799.6090322729647) (35.43523421809605,799.6090322729647) (35.43523421809605,825.6044359957749) (36.43523421809602,825.6044359957749) (36.43523421809602,851.5998397185851) (37.43523421809599,851.5998397185851) (37.43523421809599,877.5952434413954) (38.43523421809596,877.5952434413954) (38.43523421809596,903.5906471642056) (39.43523421809593,903.5906471642056) (39.43523421809593,929.5860508870159) (40.4352342180959,929.5860508870159) (40.4352342180959,955.5814546098261) (41.43523421809587,955.5814546098261) (41.43523421809587,981.5768583326363) (42.43523421809584,981.5768583326363) (42.43523421809584,1007.572262055447) (43.4352342180958,1007.572262055447) (43.4352342180958,1033.567665778257) (44.43523421809583,1033.567665778257) (44.43523421809583,1059.563069501067) (45.43523421809586,1059.563069501067) (45.43523421809586,1085.558473223878) (46.43523421809589,1085.558473223878) (46.43523421809589,1111.553876946688) (47.43523421809591,1111.553876946688) (47.43523421809591,1137.549280669498) (48.43523421809594,1137.549280669498) (48.43523421809594,1163.544684392309) (49.43523421809597,1163.544684392309) (49.43523421809597,1189.540088115119) (50.435234218096,1189.540088115119) (50.435234218096,1215.535491837929) (51.43523421809603,1215.535491837929) (51.43523421809603,1241.53089556074) (52.43523421809606,1241.53089556074) (52.43523421809606,1267.52629928355) (53.43523421809608,1267.52629928355) (53.43523421809608,1293.52170300636) (54.43523421809611,1293.52170300636) (54.43523421809611,1319.517106729171) (55.43523421809614,1319.517106729171) (55.43523421809614,1345.512510451981) (56.43523421809617,1345.512510451981) (56.43523421809617,1371.507914174791) (57.4352342180962,1371.507914174791) (57.4352342180962,1397.503317897602) (58.43523421809623,1397.503317897602) (58.43523421809623,1423.498721620412) (59.43523421809626,1423.498721620412) (59.43523421809626,1478) (60.43523421809628,1478) (60.43523421809628,1504) (61.4352342180963,1504) (61.4352342180963,1530) (62.43523421809633,1530) (62.43523421809633,1556) (63.43523421809635,1556) (63.43523421809635,1582) (64.43523421809637,1582) (64.43523421809637,1608) (65.4352342180964,1608) (65.4352342180964,1634) (66.43523421809643,1634) (66.43523421809643,1660) (67.43523421809644,1660) (67.43523421809644,1686) (68.43523421809647,1686) (68.43523421809647,1712) (69.4352342180965,1712) (69.4352342180965,1738) (70.43523421809651,1738) (70.43523421809651,1764) (71.43523421809654,1764) (71.43523421809654,1790) (72.4352342180966,1790) (72.4352342180966,1816) (73.43523421809658,1816) (73.43523421809658,1842) (74.43523421809654,1842) (74.43523421809654,1868) (75.4352342180965,1868) (75.4352342180965,1894) (76.43523421809645,1894) (76.43523421809645,1920) (77.4352342180964,1920) (77.4352342180964,1946) (78.43523421809633,1946) (78.43523421809633,1972) (79.43523421809628,1972) (79.43523421809628,1998) (80.43523421809623,1998) (80.43523421809623,2024) (81.43523421809616,2024) (81.43523421809616,2050) (82.4352342180961,2050) (82.4352342180961,2076) (83.43523421809604,2076) (83.43523421809604,2102) (84.43523421809599,2102) (84.43523421809599,2128) (85.43523421809593,2128) (85.43523421809593,2154) (86.43523421809587,2154) (86.43523421809587,2180) (87.43523421809581,2180) (87.43523421809581,2206) (88.43523421809577,2206) (88.43523421809577,2232) (89.4352342180957,2232) (89.4352342180957,2258) (90.43523421809564,2258) (90.43523421809564,2284) (91.43523421809559,2284) (91.43523421809559,2310) (92.43523421809553,2310) (92.43523421809553,2336) (93.43523421809547,2336) (93.43523421809547,2362) (94.4352342180954,2362) (94.4352342180954,2388) (95.43523421809535,2388) (95.43523421809535,2414) (96.43523421809529,2414) (96.43523421809529,2440) (97.43523421809523,2440) (97.43523421809523,2466) (98.43523421809518,2466) (98.43523421809518,2492) (99.43523421809512,2492) (99.43523421809512,2518) (100.4352342180951,2518) (100.4352342180951,2544) (101.435234218095,2544) (101.435234218095,2570) (102.4352342180949,2570) (102.4352342180949,2596) (103.4352342180949,2596) (103.4352342180949,2622) (104.4352342180948,2622) (104.4352342180948,2648) (105.4352342180948,2648) (105.4352342180948,2674) (106.4352342180947,2674) (106.4352342180947,2700) (107.4352342180947,2700) (107.4352342180947,2726) (108.4352342180946,2726) (108.4352342180946,2752) (109.4352342180945,2752) (109.4352342180945,2778) (110.4352342180945,2778) (110.4352342180945,2804) (111.4352342180944,2804) (111.4352342180944,2830) (112.4352342180944,2830) (112.4352342180944,2856) (113.4352342180943,2856) (113.4352342180943,2882) (114.4352342180943,2882) (114.4352342180943,2908) (115.4352342180942,2908) (115.4352342180942,2934) (116.4352342180942,2934) (116.4352342180942,2960) (117.4352342180941,2960) (117.4352342180941,2986) (118.435234218094,2986) (118.435234218094,3012) (119.435234218094,3012) (119.435234218094,3038) (120.4352342180939,3038) (120.4352342180939,3088.5) (121.4352342180939,3088.5) (121.4352342180939,3114.5) (122.4352342180938,3114.5) (122.4352342180938,3140.5) (123.4352342180938,3140.5) (123.4352342180938,3166.5) (124.4352342180937,3166.5) (124.4352342180937,3192.5) (125.4352342180936,3192.5) (125.4352342180936,3218.5) (126.4352342180936,3218.5) (126.4352342180936,3244.5) (127.4352342180935,3244.5) (127.4352342180935,3270.5) (128.4352342180935,3270.5) (128.4352342180935,3296.5) (129.4352342180936,3296.5) (129.4352342180936,3322.5) (130.4352342180937,3322.5) (130.4352342180937,3348.5) (131.4352342180938,3348.5) (131.4352342180938,3374.5) (132.4352342180939,3374.5) (132.4352342180939,3400.5) (133.4352342180939,3400.5) (133.4352342180939,3426.5) (134.435234218094,3426.5) (134.435234218094,3452.5) (135.4352342180941,3452.5) (135.4352342180941,3478.5) (136.4352342180942,3478.5) (136.4352342180942,3504.5) (137.4352342180943,3504.5) (137.4352342180943,3530.5) (138.4352342180944,3530.5) (138.4352342180944,3556.5) (139.4352342180945,3556.5) (139.4352342180945,3582.5) (140.4352342180945,3582.5) (140.4352342180945,3608.5) (141.4352342180946,3608.5) (141.4352342180946,3634.5) (142.4352342180947,3634.5) (142.4352342180947,3660.5) (143.4352342180948,3660.5) (143.4352342180948,3686.5) (144.4352342180949,3686.5) (144.4352342180949,3712.5) (145.435234218095,3712.5) (145.435234218095,3738.5) (146.435234218095,3738.5) (146.435234218095,3764.5) (147.4352342180951,3764.5) (147.4352342180951,3790.5) (148.4352342180952,3790.5) (148.4352342180952,3816.5) (149.4352342180953,3816.5) (149.4352342180953,3842.5) (150.4352342180954,3842.5) (150.4352342180954,3868.5) (151.4352342180955,3868.5) (151.4352342180955,3894.5) (152.4352342180956,3894.5) (152.4352342180956,3920.5) (153.4352342180956,3920.5) (153.4352342180956,3946.5) (154.4352342180957,3946.5) (154.4352342180957,3972.5) (155.4352342180958,3972.5) (155.4352342180958,3998.5) (156.4352342180959,3998.5) (156.4352342180959,4024.5) (157.435234218096,4024.5) (157.435234218096,4050.5) (158.4352342180961,4050.5) (158.4352342180961,4076.5) (159.4352342180962,4076.5) (159.4352342180962,4102.5) (160.4352342180962,4102.5) (160.4352342180962,4128.5) (161.4352342180963,4128.5) (161.4352342180963,4154.5) (162.4352342180964,4154.5) (162.4352342180964,4180.5) (163.4352342180965,4180.5) (163.4352342180965,4206.5) (164.4352342180966,4206.5) (164.4352342180966,4232.5) (165.4352342180967,4232.5) (165.4352342180967,4258.5) (166.4352342180968,4258.5) (166.4352342180968,4284.5) (167.4352342180968,4284.5) (167.4352342180968,4310.5) (168.4352342180969,4310.5) (168.4352342180969,4336.5) (169.435234218097,4336.5) (169.435234218097,4362.5) (170.4352342180971,4362.5) (170.4352342180971,4388.5) (171.4352342180972,4388.5) (171.4352342180972,4416.265463717128) (172.4352342180973,4416.265463717128) (172.4352342180973,4415.530927434256) (173.4352342180973,4415.530927434256) (173.4352342180973,4414.796391151384) (174.4352342180974,4414.796391151384) (174.4352342180974,4414.061854868512) (175.4352342180975,4414.061854868512) (175.4352342180975,4413.327318585641) (176.4352342180975,4413.327318585641) (176.4352342180975,4412.592782302769) (177.4352342180976,4412.592782302769) (177.4352342180976,4411.858246019897) (178.4352342180977,4411.858246019897) (178.4352342180977,4411.123709737025) (179.4352342180978,4411.123709737025) (179.4352342180978,4410.389173454153) (180.4352342180979,4410.389173454153) (180.4352342180979,4409.654637171281) (181.4352342180979,4409.654637171281) (181.4352342180979,4408.920100888409) (182.435234218098,4408.920100888409) (182.435234218098,4408.185564605537) (183.435234218098,4408.185564605537) (183.435234218098,4407.451028322665) (184.4352342180981,4407.451028322665) (184.4352342180981,4406.716492039794) (185.4352342180981,4406.716492039794) (185.4352342180981,4405.981955756922) (186.4352342180982,4405.981955756922) (186.4352342180982,4405.24741947405) (187.4352342180983,4405.24741947405) (187.4352342180983,4404.512883191178) (188.4352342180984,4404.512883191178) (188.4352342180984,4403.778346908306) (189.4352342180985,4403.778346908306) (189.4352342180985,4403.043810625434) (190.4352342180986,4403.043810625434) (190.4352342180986,4402.309274342562) (191.4352342180987,4402.309274342562) (191.4352342180987,4401.57473805969) (192.4352342180987,4401.57473805969) (192.4352342180987,4400.840201776819) (700,4400.840201776819)
humanPositionY[0]:
[0]: (0,0) (0,163.5) (1,163.5) (1,188.9679078844919) (8.435234218096134,188.9679078844919) (8.435234218096134,188.479046668909) (9.435234218096133,188.479046668909) (9.435234218096133,187.9901854533261) (10.43523421809613,187.9901854533261) (10.43523421809613,187.5013242377432) (11.43523421809614,187.5013242377432) (11.43523421809614,187.0124630221603) (12.43523421809613,187.0124630221603) (12.43523421809613,186.5236018065774) (13.43523421809613,186.5236018065774) (13.43523421809613,186.0347405909945) (14.43523421809613,186.0347405909945) (14.43523421809613,185.5458793754117) (15.43523421809613,185.5458793754117) (15.43523421809613,185.0570181598288) (16.43523421809613,185.0570181598288) (16.43523421809613,184.5681569442459) (17.43523421809613,184.5681569442459) (17.43523421809613,184.079295728663) (18.43523421809613,184.079295728663) (18.43523421809613,183.5904345130801) (19.43523421809613,183.5904345130801) (19.43523421809613,183.1015732974972) (20.43523421809613,183.1015732974972) (20.43523421809613,182.6127120819143) (21.43523421809613,182.6127120819143) (21.43523421809613,182.1238508663315) (22.43523421809613,182.1238508663315) (22.43523421809613,181.6349896507486) (23.43523421809613,181.6349896507486) (23.43523421809613,181.1461284351657) (24.43523421809614,181.1461284351657) (24.43523421809614,180.6572672195828) (25.43523421809614,180.6572672195828) (25.43523421809614,180.1684060039999) (26.43523421809615,180.1684060039999) (26.43523421809615,179.679544788417) (27.43523421809615,179.679544788417) (27.43523421809615,179.1906835728341) (28.43523421809615,179.1906835728341) (28.43523421809615,178.7018223572512) (29.43523421809615,178.7018223572512) (29.43523421809615,178.2129611416684) (30.43523421809615,178.2129611416684) (30.43523421809615,177.7240999260855) (31.43523421809615,177.7240999260855) (31.43523421809615,177.2352387105026) (32.43523421809613,177.2352387105026) (32.43523421809613,176.7463774949197) (33.43523421809611,176.7463774949197) (33.43523421809611,176.2575162793368) (34.43523421809608,176.2575162793368) (34.43523421809608,175.7686550637539) (35.43523421809605,175.7686550637539) (35.43523421809605,175.279793848171) (36.43523421809602,175.279793848171) (36.43523421809602,174.7909326325882) (37.43523421809599,174.7909326325882) (37.43523421809599,174.3020714170053) (38.43523421809596,174.3020714170053) (38.43523421809596,173.8132102014224) (39.43523421809593,173.8132102014224) (39.43523421809593,173.3243489858395) (40.4352342180959,173.3243489858395) (40.4352342180959,172.8354877702566) (41.43523421809587,172.8354877702566) (41.43523421809587,172.3466265546737) (42.43523421809584,172.3466265546737) (42.43523421809584,171.8577653390908) (43.4352342180958,171.8577653390908) (43.4352342180958,171.3689041235079) (44.43523421809583,171.3689041235079) (44.43523421809583,170.8800429079251) (45.43523421809586,170.8800429079251) (45.43523421809586,170.3911816923422) (46.43523421809589,170.3911816923422) (46.43523421809589,169.9023204767593) (47.43523421809591,169.9023204767593) (47.43523421809591,169.4134592611764) (48.43523421809594,169.4134592611764) (48.43523421809594,168.9245980455935) (49.43523421809597,168.9245980455935) (49.43523421809597,168.4357368300106) (50.435234218096,168.4357368300106) (50.435234218096,167.9468756144277) (51.43523421809603,167.9468756144277) (51.43523421809603,167.4580143988449) (52.43523421809606,167.4580143988449) (52.43523421809606,166.969153183262) (53.43523421809608,166.969153183262) (53.43523421809608,166.4802919676791) (54.43523421809611,166.4802919676791) (54.43523421809611,165.9914307520962) (55.43523421809614,165.9914307520962) (55.43523421809614,165.5025695365133) (56.43523421809617,165.5025695365133) (56.43523421809617,165.0137083209304) (57.4352342180962,165.0137083209304) (57.4352342180962,164.5248471053475) (58.43523421809623,164.5248471053475) (58.43523421809623,164.0359858897646) (59.43523421809626,164.0359858897646) (59.43523421809626,163.5) (171.4352342180972,163.5) (171.4352342180972,189.4896220913107) (172.4352342180973,189.4896220913107) (172.4352342180973,215.4792441826214) (173.4352342180973,215.4792441826214) (173.4352342180973,241.4688662739321) (174.4352342180974,241.4688662739321) (174.4352342180974,267.4584883652428) (175.4352342180975,267.4584883652428) (175.4352342180975,293.4481104565535) (176.4352342180975,293.4481104565535) (176.4352342180975,319.4377325478642) (177.4352342180976,319.4377325478642) (177.4352342180976,345.427354639175) (178.4352342180977,345.427354639175) (178.4352342180977,371.4169767304857) (179.4352342180978,371.4169767304857) (179.4352342180978,397.4065988217964) (180.4352342180979,397.4065988217964) (180.4352342180979,423.3962209131071) (181.4352342180979,423.3962209131071) (181.4352342180979,449.3858430044178) (182.435234218098,449.3858430044178) (182.435234218098,475.3754650957285) (183.435234218098,475.3754650957285) (183.435234218098,501.3650871870392) (184.4352342180981,501.3650871870392) (184.4352342180981,527.3547092783499) (185.4352342180981,527.3547092783499) (185.4352342180981,553.3443313696606) (186.4352342180982,553.3443313696606) (186.4352342180982,579.3339534609713) (187.4352342180983,579.3339534609713) (187.4352342180983,605.323575552282) (188.4352342180984,605.323575552282) (188.4352342180984,631.3131976435927) (189.4352342180985,631.3131976435927) (189.4352342180985,657.3028197349034) (190.4352342180986,657.3028197349034) (190.4352342180986,683.2924418262141) (191.4352342180987,683.2924418262141) (191.4352342180987,709.2820639175249) (192.4352342180987,709.2820639175249) (192.4352342180987,735.2716860088356) (700,735.2716860088356)
robPositionX[0]:
[0]: (0,0) (0,92.5) (2,92.5) (2,97.73313175708738) (10.43523421809613,97.73313175708738) (10.43523421809613,123.7285354798977) (11.45403768057937,123.7285354798977) (11.45403768057937,149.723939202708) (12.47284114306261,149.723939202708) (12.47284114306261,175.7193429255182) (13.47284114306261,175.7193429255182) (13.47284114306261,201.7147466483285) (14.47284114306261,201.7147466483285) (14.47284114306261,227.7101503711388) (15.47284114306261,227.7101503711388) (15.47284114306261,253.7055540939491) (16.47284114306261,253.7055540939491) (16.47284114306261,279.7009578167594) (17.47284114306261,279.7009578167594) (17.47284114306261,305.6963615395697) (18.47284114306261,305.6963615395697) (18.47284114306261,331.69176526238) (19.47284114306261,331.69176526238) (19.47284114306261,357.6871689851903) (20.47284114306261,357.6871689851903) (20.47284114306261,383.6825727080006) (21.47284114306261,383.6825727080006) (21.47284114306261,409.6779764308109) (22.47284114306262,409.6779764308109) (22.47284114306262,435.6733801536212) (23.47284114306262,435.6733801536212) (23.47284114306262,461.6687838764315) (24.47284114306262,461.6687838764315) (24.47284114306262,487.6641875992418) (25.47284114306263,487.6641875992418) (25.47284114306263,513.6595913220521) (26.47284114306263,513.6595913220521) (26.47284114306263,539.6549950448623) (27.47284114306263,539.6549950448623) (27.47284114306263,565.6503987676725) (28.47284114306263,565.6503987676725) (28.47284114306263,591.6458024904828) (29.47284114306263,591.6458024904828) (29.47284114306263,617.641206213293) (30.47284114306263,617.641206213293) (30.47284114306263,643.6366099361032) (31.47284114306263,643.6366099361032) (31.47284114306263,669.6320136589135) (32.47284114306262,669.6320136589135) (32.47284114306262,695.6274173817237) (33.4728411430626,695.6274173817237) (33.4728411430626,721.622821104534) (34.47284114306257,721.622821104534) (34.47284114306257,747.6182248273442) (35.47284114306254,747.6182248273442) (35.47284114306254,773.6136285501544) (36.47284114306251,773.6136285501544) (36.47284114306251,799.6090322729647) (37.47284114306247,799.6090322729647) (37.47284114306247,825.6044359957749) (38.47284114306245,825.6044359957749) (38.47284114306245,851.5998397185851) (39.47284114306242,851.5998397185851) (39.47284114306242,877.5952434413954) (40.47284114306239,877.5952434413954) (40.47284114306239,903.5906471642056) (41.47284114306236,903.5906471642056) (41.47284114306236,929.5860508870159) (42.47284114306233,929.5860508870159) (42.47284114306233,955.5814546098261) (43.47284114306229,955.5814546098261) (43.47284114306229,981.5768583326363) (44.47284114306232,981.5768583326363) (44.47284114306232,1007.572262055447) (45.47284114306235,1007.572262055447) (45.47284114306235,1033.567665778257) (46.47284114306238,1033.567665778257) (46.47284114306238,1059.563069501067) (47.4728411430624,1059.563069501067) (47.4728411430624,1085.558473223878) (48.47284114306243,1085.558473223878) (48.47284114306243,1111.553876946688) (49.47284114306246,1111.553876946688) (49.47284114306246,1137.549280669498) (50.47284114306249,1137.549280669498) (50.47284114306249,1163.544684392309) (51.47284114306252,1163.544684392309) (51.47284114306252,1189.540088115119) (52.47284114306255,1189.540088115119) (52.47284114306255,1215.535491837929) (53.47284114306257,1215.535491837929) (53.47284114306257,1241.53089556074) (54.4728411430626,1241.53089556074) (54.4728411430626,1267.52629928355) (55.47284114306263,1267.52629928355) (55.47284114306263,1293.52170300636) (56.47284114306266,1293.52170300636) (56.47284114306266,1319.517106729171) (57.47284114306269,1319.517106729171) (57.47284114306269,1345.512510451981) (58.47284114306272,1345.512510451981) (58.47284114306272,1371.507914174791) (59.47284114306274,1371.507914174791) (59.47284114306274,1397.503317897602) (60.48557199992192,1397.503317897602) (60.48557199992192,1423.501210954746) (61.49419121760113,1423.501210954746) (61.49419121760113,1449.500245178851) (62.50002665836905,1449.500245178851) (62.50002665836905,1475.499802499311) (63.50397738941734,1475.499802499311) (63.50397738941734,1501.499599591989) (64.5066521218375,1501.499599591989) (64.5066521218375,1527.499506587529) (65.50846297315977,1527.499506587529) (65.50846297315977,1553.499463958168) (66.50968895786798,1553.499463958168) (66.50968895786798,1579.49944441867) (67.51051897531796,1579.49944441867) (67.51051897531796,1605.499435462594) (68.51108091454772,1605.499435462594) (68.51108091454772,1631.49943135751) (69.51146135918106,1631.49943135751) (69.51146135918106,1657.499429475914) (70.51171892816426,1657.499429475914) (70.51171892816426,1683.499428613471) (71.5118933077579,1683.499428613471) (71.5118933077579,1709.499428218164) (72.5120113663922,1709.499428218164) (72.5120113663922,1735.499428036972) (73.5120912945596,1735.499428036972) (73.5120912945596,1761.499427953921) (74.5121454076007,1761.499427953921) (74.5121454076007,1787.499427915854) (75.51218204326234,1787.499427915854) (75.51218204326234,1813.499427898406) (76.51220684637379,1813.499427898406) (76.51220684637379,1839.499427890409) (77.51222363860064,1839.499427890409) (77.51222363860064,1865.499427886743) (78.51223500727841,1865.499427886743) (78.51223500727841,1891.499427885063) (79.51224270411397,1891.499427885063) (79.51224270411397,1917.499427884293) (80.51224791502676,1917.499427884293) (80.51224791502676,1943.499427883939) (81.51225144292185,1943.499427883939) (81.51225144292185,1969.499427883778) (82.51225383138782,1969.499427883778) (82.51225383138782,1995.499427883703) (83.51225544842124,1995.499427883703) (83.51225544842124,2021.499427883669) (84.51225654322563,2021.499427883669) (84.51225654322563,2047.499427883654) (85.51225728439921,2047.499427883654) (85.51225728439921,2073.499427883647) (86.51225778619451,2073.499427883647) (86.51225778619451,2099.499427883643) (87.51225812599321,2099.499427883643) (87.51225812599321,2125.499427883642) (88.51225835635952,2125.499427883642) (88.51225835635952,2151.499427883641) (89.51225851121687,2151.499427883641) (89.51225851121687,2177.499427883641) (90.51225861552494,2177.499427883641) (90.51225861552494,2203.499427883641) (91.51225868852536,2203.499427883641) (91.51225868852536,2229.499427883641) (92.51225873794687,2229.499427883641) (92.51225873794687,2255.499427883641) (93.51225877126681,2255.499427883641) (93.51225877126681,2281.499427883641) (94.51225879234018,2281.499427883641) (94.51225879234018,2307.499427883641) (95.51225879234012,2307.499427883641) (95.51225879234012,2333.499427883641) (96.51225879234006,2333.499427883641) (96.51225879234006,2359.499427883641) (97.51225879234001,2359.499427883641) (97.51225879234001,2385.499427883641) (98.51225879233995,2385.499427883641) (98.51225879233995,2411.499427883641) (99.51225879233989,2411.499427883641) (99.51225879233989,2437.499427883641) (100.5122587923398,2437.499427883641) (100.5122587923398,2463.499427883641) (101.5122587923398,2463.499427883641) (101.5122587923398,2489.499427883641) (102.5122587923397,2489.499427883641) (102.5122587923397,2515.499427883641) (103.5122587923397,2515.499427883641) (103.5122587923397,2541.499427883641) (104.5122587923396,2541.499427883641) (104.5122587923396,2567.499427883641) (105.5122587923396,2567.499427883641) (105.5122587923396,2593.499427883641) (106.5122587923395,2593.499427883641) (106.5122587923395,2619.499427883641) (107.5122587923394,2619.499427883641) (107.5122587923394,2645.499427883641) (108.5122587923394,2645.499427883641) (108.5122587923394,2671.499427883641) (109.5122587923393,2671.499427883641) (109.5122587923393,2697.499427883641) (110.5122587923393,2697.499427883641) (110.5122587923393,2723.499427883641) (111.5122587923392,2723.499427883641) (111.5122587923392,2749.499427883641) (112.5122587923392,2749.499427883641) (112.5122587923392,2775.499427883641) (113.5122587923391,2775.499427883641) (113.5122587923391,2801.499427883641) (114.512258792339,2801.499427883641) (114.512258792339,2827.499427883641) (115.512258792339,2827.499427883641) (115.512258792339,2853.499427883641) (116.5122587923389,2853.499427883641) (116.5122587923389,2879.499427883641) (117.5122587923389,2879.499427883641) (117.5122587923389,2905.499427883641) (118.5122587923388,2905.499427883641) (118.5122587923388,2931.499427883641) (119.5122587923388,2931.499427883641) (119.5122587923388,2957.499427883641) (120.5122587923387,2957.499427883641) (120.5122587923387,2983.499427883641) (121.5122587923386,2983.499427883641) (121.5122587923386,3009.499427883641) (122.5122587923386,3009.499427883641) (122.5122587923386,3035.499427883641) (123.5122587923385,3035.499427883641) (123.5122587923385,3061.499427883641) (124.5122587923385,3061.499427883641) (124.5122587923385,3087.499427883641) (125.5122587923384,3087.499427883641) (125.5122587923384,3113.499427883641) (126.5122587923383,3113.499427883641) (126.5122587923383,3139.499427883641) (127.5122587923383,3139.499427883641) (127.5122587923383,3165.499427883641) (128.5122587923383,3165.499427883641) (128.5122587923383,3191.499427883641) (129.5122587923384,3191.499427883641) (129.5122587923384,3217.499427883641) (130.5122587923385,3217.499427883641) (130.5122587923385,3243.499427883641) (131.5122587923385,3243.499427883641) (131.5122587923385,3269.499427883641) (132.5122587923386,3269.499427883641) (132.5122587923386,3295.499427883641) (133.5122587923387,3295.499427883641) (133.5122587923387,3321.499427883641) (134.5122587923388,3321.499427883641) (134.5122587923388,3347.499427883641) (135.5122587923389,3347.499427883641) (135.5122587923389,3373.499427883641) (136.512258792339,3373.499427883641) (136.512258792339,3399.499427883641) (137.5122587923391,3399.499427883641) (137.5122587923391,3425.499427883641) (138.5122587923391,3425.499427883641) (138.5122587923391,3451.499427883641) (139.5122587923392,3451.499427883641) (139.5122587923392,3477.499427883641) (140.5122587923393,3477.499427883641) (140.5122587923393,3503.499427883641) (141.5122587923394,3503.499427883641) (141.5122587923394,3529.499427883641) (142.5122587923395,3529.499427883641) (142.5122587923395,3555.499427883641) (143.5122587923396,3555.499427883641) (143.5122587923396,3581.499427883641) (144.5122587923397,3581.499427883641) (144.5122587923397,3607.499427883641) (145.5122587923397,3607.499427883641) (145.5122587923397,3633.499427883641) (146.5122587923398,3633.499427883641) (146.5122587923398,3659.499427883641) (147.5122587923399,3659.499427883641) (147.5122587923399,3685.499427883641) (148.51225879234,3685.499427883641) (148.51225879234,3711.499427883641) (149.5122587923401,3711.499427883641) (149.5122587923401,3737.499427883641) (150.5122587923402,3737.499427883641) (150.5122587923402,3763.499427883641) (151.5122587923402,3763.499427883641) (151.5122587923402,3789.499427883641) (152.5122587923403,3789.499427883641) (152.5122587923403,3815.499427883641) (153.5122587923404,3815.499427883641) (153.5122587923404,3841.499427883641) (154.5122587923405,3841.499427883641) (154.5122587923405,3867.499427883641) (155.5122587923406,3867.499427883641) (155.5122587923406,3893.499427883641) (156.5122587923407,3893.499427883641) (156.5122587923407,3919.499427883641) (157.5122587923408,3919.499427883641) (157.5122587923408,3945.499427883641) (158.5122587923408,3945.499427883641) (158.5122587923408,3971.499427883641) (159.5122587923409,3971.499427883641) (159.5122587923409,3997.499427883641) (160.512258792341,3997.499427883641) (160.512258792341,4023.499427883641) (161.5122587923411,4023.499427883641) (161.5122587923411,4049.499427883641) (162.5122587923412,4049.499427883641) (162.5122587923412,4075.499427883641) (163.5122587923413,4075.499427883641) (163.5122587923413,4101.49942788364) (164.5122587923414,4101.49942788364) (164.5122587923414,4127.49942788364) (165.5122587923414,4127.49942788364) (165.5122587923414,4153.49942788364) (166.5122587923415,4153.49942788364) (166.5122587923415,4179.49942788364) (167.5122587923416,4179.49942788364) (167.5122587923416,4205.49942788364) (168.5122587923417,4205.49942788364) (168.5122587923417,4231.49942788364) (169.5122587923418,4231.49942788364) (169.5122587923418,4257.49942788364) (170.5122587923419,4257.49942788364) (170.5122587923419,4283.49942788364) (171.512258792342,4283.49942788364) (171.512258792342,4309.49942788364) (172.7510405880969,4309.49942788364) (172.7510405880969,4334.761725317672) (174.2671566850104,4334.761725317672) (174.2671566850104,4357.375029374853) (176.0660138641838,4357.375029374853) (176.0660138641838,4371.80338971305) (178.2017215074773,4371.80338971305) (178.2017215074773,4380.472858151295) (180.5100199663819,4380.472858151295) (180.5100199663819,4385.010512952947) (182.9361600141282,4385.010512952947) (182.9361600141282,4388.172157803916) (185.4048612421509,4388.172157803916) (185.4048612421509,4390.428283375573) (187.9022282776788,4390.428283375573) (187.9022282776788,4391.835488330516) (190.4266934401316,4391.835488330516) (190.4266934401316,4392.871718959358) (192.9635312782534,4392.871718959358) (192.9635312782534,4393.515439372457) (195.5134864983296,4393.515439372457) (195.5134864983296,4394.057268921059) (198.0634417184058,4394.057268921059) (198.0634417184058,4394.599098469662) (200.6133969384821,4394.599098469662) (200.6133969384821,4395.140928018264) (203.1633521585583,4395.140928018264) (203.1633521585583,4395.682757566867) (205.7133073786345,4395.682757566867) (205.7133073786345,4396.224587115469) (208.2632625987107,4396.224587115469) (208.2632625987107,4396.766416664072) (210.8132178187869,4396.766416664072) (210.8132178187869,4397.308246212675) (213.363173038863,4397.308246212675) (213.363173038863,4397.850075761278) (215.9131282589393,4397.850075761278) (215.9131282589393,4398.391905309881) (218.4630834790155,4398.391905309881) (218.4630834790155,4398.933734858484) (221.0130386990917,4398.933734858484) (221.0130386990917,4399.475564407086) (223.5629939191679,4399.475564407086) (223.5629939191679,4400.01739395569) (226.1129491392441,4400.01739395569) (226.1129491392441,4400.559223504292) (228.6629043593204,4400.559223504292) (228.6629043593204,4400.840201776819) (700,4400.840201776819)
robPositionY[0]:
[0]: (0,0) (0,163.5) (2,163.5) (2,188.9679078844919) (10.43523421809613,188.9679078844919) (10.43523421809613,188.479046668909) (11.45403768057937,188.479046668909) (11.45403768057937,187.9901854533262) (12.47284114306261,187.9901854533262) (12.47284114306261,187.5013242377433) (13.47284114306261,187.5013242377433) (13.47284114306261,187.0124630221605) (14.47284114306261,187.0124630221605) (14.47284114306261,186.5236018065776) (15.47284114306261,186.5236018065776) (15.47284114306261,186.0347405909947) (16.47284114306261,186.0347405909947) (16.47284114306261,185.5458793754118) (17.47284114306261,185.5458793754118) (17.47284114306261,185.0570181598289) (18.47284114306261,185.0570181598289) (18.47284114306261,184.568156944246) (19.47284114306261,184.568156944246) (19.47284114306261,184.0792957286631) (20.47284114306261,184.0792957286631) (20.47284114306261,183.5904345130803) (21.47284114306261,183.5904345130803) (21.47284114306261,183.1015732974974) (22.47284114306262,183.1015732974974) (22.47284114306262,182.6127120819145) (23.47284114306262,182.6127120819145) (23.47284114306262,182.1238508663316) (24.47284114306262,182.1238508663316) (24.47284114306262,181.6349896507487) (25.47284114306263,181.6349896507487) (25.47284114306263,181.1461284351658) (26.47284114306263,181.1461284351658) (26.47284114306263,180.6572672195829) (27.47284114306263,180.6572672195829) (27.47284114306263,180.168406004) (28.47284114306263,180.168406004) (28.47284114306263,179.6795447884172) (29.47284114306263,179.6795447884172) (29.47284114306263,179.1906835728343) (30.47284114306263,179.1906835728343) (30.47284114306263,178.7018223572514) (31.47284114306263,178.7018223572514) (31.47284114306263,178.2129611416685) (32.47284114306262,178.2129611416685) (32.47284114306262,177.7240999260856) (33.4728411430626,177.7240999260856) (33.4728411430626,177.2352387105027) (34.47284114306257,177.2352387105027) (34.47284114306257,176.7463774949198) (35.47284114306254,176.7463774949198) (35.47284114306254,176.257516279337) (36.47284114306251,176.257516279337) (36.47284114306251,175.7686550637541) (37.47284114306247,175.7686550637541) (37.47284114306247,175.2797938481712) (38.47284114306245,175.2797938481712) (38.47284114306245,174.7909326325883) (39.47284114306242,174.7909326325883) (39.47284114306242,174.3020714170054) (40.47284114306239,174.3020714170054) (40.47284114306239,173.8132102014225) (41.47284114306236,173.8132102014225) (41.47284114306236,173.3243489858396) (42.47284114306233,173.3243489858396) (42.47284114306233,172.8354877702567) (43.47284114306229,172.8354877702567) (43.47284114306229,172.3466265546739) (44.47284114306232,172.3466265546739) (44.47284114306232,171.857765339091) (45.47284114306235,171.857765339091) (45.47284114306235,171.3689041235081) (46.47284114306238,171.3689041235081) (46.47284114306238,170.8800429079252) (47.4728411430624,170.8800429079252) (47.4728411430624,170.3911816923423) (48.47284114306243,170.3911816923423) (48.47284114306243,169.9023204767594) (49.47284114306246,169.9023204767594) (49.47284114306246,169.4134592611765) (50.47284114306249,169.4134592611765) (50.47284114306249,168.9245980455937) (51.47284114306252,168.9245980455937) (51.47284114306252,168.4357368300108) (52.47284114306255,168.4357368300108) (52.47284114306255,167.9468756144279) (53.47284114306257,167.9468756144279) (53.47284114306257,167.458014398845) (54.4728411430626,167.458014398845) (54.4728411430626,166.9691531832621) (55.47284114306263,166.9691531832621) (55.47284114306263,166.4802919676792) (56.47284114306266,166.4802919676792) (56.47284114306266,165.9914307520963) (57.47284114306269,165.9914307520963) (57.47284114306269,165.5025695365134) (58.47284114306272,165.5025695365134) (58.47284114306272,165.0137083209306) (59.47284114306274,165.0137083209306) (59.47284114306274,164.5248471053477) (60.48557199992192,164.5248471053477) (60.48557199992192,164.1938537681208) (61.49419121760113,164.1938537681208) (61.49419121760113,163.969756883213) (62.50002665836905,163.969756883213) (62.50002665836905,163.8180362843253) (63.50397738941734,163.8180362843253) (63.50397738941734,163.7153175442811) (64.5066521218375,163.7153175442811) (64.5066521218375,163.6457745842783) (65.50846297315977,163.6457745842783) (65.50846297315977,163.5986924756321) (66.50968895786798,163.5986924756321) (66.50968895786798,163.566816881204) (67.51051897531796,163.566816881204) (67.51051897531796,163.545236429983) (68.51108091454772,163.545236429983) (68.51108091454772,163.5306260107791) (69.51146135918106,163.5306260107791) (69.51146135918106,163.5207344505516) (70.51171892816426,163.5207344505516) (70.51171892816426,163.5140376570627) (71.5118933077579,163.5140376570627) (71.5118933077579,163.5095037876518) (72.5120113663922,163.5095037876518) (72.5120113663922,163.5064342631685) (73.5120912945596,163.5064342631685) (73.5120912945596,163.5043561308182) (74.5121454076007,163.5043561308182) (74.5121454076007,163.5029491917491) (75.51218204326234,163.5029491917491) (75.51218204326234,163.5019966645455) (76.51220684637379,163.5019966645455) (76.51220684637379,163.5013517836466) (77.51222363860064,163.5013517836466) (77.51222363860064,163.5009151857469) (78.51223500727841,163.5009151857469) (78.51223500727841,163.5006196001235) (79.51224270411397,163.5006196001235) (79.51224270411397,163.5004194823974) (80.51224791502676,163.5004194823974) (80.51224791502676,163.5002839986634) (81.51225144292185,163.5002839986634) (81.51225144292185,163.5001922733894) (82.51225383138782,163.5001922733894) (82.51225383138782,163.5001301732726) (83.51225544842124,163.5001301732726) (83.51225544842124,163.5000881304022) (84.51225654322563,163.5000881304022) (84.51225654322563,163.5000596654866) (85.51225728439921,163.5000596654866) (85.51225728439921,163.5000403949721) (86.51225778619451,163.5000403949721) (86.51225778619451,163.5000273482928) (87.51225812599321,163.5000273482928) (87.51225812599321,163.5000185135251) (88.51225835635952,163.5000185135251) (88.51225835635952,163.5000125239997) (89.51225851121687,163.5000125239997) (89.51225851121687,163.5000084977071) (90.51225861552494,163.5000084977071) (90.51225861552494,163.5000057856957) (91.51225868852536,163.5000057856957) (91.51225868852536,163.5000038876832) (92.51225873794687,163.5000038876832) (92.51225873794687,163.5000026027226) (93.51225877126681,163.5000026027226) (93.51225877126681,163.5000017364024) (94.51225879234018,163.5000017364024) (94.51225879234018,163.5000011884933) (95.51225879234012,163.5000011884933) (95.51225879234012,163.5000006405843) (172.7510405880969,163.5000006405843) (172.7510405880969,169.6494988603188) (174.2671566850104,169.6494988603188) (174.2671566850104,182.4806515605829) (176.0660138641838,182.4806515605829) (176.0660138641838,204.1098544573876) (178.2017215074773,204.1098544573876) (178.2017215074773,228.6218987825405) (180.5100199663819,228.6218987825405) (180.5100199663819,254.2228692504944) (182.9361600141282,254.2228692504944) (182.9361600141282,280.0299225855101) (185.4048612421509,280.0299225855101) (185.4048612421509,305.9318510350467) (187.9022282776788,305.9318510350467) (187.9022282776788,331.8937418408948) (190.4266934401316,331.8937418408948) (190.4266934401316,357.873084135954) (192.9635312782534,357.873084135954) (192.9635312782534,383.8651141457428) (195.5134864983296,383.8651141457428) (195.5134864983296,409.8594677776426) (198.0634417184058,409.8594677776426) (198.0634417184058,435.8538214095424) (200.6133969384821,435.8538214095424) (200.6133969384821,461.8481750414421) (203.1633521585583,461.8481750414421) (203.1633521585583,487.8425286733419) (205.7133073786345,487.8425286733419) (205.7133073786345,513.8368823052417) (208.2632625987107,513.8368823052417) (208.2632625987107,539.8312359371415) (210.8132178187869,539.8312359371415) (210.8132178187869,565.8255895690413) (213.363173038863,565.8255895690413) (213.363173038863,591.8199432009411) (215.9131282589393,591.8199432009411) (215.9131282589393,617.8142968328409) (218.4630834790155,617.8142968328409) (218.4630834790155,643.8086504647407) (221.0130386990917,643.8086504647407) (221.0130386990917,669.8030040966405) (223.5629939191679,669.8030040966405) (223.5629939191679,695.7973577285403) (226.1129491392441,695.7973577285403) (226.1129491392441,721.7917113604401) (228.6629043593204,721.7917113604401) (228.6629043593204,735.2716860088356) (700,735.2716860088356)
batteryCharge[0]:
[0]: (0,100) (700,100)
user_guided_transport.end:
[0]: (0,0) (228.6629043593204,0) (228.6629043593204,1) (700,1)
[2K
Verifying formula 5 at /nta/queries/query[5]/formula
 -- Formula: simulate[<=700]{robot_inventory[0][0], user_guided_transport.end*2}
[2K -- Formula is satisfied.
robot_inventory[0][0]:
[0]: (0,0) (7.648355022269748,0) (7.648355022269748,1) (700,1)
user_guided_transport.end * 2:
[0]: (0,0) (228.8572217010088,0) (228.8572217010088,2) (700,2)
[2K
Verifying formula 6 at /nta/queries/query[6]/formula
 -- Formula: simulate[<=700]{bedroom[0], bedroom[1], kitchen[0], kitchen[1]}
[2K -- Formula is satisfied.
bedroom[0]:
[0]: (0,100) (700,100)
bedroom[1]:
[0]: (0,200) (700,200)
kitchen[0]:
[0]: (0,4400) (700,4400)
kitchen[1]:
[0]: (0,765) (700,765)
[2K
Verifying formula 7 at /nta/queries/query[7]/formula
 -- Formula: simulate[<=700]{rm_1.idle, rf_1.idle, rp_1.idle, rd_1.idle}
[2K -- Formula is satisfied.
rm_1.idle:
[0]: (0,0) (0,1) (0,0) (3,0) (3,1) (700,1)
rf_1.idle:
[0]: (0,0) (0,1) (8.325024270113262,1) (8.325024270113262,0) (230.5338909488583,0) (230.5338909488583,1) (700,1)
rp_1.idle:
[0]: (0,0) (0,1) (2,1) (2,0) (8.325024270113262,0) (8.325024270113262,1) (700,1)
rd_1.idle:
[0]: (0,0) (0,1) (700,1)
[2K
Verifying formula 8 at /nta/queries/query[8]/formula
 -- Formula: Pr[<=700](<>!rm_1.idle || !rf_1.idle || !rp_1.idle || !rd_1.idle)
[2K -- Formula is satisfied.
(72/72 runs) Pr(<> …) in [0.950056,1] (95% CI)
Values in [0,0] mean=0 steps=2.22045e-16: 72
[2K
Verifying formula 9 at /nta/queries/query[9]/formula
 -- Formula: Pr[<=700]([] (user_guided_transport.end imply (rm_1.idle && rf_1.idle && rp_1.idle && rd_1.idle)))
[2K -- Formula is satisfied.
(0/72 runs) Pr([] …) in [0,0.0499441] (95% CI)
Values in [228.378,233.212] mean=230.989 steps=0.537216: 7 8 7 10 6 5 8 6 15
[2K
Verifying formula 10 at /nta/queries/query[10]/formula
 -- Formula: Pr[<=700] (<> pow(humanPositionX[0] - kitchen[0], 2) + pow(humanPositionY[0] - kitchen[1], 2) <= 900 )
[2K -- Formula is satisfied.
(72/72 runs) Pr(<> …) in [0.950056,1] (95% CI)
Values in [192.002,196.929] mean=194.556 steps=0.547446: 5 4 12 6 12 10 10 6 7
[2K
Verifying formula 11 at /nta/queries/query[11]/formula
 -- Formula: Pr[<=700] (<> pow(humanPositionX[0] - bedroom[0], 2) + pow(humanPositionY[0] - bedroom[1], 2) <= 900 )
[2K -- Formula is satisfied.
(72/72 runs) Pr(<> …) in [0.950056,1] (95% CI)
Values in [1,1] mean=1 steps=2.22045e-16: 72
[2K
Verifying formula 12 at /nta/queries/query[12]/formula
 -- Formula: Pr[<=700] (<> pow(robPositionX[0] - bedroom[0], 2) + pow(robPositionY[0] - bedroom[1], 2) <= 900 )
[2K -- Formula is satisfied.
(72/72 runs) Pr(<> …) in [0.950056,1] (95% CI)
Values in [2,2] mean=2 steps=2.22045e-16: 72
[2K
Verifying formula 13 at /nta/queries/query[13]/formula
 -- Formula: Pr[<=700] (<> !isValidPosition(humanPositionX[0], humanPositionY[0]))
[2K -- Formula is satisfied.
(72/72 runs) Pr(<> …) in [0.950056,1] (95% CI)
Values in [0,0] mean=0 steps=2.22045e-16: 72
[2K
Verifying formula 14 at /nta/queries/query[14]/formula
 -- Formula: Pr[<=700] (<> !isValidPosition(robPositionX[0], robPositionY[0]))
[2K -- Formula is satisfied.
(72/72 runs) Pr(<> …) in [0.950056,1] (95% CI)
Values in [0,0] mean=0 steps=2.22045e-16: 72
[2K
Verifying formula 15 at /nta/queries/query[15]/formula
 -- Formula: Pr[<=700] (<> currP > 2)
 -- Throughput: 581490 runs/sec, Load: 333 runs[K
[2K -- Formula is satisfied.
(0/72 runs) Pr(<> …) in [0,0.0499441] (95% CI)
