Options for the verification:
  Generating no trace
  Search order is breadth first
  Using conservative space optimisation
  Seed is 1782638910
  State space representation uses minimal constraint systems with future testing
  Using HashMap + Compress integers for discrete state storage
[2K
Verifying formula 1 at /nta/queries/query[1]/formula
 -- Formula: simulate[<=700]{Nurse_nurse_def.s1_start, Nurse_nurse_def.s1_end, Nurse_nurse_def.s2_start, Nurse_nurse_def.s2_end, Nurse.end}
[2K -- Formula is satisfied.
Nurse_nurse_def.s1_start:
[0]: (0,0) (0,1) (0,0) (5,0) (5,1) (5,0) (10,0) (10,1) (10,0) (15,0) (15,1) (15,0) (20,0) (20,1) (20,0) (25,0) (25,1) (25,0) (30,0) (30,1) (30,0) (35,0) (35,1) (35,0) (40,0) (40,1) (40,0) (45,0) (45,1) (45,0) (50,0) (50,1) (50,0) (55,0) (55,1) (55,0) (60,0) (60,1) (60,0) (65,0) (65,1) (65,0) (70,0) (70,1) (70,0) (75,0) (75,1) (75,0) (80,0) (80,1) (80,0) (85,0) (85,1) (85,0) (90,0) (90,1) (90,0) (95,0) (95,1) (95,0) (100,0) (100,1) (100,0) (105,0) (105,1) (105,0) (110,0) (110,1) (110,0) (115,0) (115,1) (115,0) (120,0) (120,1) (120,0) (125,0) (125,1) (125,0) (130,0) (130,1) (130,0) (135,0) (135,1) (135,0) (140,0) (140,1) (140,0) (145,0) (145,1) (145,0) (150,0) (150,1) (150,0) (155,0) (155,1) (155,0) (160,0) (160,1) (160,0) (165,0) (165,1) (165,0) (170,0) (170,1) (170,0) (175,0) (175,1) (175,0) (180,0) (180,1) (180,0) (185,0) (185,1) (185,0) (700.000002,0)
Nurse_nurse_def.s1_end:
[0]: (0,0) (186,0) (186,1) (186,0) (700.000002,0)
Nurse_nurse_def.s2_start:
[0]: (0,0) (186,0) (186,1) (186,0) (191,0) (191,1) (191,0) (196,0) (196,1) (196,0) (201,0) (201,1) (201,0) (206,0) (206,1) (206,0) (211,0) (211,1) (211,0) (216,0) (216,1) (216,0) (221,0) (221,1) (221,0) (226,0) (226,1) (226,0) (231,0) (231,1) (231,0) (236,0) (236,1) (236,0) (241,0) (241,1) (241,0) (246,0) (246,1) (246,0) (251,0) (251,1) (251,0) (256,0) (256,1) (256,0) (261,0) (261,1) (261,0) (266,0) (266,1) (266,0) (271,0) (271,1) (271,0) (276,0) (276,1) (276,0) (281,0) (281,1) (281,0) (286,0) (286,1) (286,0) (291,0) (291,1) (291,0) (296,0) (296,1) (296,0) (301,0) (301,1) (301,0) (306,0) (306,1) (306,0) (311,0) (311,1) (311,0) (316,0) (316,1) (316,0) (321,0) (321,1) (321,0) (326,0) (326,1) (326,0) (331,0) (331,1) (331,0) (336,0) (336,1) (336,0) (341,0) (341,1) (341,0) (346,0) (346,1) (346,0) (351,0) (351,1) (351,0) (356,0) (356,1) (356,0) (361,0) (361,1) (361,0) (366,0) (366,1) (366,0) (371,0) (371,1) (371,0) (700.000002,0)
Nurse_nurse_def.s2_end:
[0]: (0,0) (371,0) (371,1) (371,0) (700.000002,0)
Nurse.end:
[0]: (0,0) (371,0) (371,1) (700.000002,1)
[2K
Verifying formula 2 at /nta/queries/query[2]/formula
 -- Formula: Pr[<=700] (<> Nurse.end)
[2K -- Formula is satisfied.
(72/72 runs) Pr(<> …) in [0.950056,1] (95% CI)
Values in [371,371] mean=371 steps=2.22045e-16: 72
[2K
Verifying formula 3 at /nta/queries/query[3]/formula
 -- Formula: simulate[<=700]{humanPositionX[0], humanPositionY[0], Nurse.end}
[2K -- Formula is satisfied.
humanPositionX[0]:
[0]: (0,0) (0,92.5) (1,92.5) (1,118.5) (2,118.5) (2,144.5) (3,144.5) (3,170.5) (4,170.5) (4,196.5) (5,196.5) (5,222.5) (6,222.5) (6,248.5) (7,248.5) (7,274.5) (8,274.5) (8,300.5) (9,300.5) (9,326.5) (10,326.5) (10,352.5) (11,352.5) (11,378.5) (12,378.5) (12,404.5) (13,404.5) (13,430.5) (14,430.5) (14,456.5) (15,456.5) (15,482.5) (16,482.5) (16,508.5) (17,508.5) (17,534.5) (18,534.5) (18,560.5) (19,560.5) (19,586.5) (20,586.5) (20,612.5) (21,612.5) (21,638.5) (22,638.5) (22,664.5) (23,664.5) (23,690.5) (24,690.5) (24,716.5) (25,716.5) (25,742.5) (26,742.5) (26,768.5) (27,768.5) (27,794.5) (28,794.5) (28,820.5) (29,820.5) (29,846.5) (30,846.5) (30,872.5) (31,872.5) (31,898.5) (32,898.5) (32,924.5) (33,924.5) (33,950.5) (34,950.5) (34,976.5) (35,976.5) (35,1002.5) (36,1002.5) (36,1028.5) (37,1028.5) (37,1054.5) (38,1054.5) (38,1080.5) (39,1080.5) (39,1106.5) (40,1106.5) (40,1132.5) (41,1132.5) (41,1158.5) (42,1158.5) (42,1184.5) (43,1184.5) (43,1210.5) (44,1210.5) (44,1236.5) (45,1236.5) (45,1262.5) (46,1262.5) (46,1288.5) (47,1288.5) (47,1314.5) (48,1314.5) (48,1340.5) (49,1340.5) (49,1366.5) (50,1366.5) (50,1392.5) (51,1392.5) (51,1418.5) (52,1418.5) (52,1444.5) (53,1444.5) (53,1478) (54,1478) (54,1504) (55,1504) (55,1530) (56,1530) (56,1556) (57,1556) (57,1582) (58,1582) (58,1608) (59,1608) (59,1634) (60,1634) (60,1660) (61,1660) (61,1686) (62,1686) (62,1712) (63,1712) (63,1738) (64,1738) (64,1764) (65,1764) (65,1790) (66,1790) (66,1816) (67,1816) (67,1842) (68,1842) (68,1868) (69,1868) (69,1894) (70,1894) (70,1920) (71,1920) (71,1946) (72,1946) (72,1972) (73,1972) (73,1998) (74,1998) (74,2024) (75,2024) (75,2050) (76,2050) (76,2076) (77,2076) (77,2102) (78,2102) (78,2128) (79,2128) (79,2154) (80,2154) (80,2180) (81,2180) (81,2206) (82,2206) (82,2232) (83,2232) (83,2258) (84,2258) (84,2284) (85,2284) (85,2310) (86,2310) (86,2336) (87,2336) (87,2362) (88,2362) (88,2388) (89,2388) (89,2414) (90,2414) (90,2440) (91,2440) (91,2466) (92,2466) (92,2492) (93,2492) (93,2518) (94,2518) (94,2544) (95,2544) (95,2570) (96,2570) (96,2596) (97,2596) (97,2622) (98,2622) (98,2648) (99,2648) (99,2674) (100,2674) (100,2700) (101,2700) (101,2726) (102,2726) (102,2752) (103,2752) (103,2778) (104,2778) (104,2804) (105,2804) (105,2830) (106,2830) (106,2856) (107,2856) (107,2882) (108,2882) (108,2908) (109,2908) (109,2934) (110,2934) (110,2960) (111,2960) (111,2986) (112,2986) (112,3012) (113,3012) (113,3038) (114,3038) (114,3088.5) (115,3088.5) (115,3114.5) (116,3114.5) (116,3140.5) (117,3140.5) (117,3166.5) (118,3166.5) (118,3192.5) (119,3192.5) (119,3218.5) (120,3218.5) (120,3244.5) (121,3244.5) (121,3270.5) (122,3270.5) (122,3296.5) (123,3296.5) (123,3322.5) (124,3322.5) (124,3348.5) (125,3348.5) (125,3374.5) (126,3374.5) (126,3400.5) (127,3400.5) (127,3426.5) (128,3426.5) (128,3452.5) (129,3452.5) (129,3478.5) (130,3478.5) (130,3504.5) (131,3504.5) (131,3530.5) (132,3530.5) (132,3556.5) (133,3556.5) (133,3582.5) (134,3582.5) (134,3608.5) (135,3608.5) (135,3634.5) (136,3634.5) (136,3660.5) (137,3660.5) (137,3686.5) (138,3686.5) (138,3712.5) (139,3712.5) (139,3738.5) (140,3738.5) (140,3764.5) (141,3764.5) (141,3790.5) (142,3790.5) (142,3816.5) (143,3816.5) (143,3842.5) (144,3842.5) (144,3868.5) (145,3868.5) (145,3894.5) (146,3894.5) (146,3920.5) (147,3920.5) (147,3946.5) (148,3946.5) (148,3972.5) (149,3972.5) (149,3998.5) (150,3998.5) (150,4024.5) (151,4024.5) (151,4050.5) (152,4050.5) (152,4076.5) (153,4076.5) (153,4102.5) (154,4102.5) (154,4128.5) (155,4128.5) (155,4154.5) (156,4154.5) (156,4180.5) (157,4180.5) (157,4206.5) (158,4206.5) (158,4232.5) (159,4232.5) (159,4258.5) (160,4258.5) (160,4284.5) (161,4284.5) (161,4310.5) (162,4310.5) (162,4336.5) (163,4336.5) (163,4362.5) (164,4362.5) (164,4388.5) (165,4388.5) (165,4416.265463717128) (166,4416.265463717128) (166,4415.530927434256) (167,4415.530927434256) (167,4414.796391151384) (168,4414.796391151384) (168,4414.061854868512) (169,4414.061854868512) (169,4413.327318585641) (170,4413.327318585641) (170,4412.592782302769) (171,4412.592782302769) (171,4411.858246019897) (172,4411.858246019897) (172,4411.123709737025) (173,4411.123709737025) (173,4410.389173454153) (174,4410.389173454153) (174,4409.654637171281) (175,4409.654637171281) (175,4408.920100888409) (176,4408.920100888409) (176,4408.185564605537) (177,4408.185564605537) (177,4407.451028322665) (178,4407.451028322665) (178,4406.716492039794) (179,4406.716492039794) (179,4405.981955756922) (180,4405.981955756922) (180,4405.24741947405) (181,4405.24741947405) (181,4404.512883191178) (182,4404.512883191178) (182,4403.778346908306) (183,4403.778346908306) (183,4403.043810625434) (184,4403.043810625434) (184,4402.309274342562) (185,4402.309274342562) (185,4401.57473805969) (186,4401.57473805969) (186,4400.840201776819) (187,4400.840201776819) (187,4374.845079718808) (188,4374.845079718808) (188,4348.849957660797) (189,4348.849957660797) (189,4322.854835602787) (190,4322.854835602787) (190,4296.859713544776) (191,4296.859713544776) (191,4270.864591486766) (192,4270.864591486766) (192,4244.869469428755) (193,4244.869469428755) (193,4218.874347370745) (194,4218.874347370745) (194,4192.879225312734) (195,4192.879225312734) (195,4166.884103254723) (196,4166.884103254723) (196,4140.888981196713) (197,4140.888981196713) (197,4114.893859138702) (198,4114.893859138702) (198,4088.898737080691) (199,4088.898737080691) (199,4062.90361502268) (200,4062.90361502268) (200,4036.908492964669) (201,4036.908492964669) (201,4010.913370906658) (202,4010.913370906658) (202,3984.918248848647) (203,3984.918248848647) (203,3958.923126790636) (204,3958.923126790636) (204,3932.928004732625) (205,3932.928004732625) (205,3906.932882674614) (206,3906.932882674614) (206,3880.937760616603) (207,3880.937760616603) (207,3854.942638558592) (208,3854.942638558592) (208,3828.947516500581) (209,3828.947516500581) (209,3802.95239444257) (210,3802.95239444257) (210,3776.957272384559) (211,3776.957272384559) (211,3750.962150326548) (212,3750.962150326548) (212,3724.967028268537) (213,3724.967028268537) (213,3698.971906210526) (214,3698.971906210526) (214,3672.976784152515) (215,3672.976784152515) (215,3646.981662094504) (216,3646.981662094504) (216,3620.986540036493) (217,3620.986540036493) (217,3594.991417978482) (218,3594.991417978482) (218,3568.996295920471) (219,3568.996295920471) (219,3543.00117386246) (220,3543.00117386246) (220,3517.006051804449) (221,3517.006051804449) (221,3491.010929746438) (222,3491.010929746438) (222,3465.015807688427) (223,3465.015807688427) (223,3439.020685630416) (224,3439.020685630416) (224,3413.025563572405) (225,3413.025563572405) (225,3387.030441514394) (226,3387.030441514394) (226,3361.035319456383) (227,3361.035319456383) (227,3335.040197398372) (228,3335.040197398372) (228,3309.045075340361) (229,3309.045075340361) (229,3283.04995328235) (230,3283.04995328235) (230,3257.054831224339) (231,3257.054831224339) (231,3231.059709166328) (232,3231.059709166328) (232,3205.064587108317) (233,3205.064587108317) (233,3179.069465050306) (234,3179.069465050306) (234,3153.074342992295) (235,3153.074342992295) (235,3127.079220934284) (236,3127.079220934284) (236,3101.084098876272) (237,3101.084098876272) (237,3075.088976818261) (238,3075.088976818261) (238,3062.5) (260,3062.5) (260,3036.5) (261,3036.5) (261,3010.5) (262,3010.5) (262,2984.5) (263,2984.5) (263,2958.5) (264,2958.5) (264,2932.5) (265,2932.5) (265,2906.5) (266,2906.5) (266,2880.5) (267,2880.5) (267,2854.5) (268,2854.5) (268,2828.5) (269,2828.5) (269,2802.5) (270,2802.5) (270,2776.5) (271,2776.5) (271,2750.5) (272,2750.5) (272,2724.5) (273,2724.5) (273,2698.5) (274,2698.5) (274,2672.5) (275,2672.5) (275,2646.5) (276,2646.5) (276,2620.5) (277,2620.5) (277,2594.5) (278,2594.5) (278,2568.5) (279,2568.5) (279,2542.5) (280,2542.5) (280,2516.5) (281,2516.5) (281,2490.5) (282,2490.5) (282,2464.5) (283,2464.5) (283,2438.5) (284,2438.5) (284,2412.5) (285,2412.5) (285,2386.5) (286,2386.5) (286,2360.5) (287,2360.5) (287,2334.5) (288,2334.5) (288,2308.5) (289,2308.5) (289,2282.5) (290,2282.5) (290,2256.5) (291,2256.5) (291,2230.5) (292,2230.5) (292,2204.5) (293,2204.5) (293,2178.5) (294,2178.5) (294,2152.5) (295,2152.5) (295,2126.5) (296,2126.5) (296,2100.5) (297,2100.5) (297,2074.5) (298,2074.5) (298,2048.5) (299,2048.5) (299,2022.5) (300,2022.5) (300,1996.5) (301,1996.5) (301,1970.5) (302,1970.5) (302,1944.5) (303,1944.5) (303,1918.5) (304,1918.5) (304,1892.5) (305,1892.5) (305,1866.5) (306,1866.5) (306,1840.5) (307,1840.5) (307,1814.5) (308,1814.5) (308,1788.5) (309,1788.5) (309,1762.5) (310,1762.5) (310,1736.5) (311,1736.5) (311,1710.5) (312,1710.5) (312,1684.5) (313,1684.5) (313,1658.5) (314,1658.5) (314,1632.5) (315,1632.5) (315,1606.5) (316,1606.5) (316,1580.5) (317,1580.5) (317,1554.5) (318,1554.5) (318,1528.5) (319,1528.5) (319,1502.5) (320,1502.5) (320,1476.5) (321,1476.5) (321,1426.009469747118) (322,1426.009469747118) (322,1400.018939494237) (323,1400.018939494237) (323,1374.028409241355) (324,1374.028409241355) (324,1348.037878988473) (325,1348.037878988473) (325,1322.047348735592) (326,1322.047348735592) (326,1296.05681848271) (327,1296.05681848271) (327,1270.066288229829) (328,1270.066288229829) (328,1244.075757976947) (329,1244.075757976947) (329,1218.085227724065) (330,1218.085227724065) (330,1192.094697471184) (331,1192.094697471184) (331,1166.104167218302) (332,1166.104167218302) (332,1140.11363696542) (333,1140.11363696542) (333,1114.123106712539) (334,1114.123106712539) (334,1088.132576459657) (335,1088.132576459657) (335,1062.142046206776) (336,1062.142046206776) (336,1036.151515953894) (337,1036.151515953894) (337,1010.160985701012) (338,1010.160985701012) (338,984.1704554481307) (339,984.1704554481307) (339,958.1799251952491) (340,958.1799251952491) (340,932.1893949423675) (341,932.1893949423675) (341,906.1988646894858) (342,906.1988646894858) (342,880.2083344366042) (343,880.2083344366042) (343,854.2178041837226) (344,854.2178041837226) (344,828.227273930841) (345,828.227273930841) (345,802.2367436779593) (346,802.2367436779593) (346,776.2462134250777) (347,776.2462134250777) (347,750.2556831721961) (348,750.2556831721961) (348,724.2651529193145) (349,724.2651529193145) (349,698.2746226664328) (350,698.2746226664328) (350,672.2840924135512) (351,672.2840924135512) (351,646.2935621606696) (352,646.2935621606696) (352,620.303031907788) (353,620.303031907788) (353,594.3125016549063) (354,594.3125016549063) (354,568.3219714020247) (355,568.3219714020247) (355,542.3314411491431) (356,542.3314411491431) (356,516.3409108962614) (357,516.3409108962614) (357,490.3503806433799) (358,490.3503806433799) (358,464.3598503904983) (359,464.3598503904983) (359,438.3693201376167) (360,438.3693201376167) (360,412.3787898847352) (361,412.3787898847352) (361,386.3882596318536) (362,386.3882596318536) (362,360.397729378972) (363,360.397729378972) (363,334.4071991260905) (364,334.4071991260905) (364,308.4166688732089) (365,308.4166688732089) (365,282.4261386203273) (366,282.4261386203273) (366,256.4356083674458) (367,256.4356083674458) (367,230.4450781145642) (368,230.4450781145642) (368,204.4545478616826) (369,204.4545478616826) (369,178.464017608801) (370,178.464017608801) (370,152.4734873559195) (371,152.4734873559195) (371,126.4829571030379) (700.000002,126.4829571030379)
humanPositionY[0]:
[0]: (0,0) (0,163.5) (165,163.5) (165,189.4896220913107) (166,189.4896220913107) (166,215.4792441826214) (167,215.4792441826214) (167,241.4688662739321) (168,241.4688662739321) (168,267.4584883652428) (169,267.4584883652428) (169,293.4481104565535) (170,293.4481104565535) (170,319.4377325478642) (171,319.4377325478642) (171,345.427354639175) (172,345.427354639175) (172,371.4169767304857) (173,371.4169767304857) (173,397.4065988217964) (174,397.4065988217964) (174,423.3962209131071) (175,423.3962209131071) (175,449.3858430044178) (176,449.3858430044178) (176,475.3754650957285) (177,475.3754650957285) (177,501.3650871870392) (178,501.3650871870392) (178,527.3547092783499) (179,527.3547092783499) (179,553.3443313696606) (180,553.3443313696606) (180,579.3339534609713) (181,579.3339534609713) (181,605.323575552282) (182,605.323575552282) (182,631.3131976435927) (183,631.3131976435927) (183,657.3028197349034) (184,657.3028197349034) (184,683.2924418262141) (185,683.2924418262141) (185,709.2820639175249) (186,709.2820639175249) (186,735.2716860088356) (187,735.2716860088356) (187,735.7753021216812) (188,735.7753021216812) (188,736.2789182345268) (189,736.2789182345268) (189,736.7825343473725) (190,736.7825343473725) (190,737.2861504602181) (191,737.2861504602181) (191,737.7897665730637) (192,737.7897665730637) (192,738.2933826859094) (193,738.2933826859094) (193,738.796998798755) (194,738.796998798755) (194,739.3006149116006) (195,739.3006149116006) (195,739.8042310244463) (196,739.8042310244463) (196,740.3078471372919) (197,740.3078471372919) (197,740.8114632501375) (198,740.8114632501375) (198,741.3150793629832) (199,741.3150793629832) (199,741.8186954758288) (200,741.8186954758288) (200,742.3223115886744) (201,742.3223115886744) (201,742.8259277015201) (202,742.8259277015201) (202,743.3295438143657) (203,743.3295438143657) (203,743.8331599272113) (204,743.8331599272113) (204,744.336776040057) (205,744.336776040057) (205,744.8403921529026) (206,744.8403921529026) (206,745.3440082657482) (207,745.3440082657482) (207,745.8476243785939) (208,745.8476243785939) (208,746.3512404914395) (209,746.3512404914395) (209,746.8548566042851) (210,746.8548566042851) (210,747.3584727171308) (211,747.3584727171308) (211,747.8620888299764) (212,747.8620888299764) (212,748.365704942822) (213,748.365704942822) (213,748.8693210556677) (214,748.8693210556677) (214,749.3729371685133) (215,749.3729371685133) (215,749.876553281359) (216,749.876553281359) (216,750.3801693942046) (217,750.3801693942046) (217,750.8837855070502) (218,750.8837855070502) (218,751.3874016198959) (219,751.3874016198959) (219,751.8910177327415) (220,751.8910177327415) (220,752.3946338455871) (221,752.3946338455871) (221,752.8982499584328) (222,752.8982499584328) (222,753.4018660712784) (223,753.4018660712784) (223,753.905482184124) (224,753.905482184124) (224,754.4090982969697) (225,754.4090982969697) (225,754.9127144098153) (226,754.9127144098153) (226,755.4163305226609) (227,755.4163305226609) (227,755.9199466355066) (228,755.9199466355066) (228,756.4235627483522) (229,756.4235627483522) (229,756.9271788611978) (230,756.9271788611978) (230,757.4307949740435) (231,757.4307949740435) (231,757.9344110868891) (232,757.9344110868891) (232,758.4380271997347) (233,758.4380271997347) (233,758.9416433125804) (234,758.9416433125804) (234,759.445259425426) (235,759.445259425426) (235,759.9488755382716) (236,759.9488755382716) (236,760.4524916511173) (237,760.4524916511173) (237,760.9561077639629) (238,760.9561077639629) (238,735.2) (239,735.2) (239,709.2) (240,709.2) (240,683.2) (241,683.2) (241,657.2) (242,657.2) (242,631.2) (243,631.2) (243,605.2) (244,605.2) (244,579.2) (245,579.2) (245,553.2) (246,553.2) (246,527.2) (247,527.2) (247,501.2) (248,501.2) (248,475.2) (249,475.2) (249,449.2) (250,449.2) (250,423.2) (251,423.2) (251,397.2) (252,397.2) (252,371.2) (253,371.2) (253,345.2) (254,345.2) (254,319.2) (255,319.2) (255,293.2) (256,293.2) (256,267.2) (257,267.2) (257,241.2) (258,241.2) (258,215.2) (259,215.2) (259,189.2) (260,189.2) (260,163.4999999976654) (261,163.4999999976654) (261,163.4999999953308) (262,163.4999999953308) (262,163.4999999929962) (263,163.4999999929962) (263,163.4999999906615) (264,163.4999999906615) (264,163.4999999883269) (265,163.4999999883269) (265,163.4999999859923) (266,163.4999999859923) (266,163.4999999836577) (267,163.4999999836577) (267,163.4999999813231) (268,163.4999999813231) (268,163.4999999789885) (269,163.4999999789885) (269,163.4999999766538) (270,163.4999999766538) (270,163.4999999743192) (271,163.4999999743192) (271,163.4999999719846) (272,163.4999999719846) (272,163.49999996965) (273,163.49999996965) (273,163.4999999673154) (274,163.4999999673154) (274,163.4999999649808) (275,163.4999999649808) (275,163.4999999626461) (276,163.4999999626461) (276,163.4999999603115) (277,163.4999999603115) (277,163.4999999579769) (278,163.4999999579769) (278,163.4999999556423) (279,163.4999999556423) (279,163.4999999533077) (280,163.4999999533077) (280,163.4999999509731) (281,163.4999999509731) (281,163.4999999486384) (282,163.4999999486384) (282,163.4999999463038) (283,163.4999999463038) (283,163.4999999439692) (284,163.4999999439692) (284,163.4999999416346) (285,163.4999999416346) (285,163.4999999393) (286,163.4999999393) (286,163.4999999369654) (287,163.4999999369654) (287,163.4999999346308) (288,163.4999999346308) (288,163.4999999322961) (289,163.4999999322961) (289,163.4999999299615) (290,163.4999999299615) (290,163.4999999276269) (291,163.4999999276269) (291,163.4999999252923) (292,163.4999999252923) (292,163.4999999229577) (293,163.4999999229577) (293,163.4999999206231) (294,163.4999999206231) (294,163.4999999182884) (295,163.4999999182884) (295,163.4999999159538) (296,163.4999999159538) (296,163.4999999136192) (297,163.4999999136192) (297,163.4999999112846) (298,163.4999999112846) (298,163.49999990895) (299,163.49999990895) (299,163.4999999066154) (300,163.4999999066154) (300,163.4999999042807) (301,163.4999999042807) (301,163.4999999019461) (302,163.4999999019461) (302,163.4999998996115) (303,163.4999998996115) (303,163.4999998972769) (304,163.4999998972769) (304,163.4999998949423) (305,163.4999998949423) (305,163.4999998926077) (306,163.4999998926077) (306,163.499999890273) (307,163.499999890273) (307,163.4999998879384) (308,163.4999998879384) (308,163.4999998856038) (309,163.4999998856038) (309,163.4999998832692) (310,163.4999998832692) (310,163.4999998809346) (311,163.4999998809346) (311,163.4999998786) (312,163.4999998786) (312,163.4999998762653) (313,163.4999998762653) (313,163.4999998739307) (314,163.4999998739307) (314,163.4999998715961) (315,163.4999998715961) (315,163.4999998692615) (316,163.4999998692615) (316,163.4999998669269) (317,163.4999998669269) (317,163.4999998645923) (318,163.4999998645923) (318,163.4999998622577) (319,163.4999998622577) (319,163.499999859923) (320,163.499999859923) (320,163.4999998575884) (321,163.4999998575884) (321,164.2016674241034) (322,164.2016674241034) (322,164.9033348482068) (323,164.9033348482068) (323,165.6050022723103) (324,165.6050022723103) (324,166.3066696964137) (325,166.3066696964137) (325,167.0083371205171) (326,167.0083371205171) (326,167.7100045446205) (327,167.7100045446205) (327,168.4116719687239) (328,168.4116719687239) (328,169.1133393928274) (329,169.1133393928274) (329,169.8150068169308) (330,169.8150068169308) (330,170.5166742410342) (331,170.5166742410342) (331,171.2183416651376) (332,171.2183416651376) (332,171.920009089241) (333,171.920009089241) (333,172.6216765133445) (334,172.6216765133445) (334,173.3233439374479) (335,173.3233439374479) (335,174.0250113615513) (336,174.0250113615513) (336,174.7266787856547) (337,174.7266787856547) (337,175.4283462097581) (338,175.4283462097581) (338,176.1300136338616) (339,176.1300136338616) (339,176.831681057965) (340,176.831681057965) (340,177.5333484820684) (341,177.5333484820684) (341,178.2350159061718) (342,178.2350159061718) (342,178.9366833302752) (343,178.9366833302752) (343,179.6383507543786) (344,179.6383507543786) (344,180.3400181784821) (345,180.3400181784821) (345,181.0416856025855) (346,181.0416856025855) (346,181.7433530266889) (347,181.7433530266889) (347,182.4450204507923) (348,182.4450204507923) (348,183.1466878748957) (349,183.1466878748957) (349,183.8483552989992) (350,183.8483552989992) (350,184.5500227231026) (351,184.5500227231026) (351,185.251690147206) (352,185.251690147206) (352,185.9533575713094) (353,185.9533575713094) (353,186.6550249954128) (354,186.6550249954128) (354,187.3566924195163) (355,187.3566924195163) (355,188.0583598436197) (356,188.0583598436197) (356,188.7600272677231) (357,188.7600272677231) (357,189.4616946918265) (358,189.4616946918265) (358,190.1633621159299) (359,190.1633621159299) (359,190.8650295400334) (360,190.8650295400334) (360,191.5666969641368) (361,191.5666969641368) (361,192.2683643882402) (362,192.2683643882402) (362,192.9700318123436) (363,192.9700318123436) (363,193.671699236447) (364,193.671699236447) (364,194.3733666605505) (365,194.3733666605505) (365,195.0750340846539) (366,195.0750340846539) (366,195.7767015087573) (367,195.7767015087573) (367,196.4783689328607) (368,196.4783689328607) (368,197.1800363569641) (369,197.1800363569641) (369,197.8817037810676) (370,197.8817037810676) (370,198.583371205171) (371,198.583371205171) (371,199.2850386292744) (700.000002,199.2850386292744)
Nurse.end:
[0]: (0,0) (371,0) (371,1) (700.000002,1)
[2K
Verifying formula 4 at /nta/queries/query[4]/formula
 -- Formula: simulate[<=700]{kitchen[0], kitchen[1], office001[0], office001[1]}
[2K -- Formula is satisfied.
kitchen[0]:
[0]: (0,4400) (700.000002,4400)
kitchen[1]:
[0]: (0,765) (700.000002,765)
office001[0]:
[0]: (0,100) (700.000002,100)
office001[1]:
[0]: (0,200) (700.000002,200)
[2K
Verifying formula 5 at /nta/queries/query[5]/formula
 -- Formula: Pr[<=700] (<> pow(humanPositionX[0] - office001[0], 2) + pow(humanPositionY[0] - office001[1], 2) <= 900 )
[2K -- Formula is satisfied.
(72/72 runs) Pr(<> …) in [0.950056,1] (95% CI)
Values in [371,371] mean=371 steps=2.22045e-16: 72
[2K
Verifying formula 6 at /nta/queries/query[6]/formula
 -- Formula: Pr[<=700] (<> pow(humanPositionX[0] - kitchen[0], 2) + pow(humanPositionY[0] - kitchen[1], 2) <= 900 )
[2K -- Formula is satisfied.
(72/72 runs) Pr(<> …) in [0.950056,1] (95% CI)
Values in [186,186] mean=186 steps=2.22045e-16: 72
[2K
Verifying formula 7 at /nta/queries/query[7]/formula
 -- Formula: Pr[<=700] (<> !isValidPosition(humanPositionX[0], humanPositionY[0]))
[2K -- Formula is satisfied.
(72/72 runs) Pr(<> …) in [0.950056,1] (95% CI)
Values in [0,0] mean=0 steps=2.22045e-16: 72
[2K
Verifying formula 8 at /nta/queries/query[8]/formula
 -- Formula: Pr[<=700] (<> currP > 2)
[2K -- Formula is satisfied.
(0/72 runs) Pr(<> …) in [0,0.0499441] (95% CI)
