Options for the verification:
  Generating no trace
  Search order is breadth first
  Using conservative space optimisation
  Seed is 1784880330
  State space representation uses minimal constraint systems with future testing
  Using HashMap + Compress integers for discrete state storage
[2K
Verifying formula 1 at /nta/queries/query[1]/formula
 -- Formula: simulate[<=700]{user_guided_transport_human1_def.s1_start, user_guided_transport_human1_def.s1_end, user_guided_transport_human1_def.s2_start, user_guided_transport_human1_def.s2_end, user_guided_transport.end}
[2K -- Formula is satisfied.
user_guided_transport_human1_def.s1_start:
[0]: (0,0) (0,1) (0,0) (700.000002,0)
user_guided_transport_human1_def.s1_end:
[0]: (0,0) (1,0) (1,1) (2,1) (2,0) (700.000002,0)
user_guided_transport_human1_def.s2_start:
[0]: (0,0) (2,0) (2,1) (2,0) (7,0) (7,1) (7,0) (12,0) (12,1) (12,0) (17,0) (17,1) (17,0) (22,0) (22,1) (22,0) (27,0) (27,1) (27,0) (32,0) (32,1) (32,0) (37,0) (37,1) (37,0) (42,0) (42,1) (42,0) (47,0) (47,1) (47,0) (52,0) (52,1) (52,0) (57,0) (57,1) (57,0) (62,0) (62,1) (62,0) (67,0) (67,1) (67,0) (72,0) (72,1) (72,0) (77,0) (77,1) (77,0) (82,0) (82,1) (82,0) (87,0) (87,1) (87,0) (92,0) (92,1) (92,0) (97,0) (97,1) (97,0) (102,0) (102,1) (102,0) (107,0) (107,1) (107,0) (112,0) (112,1) (112,0) (117,0) (117,1) (117,0) (122,0) (122,1) (122,0) (127,0) (127,1) (127,0) (132,0) (132,1) (132,0) (137,0) (137,1) (137,0) (142,0) (142,1) (142,0) (147,0) (147,1) (147,0) (152,0) (152,1) (152,0) (157,0) (157,1) (157,0) (162,0) (162,1) (162,0) (167,0) (167,1) (167,0) (172,0) (172,1) (172,0) (177,0) (177,1) (177,0) (182,0) (182,1) (182,0) (187,0) (187,1) (187,0) (700.000002,0)
user_guided_transport_human1_def.s2_end:
[0]: (0,0) (187,0) (187,1) (198.4705383999839,1) (198.4705383999839,0) (700.000002,0)
user_guided_transport.end:
[0]: (0,0) (200.4705383999839,0) (200.4705383999839,1) (700.000002,1)
[2K
Verifying formula 2 at /nta/queries/query[2]/formula
 -- Formula: simulate[<=700]{user_guided_transport_robot1_def.s1_start, user_guided_transport_robot1_def.s1_end, user_guided_transport_robot1_def.s2_start, user_guided_transport_robot1_def.s2_end, user_guided_transport.end}
[2K -- Formula is satisfied.
user_guided_transport_robot1_def.s1_start:
[0]: (0,0) (0,1) (0,0) (700.000002,0)
user_guided_transport_robot1_def.s1_end:
[0]: (0,0) (2,0) (2,1) (2,0) (700.000002,0)
user_guided_transport_robot1_def.s2_start:
[0]: (0,0) (2,0) (2,1) (2,0) (700.000002,0)
user_guided_transport_robot1_def.s2_end:
[0]: (0,0) (198.2080710834449,0) (198.2080710834449,1) (198.2080710834449,0) (700.000002,0)
user_guided_transport.end:
[0]: (0,0) (200.2080710834449,0) (200.2080710834449,1) (700.000002,1)
[2K
Verifying formula 3 at /nta/queries/query[3]/formula
 -- Formula: Pr[<=700] (<> user_guided_transport.end)
[2K -- Formula is satisfied.
(72/72 runs) Pr(<> …) in [0.950056,1] (95% CI)
Values in [199.665,204.609] mean=202.046 steps=0.549325: 9 10 7 10 3 8 7 12 6
[2K
Verifying formula 4 at /nta/queries/query[4]/formula
 -- Formula: simulate[<=700]{humanPositionX[0], humanPositionY[0], robPositionX[0], robPositionY[0], batteryCharge[0], user_guided_transport.end}
[2K -- Formula is satisfied.
humanPositionX[0]:
[0]: (0,0) (0,92.5) (1,92.5) (1,97.73313175708738) (3,97.73313175708738) (3,123.7285354798977) (4,123.7285354798977) (4,149.723939202708) (5,149.723939202708) (5,175.7193429255182) (6,175.7193429255182) (6,201.7147466483285) (7,201.7147466483285) (7,227.7101503711388) (8,227.7101503711388) (8,253.7055540939491) (9,253.7055540939491) (9,279.7009578167594) (10,279.7009578167594) (10,305.6963615395697) (11,305.6963615395697) (11,331.69176526238) (12,331.69176526238) (12,357.6871689851903) (13,357.6871689851903) (13,383.6825727080006) (14,383.6825727080006) (14,409.6779764308109) (15,409.6779764308109) (15,435.6733801536212) (16,435.6733801536212) (16,461.6687838764315) (17,461.6687838764315) (17,487.6641875992418) (18,487.6641875992418) (18,513.6595913220521) (19,513.6595913220521) (19,539.6549950448623) (20,539.6549950448623) (20,565.6503987676725) (21,565.6503987676725) (21,591.6458024904828) (22,591.6458024904828) (22,617.641206213293) (23,617.641206213293) (23,643.6366099361032) (24,643.6366099361032) (24,669.6320136589135) (25,669.6320136589135) (25,695.6274173817237) (26,695.6274173817237) (26,721.622821104534) (27,721.622821104534) (27,747.6182248273442) (28,747.6182248273442) (28,773.6136285501544) (29,773.6136285501544) (29,799.6090322729647) (30,799.6090322729647) (30,825.6044359957749) (31,825.6044359957749) (31,851.5998397185851) (32,851.5998397185851) (32,877.5952434413954) (33,877.5952434413954) (33,903.5906471642056) (34,903.5906471642056) (34,929.5860508870159) (35,929.5860508870159) (35,955.5814546098261) (36,955.5814546098261) (36,981.5768583326363) (37,981.5768583326363) (37,1007.572262055447) (38,1007.572262055447) (38,1033.567665778257) (39,1033.567665778257) (39,1059.563069501067) (40,1059.563069501067) (40,1085.558473223878) (41,1085.558473223878) (41,1111.553876946688) (42,1111.553876946688) (42,1137.549280669498) (43,1137.549280669498) (43,1163.544684392309) (44,1163.544684392309) (44,1189.540088115119) (45,1189.540088115119) (45,1215.535491837929) (46,1215.535491837929) (46,1241.53089556074) (47,1241.53089556074) (47,1267.52629928355) (48,1267.52629928355) (48,1293.52170300636) (49,1293.52170300636) (49,1319.517106729171) (50,1319.517106729171) (50,1345.512510451981) (51,1345.512510451981) (51,1371.507914174791) (52,1371.507914174791) (52,1397.503317897602) (53,1397.503317897602) (53,1423.498721620412) (54,1423.498721620412) (54,1478) (55,1478) (55,1504) (56,1504) (56,1530) (57,1530) (57,1556) (58,1556) (58,1582) (59,1582) (59,1608) (60,1608) (60,1634) (61,1634) (61,1660) (62,1660) (62,1686) (63,1686) (63,1712) (64,1712) (64,1738) (65,1738) (65,1764) (66,1764) (66,1790) (67,1790) (67,1816) (68,1816) (68,1842) (69,1842) (69,1868) (70,1868) (70,1894) (71,1894) (71,1920) (72,1920) (72,1946) (73,1946) (73,1972) (74,1972) (74,1998) (75,1998) (75,2024) (76,2024) (76,2050) (77,2050) (77,2076) (78,2076) (78,2102) (79,2102) (79,2128) (80,2128) (80,2154) (81,2154) (81,2180) (82,2180) (82,2206) (83,2206) (83,2232) (84,2232) (84,2258) (85,2258) (85,2284) (86,2284) (86,2310) (87,2310) (87,2336) (88,2336) (88,2362) (89,2362) (89,2388) (90,2388) (90,2414) (91,2414) (91,2440) (92,2440) (92,2466) (93,2466) (93,2492) (94,2492) (94,2518) (95,2518) (95,2544) (96,2544) (96,2570) (97,2570) (97,2596) (98,2596) (98,2622) (99,2622) (99,2648) (100,2648) (100,2674) (101,2674) (101,2700) (102,2700) (102,2726) (103,2726) (103,2752) (104,2752) (104,2778) (105,2778) (105,2804) (106,2804) (106,2830) (107,2830) (107,2856) (108,2856) (108,2882) (109,2882) (109,2908) (110,2908) (110,2934) (111,2934) (111,2960) (112,2960) (112,2986) (113,2986) (113,3012) (114,3012) (114,3038) (115,3038) (115,3088.5) (116,3088.5) (116,3114.5) (117,3114.5) (117,3140.5) (118,3140.5) (118,3166.5) (119,3166.5) (119,3192.5) (120,3192.5) (120,3218.5) (121,3218.5) (121,3244.5) (122,3244.5) (122,3270.5) (123,3270.5) (123,3296.5) (124,3296.5) (124,3322.5) (125,3322.5) (125,3348.5) (126,3348.5) (126,3374.5) (127,3374.5) (127,3400.5) (128,3400.5) (128,3426.5) (129,3426.5) (129,3452.5) (130,3452.5) (130,3478.5) (131,3478.5) (131,3504.5) (132,3504.5) (132,3530.5) (133,3530.5) (133,3556.5) (134,3556.5) (134,3582.5) (135,3582.5) (135,3608.5) (136,3608.5) (136,3634.5) (137,3634.5) (137,3660.5) (138,3660.5) (138,3686.5) (139,3686.5) (139,3712.5) (140,3712.5) (140,3738.5) (141,3738.5) (141,3764.5) (142,3764.5) (142,3790.5) (143,3790.5) (143,3816.5) (144,3816.5) (144,3842.5) (145,3842.5) (145,3868.5) (146,3868.5) (146,3894.5) (147,3894.5) (147,3920.5) (148,3920.5) (148,3946.5) (149,3946.5) (149,3972.5) (150,3972.5) (150,3998.5) (151,3998.5) (151,4024.5) (152,4024.5) (152,4050.5) (153,4050.5) (153,4076.5) (154,4076.5) (154,4102.5) (155,4102.5) (155,4128.5) (156,4128.5) (156,4154.5) (157,4154.5) (157,4180.5) (158,4180.5) (158,4206.5) (159,4206.5) (159,4232.5) (160,4232.5) (160,4258.5) (161,4258.5) (161,4284.5) (162,4284.5) (162,4310.5) (163,4310.5) (163,4336.5) (164,4336.5) (164,4362.5) (165,4362.5) (165,4388.5) (166,4388.5) (166,4416.265463717128) (167,4416.265463717128) (167,4415.530927434256) (168,4415.530927434256) (168,4414.796391151384) (169,4414.796391151384) (169,4414.061854868512) (170,4414.061854868512) (170,4413.327318585641) (171,4413.327318585641) (171,4412.592782302769) (172,4412.592782302769) (172,4411.858246019897) (173,4411.858246019897) (173,4411.123709737025) (174,4411.123709737025) (174,4410.389173454153) (175,4410.389173454153) (175,4409.654637171281) (176,4409.654637171281) (176,4408.920100888409) (177,4408.920100888409) (177,4408.185564605537) (178,4408.185564605537) (178,4407.451028322665) (179,4407.451028322665) (179,4406.716492039794) (180,4406.716492039794) (180,4405.981955756922) (181,4405.981955756922) (181,4405.24741947405) (182,4405.24741947405) (182,4404.512883191178) (183,4404.512883191178) (183,4403.778346908306) (184,4403.778346908306) (184,4403.043810625434) (185,4403.043810625434) (185,4402.309274342562) (186,4402.309274342562) (186,4401.57473805969) (187,4401.57473805969) (187,4400.840201776819) (700.000002,4400.840201776819)
humanPositionY[0]:
[0]: (0,0) (0,163.5) (1,163.5) (1,188.9679078844919) (3,188.9679078844919) (3,188.479046668909) (4,188.479046668909) (4,187.9901854533261) (5,187.9901854533261) (5,187.5013242377432) (6,187.5013242377432) (6,187.0124630221603) (7,187.0124630221603) (7,186.5236018065774) (8,186.5236018065774) (8,186.0347405909945) (9,186.0347405909945) (9,185.5458793754117) (10,185.5458793754117) (10,185.0570181598288) (11,185.0570181598288) (11,184.5681569442459) (12,184.5681569442459) (12,184.079295728663) (13,184.079295728663) (13,183.5904345130801) (14,183.5904345130801) (14,183.1015732974972) (15,183.1015732974972) (15,182.6127120819143) (16,182.6127120819143) (16,182.1238508663315) (17,182.1238508663315) (17,181.6349896507486) (18,181.6349896507486) (18,181.1461284351657) (19,181.1461284351657) (19,180.6572672195828) (20,180.6572672195828) (20,180.1684060039999) (21,180.1684060039999) (21,179.679544788417) (22,179.679544788417) (22,179.1906835728341) (23,179.1906835728341) (23,178.7018223572512) (24,178.7018223572512) (24,178.2129611416684) (25,178.2129611416684) (25,177.7240999260855) (26,177.7240999260855) (26,177.2352387105026) (27,177.2352387105026) (27,176.7463774949197) (28,176.7463774949197) (28,176.2575162793368) (29,176.2575162793368) (29,175.7686550637539) (30,175.7686550637539) (30,175.279793848171) (31,175.279793848171) (31,174.7909326325882) (32,174.7909326325882) (32,174.3020714170053) (33,174.3020714170053) (33,173.8132102014224) (34,173.8132102014224) (34,173.3243489858395) (35,173.3243489858395) (35,172.8354877702566) (36,172.8354877702566) (36,172.3466265546737) (37,172.3466265546737) (37,171.8577653390908) (38,171.8577653390908) (38,171.3689041235079) (39,171.3689041235079) (39,170.8800429079251) (40,170.8800429079251) (40,170.3911816923422) (41,170.3911816923422) (41,169.9023204767593) (42,169.9023204767593) (42,169.4134592611764) (43,169.4134592611764) (43,168.9245980455935) (44,168.9245980455935) (44,168.4357368300106) (45,168.4357368300106) (45,167.9468756144277) (46,167.9468756144277) (46,167.4580143988449) (47,167.4580143988449) (47,166.969153183262) (48,166.969153183262) (48,166.4802919676791) (49,166.4802919676791) (49,165.9914307520962) (50,165.9914307520962) (50,165.5025695365133) (51,165.5025695365133) (51,165.0137083209304) (52,165.0137083209304) (52,164.5248471053475) (53,164.5248471053475) (53,164.0359858897646) (54,164.0359858897646) (54,163.5) (166,163.5) (166,189.4896220913107) (167,189.4896220913107) (167,215.4792441826214) (168,215.4792441826214) (168,241.4688662739321) (169,241.4688662739321) (169,267.4584883652428) (170,267.4584883652428) (170,293.4481104565535) (171,293.4481104565535) (171,319.4377325478642) (172,319.4377325478642) (172,345.427354639175) (173,345.427354639175) (173,371.4169767304857) (174,371.4169767304857) (174,397.4065988217964) (175,397.4065988217964) (175,423.3962209131071) (176,423.3962209131071) (176,449.3858430044178) (177,449.3858430044178) (177,475.3754650957285) (178,475.3754650957285) (178,501.3650871870392) (179,501.3650871870392) (179,527.3547092783499) (180,527.3547092783499) (180,553.3443313696606) (181,553.3443313696606) (181,579.3339534609713) (182,579.3339534609713) (182,605.323575552282) (183,605.323575552282) (183,631.3131976435927) (184,631.3131976435927) (184,657.3028197349034) (185,657.3028197349034) (185,683.2924418262141) (186,683.2924418262141) (186,709.2820639175249) (187,709.2820639175249) (187,735.2716860088356) (700.000002,735.2716860088356)
robPositionX[0]:
[0]: (0,0) (0,92.5) (2,92.5) (2,97.73313175708738) (12.91716987824942,97.73313175708738) (12.91716987824942,123.7285354798977) (13.93597334073266,123.7285354798977) (13.93597334073266,149.723939202708) (14.93597334073266,149.723939202708) (14.93597334073266,175.7193429255182) (15.93597334073266,175.7193429255182) (15.93597334073266,201.7147466483285) (16.93597334073266,201.7147466483285) (16.93597334073266,227.7101503711388) (17.93597334073266,227.7101503711388) (17.93597334073266,253.7055540939491) (18.93597334073266,253.7055540939491) (18.93597334073266,279.7009578167594) (19.93597334073267,279.7009578167594) (19.93597334073267,305.6963615395697) (20.93597334073267,305.6963615395697) (20.93597334073267,331.69176526238) (21.93597334073266,331.69176526238) (21.93597334073266,357.6871689851903) (22.93597334073267,357.6871689851903) (22.93597334073267,383.6825727080006) (23.93597334073267,383.6825727080006) (23.93597334073267,409.6779764308109) (24.93597334073267,409.6779764308109) (24.93597334073267,435.6733801536212) (25.93597334073267,435.6733801536212) (25.93597334073267,461.6687838764315) (26.93597334073267,461.6687838764315) (26.93597334073267,487.6641875992418) (27.93597334073267,487.6641875992418) (27.93597334073267,513.6595913220521) (28.93597334073267,513.6595913220521) (28.93597334073267,539.6549950448623) (29.93597334073267,539.6549950448623) (29.93597334073267,565.6503987676725) (30.93597334073267,565.6503987676725) (30.93597334073267,591.6458024904828) (31.93597334073267,591.6458024904828) (31.93597334073267,617.641206213293) (32.93597334073269,617.641206213293) (32.93597334073269,643.6366099361032) (33.93597334073269,643.6366099361032) (33.93597334073269,669.6320136589135) (34.93597334073269,669.6320136589135) (34.93597334073269,695.6274173817237) (35.93597334073269,695.6274173817237) (35.93597334073269,721.622821104534) (36.93597334073269,721.622821104534) (36.93597334073269,747.6182248273442) (37.93597334073269,747.6182248273442) (37.93597334073269,773.6136285501544) (38.93597334073269,773.6136285501544) (38.93597334073269,799.6090322729647) (39.93597334073269,799.6090322729647) (39.93597334073269,825.6044359957749) (40.93597334073269,825.6044359957749) (40.93597334073269,851.5998397185851) (41.93597334073269,851.5998397185851) (41.93597334073269,877.5952434413954) (42.93597334073269,877.5952434413954) (42.93597334073269,903.5906471642056) (43.93597334073269,903.5906471642056) (43.93597334073269,929.5860508870159) (44.93597334073269,929.5860508870159) (44.93597334073269,955.5814546098261) (45.93597334073263,955.5814546098261) (45.93597334073263,981.5768583326363) (46.93597334073263,981.5768583326363) (46.93597334073263,1007.572262055447) (47.93597334073263,1007.572262055447) (47.93597334073263,1033.567665778257) (48.93597334073263,1033.567665778257) (48.93597334073263,1059.563069501067) (49.93597334073263,1059.563069501067) (49.93597334073263,1085.558473223878) (50.93597334073263,1085.558473223878) (50.93597334073263,1111.553876946688) (51.93597334073263,1111.553876946688) (51.93597334073263,1137.549280669498) (52.93597334073264,1137.549280669498) (52.93597334073264,1163.544684392309) (53.93597334073264,1163.544684392309) (53.93597334073264,1189.540088115119) (54.93597334073264,1189.540088115119) (54.93597334073264,1215.535491837929) (55.93597334073264,1215.535491837929) (55.93597334073264,1241.53089556074) (56.93597334073264,1241.53089556074) (56.93597334073264,1267.52629928355) (57.93597334073264,1267.52629928355) (57.93597334073264,1293.52170300636) (58.93597334073264,1293.52170300636) (58.93597334073264,1319.517106729171) (59.93597334073264,1319.517106729171) (59.93597334073264,1345.512510451981) (60.93597334073264,1345.512510451981) (60.93597334073264,1371.507914174791) (61.93597334073264,1371.507914174791) (61.93597334073264,1397.503317897602) (62.93597334073264,1397.503317897602) (62.93597334073264,1423.498721620412) (63.93597334073264,1423.498721620412) (63.93597334073264,1452) (64.9359733407327,1452) (64.9359733407327,1478) (65.9359733407327,1478) (65.9359733407327,1504) (66.93597334073269,1504) (66.93597334073269,1530) (67.93597334073269,1530) (67.93597334073269,1556) (68.93597334073264,1556) (68.93597334073264,1582) (69.93597334073264,1582) (69.93597334073264,1608) (70.93597334073264,1608) (70.93597334073264,1634) (71.93597334073264,1634) (71.93597334073264,1660) (72.93597334073264,1660) (72.93597334073264,1686) (73.93597334073263,1686) (73.93597334073263,1712) (74.93597334073264,1712) (74.93597334073264,1738) (75.93597334073264,1738) (75.93597334073264,1764) (76.93597334073264,1764) (76.93597334073264,1790) (77.93597334073264,1790) (77.93597334073264,1816) (78.93597334073264,1816) (78.93597334073264,1842) (79.93597334073264,1842) (79.93597334073264,1868) (80.93597334073264,1868) (80.93597334073264,1894) (81.93597334073264,1894) (81.93597334073264,1920) (82.93597334073264,1920) (82.93597334073264,1946) (83.93597334073264,1946) (83.93597334073264,1972) (84.93597334073264,1972) (84.93597334073264,1998) (85.93597334073264,1998) (85.93597334073264,2024) (86.93597334073264,2024) (86.93597334073264,2050) (87.93597334073264,2050) (87.93597334073264,2076) (88.93597334073264,2076) (88.93597334073264,2102) (89.93597334073264,2102) (89.93597334073264,2128) (90.93597334073264,2128) (90.93597334073264,2154) (91.93597334073264,2154) (91.93597334073264,2180) (92.93597334073264,2180) (92.93597334073264,2206) (93.93597334073264,2206) (93.93597334073264,2232) (94.93597334073264,2232) (94.93597334073264,2258) (95.93597334073264,2258) (95.93597334073264,2284) (96.93597334073263,2284) (96.93597334073263,2310) (97.93597334073263,2310) (97.93597334073263,2336) (98.93597334073262,2336) (98.93597334073262,2362) (99.93597334073262,2362) (99.93597334073262,2388) (100.9359733407326,2388) (100.9359733407326,2414) (101.9359733407326,2414) (101.9359733407326,2440) (102.9359733407326,2440) (102.9359733407326,2466) (103.9359733407326,2466) (103.9359733407326,2492) (104.9359733407326,2492) (104.9359733407326,2518) (105.9359733407326,2518) (105.9359733407326,2544) (106.9359733407326,2544) (106.9359733407326,2570) (107.9359733407326,2570) (107.9359733407326,2596) (108.9359733407326,2596) (108.9359733407326,2622) (109.9359733407326,2622) (109.9359733407326,2648) (110.9359733407326,2648) (110.9359733407326,2674) (111.9359733407326,2674) (111.9359733407326,2700) (112.9359733407326,2700) (112.9359733407326,2726) (113.9359733407326,2726) (113.9359733407326,2752) (114.9359733407326,2752) (114.9359733407326,2778) (115.9359733407326,2778) (115.9359733407326,2804) (116.9359733407326,2804) (116.9359733407326,2830) (117.9359733407326,2830) (117.9359733407326,2856) (118.9359733407326,2856) (118.9359733407326,2882) (119.9359733407326,2882) (119.9359733407326,2908) (120.9359733407326,2908) (120.9359733407326,2934) (121.9359733407326,2934) (121.9359733407326,2960) (122.9359733407326,2960) (122.9359733407326,2986) (123.9359733407326,2986) (123.9359733407326,3012) (124.9359733407326,3012) (124.9359733407326,3038) (125.9359733407326,3038) (125.9359733407326,3062.5) (126.9359733407326,3062.5) (126.9359733407326,3088.5) (127.9359733407326,3088.5) (127.9359733407326,3114.5) (128.9359733407327,3114.5) (128.9359733407327,3140.5) (129.9359733407327,3140.5) (129.9359733407327,3166.5) (130.9359733407327,3166.5) (130.9359733407327,3192.5) (131.9359733407327,3192.5) (131.9359733407327,3218.5) (132.9359733407327,3218.5) (132.9359733407327,3244.5) (133.9359733407327,3244.5) (133.9359733407327,3270.5) (134.9359733407327,3270.5) (134.9359733407327,3296.5) (135.9359733407327,3296.5) (135.9359733407327,3322.5) (136.9359733407327,3322.5) (136.9359733407327,3348.5) (137.9359733407327,3348.5) (137.9359733407327,3374.5) (138.9359733407327,3374.5) (138.9359733407327,3400.5) (139.9359733407327,3400.5) (139.9359733407327,3426.5) (140.9359733407327,3426.5) (140.9359733407327,3452.5) (141.9359733407327,3452.5) (141.9359733407327,3478.5) (142.9359733407327,3478.5) (142.9359733407327,3504.5) (143.9359733407327,3504.5) (143.9359733407327,3530.5) (144.9359733407327,3530.5) (144.9359733407327,3556.5) (145.9359733407327,3556.5) (145.9359733407327,3582.5) (146.9359733407327,3582.5) (146.9359733407327,3608.5) (147.9359733407327,3608.5) (147.9359733407327,3634.5) (148.9359733407327,3634.5) (148.9359733407327,3660.5) (149.9359733407327,3660.5) (149.9359733407327,3686.5) (150.9359733407327,3686.5) (150.9359733407327,3712.5) (151.9359733407327,3712.5) (151.9359733407327,3738.5) (152.9359733407327,3738.5) (152.9359733407327,3764.5) (153.9359733407327,3764.5) (153.9359733407327,3790.5) (154.9359733407327,3790.5) (154.9359733407327,3816.5) (155.9359733407327,3816.5) (155.9359733407327,3842.5) (156.9359733407327,3842.5) (156.9359733407327,3868.5) (157.9359733407327,3868.5) (157.9359733407327,3894.5) (158.9359733407327,3894.5) (158.9359733407327,3920.5) (159.9359733407327,3920.5) (159.9359733407327,3946.5) (160.9359733407327,3946.5) (160.9359733407327,3972.5) (161.9359733407327,3972.5) (161.9359733407327,3998.5) (162.9359733407327,3998.5) (162.9359733407327,4024.5) (163.9359733407327,4024.5) (163.9359733407327,4050.5) (164.9359733407327,4050.5) (164.9359733407327,4076.5) (165.9359733407327,4076.5) (165.9359733407327,4102.5) (166.9359733407327,4102.5) (166.9359733407327,4128.5) (167.9359733407327,4128.5) (167.9359733407327,4154.5) (168.9359733407327,4154.5) (168.9359733407327,4180.5) (169.9359733407327,4180.5) (169.9359733407327,4206.5) (170.9359733407327,4206.5) (170.9359733407327,4232.5) (171.9359733407327,4232.5) (171.9359733407327,4258.5) (172.9359733407327,4258.5) (172.9359733407327,4284.5) (173.9359733407327,4284.5) (173.9359733407327,4310.5) (174.9359733407327,4310.5) (174.9359733407327,4336.5) (175.9359733407327,4336.5) (175.9359733407327,4362.5) (176.9359733407327,4362.5) (176.9359733407327,4388.5) (177.9359733407327,4388.5) (177.9359733407327,4417) (180.5350248224742,4417) (180.5350248224742,4416.265463717128) (181.5350248224742,4416.265463717128) (181.5350248224742,4415.530927434256) (182.5350248224742,4415.530927434256) (182.5350248224742,4414.796391151384) (183.5350248224742,4414.796391151384) (183.5350248224742,4414.061854868512) (184.5350248224742,4414.061854868512) (184.5350248224742,4413.327318585641) (185.5350248224742,4413.327318585641) (185.5350248224742,4412.592782302769) (186.5350248224742,4412.592782302769) (186.5350248224742,4411.858246019897) (187.5350248224742,4411.858246019897) (187.5350248224742,4411.123709737025) (188.5350248224742,4411.123709737025) (188.5350248224742,4410.389173454153) (189.5350248224742,4410.389173454153) (189.5350248224742,4409.654637171281) (190.5350248224742,4409.654637171281) (190.5350248224742,4408.920100888409) (191.5350248224742,4408.920100888409) (191.5350248224742,4408.185564605537) (192.5350248224742,4408.185564605537) (192.5350248224742,4407.451028322665) (193.5350248224742,4407.451028322665) (193.5350248224742,4406.716492039794) (194.5350248224742,4406.716492039794) (194.5350248224742,4405.981955756922) (195.5350248224742,4405.981955756922) (195.5350248224742,4405.24741947405) (196.5350248224742,4405.24741947405) (196.5350248224742,4404.512883191178) (197.5350248224742,4404.512883191178) (197.5350248224742,4403.778346908306) (198.5350248224742,4403.778346908306) (198.5350248224742,4403.043810625434) (199.5350248224742,4403.043810625434) (199.5350248224742,4402.309274342562) (200.5350248224742,4402.309274342562) (200.5350248224742,4401.57473805969) (201.5350248224742,4401.57473805969) (201.5350248224742,4400.840201776819) (700.000002,4400.840201776819)
robPositionY[0]:
[0]: (0,0) (0,163.5) (2,163.5) (2,188.9679078844919) (12.91716987824942,188.9679078844919) (12.91716987824942,188.479046668909) (13.93597334073266,188.479046668909) (13.93597334073266,187.9901854533261) (14.93597334073266,187.9901854533261) (14.93597334073266,187.5013242377432) (15.93597334073266,187.5013242377432) (15.93597334073266,187.0124630221603) (16.93597334073266,187.0124630221603) (16.93597334073266,186.5236018065774) (17.93597334073266,186.5236018065774) (17.93597334073266,186.0347405909945) (18.93597334073266,186.0347405909945) (18.93597334073266,185.5458793754117) (19.93597334073267,185.5458793754117) (19.93597334073267,185.0570181598288) (20.93597334073267,185.0570181598288) (20.93597334073267,184.5681569442459) (21.93597334073266,184.5681569442459) (21.93597334073266,184.079295728663) (22.93597334073267,184.079295728663) (22.93597334073267,183.5904345130801) (23.93597334073267,183.5904345130801) (23.93597334073267,183.1015732974972) (24.93597334073267,183.1015732974972) (24.93597334073267,182.6127120819143) (25.93597334073267,182.6127120819143) (25.93597334073267,182.1238508663315) (26.93597334073267,182.1238508663315) (26.93597334073267,181.6349896507486) (27.93597334073267,181.6349896507486) (27.93597334073267,181.1461284351657) (28.93597334073267,181.1461284351657) (28.93597334073267,180.6572672195828) (29.93597334073267,180.6572672195828) (29.93597334073267,180.1684060039999) (30.93597334073267,180.1684060039999) (30.93597334073267,179.679544788417) (31.93597334073267,179.679544788417) (31.93597334073267,179.1906835728341) (32.93597334073269,179.1906835728341) (32.93597334073269,178.7018223572512) (33.93597334073269,178.7018223572512) (33.93597334073269,178.2129611416684) (34.93597334073269,178.2129611416684) (34.93597334073269,177.7240999260855) (35.93597334073269,177.7240999260855) (35.93597334073269,177.2352387105026) (36.93597334073269,177.2352387105026) (36.93597334073269,176.7463774949197) (37.93597334073269,176.7463774949197) (37.93597334073269,176.2575162793368) (38.93597334073269,176.2575162793368) (38.93597334073269,175.7686550637539) (39.93597334073269,175.7686550637539) (39.93597334073269,175.279793848171) (40.93597334073269,175.279793848171) (40.93597334073269,174.7909326325882) (41.93597334073269,174.7909326325882) (41.93597334073269,174.3020714170053) (42.93597334073269,174.3020714170053) (42.93597334073269,173.8132102014224) (43.93597334073269,173.8132102014224) (43.93597334073269,173.3243489858395) (44.93597334073269,173.3243489858395) (44.93597334073269,172.8354877702566) (45.93597334073263,172.8354877702566) (45.93597334073263,172.3466265546737) (46.93597334073263,172.3466265546737) (46.93597334073263,171.8577653390908) (47.93597334073263,171.8577653390908) (47.93597334073263,171.3689041235079) (48.93597334073263,171.3689041235079) (48.93597334073263,170.8800429079251) (49.93597334073263,170.8800429079251) (49.93597334073263,170.3911816923422) (50.93597334073263,170.3911816923422) (50.93597334073263,169.9023204767593) (51.93597334073263,169.9023204767593) (51.93597334073263,169.4134592611764) (52.93597334073264,169.4134592611764) (52.93597334073264,168.9245980455935) (53.93597334073264,168.9245980455935) (53.93597334073264,168.4357368300106) (54.93597334073264,168.4357368300106) (54.93597334073264,167.9468756144277) (55.93597334073264,167.9468756144277) (55.93597334073264,167.4580143988449) (56.93597334073264,167.4580143988449) (56.93597334073264,166.969153183262) (57.93597334073264,166.969153183262) (57.93597334073264,166.4802919676791) (58.93597334073264,166.4802919676791) (58.93597334073264,165.9914307520962) (59.93597334073264,165.9914307520962) (59.93597334073264,165.5025695365133) (60.93597334073264,165.5025695365133) (60.93597334073264,165.0137083209304) (61.93597334073264,165.0137083209304) (61.93597334073264,164.5248471053475) (62.93597334073264,164.5248471053475) (62.93597334073264,164.0359858897646) (63.93597334073264,164.0359858897646) (63.93597334073264,163.5) (180.5350248224742,163.5) (180.5350248224742,189.4896220913107) (181.5350248224742,189.4896220913107) (181.5350248224742,215.4792441826214) (182.5350248224742,215.4792441826214) (182.5350248224742,241.4688662739321) (183.5350248224742,241.4688662739321) (183.5350248224742,267.4584883652428) (184.5350248224742,267.4584883652428) (184.5350248224742,293.4481104565535) (185.5350248224742,293.4481104565535) (185.5350248224742,319.4377325478642) (186.5350248224742,319.4377325478642) (186.5350248224742,345.427354639175) (187.5350248224742,345.427354639175) (187.5350248224742,371.4169767304857) (188.5350248224742,371.4169767304857) (188.5350248224742,397.4065988217964) (189.5350248224742,397.4065988217964) (189.5350248224742,423.3962209131071) (190.5350248224742,423.3962209131071) (190.5350248224742,449.3858430044178) (191.5350248224742,449.3858430044178) (191.5350248224742,475.3754650957285) (192.5350248224742,475.3754650957285) (192.5350248224742,501.3650871870392) (193.5350248224742,501.3650871870392) (193.5350248224742,527.3547092783499) (194.5350248224742,527.3547092783499) (194.5350248224742,553.3443313696606) (195.5350248224742,553.3443313696606) (195.5350248224742,579.3339534609713) (196.5350248224742,579.3339534609713) (196.5350248224742,605.323575552282) (197.5350248224742,605.323575552282) (197.5350248224742,631.3131976435927) (198.5350248224742,631.3131976435927) (198.5350248224742,657.3028197349034) (199.5350248224742,657.3028197349034) (199.5350248224742,683.2924418262141) (200.5350248224742,683.2924418262141) (200.5350248224742,709.2820639175249) (201.5350248224742,709.2820639175249) (201.5350248224742,735.2716860088356) (700.000002,735.2716860088356)
batteryCharge[0]:
[0]: (0,100) (700.000002,100)
user_guided_transport.end:
[0]: (0,0) (203.5350248224742,0) (203.5350248224742,1) (700.000002,1)
[2K
Verifying formula 5 at /nta/queries/query[5]/formula
 -- Formula: simulate[<=700]{robot_inventory[0][0], user_guided_transport.end*2}
[2K -- Formula is satisfied.
robot_inventory[0][0]:
[0]: (0,0) (11.80553600652205,0) (11.80553600652205,1) (700.000002,1)
user_guided_transport.end * 2:
[0]: (0,0) (204.4233909507469,0) (204.4233909507469,2) (700.000002,2)
[2K
Verifying formula 6 at /nta/queries/query[6]/formula
 -- Formula: simulate[<=700]{bedroom[0], bedroom[1], kitchen[0], kitchen[1]}
[2K -- Formula is satisfied.
bedroom[0]:
[0]: (0,100) (700.000002,100)
bedroom[1]:
[0]: (0,200) (700.000002,200)
kitchen[0]:
[0]: (0,4400) (700.000002,4400)
kitchen[1]:
[0]: (0,765) (700.000002,765)
[2K
Verifying formula 7 at /nta/queries/query[7]/formula
 -- Formula: simulate[<=700]{rm_1.idle, rf_1.idle, rp_1.idle, rd_1.idle}
[2K -- Formula is satisfied.
rm_1.idle:
[0]: (0,0) (0,1) (0,0) (3,0) (3,1) (9.993756723845895,1) (9.993756723845895,0) (201.6116116680701,0) (201.6116116680701,1) (700.000002,1)
rf_1.idle:
[0]: (0,0) (0,1) (700.000002,1)
rp_1.idle:
[0]: (0,0) (0,1) (2,1) (2,0) (9.993756723845895,0) (9.993756723845895,1) (700.000002,1)
rd_1.idle:
[0]: (0,0) (0,1) (700.000002,1)
[2K
Verifying formula 8 at /nta/queries/query[8]/formula
 -- Formula: Pr[<=700](<>!rm_1.idle || !rf_1.idle || !rp_1.idle || !rd_1.idle)
[2K -- Formula is satisfied.
(72/72 runs) Pr(<> …) in [0.950056,1] (95% CI)
Values in [0,0] mean=0 steps=2.22045e-16: 72
[2K
Verifying formula 9 at /nta/queries/query[9]/formula
 -- Formula: Pr[<=700]([] (user_guided_transport.end imply (rm_1.idle && rf_1.idle && rp_1.idle && rd_1.idle)))
 -- Throughput: 652451 runs/sec, Load: 327 runs[K
[2K -- Formula is satisfied.
(72/72 runs) Pr([] …) in [0.950056,1] (95% CI)
[2K
Verifying formula 10 at /nta/queries/query[10]/formula
 -- Formula: Pr[<=700] (<> pow(humanPositionX[0] - kitchen[0], 2) + pow(humanPositionY[0] - kitchen[1], 2) <= 900 )
[2K -- Formula is satisfied.
(72/72 runs) Pr(<> …) in [0.950056,1] (95% CI)
Values in [187,187] mean=187 steps=2.22045e-16: 72
[2K
Verifying formula 11 at /nta/queries/query[11]/formula
 -- Formula: Pr[<=700] (<> pow(humanPositionX[0] - bedroom[0], 2) + pow(humanPositionY[0] - bedroom[1], 2) <= 900 )
[2K -- Formula is satisfied.
(72/72 runs) Pr(<> …) in [0.950056,1] (95% CI)
Values in [1,1] mean=1 steps=2.22045e-16: 72
[2K
Verifying formula 12 at /nta/queries/query[12]/formula
 -- Formula: Pr[<=700] (<> pow(robPositionX[0] - kitchen[0], 2) + pow(robPositionY[0] - kitchen[1], 2) <= 900 )
[2K -- Formula is satisfied.
(72/72 runs) Pr(<> …) in [0.950056,1] (95% CI)
Values in [197.637,202.494] mean=200.007 steps=0.539714: 9 10 7 10 2 8 10 8 8
[2K
Verifying formula 13 at /nta/queries/query[13]/formula
 -- Formula: Pr[<=700] (<> pow(robPositionX[0] - bedroom[0], 2) + pow(robPositionY[0] - bedroom[1], 2) <= 900 )
[2K -- Formula is satisfied.
(72/72 runs) Pr(<> …) in [0.950056,1] (95% CI)
Values in [2,2] mean=2 steps=2.22045e-16: 72
[2K
Verifying formula 14 at /nta/queries/query[14]/formula
 -- Formula: Pr[<=700] (<> !isValidPosition(humanPositionX[0], humanPositionY[0]))
[2K -- Formula is satisfied.
(72/72 runs) Pr(<> …) in [0.950056,1] (95% CI)
Values in [0,0] mean=0 steps=2.22045e-16: 72
[2K
Verifying formula 15 at /nta/queries/query[15]/formula
 -- Formula: Pr[<=700] (<> !isValidPosition(robPositionX[0], robPositionY[0]))
[2K -- Formula is satisfied.
(72/72 runs) Pr(<> …) in [0.950056,1] (95% CI)
Values in [0,0] mean=0 steps=2.22045e-16: 72
[2K
Verifying formula 16 at /nta/queries/query[16]/formula
 -- Formula: Pr[<=700] (<> currP > 2)
 -- Throughput: 650802 runs/sec, Load: 327 runs[K
[2K -- Formula is satisfied.
(0/72 runs) Pr(<> …) in [0,0.0499441] (95% CI)
