Options for the verification:
  Generating no trace
  Search order is breadth first
  Using conservative space optimisation
  Seed is 1784948872
  State space representation uses minimal constraint systems with future testing
  Using HashMap + Compress integers for discrete state storage
[2K
Verifying formula 1 at /nta/queries/query[1]/formula
 -- Formula: simulate[<=700]{user_guided_transport_robot_def.s1_start, user_guided_transport_robot_def.s1_end, user_guided_transport_robot_def.s2_start, user_guided_transport_robot_def.s2_end, user_guided_transport_robot_def.s3_start, user_guided_transport_robot_def.s3_idle, user_guided_transport_robot_def.s4_start, user_guided_transport_robot_def.s4_end, user_guided_transport.end}
[2K -- Formula is satisfied.
user_guided_transport_robot_def.s1_start:
[0]: (0,0) (0,1) (0,0) (700,0)
user_guided_transport_robot_def.s1_end:
[0]: (0,0) (2,0) (2,1) (2,0) (700,0)
user_guided_transport_robot_def.s2_start:
[0]: (0,0) (2,0) (2,1) (2,0) (700,0)
user_guided_transport_robot_def.s2_end:
[0]: (0,0) (9.020029741572216,0) (9.020029741572216,1) (9.020029741572216,0) (700,0)
user_guided_transport_robot_def.s3_start:
[0]: (0,0) (9.020029741572216,0) (9.020029741572216,1) (9.020029741572216,0) (700,0)
user_guided_transport_robot_def.s3_idle:
[0]: (0,0) (9.020029741572216,0) (9.020029741572216,1) (194.0200297415727,1) (194.0200297415727,0) (700,0)
user_guided_transport_robot_def.s4_start:
[0]: (0,0) (194.0200297415727,0) (194.0200297415727,1) (194.0200297415727,0) (700,0)
user_guided_transport_robot_def.s4_end:
[0]: (0,0) (384.637884685778,0) (384.637884685778,1) (384.637884685778,0) (700,0)
user_guided_transport.end:
[0]: (0,0) (386.6378846857771,0) (386.6378846857771,1) (700,1)
[2K
Verifying formula 2 at /nta/queries/query[2]/formula
 -- Formula: simulate[<=700]{user_guided_transport_human_def.s1_start, user_guided_transport_human_def.s1_end, user_guided_transport_human_def.s2_start, user_guided_transport_human_def.s2_idle, user_guided_transport_human_def.s3_start, user_guided_transport_human_def.s3_end, user_guided_transport_human_def.s4_start, user_guided_transport_human_def.s4_idle, user_guided_transport.end}
[2K -- Formula is satisfied.
user_guided_transport_human_def.s1_start:
[0]: (0,0) (0,1) (0,0) (700,0)
user_guided_transport_human_def.s1_end:
[0]: (0,0) (1,0) (1,1) (2,1) (2,0) (700,0)
user_guided_transport_human_def.s2_start:
[0]: (0,0) (2,0) (2,1) (2,0) (700,0)
user_guided_transport_human_def.s2_idle:
[0]: (0,0) (2,0) (2,1) (10.49366769464911,1) (10.49366769464911,0) (700,0)
user_guided_transport_human_def.s3_start:
[0]: (0,0) (10.49366769464911,0) (10.49366769464911,1) (10.49366769464911,0) (15.49366769464908,0) (15.49366769464908,1) (15.49366769464908,0) (20.49366769464914,0) (20.49366769464914,1) (20.49366769464914,0) (25.4936676946492,0) (25.4936676946492,1) (25.4936676946492,0) (30.49366769464927,0) (30.49366769464927,1) (30.49366769464927,0) (35.49366769464933,0) (35.49366769464933,1) (35.49366769464933,0) (40.4936676946494,0) (40.4936676946494,1) (40.4936676946494,0) (45.49366769464939,0) (45.49366769464939,1) (45.49366769464939,0) (50.49366769464939,0) (50.49366769464939,1) (50.49366769464939,0) (55.49366769464939,0) (55.49366769464939,1) (55.49366769464939,0) (60.49366769464939,0) (60.49366769464939,1) (60.49366769464939,0) (65.49366769464949,0) (65.49366769464949,1) (65.49366769464949,0) (70.49366769464984,0) (70.49366769464984,1) (70.49366769464984,0) (75.4936676946502,0) (75.4936676946502,1) (75.4936676946502,0) (80.49366769465055,0) (80.49366769465055,1) (80.49366769465055,0) (85.49366769465091,0) (85.49366769465091,1) (85.49366769465091,0) (90.49366769465126,0) (90.49366769465126,1) (90.49366769465126,0) (95.49366769465162,0) (95.49366769465162,1) (95.49366769465162,0) (100.493667694652,0) (100.493667694652,1) (100.493667694652,0) (105.4936676946523,0) (105.4936676946523,1) (105.4936676946523,0) (110.4936676946527,0) (110.4936676946527,1) (110.4936676946527,0) (115.493667694653,0) (115.493667694653,1) (115.493667694653,0) (120.4936676946534,0) (120.4936676946534,1) (120.4936676946534,0) (125.4936676946538,0) (125.4936676946538,1) (125.4936676946538,0) (130.4936676946541,0) (130.4936676946541,1) (130.4936676946541,0) (135.4936676946543,0) (135.4936676946543,1) (135.4936676946543,0) (140.4936676946546,0) (140.4936676946546,1) (140.4936676946546,0) (145.4936676946549,0) (145.4936676946549,1) (145.4936676946549,0) (150.4936676946552,0) (150.4936676946552,1) (150.4936676946552,0) (155.4936676946555,0) (155.4936676946555,1) (155.4936676946555,0) (160.4936676946558,0) (160.4936676946558,1) (160.4936676946558,0) (165.493667694656,0) (165.493667694656,1) (165.493667694656,0) (170.4936676946563,0) (170.4936676946563,1) (170.4936676946563,0) (175.4936676946566,0) (175.4936676946566,1) (175.4936676946566,0) (180.4936676946569,0) (180.4936676946569,1) (180.4936676946569,0) (185.4936676946572,0) (185.4936676946572,1) (185.4936676946572,0) (190.4936676946575,0) (190.4936676946575,1) (190.4936676946575,0) (700,0)
user_guided_transport_human_def.s3_end:
[0]: (0,0) (195.4936676946577,0) (195.4936676946577,1) (195.4936676946577,0) (700,0)
user_guided_transport_human_def.s4_start:
[0]: (0,0) (195.4936676946577,0) (195.4936676946577,1) (195.4936676946577,0) (700,0)
user_guided_transport_human_def.s4_idle:
[0]: (0,0) (195.4936676946577,0) (195.4936676946577,1) (386.1115226388653,1) (386.1115226388653,0) (700,0)
user_guided_transport.end:
[0]: (0,0) (388.1115226388644,0) (388.1115226388644,1) (700,1)
[2K
Verifying formula 3 at /nta/queries/query[3]/formula
 -- Formula: Pr[<=700] (<> user_guided_transport.end)
[2K -- Formula is satisfied.
(72/72 runs) Pr(<> …) in [0.950056,1] (95% CI)
Values in [384.659,389.54] mean=387.021 steps=0.542345: 7 9 9 10 12 3 7 8 7
[2K
Verifying formula 4 at /nta/queries/query[4]/formula
 -- Formula: simulate[<=700]{humanPositionX[0], humanPositionY[0], robPositionX[0], robPositionY[0], batteryCharge[0], user_guided_transport.end}
[2K -- Formula is satisfied.
humanPositionX[0]:
[0]: (0,0) (0,92.5) (1,92.5) (1,97.73313175708738) (8.016877162270248,97.73313175708738) (8.016877162270248,123.7285354798977) (9.016877162270248,123.7285354798977) (9.016877162270248,149.723939202708) (10.01687716227024,149.723939202708) (10.01687716227024,175.7193429255182) (11.01687716227024,175.7193429255182) (11.01687716227024,201.7147466483285) (12.01687716227024,201.7147466483285) (12.01687716227024,227.7101503711388) (13.01687716227024,227.7101503711388) (13.01687716227024,253.7055540939491) (14.01687716227023,253.7055540939491) (14.01687716227023,279.7009578167594) (15.01687716227023,279.7009578167594) (15.01687716227023,305.6963615395697) (16.01687716227022,305.6963615395697) (16.01687716227022,331.69176526238) (17.01687716227023,331.69176526238) (17.01687716227023,357.6871689851903) (18.01687716227024,357.6871689851903) (18.01687716227024,383.6825727080006) (19.01687716227026,383.6825727080006) (19.01687716227026,409.6779764308109) (20.01687716227027,409.6779764308109) (20.01687716227027,435.6733801536212) (21.01687716227028,435.6733801536212) (21.01687716227028,461.6687838764315) (22.01687716227028,461.6687838764315) (22.01687716227028,487.6641875992418) (23.01687716227029,487.6641875992418) (23.01687716227029,513.6595913220521) (24.0168771622703,513.6595913220521) (24.0168771622703,539.6549950448623) (25.01687716227032,539.6549950448623) (25.01687716227032,565.6503987676725) (26.01687716227033,565.6503987676725) (26.01687716227033,591.6458024904828) (27.01687716227033,591.6458024904828) (27.01687716227033,617.641206213293) (28.01687716227034,617.641206213293) (28.01687716227034,643.6366099361032) (29.01687716227035,643.6366099361032) (29.01687716227035,669.6320136589135) (30.01687716227037,669.6320136589135) (30.01687716227037,695.6274173817237) (31.01687716227038,695.6274173817237) (31.01687716227038,721.622821104534) (32.01687716227038,721.622821104534) (32.01687716227038,747.6182248273442) (33.0168771622704,747.6182248273442) (33.0168771622704,773.6136285501544) (34.01687716227041,773.6136285501544) (34.01687716227041,799.6090322729647) (35.01687716227043,799.6090322729647) (35.01687716227043,825.6044359957749) (36.01687716227044,825.6044359957749) (36.01687716227044,851.5998397185851) (37.01687716227045,851.5998397185851) (37.01687716227045,877.5952434413954) (38.01687716227046,877.5952434413954) (38.01687716227046,903.5906471642056) (39.01687716227048,903.5906471642056) (39.01687716227048,929.5860508870159) (40.01687716227045,929.5860508870159) (40.01687716227045,955.5814546098261) (41.01687716227043,955.5814546098261) (41.01687716227043,981.5768583326363) (42.01687716227044,981.5768583326363) (42.01687716227044,1007.572262055447) (43.01687716227044,1007.572262055447) (43.01687716227044,1033.567665778257) (44.01687716227044,1033.567665778257) (44.01687716227044,1059.563069501067) (45.01687716227044,1059.563069501067) (45.01687716227044,1085.558473223878) (46.01687716227044,1085.558473223878) (46.01687716227044,1111.553876946688) (47.01687716227044,1111.553876946688) (47.01687716227044,1137.549280669498) (48.01687716227044,1137.549280669498) (48.01687716227044,1163.544684392309) (49.01687716227044,1163.544684392309) (49.01687716227044,1189.540088115119) (50.01687716227044,1189.540088115119) (50.01687716227044,1215.535491837929) (51.01687716227044,1215.535491837929) (51.01687716227044,1241.53089556074) (52.01687716227044,1241.53089556074) (52.01687716227044,1267.52629928355) (53.01687716227044,1267.52629928355) (53.01687716227044,1293.52170300636) (54.01687716227044,1293.52170300636) (54.01687716227044,1319.517106729171) (55.01687716227044,1319.517106729171) (55.01687716227044,1345.512510451981) (56.01687716227044,1345.512510451981) (56.01687716227044,1371.507914174791) (57.01687716227044,1371.507914174791) (57.01687716227044,1397.503317897602) (58.01687716227044,1397.503317897602) (58.01687716227044,1423.498721620412) (59.01687716227044,1423.498721620412) (59.01687716227044,1478) (60.01687716227044,1478) (60.01687716227044,1504) (61.01687716227044,1504) (61.01687716227044,1530) (62.01687716227044,1530) (62.01687716227044,1556) (63.01687716227044,1556) (63.01687716227044,1582) (64.01687716227043,1582) (64.01687716227043,1608) (65.0168771622705,1608) (65.0168771622705,1634) (66.01687716227057,1634) (66.01687716227057,1660) (67.01687716227065,1660) (67.01687716227065,1686) (68.01687716227072,1686) (68.01687716227072,1712) (69.01687716227079,1712) (69.01687716227079,1738) (70.01687716227086,1738) (70.01687716227086,1764) (71.01687716227093,1764) (71.01687716227093,1790) (72.016877162271,1790) (72.016877162271,1816) (73.01687716227107,1816) (73.01687716227107,1842) (74.01687716227114,1842) (74.01687716227114,1868) (75.01687716227121,1868) (75.01687716227121,1894) (76.01687716227129,1894) (76.01687716227129,1920) (77.01687716227136,1920) (77.01687716227136,1946) (78.01687716227143,1946) (78.01687716227143,1972) (79.0168771622715,1972) (79.0168771622715,1998) (80.01687716227157,1998) (80.01687716227157,2024) (81.01687716227164,2024) (81.01687716227164,2050) (82.01687716227171,2050) (82.01687716227171,2076) (83.01687716227178,2076) (83.01687716227178,2102) (84.01687716227185,2102) (84.01687716227185,2128) (85.01687716227192,2128) (85.01687716227192,2154) (86.016877162272,2154) (86.016877162272,2180) (87.01687716227207,2180) (87.01687716227207,2206) (88.01687716227214,2206) (88.01687716227214,2232) (89.01687716227221,2232) (89.01687716227221,2258) (90.01687716227228,2258) (90.01687716227228,2284) (91.01687716227235,2284) (91.01687716227235,2310) (92.01687716227242,2310) (92.01687716227242,2336) (93.01687716227249,2336) (93.01687716227249,2362) (94.01687716227256,2362) (94.01687716227256,2388) (95.01687716227264,2388) (95.01687716227264,2414) (96.01687716227271,2414) (96.01687716227271,2440) (97.01687716227278,2440) (97.01687716227278,2466) (98.01687716227285,2466) (98.01687716227285,2492) (99.01687716227292,2492) (99.01687716227292,2518) (100.016877162273,2518) (100.016877162273,2544) (101.0168771622731,2544) (101.0168771622731,2570) (102.0168771622731,2570) (102.0168771622731,2596) (103.0168771622732,2596) (103.0168771622732,2622) (104.0168771622733,2622) (104.0168771622733,2648) (105.0168771622733,2648) (105.0168771622733,2674) (106.0168771622734,2674) (106.0168771622734,2700) (107.0168771622735,2700) (107.0168771622735,2726) (108.0168771622736,2726) (108.0168771622736,2752) (109.0168771622736,2752) (109.0168771622736,2778) (110.0168771622737,2778) (110.0168771622737,2804) (111.0168771622738,2804) (111.0168771622738,2830) (112.0168771622738,2830) (112.0168771622738,2856) (113.0168771622739,2856) (113.0168771622739,2882) (114.016877162274,2882) (114.016877162274,2908) (115.0168771622741,2908) (115.0168771622741,2934) (116.0168771622741,2934) (116.0168771622741,2960) (117.0168771622742,2960) (117.0168771622742,2986) (118.0168771622743,2986) (118.0168771622743,3012) (119.0168771622743,3012) (119.0168771622743,3038) (120.0168771622744,3038) (120.0168771622744,3088.5) (121.0168771622745,3088.5) (121.0168771622745,3114.5) (122.0168771622746,3114.5) (122.0168771622746,3140.5) (123.0168771622746,3140.5) (123.0168771622746,3166.5) (124.0168771622747,3166.5) (124.0168771622747,3192.5) (125.0168771622748,3192.5) (125.0168771622748,3218.5) (126.0168771622748,3218.5) (126.0168771622748,3244.5) (127.0168771622749,3244.5) (127.0168771622749,3270.5) (128.016877162275,3270.5) (128.016877162275,3296.5) (129.016877162275,3296.5) (129.016877162275,3322.5) (130.0168771622751,3322.5) (130.0168771622751,3348.5) (131.0168771622751,3348.5) (131.0168771622751,3374.5) (132.0168771622752,3374.5) (132.0168771622752,3400.5) (133.0168771622753,3400.5) (133.0168771622753,3426.5) (134.0168771622753,3426.5) (134.0168771622753,3452.5) (135.0168771622754,3452.5) (135.0168771622754,3478.5) (136.0168771622754,3478.5) (136.0168771622754,3504.5) (137.0168771622755,3504.5) (137.0168771622755,3530.5) (138.0168771622755,3530.5) (138.0168771622755,3556.5) (139.0168771622756,3556.5) (139.0168771622756,3582.5) (140.0168771622756,3582.5) (140.0168771622756,3608.5) (141.0168771622757,3608.5) (141.0168771622757,3634.5) (142.0168771622758,3634.5) (142.0168771622758,3660.5) (143.0168771622758,3660.5) (143.0168771622758,3686.5) (144.0168771622759,3686.5) (144.0168771622759,3712.5) (145.0168771622759,3712.5) (145.0168771622759,3738.5) (146.016877162276,3738.5) (146.016877162276,3764.5) (147.016877162276,3764.5) (147.016877162276,3790.5) (148.0168771622761,3790.5) (148.0168771622761,3816.5) (149.0168771622762,3816.5) (149.0168771622762,3842.5) (150.0168771622762,3842.5) (150.0168771622762,3868.5) (151.0168771622763,3868.5) (151.0168771622763,3894.5) (152.0168771622763,3894.5) (152.0168771622763,3920.5) (153.0168771622764,3920.5) (153.0168771622764,3946.5) (154.0168771622764,3946.5) (154.0168771622764,3972.5) (155.0168771622765,3972.5) (155.0168771622765,3998.5) (156.0168771622766,3998.5) (156.0168771622766,4024.5) (157.0168771622766,4024.5) (157.0168771622766,4050.5) (158.0168771622767,4050.5) (158.0168771622767,4076.5) (159.0168771622767,4076.5) (159.0168771622767,4102.5) (160.0168771622768,4102.5) (160.0168771622768,4128.5) (161.0168771622768,4128.5) (161.0168771622768,4154.5) (162.0168771622769,4154.5) (162.0168771622769,4180.5) (163.016877162277,4180.5) (163.016877162277,4206.5) (164.016877162277,4206.5) (164.016877162277,4232.5) (165.0168771622771,4232.5) (165.0168771622771,4258.5) (166.0168771622771,4258.5) (166.0168771622771,4284.5) (167.0168771622772,4284.5) (167.0168771622772,4310.5) (168.0168771622772,4310.5) (168.0168771622772,4336.5) (169.0168771622773,4336.5) (169.0168771622773,4362.5) (170.0168771622774,4362.5) (170.0168771622774,4388.5) (171.0168771622774,4388.5) (171.0168771622774,4416.265463717128) (172.0168771622775,4416.265463717128) (172.0168771622775,4415.530927434256) (173.0168771622775,4415.530927434256) (173.0168771622775,4414.796391151384) (174.0168771622776,4414.796391151384) (174.0168771622776,4414.061854868512) (175.0168771622776,4414.061854868512) (175.0168771622776,4413.327318585641) (176.0168771622777,4413.327318585641) (176.0168771622777,4412.592782302769) (177.0168771622778,4412.592782302769) (177.0168771622778,4411.858246019897) (178.0168771622778,4411.858246019897) (178.0168771622778,4411.123709737025) (179.0168771622779,4411.123709737025) (179.0168771622779,4410.389173454153) (180.0168771622779,4410.389173454153) (180.0168771622779,4409.654637171281) (181.016877162278,4409.654637171281) (181.016877162278,4408.920100888409) (182.016877162278,4408.920100888409) (182.016877162278,4408.185564605537) (183.0168771622781,4408.185564605537) (183.0168771622781,4407.451028322665) (184.0168771622781,4407.451028322665) (184.0168771622781,4406.716492039794) (185.0168771622782,4406.716492039794) (185.0168771622782,4405.981955756922) (186.0168771622783,4405.981955756922) (186.0168771622783,4405.24741947405) (187.0168771622783,4405.24741947405) (187.0168771622783,4404.512883191178) (188.0168771622784,4404.512883191178) (188.0168771622784,4403.778346908306) (189.0168771622784,4403.778346908306) (189.0168771622784,4403.043810625434) (190.0168771622785,4403.043810625434) (190.0168771622785,4402.309274342562) (191.0168771622785,4402.309274342562) (191.0168771622785,4401.57473805969) (192.0168771622786,4401.57473805969) (192.0168771622786,4400.840201776819) (700,4400.840201776819)
humanPositionY[0]:
[0]: (0,0) (0,163.5) (1,163.5) (1,188.9679078844919) (8.016877162270248,188.9679078844919) (8.016877162270248,188.479046668909) (9.016877162270248,188.479046668909) (9.016877162270248,187.9901854533261) (10.01687716227024,187.9901854533261) (10.01687716227024,187.5013242377432) (11.01687716227024,187.5013242377432) (11.01687716227024,187.0124630221603) (12.01687716227024,187.0124630221603) (12.01687716227024,186.5236018065774) (13.01687716227024,186.5236018065774) (13.01687716227024,186.0347405909945) (14.01687716227023,186.0347405909945) (14.01687716227023,185.5458793754117) (15.01687716227023,185.5458793754117) (15.01687716227023,185.0570181598288) (16.01687716227022,185.0570181598288) (16.01687716227022,184.5681569442459) (17.01687716227023,184.5681569442459) (17.01687716227023,184.079295728663) (18.01687716227024,184.079295728663) (18.01687716227024,183.5904345130801) (19.01687716227026,183.5904345130801) (19.01687716227026,183.1015732974972) (20.01687716227027,183.1015732974972) (20.01687716227027,182.6127120819143) (21.01687716227028,182.6127120819143) (21.01687716227028,182.1238508663315) (22.01687716227028,182.1238508663315) (22.01687716227028,181.6349896507486) (23.01687716227029,181.6349896507486) (23.01687716227029,181.1461284351657) (24.0168771622703,181.1461284351657) (24.0168771622703,180.6572672195828) (25.01687716227032,180.6572672195828) (25.01687716227032,180.1684060039999) (26.01687716227033,180.1684060039999) (26.01687716227033,179.679544788417) (27.01687716227033,179.679544788417) (27.01687716227033,179.1906835728341) (28.01687716227034,179.1906835728341) (28.01687716227034,178.7018223572512) (29.01687716227035,178.7018223572512) (29.01687716227035,178.2129611416684) (30.01687716227037,178.2129611416684) (30.01687716227037,177.7240999260855) (31.01687716227038,177.7240999260855) (31.01687716227038,177.2352387105026) (32.01687716227038,177.2352387105026) (32.01687716227038,176.7463774949197) (33.0168771622704,176.7463774949197) (33.0168771622704,176.2575162793368) (34.01687716227041,176.2575162793368) (34.01687716227041,175.7686550637539) (35.01687716227043,175.7686550637539) (35.01687716227043,175.279793848171) (36.01687716227044,175.279793848171) (36.01687716227044,174.7909326325882) (37.01687716227045,174.7909326325882) (37.01687716227045,174.3020714170053) (38.01687716227046,174.3020714170053) (38.01687716227046,173.8132102014224) (39.01687716227048,173.8132102014224) (39.01687716227048,173.3243489858395) (40.01687716227045,173.3243489858395) (40.01687716227045,172.8354877702566) (41.01687716227043,172.8354877702566) (41.01687716227043,172.3466265546737) (42.01687716227044,172.3466265546737) (42.01687716227044,171.8577653390908) (43.01687716227044,171.8577653390908) (43.01687716227044,171.3689041235079) (44.01687716227044,171.3689041235079) (44.01687716227044,170.8800429079251) (45.01687716227044,170.8800429079251) (45.01687716227044,170.3911816923422) (46.01687716227044,170.3911816923422) (46.01687716227044,169.9023204767593) (47.01687716227044,169.9023204767593) (47.01687716227044,169.4134592611764) (48.01687716227044,169.4134592611764) (48.01687716227044,168.9245980455935) (49.01687716227044,168.9245980455935) (49.01687716227044,168.4357368300106) (50.01687716227044,168.4357368300106) (50.01687716227044,167.9468756144277) (51.01687716227044,167.9468756144277) (51.01687716227044,167.4580143988449) (52.01687716227044,167.4580143988449) (52.01687716227044,166.969153183262) (53.01687716227044,166.969153183262) (53.01687716227044,166.4802919676791) (54.01687716227044,166.4802919676791) (54.01687716227044,165.9914307520962) (55.01687716227044,165.9914307520962) (55.01687716227044,165.5025695365133) (56.01687716227044,165.5025695365133) (56.01687716227044,165.0137083209304) (57.01687716227044,165.0137083209304) (57.01687716227044,164.5248471053475) (58.01687716227044,164.5248471053475) (58.01687716227044,164.0359858897646) (59.01687716227044,164.0359858897646) (59.01687716227044,163.5) (171.0168771622774,163.5) (171.0168771622774,189.4896220913107) (172.0168771622775,189.4896220913107) (172.0168771622775,215.4792441826214) (173.0168771622775,215.4792441826214) (173.0168771622775,241.4688662739321) (174.0168771622776,241.4688662739321) (174.0168771622776,267.4584883652428) (175.0168771622776,267.4584883652428) (175.0168771622776,293.4481104565535) (176.0168771622777,293.4481104565535) (176.0168771622777,319.4377325478642) (177.0168771622778,319.4377325478642) (177.0168771622778,345.427354639175) (178.0168771622778,345.427354639175) (178.0168771622778,371.4169767304857) (179.0168771622779,371.4169767304857) (179.0168771622779,397.4065988217964) (180.0168771622779,397.4065988217964) (180.0168771622779,423.3962209131071) (181.016877162278,423.3962209131071) (181.016877162278,449.3858430044178) (182.016877162278,449.3858430044178) (182.016877162278,475.3754650957285) (183.0168771622781,475.3754650957285) (183.0168771622781,501.3650871870392) (184.0168771622781,501.3650871870392) (184.0168771622781,527.3547092783499) (185.0168771622782,527.3547092783499) (185.0168771622782,553.3443313696606) (186.0168771622783,553.3443313696606) (186.0168771622783,579.3339534609713) (187.0168771622783,579.3339534609713) (187.0168771622783,605.323575552282) (188.0168771622784,605.323575552282) (188.0168771622784,631.3131976435927) (189.0168771622784,631.3131976435927) (189.0168771622784,657.3028197349034) (190.0168771622785,657.3028197349034) (190.0168771622785,683.2924418262141) (191.0168771622785,683.2924418262141) (191.0168771622785,709.2820639175249) (192.0168771622786,709.2820639175249) (192.0168771622786,735.2716860088356) (700,735.2716860088356)
robPositionX[0]:
[0]: (0,0) (0,92.5) (2,92.5) (2,97.73313175708738) (194.0168771622777,97.73313175708738) (194.0168771622777,123.7285354798977) (195.0356806247609,123.7285354798977) (195.0356806247609,149.723939202708) (196.035680624761,149.723939202708) (196.035680624761,175.7193429255182) (197.035680624761,175.7193429255182) (197.035680624761,201.7147466483285) (198.035680624761,201.7147466483285) (198.035680624761,227.7101503711388) (199.035680624761,227.7101503711388) (199.035680624761,253.7055540939491) (200.035680624761,253.7055540939491) (200.035680624761,279.7009578167594) (201.035680624761,279.7009578167594) (201.035680624761,305.6963615395697) (202.0356806247609,305.6963615395697) (202.0356806247609,331.69176526238) (203.0356806247609,331.69176526238) (203.0356806247609,357.6871689851903) (204.0356806247609,357.6871689851903) (204.0356806247609,383.6825727080006) (205.0356806247609,383.6825727080006) (205.0356806247609,409.6779764308109) (206.0356806247608,409.6779764308109) (206.0356806247608,435.6733801536212) (207.0356806247608,435.6733801536212) (207.0356806247608,461.6687838764315) (208.0356806247608,461.6687838764315) (208.0356806247608,487.6641875992418) (209.0356806247607,487.6641875992418) (209.0356806247607,513.6595913220521) (210.0356806247607,513.6595913220521) (210.0356806247607,539.6549950448623) (211.0356806247607,539.6549950448623) (211.0356806247607,565.6503987676725) (212.0356806247607,565.6503987676725) (212.0356806247607,591.6458024904828) (213.0356806247606,591.6458024904828) (213.0356806247606,617.641206213293) (214.0356806247606,617.641206213293) (214.0356806247606,643.6366099361032) (215.0356806247606,643.6366099361032) (215.0356806247606,669.6320136589135) (216.0356806247605,669.6320136589135) (216.0356806247605,695.6274173817237) (217.0356806247605,695.6274173817237) (217.0356806247605,721.622821104534) (218.0356806247605,721.622821104534) (218.0356806247605,747.6182248273442) (219.0356806247605,747.6182248273442) (219.0356806247605,773.6136285501544) (220.0356806247604,773.6136285501544) (220.0356806247604,799.6090322729647) (221.0356806247604,799.6090322729647) (221.0356806247604,825.6044359957749) (222.0356806247604,825.6044359957749) (222.0356806247604,851.5998397185851) (223.0356806247603,851.5998397185851) (223.0356806247603,877.5952434413954) (224.0356806247603,877.5952434413954) (224.0356806247603,903.5906471642056) (225.0356806247603,903.5906471642056) (225.0356806247603,929.5860508870159) (226.0356806247603,929.5860508870159) (226.0356806247603,955.5814546098261) (227.0356806247602,955.5814546098261) (227.0356806247602,981.5768583326363) (228.0356806247602,981.5768583326363) (228.0356806247602,1007.572262055447) (229.0356806247602,1007.572262055447) (229.0356806247602,1033.567665778257) (230.0356806247601,1033.567665778257) (230.0356806247601,1059.563069501067) (231.0356806247601,1059.563069501067) (231.0356806247601,1085.558473223878) (232.0356806247601,1085.558473223878) (232.0356806247601,1111.553876946688) (233.0356806247601,1111.553876946688) (233.0356806247601,1137.549280669498) (234.03568062476,1137.549280669498) (234.03568062476,1163.544684392309) (235.03568062476,1163.544684392309) (235.03568062476,1189.540088115119) (236.03568062476,1189.540088115119) (236.03568062476,1215.535491837929) (237.0356806247599,1215.535491837929) (237.0356806247599,1241.53089556074) (238.0356806247599,1241.53089556074) (238.0356806247599,1267.52629928355) (239.0356806247599,1267.52629928355) (239.0356806247599,1293.52170300636) (240.0356806247599,1293.52170300636) (240.0356806247599,1319.517106729171) (241.0356806247598,1319.517106729171) (241.0356806247598,1345.512510451981) (242.0356806247598,1345.512510451981) (242.0356806247598,1371.507914174791) (243.0356806247598,1371.507914174791) (243.0356806247598,1397.503317897602) (244.0356806247597,1397.503317897602) (244.0356806247597,1423.498721620412) (245.0356806247597,1423.498721620412) (245.0356806247597,1452) (246.0356806247597,1452) (246.0356806247597,1478) (247.0356806247597,1478) (247.0356806247597,1504) (248.0356806247596,1504) (248.0356806247596,1530) (249.0356806247596,1530) (249.0356806247596,1556) (250.0356806247596,1556) (250.0356806247596,1582) (251.0356806247596,1582) (251.0356806247596,1608) (252.0356806247595,1608) (252.0356806247595,1634) (253.0356806247595,1634) (253.0356806247595,1660) (254.0356806247595,1660) (254.0356806247595,1686) (255.0356806247594,1686) (255.0356806247594,1712) (256.0356806247594,1712) (256.0356806247594,1738) (257.0356806247593,1738) (257.0356806247593,1764) (258.0356806247593,1764) (258.0356806247593,1790) (259.0356806247592,1790) (259.0356806247592,1816) (260.0356806247592,1816) (260.0356806247592,1842) (261.0356806247591,1842) (261.0356806247591,1868) (262.035680624759,1868) (262.035680624759,1894) (263.035680624759,1894) (263.035680624759,1920) (264.0356806247592,1920) (264.0356806247592,1946) (265.0356806247594,1946) (265.0356806247594,1972) (266.0356806247597,1972) (266.0356806247597,1998) (267.0356806247599,1998) (267.0356806247599,2024) (268.0356806247601,2024) (268.0356806247601,2050) (269.0356806247603,2050) (269.0356806247603,2076) (270.0356806247606,2076) (270.0356806247606,2102) (271.0356806247608,2102) (271.0356806247608,2128) (272.035680624761,2128) (272.035680624761,2154) (273.0356806247613,2154) (273.0356806247613,2180) (274.0356806247615,2180) (274.0356806247615,2206) (275.0356806247617,2206) (275.0356806247617,2232) (276.0356806247619,2232) (276.0356806247619,2258) (277.0356806247622,2258) (277.0356806247622,2284) (278.0356806247624,2284) (278.0356806247624,2310) (279.0356806247626,2310) (279.0356806247626,2336) (280.0356806247628,2336) (280.0356806247628,2362) (281.0356806247631,2362) (281.0356806247631,2388) (282.0356806247633,2388) (282.0356806247633,2414) (283.0356806247635,2414) (283.0356806247635,2440) (284.0356806247638,2440) (284.0356806247638,2466) (285.035680624764,2466) (285.035680624764,2492) (286.0356806247642,2492) (286.0356806247642,2518) (287.0356806247644,2518) (287.0356806247644,2544) (288.0356806247647,2544) (288.0356806247647,2570) (289.0356806247649,2570) (289.0356806247649,2596) (290.0356806247651,2596) (290.0356806247651,2622) (291.0356806247653,2622) (291.0356806247653,2648) (292.0356806247656,2648) (292.0356806247656,2674) (293.0356806247658,2674) (293.0356806247658,2700) (294.035680624766,2700) (294.035680624766,2726) (295.0356806247663,2726) (295.0356806247663,2752) (296.0356806247665,2752) (296.0356806247665,2778) (297.0356806247667,2778) (297.0356806247667,2804) (298.0356806247669,2804) (298.0356806247669,2830) (299.0356806247672,2830) (299.0356806247672,2856) (300.0356806247674,2856) (300.0356806247674,2882) (301.0356806247676,2882) (301.0356806247676,2908) (302.0356806247678,2908) (302.0356806247678,2934) (303.0356806247681,2934) (303.0356806247681,2960) (304.0356806247683,2960) (304.0356806247683,2986) (305.0356806247685,2986) (305.0356806247685,3012) (306.0356806247688,3012) (306.0356806247688,3038) (307.035680624769,3038) (307.035680624769,3062.5) (308.0356806247692,3062.5) (308.0356806247692,3088.5) (309.0356806247694,3088.5) (309.0356806247694,3114.5) (310.0356806247697,3114.5) (310.0356806247697,3140.5) (311.0356806247699,3140.5) (311.0356806247699,3166.5) (312.0356806247701,3166.5) (312.0356806247701,3192.5) (313.0356806247704,3192.5) (313.0356806247704,3218.5) (314.0356806247706,3218.5) (314.0356806247706,3244.5) (315.0356806247708,3244.5) (315.0356806247708,3270.5) (316.035680624771,3270.5) (316.035680624771,3296.5) (317.0356806247713,3296.5) (317.0356806247713,3322.5) (318.0356806247715,3322.5) (318.0356806247715,3348.5) (319.0356806247717,3348.5) (319.0356806247717,3374.5) (320.0356806247719,3374.5) (320.0356806247719,3400.5) (321.0356806247722,3400.5) (321.0356806247722,3426.5) (322.0356806247724,3426.5) (322.0356806247724,3452.5) (323.0356806247726,3452.5) (323.0356806247726,3478.5) (324.0356806247729,3478.5) (324.0356806247729,3504.5) (325.0356806247731,3504.5) (325.0356806247731,3530.5) (326.0356806247733,3530.5) (326.0356806247733,3556.5) (327.0356806247735,3556.5) (327.0356806247735,3582.5) (328.0356806247738,3582.5) (328.0356806247738,3608.5) (329.035680624774,3608.5) (329.035680624774,3634.5) (330.0356806247742,3634.5) (330.0356806247742,3660.5) (331.0356806247744,3660.5) (331.0356806247744,3686.5) (332.0356806247747,3686.5) (332.0356806247747,3712.5) (333.0356806247749,3712.5) (333.0356806247749,3738.5) (334.0356806247751,3738.5) (334.0356806247751,3764.5) (335.0356806247754,3764.5) (335.0356806247754,3790.5) (336.0356806247756,3790.5) (336.0356806247756,3816.5) (337.0356806247758,3816.5) (337.0356806247758,3842.5) (338.035680624776,3842.5) (338.035680624776,3868.5) (339.0356806247763,3868.5) (339.0356806247763,3894.5) (340.0356806247765,3894.5) (340.0356806247765,3920.5) (341.0356806247767,3920.5) (341.0356806247767,3946.5) (342.0356806247769,3946.5) (342.0356806247769,3972.5) (343.0356806247772,3972.5) (343.0356806247772,3998.5) (344.0356806247774,3998.5) (344.0356806247774,4024.5) (345.0356806247776,4024.5) (345.0356806247776,4050.5) (346.0356806247779,4050.5) (346.0356806247779,4076.5) (347.0356806247781,4076.5) (347.0356806247781,4102.5) (348.0356806247783,4102.5) (348.0356806247783,4128.5) (349.0356806247785,4128.5) (349.0356806247785,4154.5) (350.0356806247788,4154.5) (350.0356806247788,4180.5) (351.035680624779,4180.5) (351.035680624779,4206.5) (352.0356806247792,4206.5) (352.0356806247792,4232.5) (353.0356806247794,4232.5) (353.0356806247794,4258.5) (354.0356806247797,4258.5) (354.0356806247797,4284.5) (355.0356806247799,4284.5) (355.0356806247799,4310.5) (356.0356806247801,4310.5) (356.0356806247801,4336.5) (357.0356806247804,4336.5) (357.0356806247804,4362.5) (358.0356806247806,4362.5) (358.0356806247806,4388.5) (359.0356806247808,4388.5) (359.0356806247808,4417) (361.634732106523,4417) (361.634732106523,4416.265463717128) (362.6347321065232,4416.265463717128) (362.6347321065232,4415.530927434256) (363.6347321065234,4415.530927434256) (363.6347321065234,4414.796391151384) (364.6347321065236,4414.796391151384) (364.6347321065236,4414.061854868512) (365.6347321065239,4414.061854868512) (365.6347321065239,4413.327318585641) (366.6347321065241,4413.327318585641) (366.6347321065241,4412.592782302769) (367.6347321065243,4412.592782302769) (367.6347321065243,4411.858246019897) (368.6347321065246,4411.858246019897) (368.6347321065246,4411.123709737025) (369.6347321065248,4411.123709737025) (369.6347321065248,4410.389173454153) (370.634732106525,4410.389173454153) (370.634732106525,4409.654637171281) (371.6347321065252,4409.654637171281) (371.6347321065252,4408.920100888409) (372.6347321065255,4408.920100888409) (372.6347321065255,4408.185564605537) (373.6347321065257,4408.185564605537) (373.6347321065257,4407.451028322665) (374.6347321065259,4407.451028322665) (374.6347321065259,4406.716492039794) (375.6347321065261,4406.716492039794) (375.6347321065261,4405.981955756922) (376.6347321065264,4405.981955756922) (376.6347321065264,4405.24741947405) (377.6347321065266,4405.24741947405) (377.6347321065266,4404.512883191178) (378.6347321065268,4404.512883191178) (378.6347321065268,4403.778346908306) (379.6347321065271,4403.778346908306) (379.6347321065271,4403.043810625434) (380.6347321065273,4403.043810625434) (380.6347321065273,4402.309274342562) (381.6347321065275,4402.309274342562) (381.6347321065275,4401.57473805969) (382.6347321065277,4401.57473805969) (382.6347321065277,4400.840201776819) (700,4400.840201776819)
robPositionY[0]:
[0]: (0,0) (0,163.5) (2,163.5) (2,188.9679078844919) (194.0168771622777,188.9679078844919) (194.0168771622777,188.479046668909) (195.0356806247609,188.479046668909) (195.0356806247609,187.9901854533261) (196.035680624761,187.9901854533261) (196.035680624761,187.5013242377432) (197.035680624761,187.5013242377432) (197.035680624761,187.0124630221603) (198.035680624761,187.0124630221603) (198.035680624761,186.5236018065774) (199.035680624761,186.5236018065774) (199.035680624761,186.0347405909945) (200.035680624761,186.0347405909945) (200.035680624761,185.5458793754117) (201.035680624761,185.5458793754117) (201.035680624761,185.0570181598288) (202.0356806247609,185.0570181598288) (202.0356806247609,184.5681569442459) (203.0356806247609,184.5681569442459) (203.0356806247609,184.079295728663) (204.0356806247609,184.079295728663) (204.0356806247609,183.5904345130801) (205.0356806247609,183.5904345130801) (205.0356806247609,183.1015732974972) (206.0356806247608,183.1015732974972) (206.0356806247608,182.6127120819143) (207.0356806247608,182.6127120819143) (207.0356806247608,182.1238508663315) (208.0356806247608,182.1238508663315) (208.0356806247608,181.6349896507486) (209.0356806247607,181.6349896507486) (209.0356806247607,181.1461284351657) (210.0356806247607,181.1461284351657) (210.0356806247607,180.6572672195828) (211.0356806247607,180.6572672195828) (211.0356806247607,180.1684060039999) (212.0356806247607,180.1684060039999) (212.0356806247607,179.679544788417) (213.0356806247606,179.679544788417) (213.0356806247606,179.1906835728341) (214.0356806247606,179.1906835728341) (214.0356806247606,178.7018223572512) (215.0356806247606,178.7018223572512) (215.0356806247606,178.2129611416684) (216.0356806247605,178.2129611416684) (216.0356806247605,177.7240999260855) (217.0356806247605,177.7240999260855) (217.0356806247605,177.2352387105026) (218.0356806247605,177.2352387105026) (218.0356806247605,176.7463774949197) (219.0356806247605,176.7463774949197) (219.0356806247605,176.2575162793368) (220.0356806247604,176.2575162793368) (220.0356806247604,175.7686550637539) (221.0356806247604,175.7686550637539) (221.0356806247604,175.279793848171) (222.0356806247604,175.279793848171) (222.0356806247604,174.7909326325882) (223.0356806247603,174.7909326325882) (223.0356806247603,174.3020714170053) (224.0356806247603,174.3020714170053) (224.0356806247603,173.8132102014224) (225.0356806247603,173.8132102014224) (225.0356806247603,173.3243489858395) (226.0356806247603,173.3243489858395) (226.0356806247603,172.8354877702566) (227.0356806247602,172.8354877702566) (227.0356806247602,172.3466265546737) (228.0356806247602,172.3466265546737) (228.0356806247602,171.8577653390908) (229.0356806247602,171.8577653390908) (229.0356806247602,171.3689041235079) (230.0356806247601,171.3689041235079) (230.0356806247601,170.8800429079251) (231.0356806247601,170.8800429079251) (231.0356806247601,170.3911816923422) (232.0356806247601,170.3911816923422) (232.0356806247601,169.9023204767593) (233.0356806247601,169.9023204767593) (233.0356806247601,169.4134592611764) (234.03568062476,169.4134592611764) (234.03568062476,168.9245980455935) (235.03568062476,168.9245980455935) (235.03568062476,168.4357368300106) (236.03568062476,168.4357368300106) (236.03568062476,167.9468756144277) (237.0356806247599,167.9468756144277) (237.0356806247599,167.4580143988449) (238.0356806247599,167.4580143988449) (238.0356806247599,166.969153183262) (239.0356806247599,166.969153183262) (239.0356806247599,166.4802919676791) (240.0356806247599,166.4802919676791) (240.0356806247599,165.9914307520962) (241.0356806247598,165.9914307520962) (241.0356806247598,165.5025695365133) (242.0356806247598,165.5025695365133) (242.0356806247598,165.0137083209304) (243.0356806247598,165.0137083209304) (243.0356806247598,164.5248471053475) (244.0356806247597,164.5248471053475) (244.0356806247597,164.0359858897646) (245.0356806247597,164.0359858897646) (245.0356806247597,163.5) (361.634732106523,163.5) (361.634732106523,189.4896220913107) (362.6347321065232,189.4896220913107) (362.6347321065232,215.4792441826214) (363.6347321065234,215.4792441826214) (363.6347321065234,241.4688662739321) (364.6347321065236,241.4688662739321) (364.6347321065236,267.4584883652428) (365.6347321065239,267.4584883652428) (365.6347321065239,293.4481104565535) (366.6347321065241,293.4481104565535) (366.6347321065241,319.4377325478642) (367.6347321065243,319.4377325478642) (367.6347321065243,345.427354639175) (368.6347321065246,345.427354639175) (368.6347321065246,371.4169767304857) (369.6347321065248,371.4169767304857) (369.6347321065248,397.4065988217964) (370.634732106525,397.4065988217964) (370.634732106525,423.3962209131071) (371.6347321065252,423.3962209131071) (371.6347321065252,449.3858430044178) (372.6347321065255,449.3858430044178) (372.6347321065255,475.3754650957285) (373.6347321065257,475.3754650957285) (373.6347321065257,501.3650871870392) (374.6347321065259,501.3650871870392) (374.6347321065259,527.3547092783499) (375.6347321065261,527.3547092783499) (375.6347321065261,553.3443313696606) (376.6347321065264,553.3443313696606) (376.6347321065264,579.3339534609713) (377.6347321065266,579.3339534609713) (377.6347321065266,605.323575552282) (378.6347321065268,605.323575552282) (378.6347321065268,631.3131976435927) (379.6347321065271,631.3131976435927) (379.6347321065271,657.3028197349034) (380.6347321065273,657.3028197349034) (380.6347321065273,683.2924418262141) (381.6347321065275,683.2924418262141) (381.6347321065275,709.2820639175249) (382.6347321065277,709.2820639175249) (382.6347321065277,735.2716860088356) (700,735.2716860088356)
batteryCharge[0]:
[0]: (0,100) (700,100)
user_guided_transport.end:
[0]: (0,0) (384.6347321065269,0) (384.6347321065269,1) (700,1)
[2K
Verifying formula 5 at /nta/queries/query[5]/formula
 -- Formula: simulate[<=700]{robot_inventory[0][0], user_guided_transport.end*2}
[2K -- Formula is satisfied.
robot_inventory[0][0]:
[0]: (0,0) (7.847077891241152,0) (7.847077891241152,1) (700,1)
user_guided_transport.end * 2:
[0]: (0,0) (385.4649328354474,0) (385.4649328354474,2) (700,2)
[2K
Verifying formula 6 at /nta/queries/query[6]/formula
 -- Formula: simulate[<=700]{bedroom[0], bedroom[1], kitchen[0], kitchen[1]}
[2K -- Formula is satisfied.
bedroom[0]:
[0]: (0,100) (700,100)
bedroom[1]:
[0]: (0,200) (700,200)
kitchen[0]:
[0]: (0,4400) (700,4400)
kitchen[1]:
[0]: (0,765) (700,765)
[2K
Verifying formula 7 at /nta/queries/query[7]/formula
 -- Formula: simulate[<=700]{rm_1.idle, rf_1.idle, rp_1.idle, rd_1.idle}
[2K -- Formula is satisfied.
rm_1.idle:
[0]: (0,0) (0,1) (0,0) (3,0) (3,1) (196.471667027272,1) (196.471667027272,0) (388.0895219714639,0) (388.0895219714639,1) (700,1)
rf_1.idle:
[0]: (0,0) (0,1) (700,1)
rp_1.idle:
[0]: (0,0) (0,1) (2,1) (2,0) (11.47166702727094,0) (11.47166702727094,1) (700,1)
rd_1.idle:
[0]: (0,0) (0,1) (700,1)
[2K
Verifying formula 8 at /nta/queries/query[8]/formula
 -- Formula: Pr[<=700](<>!rm_1.idle || !rf_1.idle || !rp_1.idle || !rd_1.idle)
[2K -- Formula is satisfied.
(72/72 runs) Pr(<> …) in [0.950056,1] (95% CI)
Values in [0,0] mean=0 steps=2.22045e-16: 72
[2K
Verifying formula 9 at /nta/queries/query[9]/formula
 -- Formula: Pr[<=700]([] (user_guided_transport.end imply (rm_1.idle && rf_1.idle && rp_1.idle && rd_1.idle)))
 -- Throughput: 672705 runs/sec, Load: 325 runs[K
[2K -- Formula is satisfied.
(72/72 runs) Pr([] …) in [0.950056,1] (95% CI)
[2K
Verifying formula 10 at /nta/queries/query[10]/formula
 -- Formula: Pr[<=700] (<> pow(robPositionX[0] - kitchen[0], 2) + pow(robPositionY[0] - kitchen[1], 2) <= 900 )
[2K -- Formula is satisfied.
(88/89 runs) Pr(<> …) in [0.938982,0.999716] (95% CI)
Values in [382.633,387.618] mean=385.077 steps=0.498533: 14 6 9 10 6 6 9 9 7 12
[2K
Verifying formula 11 at /nta/queries/query[11]/formula
 -- Formula: Pr[<=700] (<> pow(robPositionX[0] - bedroom[0], 2) + pow(robPositionY[0] - bedroom[1], 2) <= 900 )
[2K -- Formula is satisfied.
(72/72 runs) Pr(<> …) in [0.950056,1] (95% CI)
Values in [2,2] mean=2 steps=2.22045e-16: 72
[2K
Verifying formula 12 at /nta/queries/query[12]/formula
 -- Formula: Pr[<=700] (<> pow(humanPositionX[0] - kitchen[0], 2) + pow(humanPositionY[0] - kitchen[1], 2) <= 900 )
[2K -- Formula is satisfied.
(72/72 runs) Pr(<> …) in [0.950056,1] (95% CI)
Values in [192.006,196.876] mean=194.367 steps=0.541052: 10 9 4 10 10 9 5 5 10
[2K
Verifying formula 13 at /nta/queries/query[13]/formula
 -- Formula: Pr[<=700] (<> pow(humanPositionX[0] - bedroom[0], 2) + pow(humanPositionY[0] - bedroom[1], 2) <= 900 )
[2K -- Formula is satisfied.
(72/72 runs) Pr(<> …) in [0.950056,1] (95% CI)
Values in [1,1] mean=1 steps=2.22045e-16: 72
[2K
Verifying formula 14 at /nta/queries/query[14]/formula
 -- Formula: Pr[<=700] (<> !isValidPosition(humanPositionX[0], humanPositionY[0]))
[2K -- Formula is satisfied.
(72/72 runs) Pr(<> …) in [0.950056,1] (95% CI)
Values in [0,0] mean=0 steps=2.22045e-16: 72
[2K
Verifying formula 15 at /nta/queries/query[15]/formula
 -- Formula: Pr[<=700] (<> !isValidPosition(robPositionX[0], robPositionY[0]))
[2K -- Formula is satisfied.
(72/72 runs) Pr(<> …) in [0.950056,1] (95% CI)
Values in [0,0] mean=0 steps=2.22045e-16: 72
[2K
Verifying formula 16 at /nta/queries/query[16]/formula
 -- Formula: Pr[<=700] (<> currP > 2)
 -- Throughput: 669589 runs/sec, Load: 326 runs[K
[2K -- Formula is satisfied.
(0/72 runs) Pr(<> …) in [0,0.0499441] (95% CI)
