Options for the verification:
  Generating no trace
  Search order is breadth first
  Using conservative space optimisation
  Seed is 1784881719
  State space representation uses minimal constraint systems with future testing
  Using HashMap + Compress integers for discrete state storage
[2K
Verifying formula 1 at /nta/queries/query[1]/formula
 -- Formula: simulate[<=700]{Factory_Pipeline_robot1_def.s1_start, Factory_Pipeline_robot1_def.s1_end, Factory_Pipeline_robot1_def.s2_start, Factory_Pipeline_robot1_def.s2_end, Factory_Pipeline_robot1_def.s3_start, Factory_Pipeline_robot1_def.s3_end, Factory_Pipeline.end}
[2K -- Formula is satisfied.
Factory_Pipeline_robot1_def.s1_start:
[0]: (0,0) (0,1) (0,0) (700,0)
Factory_Pipeline_robot1_def.s1_end:
[0]: (0,0) (700,0)
Factory_Pipeline_robot1_def.s2_start:
[0]: (0,0) (700,0)
Factory_Pipeline_robot1_def.s2_end:
[0]: (0,0) (700,0)
Factory_Pipeline_robot1_def.s3_start:
[0]: (0,0) (700,0)
Factory_Pipeline_robot1_def.s3_end:
[0]: (0,0) (700,0)
Factory_Pipeline.end:
[0]: (0,0) (700,0)
[2K
Verifying formula 2 at /nta/queries/query[2]/formula
 -- Formula: simulate[<=700]{Factory_Pipeline_robot2_def.s1_start, Factory_Pipeline_robot2_def.s1_end, Factory_Pipeline_robot2_def.s2_start, Factory_Pipeline_robot2_def.s2_end, Factory_Pipeline_robot2_def.s3_start, Factory_Pipeline_robot2_def.s3_end, Factory_Pipeline.end}
[2K -- Formula is satisfied.
Factory_Pipeline_robot2_def.s1_start:
[0]: (0,0) (0,1) (0,0) (700,0)
Factory_Pipeline_robot2_def.s1_end:
[0]: (0,0) (457.4833299462503,0) (457.4833299462503,1) (700,1)
Factory_Pipeline_robot2_def.s2_start:
[0]: (0,0) (700,0)
Factory_Pipeline_robot2_def.s2_end:
[0]: (0,0) (700,0)
Factory_Pipeline_robot2_def.s3_start:
[0]: (0,0) (700,0)
Factory_Pipeline_robot2_def.s3_end:
[0]: (0,0) (700,0)
Factory_Pipeline.end:
[0]: (0,0) (700,0)
[2K
Verifying formula 3 at /nta/queries/query[3]/formula
 -- Formula: Pr[<=700] (<> Factory_Pipeline.end)
[2K -- Formula is satisfied.
(0/72 runs) Pr(<> …) in [0,0.0499441] (95% CI)
[2K
Verifying formula 4 at /nta/queries/query[4]/formula
 -- Formula: simulate[<=700]{robPositionX[0], robPositionY[0], batteryCharge[0], robPositionX[1], robPositionY[1], batteryCharge[1], Factory_Pipeline.end}
[2K -- Formula is satisfied.
robPositionX[0]:
[0]: (0,0) (0,400) (2,400) (2,426) (3,426) (3,452) (4,452) (4,478) (5,478) (5,504) (6,504) (6,530) (7,530) (7,556) (8,556) (8,582) (9,582) (9,600) (158.5707963267949,600) (158.5707963267949,626) (159.5707963267949,626) (159.5707963267949,652) (160.5707963267949,652) (160.5707963267949,678) (161.5707963267949,678) (161.5707963267949,704) (162.5707963267949,704) (162.5707963267949,730) (163.5707963267949,730) (163.5707963267949,756) (164.5707963267949,756) (164.5707963267949,782) (165.5707963267949,782) (165.5707963267949,808) (166.5707963267949,808) (166.5707963267949,834) (167.5707963267949,834) (167.5707963267949,860) (168.5707963267949,860) (168.5707963267949,886) (169.5707963267949,886) (169.5707963267949,912) (170.5707963267949,912) (170.5707963267949,938) (171.5707963267949,938) (171.5707963267949,964) (172.5707963267949,964) (172.5707963267949,990) (173.5707963267949,990) (173.5707963267949,1016) (174.5707963267949,1016) (174.5707963267949,1042) (175.5707963267949,1042) (175.5707963267949,1068) (176.5707963267949,1068) (176.5707963267949,1094) (177.5707963267949,1094) (177.5707963267949,1120) (178.5707963267949,1120) (178.5707963267949,1146) (179.5707963267949,1146) (179.5707963267949,1172) (180.5707963267949,1172) (180.5707963267949,1198) (181.5707963267949,1198) (181.5707963267949,1224) (182.5707963267949,1224) (182.5707963267949,1250) (183.5707963267949,1250) (183.5707963267949,1276) (184.5707963267949,1276) (184.5707963267949,1302) (185.5707963267949,1302) (185.5707963267949,1328) (186.5707963267949,1328) (186.5707963267949,1354) (187.5707963267949,1354) (187.5707963267949,1380) (188.5707963267949,1380) (188.5707963267949,1406) (189.5707963267949,1406) (189.5707963267949,1432) (190.5707963267949,1432) (190.5707963267949,1458) (191.5707963267949,1458) (191.5707963267949,1484) (192.5707963267949,1484) (192.5707963267949,1510) (193.5707963267949,1510) (193.5707963267949,1536) (194.5707963267949,1536) (194.5707963267949,1562) (195.5707963267949,1562) (195.5707963267949,1588) (196.5707963267949,1588) (196.5707963267949,1614) (197.5707963267949,1614) (197.5707963267949,1640) (198.5707963267949,1640) (198.5707963267949,1666) (199.5707963267949,1666) (199.5707963267949,1692) (200.5707963267949,1692) (200.5707963267949,1718) (201.5707963267949,1718) (201.5707963267949,1744) (202.5707963267949,1744) (202.5707963267949,1770) (203.5707963267949,1770) (203.5707963267949,1796) (204.5707963267949,1796) (204.5707963267949,1822) (205.5707963267949,1822) (205.5707963267949,1848) (206.5707963267949,1848) (206.5707963267949,1874) (207.5707963267949,1874) (207.5707963267949,1900) (208.5707963267949,1900) (208.5707963267949,1926) (209.5707963267949,1926) (209.5707963267949,1952) (210.5707963267949,1952) (210.5707963267949,1978) (211.5707963267949,1978) (211.5707963267949,2004) (212.5707963267949,2004) (212.5707963267949,2030) (213.5707963267949,2030) (213.5707963267949,2056) (214.5707963267949,2056) (214.5707963267949,2082) (215.5707963267949,2082) (215.5707963267949,2108) (216.5707963267949,2108) (216.5707963267949,2134) (217.5707963267949,2134) (217.5707963267949,2160) (218.5707963267949,2160) (218.5707963267949,2186) (219.5707963267949,2186) (219.5707963267949,2212) (220.5707963267949,2212) (220.5707963267949,2238) (221.5707963267949,2238) (221.5707963267949,2264) (222.5707963267949,2264) (222.5707963267949,2290) (223.5707963267949,2290) (223.5707963267949,2316) (224.5707963267949,2316) (224.5707963267949,2342) (225.5707963267949,2342) (225.5707963267949,2368) (226.5707963267949,2368) (226.5707963267949,2394) (227.5707963267949,2394) (227.5707963267949,2420) (228.5707963267949,2420) (228.5707963267949,2446) (229.5707963267949,2446) (229.5707963267949,2472) (230.5707963267949,2472) (230.5707963267949,2498) (231.5707963267949,2498) (231.5707963267949,2524) (232.5707963267949,2524) (232.5707963267949,2550) (233.5707963267949,2550) (233.5707963267949,2576) (234.5707963267949,2576) (234.5707963267949,2602) (235.5707963267949,2602) (235.5707963267949,2628) (236.5707963267949,2628) (236.5707963267949,2654) (237.5707963267949,2654) (237.5707963267949,2680) (238.5707963267949,2680) (238.5707963267949,2700) (242.7123889802949,2700) (242.7123889802949,2674) (243.7123889802949,2674) (243.7123889802949,2648) (244.7123889802949,2648) (244.7123889802949,2622) (245.7123889802949,2622) (245.7123889802949,2596) (246.7123889802949,2596) (246.7123889802949,2570) (247.7123889802949,2570) (247.7123889802949,2544) (248.7123889802949,2544) (248.7123889802949,2518) (249.7123889802949,2518) (249.7123889802949,2492) (250.7123889802949,2492) (250.7123889802949,2466) (251.7123889802949,2466) (251.7123889802949,2440) (252.7123889802949,2440) (252.7123889802949,2414) (253.7123889802949,2414) (253.7123889802949,2388) (254.7123889802949,2388) (254.7123889802949,2362) (255.7123889802949,2362) (255.7123889802949,2336) (256.7123889802949,2336) (256.7123889802949,2310) (257.7123889802949,2310) (257.7123889802949,2284) (258.7123889802949,2284) (258.7123889802949,2258) (259.7123889802949,2258) (259.7123889802949,2232) (260.7123889802949,2232) (260.7123889802949,2206) (261.7123889802949,2206) (261.7123889802949,2180) (262.7123889802949,2180) (262.7123889802949,2154) (263.7123889802949,2154) (263.7123889802949,2128) (264.7123889802949,2128) (264.7123889802949,2102) (265.7123889802949,2102) (265.7123889802949,2076) (266.7123889802949,2076) (266.7123889802949,2050) (267.7123889802949,2050) (267.7123889802949,2024) (268.7123889802949,2024) (268.7123889802949,2000) (269.7123889802949,2000) (269.7123889802949,2026) (270.7123889802949,2026) (270.7123889802949,2052) (271.7123889802949,2052) (271.7123889802949,2078) (272.7123889802949,2078) (272.7123889802949,2104) (273.7123889802949,2104) (273.7123889802949,2130) (274.7123889802949,2130) (274.7123889802949,2156) (275.7123889802949,2156) (275.7123889802949,2182) (276.7123889802949,2182) (276.7123889802949,2208) (277.7123889802949,2208) (277.7123889802949,2234) (278.7123889802949,2234) (278.7123889802949,2260) (279.7123889802949,2260) (279.7123889802949,2286) (280.7123889802949,2286) (280.7123889802949,2312) (281.7123889802949,2312) (281.7123889802949,2338) (282.7123889802949,2338) (282.7123889802949,2364) (283.7123889802949,2364) (283.7123889802949,2390) (284.7123889802949,2390) (284.7123889802949,2416) (285.7123889802949,2416) (285.7123889802949,2442) (286.7123889802949,2442) (286.7123889802949,2468) (287.7123889802949,2468) (287.7123889802949,2494) (288.7123889802949,2494) (288.7123889802949,2520) (289.7123889802949,2520) (289.7123889802949,2546) (290.7123889802949,2546) (290.7123889802949,2572) (291.7123889802949,2572) (291.7123889802949,2598) (292.7123889802949,2598) (292.7123889802949,2624) (293.7123889802949,2624) (293.7123889802949,2650) (294.7123889802949,2650) (294.7123889802949,2676) (295.7123889802949,2676) (295.7123889802949,2702) (296.7123889802949,2702) (296.7123889802949,2728) (297.7123889802949,2728) (297.7123889802949,2754) (298.7123889802949,2754) (298.7123889802949,2780) (299.7123889802949,2780) (299.7123889802949,2806) (300.7123889802949,2806) (300.7123889802949,2832) (301.7123889802949,2832) (301.7123889802949,2858) (302.7123889802949,2858) (302.7123889802949,2884) (303.7123889802949,2884) (303.7123889802949,2910) (304.7123889802949,2910) (304.7123889802949,2936) (305.7123889802949,2936) (305.7123889802949,2962) (306.7123889802949,2962) (306.7123889802949,2988) (307.7123889802949,2988) (307.7123889802949,3014) (308.7123889802949,3014) (308.7123889802949,3040) (309.7123889802949,3040) (309.7123889802949,3066) (310.7123889802949,3066) (310.7123889802949,3092) (311.7123889802949,3092) (311.7123889802949,3118) (312.7123889802949,3118) (312.7123889802949,3144) (313.7123889802949,3144) (313.7123889802949,3170) (314.7123889802949,3170) (314.7123889802949,3196) (315.7123889802949,3196) (315.7123889802949,3222) (316.7123889802949,3222) (316.7123889802949,3248) (317.7123889802949,3248) (317.7123889802949,3274) (318.7123889802949,3274) (318.7123889802949,3300) (319.7123889802949,3300) (319.7123889802949,3326) (320.7123889802949,3326) (320.7123889802949,3352) (321.7123889802949,3352) (321.7123889802949,3378) (322.7123889802949,3378) (322.7123889802949,3400) (323.7123889802949,3400) (323.7123889802949,3426) (324.7123889802949,3426) (324.7123889802949,3452) (325.7123889802949,3452) (325.7123889802949,3478) (326.7123889802949,3478) (326.7123889802949,3504) (327.7123889802949,3504) (327.7123889802949,3530) (328.7123889802949,3530) (328.7123889802949,3556) (329.7123889802949,3556) (329.7123889802949,3582) (330.7123889802949,3582) (330.7123889802949,3608) (331.7123889802949,3608) (331.7123889802949,3634) (332.7123889802949,3634) (332.7123889802949,3660) (333.7123889802949,3660) (333.7123889802949,3686) (334.7123889802949,3686) (334.7123889802949,3712) (335.7123889802949,3712) (335.7123889802949,3738) (336.7123889802949,3738) (336.7123889802949,3764) (337.7123889802949,3764) (337.7123889802949,3790) (338.7123889802949,3790) (338.7123889802949,3816) (339.7123889802949,3816) (339.7123889802949,3842) (340.7123889802949,3842) (340.7123889802949,3868) (341.7123889802949,3868) (341.7123889802949,3894) (342.7123889802949,3894) (342.7123889802949,3920) (343.7123889802949,3920) (343.7123889802949,3946) (344.7123889802949,3946) (344.7123889802949,3972) (345.7123889802949,3972) (345.7123889802949,3998) (346.7123889802949,3998) (346.7123889802949,4024) (347.7123889802949,4024) (347.7123889802949,4050) (348.7123889802949,4050) (348.7123889802949,4076) (349.7123889802949,4076) (349.7123889802949,4100) (350.7123889802949,4100) (350.7123889802949,4126) (351.7123889802949,4126) (351.7123889802949,4152) (352.7123889802949,4152) (352.7123889802949,4178) (353.7123889802949,4178) (353.7123889802949,4204) (354.7123889802949,4204) (354.7123889802949,4230) (355.7123889802949,4230) (355.7123889802949,4256) (356.7123889802949,4256) (356.7123889802949,4282) (357.7123889802949,4282) (357.7123889802949,4308) (358.7123889802949,4308) (358.7123889802949,4334) (359.7123889802949,4334) (359.7123889802949,4360) (360.7123889802949,4360) (360.7123889802949,4386) (361.7123889802949,4386) (361.7123889802949,4412) (362.7123889802949,4412) (362.7123889802949,4438) (363.7123889802949,4438) (363.7123889802949,4464) (364.7123889802949,4464) (364.7123889802949,4490) (365.7123889802949,4490) (365.7123889802949,4516) (366.7123889802949,4516) (366.7123889802949,4542) (367.7123889802949,4542) (367.7123889802949,4568) (368.7123889802949,4568) (368.7123889802949,4594) (369.7123889802949,4594) (369.7123889802949,4620) (370.7123889802949,4620) (370.7123889802949,4646) (371.7123889802949,4646) (371.7123889802949,4672) (372.7123889802949,4672) (372.7123889802949,4698) (373.7123889802949,4698) (373.7123889802949,4724) (374.7123889802949,4724) (374.7123889802949,4750) (375.7123889802949,4750) (375.7123889802949,4776) (376.7123889802949,4776) (376.7123889802949,4800) (377.7123889802949,4800) (377.7123889802949,4826) (378.7123889802949,4826) (378.7123889802949,4852) (379.7123889802949,4852) (379.7123889802949,4878) (380.7123889802949,4878) (380.7123889802949,4904) (381.7123889802949,4904) (381.7123889802949,4930) (382.7123889802949,4930) (382.7123889802949,4956) (383.7123889802949,4956) (383.7123889802949,4982) (384.7123889802949,4982) (384.7123889802949,5008) (385.7123889802949,5008) (385.7123889802949,5034) (386.7123889802949,5034) (386.7123889802949,5060) (387.7123889802949,5060) (387.7123889802949,5086) (388.7123889802949,5086) (388.7123889802949,5112) (389.7123889802949,5112) (389.7123889802949,5138) (390.7123889802949,5138) (390.7123889802949,5164) (391.7123889802949,5164) (391.7123889802949,5190) (392.7123889802949,5190) (392.7123889802949,5216) (393.7123889802949,5216) (393.7123889802949,5242) (394.7123889802949,5242) (394.7123889802949,5268) (395.7123889802949,5268) (395.7123889802949,5294) (396.7123889802949,5294) (396.7123889802949,5320) (397.7123889802949,5320) (397.7123889802949,5346) (398.7123889802949,5346) (398.7123889802949,5372) (399.7123889802949,5372) (399.7123889802949,5398) (400.7123889802949,5398) (400.7123889802949,5424) (401.7123889802949,5424) (401.7123889802949,5450) (402.7123889802949,5450) (402.7123889802949,5476) (403.7123889802949,5476) (403.7123889802949,5500) (404.7123889802949,5500) (404.7123889802949,5526) (405.7123889802949,5526) (405.7123889802949,5552) (406.7123889802949,5552) (406.7123889802949,5578) (407.7123889802949,5578) (407.7123889802949,5604) (408.7123889802949,5604) (408.7123889802949,5630) (409.7123889802949,5630) (409.7123889802949,5656) (410.7123889802949,5656) (410.7123889802949,5682) (411.7123889802949,5682) (411.7123889802949,5708) (412.7123889802949,5708) (412.7123889802949,5734) (413.7123889802949,5734) (413.7123889802949,5760) (414.7123889802949,5760) (414.7123889802949,5786) (415.7123889802949,5786) (415.7123889802949,5812) (416.7123889802949,5812) (416.7123889802949,5838) (417.7123889802949,5838) (417.7123889802949,5864) (418.7123889802949,5864) (418.7123889802949,5890) (419.7123889802949,5890) (419.7123889802949,5916) (420.7123889802949,5916) (420.7123889802949,5942) (421.7123889802949,5942) (421.7123889802949,5968) (422.7123889802949,5968) (422.7123889802949,5994) (423.7123889802949,5994) (423.7123889802949,6020) (424.7123889802949,6020) (424.7123889802949,6046) (425.7123889802949,6046) (425.7123889802949,6072) (426.7123889802949,6072) (426.7123889802949,6098) (427.7123889802949,6098) (427.7123889802949,6124) (428.7123889802949,6124) (428.7123889802949,6150) (429.7123889802949,6150) (429.7123889802949,6176) (430.7123889802949,6176) (430.7123889802949,6200) (434.8539816337949,6200) (434.8539816337949,6174) (435.8539816337949,6174) (435.8539816337949,6148) (436.8539816337949,6148) (436.8539816337949,6122) (437.8539816337949,6122) (437.8539816337949,6096) (438.8539816337949,6096) (438.8539816337949,6070) (439.8539816337949,6070) (439.8539816337949,6044) (440.8539816337949,6044) (440.8539816337949,6018) (441.8539816337949,6018) (441.8539816337949,5992) (442.8539816337949,5992) (442.8539816337949,5966) (443.8539816337949,5966) (443.8539816337949,5940) (444.8539816337949,5940) (444.8539816337949,5914) (445.8539816337949,5914) (445.8539816337949,5888) (446.8539816337949,5888) (446.8539816337949,5862) (447.8539816337949,5862) (447.8539816337949,5836) (448.8539816337949,5836) (448.8539816337949,5810) (449.8539816337949,5810) (449.8539816337949,5784) (450.8539816337949,5784) (450.8539816337949,5758) (451.8539816337949,5758) (451.8539816337949,5732) (452.8539816337949,5732) (452.8539816337949,5706) (453.8539816337949,5706) (453.8539816337949,5680) (454.8539816337949,5680) (454.8539816337949,5654) (455.8539816337949,5654) (455.8539816337949,5628) (456.8539816337949,5628) (456.8539816337949,5602) (457.8539816337949,5602) (457.8539816337949,5576) (458.8539816337949,5576) (458.8539816337949,5550) (459.8539816337949,5550) (459.8539816337949,5524) (460.8539816337949,5524) (460.8539816337949,5498) (461.8539816337949,5498) (461.8539816337949,5472) (462.8539816337949,5472) (462.8539816337949,5446) (463.8539816337949,5446) (463.8539816337949,5420) (464.8539816337949,5420) (464.8539816337949,5394) (465.8539816337949,5394) (465.8539816337949,5368) (466.8539816337949,5368) (466.8539816337949,5342) (467.8539816337949,5342) (467.8539816337949,5316) (468.8539816337949,5316) (468.8539816337949,5290) (469.8539816337949,5290) (469.8539816337949,5264) (470.8539816337949,5264) (470.8539816337949,5238) (471.8539816337949,5238) (471.8539816337949,5212) (472.8539816337949,5212) (472.8539816337949,5186) (473.8539816337949,5186) (473.8539816337949,5160) (474.8539816337949,5160) (474.8539816337949,5134) (475.8539816337949,5134) (475.8539816337949,5108) (476.8539816337949,5108) (476.8539816337949,5082) (477.8539816337949,5082) (477.8539816337949,5056) (478.8539816337949,5056) (478.8539816337949,5030) (479.8539816337949,5030) (479.8539816337949,5004) (480.8539816337949,5004) (480.8539816337949,4978) (481.8539816337949,4978) (481.8539816337949,4952) (482.8539816337949,4952) (482.8539816337949,4926) (483.8539816337949,4926) (483.8539816337949,4900) (484.8539816337949,4900) (484.8539816337949,4874) (485.8539816337949,4874) (485.8539816337949,4848) (486.8539816337949,4848) (486.8539816337949,4822) (487.8539816337949,4822) (487.8539816337949,4796) (488.8539816337949,4796) (488.8539816337949,4770) (489.8539816337949,4770) (489.8539816337949,4744) (490.8539816337949,4744) (490.8539816337949,4718) (491.8539816337949,4718) (491.8539816337949,4692) (492.8539816337949,4692) (492.8539816337949,4666) (493.8539816337949,4666) (493.8539816337949,4640) (494.8539816337949,4640) (494.8539816337949,4614) (495.8539816337949,4614) (495.8539816337949,4588) (496.8539816337949,4588) (496.8539816337949,4562) (497.8539816337949,4562) (497.8539816337949,4536) (498.8539816337949,4536) (498.8539816337949,4510) (499.8539816337949,4510) (499.8539816337949,4484) (500.8539816337949,4484) (500.8539816337949,4458) (501.8539816337949,4458) (501.8539816337949,4432) (502.8539816337949,4432) (502.8539816337949,4406) (503.8539816337949,4406) (503.8539816337949,4380) (504.8539816337949,4380) (504.8539816337949,4354) (505.8539816337949,4354) (505.8539816337949,4328) (506.8539816337949,4328) (506.8539816337949,4302) (507.8539816337949,4302) (507.8539816337949,4276) (508.8539816337949,4276) (508.8539816337949,4250) (509.8539816337949,4250) (509.8539816337949,4224) (510.8539816337949,4224) (510.8539816337949,4198) (511.8539816337949,4198) (511.8539816337949,4172) (512.853981633795,4172) (512.853981633795,4146) (513.853981633795,4146) (513.853981633795,4120) (514.853981633795,4120) (514.853981633795,4094) (515.853981633795,4094) (515.853981633795,4068) (516.853981633795,4068) (516.853981633795,4042) (517.853981633795,4042) (517.853981633795,4016) (518.853981633795,4016) (518.853981633795,3990) (519.853981633795,3990) (519.853981633795,3964) (520.853981633795,3964) (520.853981633795,3938) (521.853981633795,3938) (521.853981633795,3912) (522.853981633795,3912) (522.853981633795,3886) (523.853981633795,3886) (523.853981633795,3860) (524.853981633795,3860) (524.853981633795,3834) (525.853981633795,3834) (525.853981633795,3808) (526.853981633795,3808) (526.853981633795,3782) (527.853981633795,3782) (527.853981633795,3756) (528.853981633795,3756) (528.853981633795,3730) (529.853981633795,3730) (529.853981633795,3704) (530.853981633795,3704) (530.853981633795,3678) (531.853981633795,3678) (531.853981633795,3652) (532.853981633795,3652) (532.853981633795,3626) (533.853981633795,3626) (533.853981633795,3600) (534.853981633795,3600) (534.853981633795,3574) (535.853981633795,3574) (535.853981633795,3548) (536.853981633795,3548) (536.853981633795,3522) (537.853981633795,3522) (537.853981633795,3496) (538.853981633795,3496) (538.853981633795,3470) (539.853981633795,3470) (539.853981633795,3444) (540.853981633795,3444) (540.853981633795,3418) (541.853981633795,3418) (541.853981633795,3392) (542.853981633795,3392) (542.853981633795,3366) (543.853981633795,3366) (543.853981633795,3340) (544.853981633795,3340) (544.853981633795,3314) (545.853981633795,3314) (545.853981633795,3288) (546.853981633795,3288) (546.853981633795,3262) (547.853981633795,3262) (547.853981633795,3236) (548.853981633795,3236) (548.853981633795,3210) (549.853981633795,3210) (549.853981633795,3184) (550.853981633795,3184) (550.853981633795,3158) (551.853981633795,3158) (551.853981633795,3132) (552.853981633795,3132) (552.853981633795,3106) (553.853981633795,3106) (553.853981633795,3080) (554.853981633795,3080) (554.853981633795,3054) (555.853981633795,3054) (555.853981633795,3028) (556.853981633795,3028) (556.853981633795,3002) (557.853981633795,3002) (557.853981633795,2976) (558.853981633795,2976) (558.853981633795,2950) (559.853981633795,2950) (559.853981633795,2924) (560.853981633795,2924) (560.853981633795,2898) (561.853981633795,2898) (561.853981633795,2872) (562.853981633795,2872) (562.853981633795,2846) (563.853981633795,2846) (563.853981633795,2820) (564.853981633795,2820) (564.853981633795,2794) (565.853981633795,2794) (565.853981633795,2768) (566.853981633795,2768) (566.853981633795,2742) (567.853981633795,2742) (567.853981633795,2716) (568.853981633795,2716) (568.853981633795,2690) (569.853981633795,2690) (569.853981633795,2664) (570.853981633795,2664) (570.853981633795,2638) (571.853981633795,2638) (571.853981633795,2612) (572.853981633795,2612) (572.853981633795,2586) (573.853981633795,2586) (573.853981633795,2560) (574.853981633795,2560) (574.853981633795,2534) (575.853981633795,2534) (575.853981633795,2508) (576.853981633795,2508) (576.853981633795,2482) (577.853981633795,2482) (577.853981633795,2456) (578.853981633795,2456) (578.853981633795,2430) (579.853981633795,2430) (579.853981633795,2404) (580.853981633795,2404) (580.853981633795,2378) (581.853981633795,2378) (581.853981633795,2352) (582.853981633795,2352) (582.853981633795,2326) (583.853981633795,2326) (583.853981633795,2300) (584.853981633795,2300) (584.853981633795,2274) (585.853981633795,2274) (585.853981633795,2248) (586.853981633795,2248) (586.853981633795,2222) (587.853981633795,2222) (587.853981633795,2196) (588.853981633795,2196) (588.853981633795,2170) (589.853981633795,2170) (589.853981633795,2144) (590.853981633795,2144) (590.853981633795,2118) (591.853981633795,2118) (591.853981633795,2092) (592.853981633795,2092) (592.853981633795,2066) (593.853981633795,2066) (593.853981633795,2040) (594.853981633795,2040) (594.853981633795,2014) (595.853981633795,2014) (595.853981633795,2000) (596.853981633795,2000) (596.853981633795,1974) (597.853981633795,1974) (597.853981633795,1948) (598.853981633795,1948) (598.853981633795,1922) (599.853981633795,1922) (599.853981633795,1896) (600.853981633795,1896) (600.853981633795,1870) (601.853981633795,1870) (601.853981633795,1844) (602.853981633795,1844) (602.853981633795,1818) (603.853981633795,1818) (603.853981633795,1792) (604.853981633795,1792) (604.853981633795,1766) (605.853981633795,1766) (605.853981633795,1740) (606.853981633795,1740) (606.853981633795,1714) (607.853981633795,1714) (607.853981633795,1688) (608.853981633795,1688) (608.853981633795,1662) (609.853981633795,1662) (609.853981633795,1636) (610.853981633795,1636) (610.853981633795,1610) (611.853981633795,1610) (611.853981633795,1584) (612.853981633795,1584) (612.853981633795,1558) (613.853981633795,1558) (613.853981633795,1532) (614.853981633795,1532) (614.853981633795,1506) (615.853981633795,1506) (615.853981633795,1480) (616.853981633795,1480) (616.853981633795,1454) (617.853981633795,1454) (617.853981633795,1428) (618.853981633795,1428) (618.853981633795,1402) (619.853981633795,1402) (619.853981633795,1376) (620.853981633795,1376) (620.853981633795,1350) (621.853981633795,1350) (621.853981633795,1324) (622.853981633795,1324) (622.853981633795,1300) (623.853981633795,1300) (623.853981633795,1326) (624.853981633795,1326) (624.853981633795,1352) (625.853981633795,1352) (625.853981633795,1378) (626.853981633795,1378) (626.853981633795,1404) (627.853981633795,1404) (627.853981633795,1430) (628.853981633795,1430) (628.853981633795,1456) (629.853981633795,1456) (629.853981633795,1482) (630.853981633795,1482) (630.853981633795,1508) (631.853981633795,1508) (631.853981633795,1534) (632.853981633795,1534) (632.853981633795,1560) (633.853981633795,1560) (633.853981633795,1586) (634.853981633795,1586) (634.853981633795,1612) (635.853981633795,1612) (635.853981633795,1638) (636.853981633795,1638) (636.853981633795,1664) (637.853981633795,1664) (637.853981633795,1690) (638.853981633795,1690) (638.853981633795,1716) (639.853981633795,1716) (639.853981633795,1742) (640.853981633795,1742) (640.853981633795,1768) (641.853981633795,1768) (641.853981633795,1794) (642.853981633795,1794) (642.853981633795,1820) (643.853981633795,1820) (643.853981633795,1846) (644.853981633795,1846) (644.853981633795,1872) (645.853981633795,1872) (645.853981633795,1898) (646.853981633795,1898) (646.853981633795,1924) (647.853981633795,1924) (647.853981633795,1950) (648.853981633795,1950) (648.853981633795,1976) (649.853981633795,1976) (649.853981633795,2002) (650.853981633795,2002) (650.853981633795,2028) (651.853981633795,2028) (651.853981633795,2054) (652.853981633795,2054) (652.853981633795,2080) (653.853981633795,2080) (653.853981633795,2106) (654.853981633795,2106) (654.853981633795,2132) (655.853981633795,2132) (655.853981633795,2158) (656.853981633795,2158) (656.853981633795,2184) (657.853981633795,2184) (657.853981633795,2210) (658.853981633795,2210) (658.853981633795,2236) (659.853981633795,2236) (659.853981633795,2262) (660.853981633795,2262) (660.853981633795,2288) (661.853981633795,2288) (661.853981633795,2314) (662.853981633795,2314) (662.853981633795,2340) (663.853981633795,2340) (663.853981633795,2366) (664.853981633795,2366) (664.853981633795,2392) (665.853981633795,2392) (665.853981633795,2418) (666.853981633795,2418) (666.853981633795,2444) (667.853981633795,2444) (667.853981633795,2470) (668.853981633795,2470) (668.853981633795,2496) (669.853981633795,2496) (669.853981633795,2522) (670.853981633795,2522) (670.853981633795,2548) (671.853981633795,2548) (671.853981633795,2574) (672.853981633795,2574) (672.853981633795,2600) (673.853981633795,2600) (673.853981633795,2626) (674.853981633795,2626) (674.853981633795,2652) (675.853981633795,2652) (675.853981633795,2678) (676.853981633795,2678) (676.853981633795,2700) (677.853981633795,2700) (677.853981633795,2726) (678.853981633795,2726) (678.853981633795,2752) (679.853981633795,2752) (679.853981633795,2778) (680.853981633795,2778) (680.853981633795,2804) (681.853981633795,2804) (681.853981633795,2830) (682.853981633795,2830) (682.853981633795,2856) (683.853981633795,2856) (683.853981633795,2882) (684.853981633795,2882) (684.853981633795,2908) (685.853981633795,2908) (685.853981633795,2934) (686.853981633795,2934) (686.853981633795,2960) (687.853981633795,2960) (687.853981633795,2986) (688.853981633795,2986) (688.853981633795,3012) (689.853981633795,3012) (689.853981633795,3038) (690.853981633795,3038) (690.853981633795,3064) (691.853981633795,3064) (691.853981633795,3090) (692.853981633795,3090) (692.853981633795,3116) (693.853981633795,3116) (693.853981633795,3142) (694.853981633795,3142) (694.853981633795,3168) (695.853981633795,3168) (695.853981633795,3194) (696.853981633795,3194) (696.853981633795,3220) (697.853981633795,3220) (697.853981633795,3246) (698.853981633795,3246) (698.853981633795,3272) (699.853981633795,3272) (700,3298)
robPositionY[0]:
[0]: (0,0) (0,100) (11.5707963267949,100) (11.5707963267949,126) (12.5707963267949,126) (12.5707963267949,152) (13.5707963267949,152) (13.5707963267949,178) (14.5707963267949,178) (14.5707963267949,204) (15.5707963267949,204) (15.5707963267949,230) (16.5707963267949,230) (16.5707963267949,256) (17.5707963267949,256) (17.5707963267949,282) (18.5707963267949,282) (18.5707963267949,308) (19.5707963267949,308) (19.5707963267949,334) (20.5707963267949,334) (20.5707963267949,360) (21.5707963267949,360) (21.5707963267949,386) (22.5707963267949,386) (22.5707963267949,412) (23.5707963267949,412) (23.5707963267949,438) (24.5707963267949,438) (24.5707963267949,464) (25.5707963267949,464) (25.5707963267949,490) (26.5707963267949,490) (26.5707963267949,516) (27.5707963267949,516) (27.5707963267949,542) (28.5707963267949,542) (28.5707963267949,568) (29.5707963267949,568) (29.5707963267949,594) (30.5707963267949,594) (30.5707963267949,620) (31.5707963267949,620) (31.5707963267949,646) (32.5707963267949,646) (32.5707963267949,672) (33.5707963267949,672) (33.5707963267949,698) (34.5707963267949,698) (34.5707963267949,724) (35.5707963267949,724) (35.5707963267949,750) (36.5707963267949,750) (36.5707963267949,776) (37.5707963267949,776) (37.5707963267949,802) (38.5707963267949,802) (38.5707963267949,828) (39.5707963267949,828) (39.5707963267949,854) (40.5707963267949,854) (40.5707963267949,880) (41.5707963267949,880) (41.5707963267949,906) (42.5707963267949,906) (42.5707963267949,932) (43.5707963267949,932) (43.5707963267949,958) (44.5707963267949,958) (44.5707963267949,984) (45.5707963267949,984) (45.5707963267949,1010) (46.5707963267949,1010) (46.5707963267949,1036) (47.5707963267949,1036) (47.5707963267949,1062) (48.5707963267949,1062) (48.5707963267949,1088) (49.5707963267949,1088) (49.5707963267949,1114) (50.5707963267949,1114) (50.5707963267949,1140) (51.5707963267949,1140) (51.5707963267949,1166) (52.5707963267949,1166) (52.5707963267949,1192) (53.5707963267949,1192) (53.5707963267949,1218) (54.5707963267949,1218) (54.5707963267949,1244) (55.5707963267949,1244) (55.5707963267949,1270) (56.5707963267949,1270) (56.5707963267949,1296) (57.5707963267949,1296) (57.5707963267949,1322) (58.5707963267949,1322) (58.5707963267949,1348) (59.5707963267949,1348) (59.5707963267949,1374) (60.5707963267949,1374) (60.5707963267949,1400) (61.5707963267949,1400) (61.5707963267949,1426) (62.5707963267949,1426) (62.5707963267949,1452) (63.5707963267949,1452) (63.5707963267949,1478) (64.57079632679489,1478) (64.57079632679489,1504) (65.57079632679489,1504) (65.57079632679489,1530) (66.57079632679489,1530) (66.57079632679489,1556) (67.57079632679489,1556) (67.57079632679489,1582) (68.57079632679489,1582) (68.57079632679489,1608) (69.57079632679489,1608) (69.57079632679489,1634) (70.57079632679489,1634) (70.57079632679489,1660) (71.57079632679489,1660) (71.57079632679489,1686) (72.57079632679489,1686) (72.57079632679489,1712) (73.57079632679489,1712) (73.57079632679489,1738) (74.57079632679489,1738) (74.57079632679489,1764) (75.57079632679489,1764) (75.57079632679489,1790) (76.57079632679489,1790) (76.57079632679489,1816) (77.57079632679489,1816) (77.57079632679489,1842) (78.57079632679489,1842) (78.57079632679489,1868) (79.57079632679489,1868) (79.57079632679489,1894) (80.57079632679489,1894) (80.57079632679489,1920) (81.57079632679489,1920) (81.57079632679489,1946) (82.57079632679489,1946) (82.57079632679489,1972) (83.57079632679489,1972) (83.57079632679489,1998) (84.57079632679489,1998) (84.57079632679489,2024) (85.57079632679489,2024) (85.57079632679489,2050) (86.57079632679489,2050) (86.57079632679489,2076) (87.57079632679489,2076) (87.57079632679489,2102) (88.57079632679489,2102) (88.57079632679489,2128) (89.57079632679489,2128) (89.57079632679489,2154) (90.57079632679489,2154) (90.57079632679489,2180) (91.57079632679489,2180) (91.57079632679489,2206) (92.57079632679489,2206) (92.57079632679489,2232) (93.57079632679489,2232) (93.57079632679489,2258) (94.57079632679489,2258) (94.57079632679489,2284) (95.57079632679489,2284) (95.57079632679489,2310) (96.57079632679489,2310) (96.57079632679489,2336) (97.57079632679489,2336) (97.57079632679489,2362) (98.57079632679489,2362) (98.57079632679489,2388) (99.57079632679489,2388) (99.57079632679489,2414) (100.5707963267949,2414) (100.5707963267949,2440) (101.5707963267949,2440) (101.5707963267949,2466) (102.5707963267949,2466) (102.5707963267949,2492) (103.5707963267949,2492) (103.5707963267949,2518) (104.5707963267949,2518) (104.5707963267949,2544) (105.5707963267949,2544) (105.5707963267949,2570) (106.5707963267949,2570) (106.5707963267949,2596) (107.5707963267949,2596) (107.5707963267949,2622) (108.5707963267949,2622) (108.5707963267949,2648) (109.5707963267949,2648) (109.5707963267949,2674) (110.5707963267949,2674) (110.5707963267949,2700) (111.5707963267949,2700) (111.5707963267949,2726) (112.5707963267949,2726) (112.5707963267949,2752) (113.5707963267949,2752) (113.5707963267949,2778) (114.5707963267949,2778) (114.5707963267949,2804) (115.5707963267949,2804) (115.5707963267949,2830) (116.5707963267949,2830) (116.5707963267949,2856) (117.5707963267949,2856) (117.5707963267949,2882) (118.5707963267949,2882) (118.5707963267949,2908) (119.5707963267949,2908) (119.5707963267949,2934) (120.5707963267949,2934) (120.5707963267949,2960) (121.5707963267949,2960) (121.5707963267949,2986) (122.5707963267949,2986) (122.5707963267949,3012) (123.5707963267949,3012) (123.5707963267949,3038) (124.5707963267949,3038) (124.5707963267949,3064) (125.5707963267949,3064) (125.5707963267949,3090) (126.5707963267949,3090) (126.5707963267949,3116) (127.5707963267949,3116) (127.5707963267949,3142) (128.5707963267949,3142) (128.5707963267949,3168) (129.5707963267949,3168) (129.5707963267949,3194) (130.5707963267949,3194) (130.5707963267949,3220) (131.5707963267949,3220) (131.5707963267949,3246) (132.5707963267949,3246) (132.5707963267949,3272) (133.5707963267949,3272) (133.5707963267949,3298) (134.5707963267949,3298) (134.5707963267949,3324) (135.5707963267949,3324) (135.5707963267949,3350) (136.5707963267949,3350) (136.5707963267949,3376) (137.5707963267949,3376) (137.5707963267949,3402) (138.5707963267949,3402) (138.5707963267949,3428) (139.5707963267949,3428) (139.5707963267949,3454) (140.5707963267949,3454) (140.5707963267949,3480) (141.5707963267949,3480) (141.5707963267949,3506) (142.5707963267949,3506) (142.5707963267949,3532) (143.5707963267949,3532) (143.5707963267949,3558) (144.5707963267949,3558) (144.5707963267949,3584) (145.5707963267949,3584) (145.5707963267949,3610) (146.5707963267949,3610) (146.5707963267949,3636) (147.5707963267949,3636) (147.5707963267949,3662) (148.5707963267949,3662) (148.5707963267949,3688) (149.5707963267949,3688) (149.5707963267949,3714) (150.5707963267949,3714) (150.5707963267949,3740) (151.5707963267949,3740) (151.5707963267949,3766) (152.5707963267949,3766) (152.5707963267949,3792) (153.5707963267949,3792) (153.5707963267949,3818) (154.5707963267949,3818) (154.5707963267949,3844) (155.5707963267949,3844) (155.5707963267949,3870) (156.5707963267949,3870) (156.5707963267949,3896) (157.5707963267949,3896) (157.5707963267949,3900) (242.7123889802949,3900) (242.7123889802949,3899.999999997665) (243.7123889802949,3899.999999997665) (243.7123889802949,3899.999999995331) (244.7123889802949,3899.999999995331) (244.7123889802949,3899.999999992996) (245.7123889802949,3899.999999992996) (245.7123889802949,3899.999999990661) (246.7123889802949,3899.999999990661) (246.7123889802949,3899.999999988327) (247.7123889802949,3899.999999988327) (247.7123889802949,3899.999999985992) (248.7123889802949,3899.999999985992) (248.7123889802949,3899.999999983657) (249.7123889802949,3899.999999983657) (249.7123889802949,3899.999999981323) (250.7123889802949,3899.999999981323) (250.7123889802949,3899.999999978988) (251.7123889802949,3899.999999978988) (251.7123889802949,3899.999999976653) (252.7123889802949,3899.999999976653) (252.7123889802949,3899.999999974319) (253.7123889802949,3899.999999974319) (253.7123889802949,3899.999999971984) (254.7123889802949,3899.999999971984) (254.7123889802949,3899.999999969649) (255.7123889802949,3899.999999969649) (255.7123889802949,3899.999999967315) (256.7123889802949,3899.999999967315) (256.7123889802949,3899.99999996498) (257.7123889802949,3899.99999996498) (257.7123889802949,3899.999999962645) (258.7123889802949,3899.999999962645) (258.7123889802949,3899.999999960311) (259.7123889802949,3899.999999960311) (259.7123889802949,3899.999999957976) (260.7123889802949,3899.999999957976) (260.7123889802949,3899.999999955641) (261.7123889802949,3899.999999955641) (261.7123889802949,3899.999999953307) (262.7123889802949,3899.999999953307) (262.7123889802949,3899.999999950972) (263.7123889802949,3899.999999950972) (263.7123889802949,3899.999999948637) (264.7123889802949,3899.999999948637) (264.7123889802949,3899.999999946303) (265.7123889802949,3899.999999946303) (265.7123889802949,3899.999999943968) (266.7123889802949,3899.999999943968) (266.7123889802949,3899.999999941633) (267.7123889802949,3899.999999941633) (267.7123889802949,3899.999999939299) (268.7123889802949,3899.999999939299) (268.7123889802949,3900) (434.8539816337949,3900) (434.8539816337949,3899.999999997665) (435.8539816337949,3899.999999997665) (435.8539816337949,3899.999999995331) (436.8539816337949,3899.999999995331) (436.8539816337949,3899.999999992996) (437.8539816337949,3899.999999992996) (437.8539816337949,3899.999999990661) (438.8539816337949,3899.999999990661) (438.8539816337949,3899.999999988327) (439.8539816337949,3899.999999988327) (439.8539816337949,3899.999999985992) (440.8539816337949,3899.999999985992) (440.8539816337949,3899.999999983657) (441.8539816337949,3899.999999983657) (441.8539816337949,3899.999999981323) (442.8539816337949,3899.999999981323) (442.8539816337949,3899.999999978988) (443.8539816337949,3899.999999978988) (443.8539816337949,3899.999999976653) (444.8539816337949,3899.999999976653) (444.8539816337949,3899.999999974319) (445.8539816337949,3899.999999974319) (445.8539816337949,3899.999999971984) (446.8539816337949,3899.999999971984) (446.8539816337949,3899.999999969649) (447.8539816337949,3899.999999969649) (447.8539816337949,3899.999999967315) (448.8539816337949,3899.999999967315) (448.8539816337949,3899.99999996498) (449.8539816337949,3899.99999996498) (449.8539816337949,3899.999999962645) (450.8539816337949,3899.999999962645) (450.8539816337949,3899.999999960311) (451.8539816337949,3899.999999960311) (451.8539816337949,3899.999999957976) (452.8539816337949,3899.999999957976) (452.8539816337949,3899.999999955641) (453.8539816337949,3899.999999955641) (453.8539816337949,3899.999999953307) (454.8539816337949,3899.999999953307) (454.8539816337949,3899.999999950972) (455.8539816337949,3899.999999950972) (455.8539816337949,3899.999999948637) (456.8539816337949,3899.999999948637) (456.8539816337949,3899.999999946303) (457.8539816337949,3899.999999946303) (457.8539816337949,3899.999999943968) (458.8539816337949,3899.999999943968) (458.8539816337949,3899.999999941633) (459.8539816337949,3899.999999941633) (459.8539816337949,3899.999999939299) (460.8539816337949,3899.999999939299) (460.8539816337949,3899.999999936964) (461.8539816337949,3899.999999936964) (461.8539816337949,3899.999999934629) (462.8539816337949,3899.999999934629) (462.8539816337949,3899.999999932294) (463.8539816337949,3899.999999932294) (463.8539816337949,3899.99999992996) (464.8539816337949,3899.99999992996) (464.8539816337949,3899.999999927625) (465.8539816337949,3899.999999927625) (465.8539816337949,3899.99999992529) (466.8539816337949,3899.99999992529) (466.8539816337949,3899.999999922956) (467.8539816337949,3899.999999922956) (467.8539816337949,3899.999999920621) (468.8539816337949,3899.999999920621) (468.8539816337949,3899.999999918286) (469.8539816337949,3899.999999918286) (469.8539816337949,3899.999999915952) (470.8539816337949,3899.999999915952) (470.8539816337949,3899.999999913617) (471.8539816337949,3899.999999913617) (471.8539816337949,3899.999999911282) (472.8539816337949,3899.999999911282) (472.8539816337949,3899.999999908948) (473.8539816337949,3899.999999908948) (473.8539816337949,3899.999999906613) (474.8539816337949,3899.999999906613) (474.8539816337949,3899.999999904278) (475.8539816337949,3899.999999904278) (475.8539816337949,3899.999999901944) (476.8539816337949,3899.999999901944) (476.8539816337949,3899.999999899609) (477.8539816337949,3899.999999899609) (477.8539816337949,3899.999999897274) (478.8539816337949,3899.999999897274) (478.8539816337949,3899.99999989494) (479.8539816337949,3899.99999989494) (479.8539816337949,3899.999999892605) (480.8539816337949,3899.999999892605) (480.8539816337949,3899.99999989027) (481.8539816337949,3899.99999989027) (481.8539816337949,3899.999999887936) (482.8539816337949,3899.999999887936) (482.8539816337949,3899.999999885601) (483.8539816337949,3899.999999885601) (483.8539816337949,3899.999999883266) (484.8539816337949,3899.999999883266) (484.8539816337949,3899.999999880932) (485.8539816337949,3899.999999880932) (485.8539816337949,3899.999999878597) (486.8539816337949,3899.999999878597) (486.8539816337949,3899.999999876262) (487.8539816337949,3899.999999876262) (487.8539816337949,3899.999999873928) (488.8539816337949,3899.999999873928) (488.8539816337949,3899.999999871593) (489.8539816337949,3899.999999871593) (489.8539816337949,3899.999999869258) (490.8539816337949,3899.999999869258) (490.8539816337949,3899.999999866924) (491.8539816337949,3899.999999866924) (491.8539816337949,3899.999999864589) (492.8539816337949,3899.999999864589) (492.8539816337949,3899.999999862254) (493.8539816337949,3899.999999862254) (493.8539816337949,3899.99999985992) (494.8539816337949,3899.99999985992) (494.8539816337949,3899.999999857585) (495.8539816337949,3899.999999857585) (495.8539816337949,3899.99999985525) (496.8539816337949,3899.99999985525) (496.8539816337949,3899.999999852916) (497.8539816337949,3899.999999852916) (497.8539816337949,3899.999999850581) (498.8539816337949,3899.999999850581) (498.8539816337949,3899.999999848246) (499.8539816337949,3899.999999848246) (499.8539816337949,3899.999999845912) (500.8539816337949,3899.999999845912) (500.8539816337949,3899.999999843577) (501.8539816337949,3899.999999843577) (501.8539816337949,3899.999999841242) (502.8539816337949,3899.999999841242) (502.8539816337949,3899.999999838908) (503.8539816337949,3899.999999838908) (503.8539816337949,3899.999999836573) (504.8539816337949,3899.999999836573) (504.8539816337949,3899.999999834238) (505.8539816337949,3899.999999834238) (505.8539816337949,3899.999999831904) (506.8539816337949,3899.999999831904) (506.8539816337949,3899.999999829569) (507.8539816337949,3899.999999829569) (507.8539816337949,3899.999999827234) (508.8539816337949,3899.999999827234) (508.8539816337949,3899.9999998249) (509.8539816337949,3899.9999998249) (509.8539816337949,3899.999999822565) (510.8539816337949,3899.999999822565) (510.8539816337949,3899.99999982023) (511.8539816337949,3899.99999982023) (511.8539816337949,3899.999999817896) (512.853981633795,3899.999999817896) (512.853981633795,3899.999999815561) (513.853981633795,3899.999999815561) (513.853981633795,3899.999999813226) (514.853981633795,3899.999999813226) (514.853981633795,3899.999999810891) (515.853981633795,3899.999999810891) (515.853981633795,3899.999999808557) (516.853981633795,3899.999999808557) (516.853981633795,3899.999999806222) (517.853981633795,3899.999999806222) (517.853981633795,3899.999999803887) (518.853981633795,3899.999999803887) (518.853981633795,3899.999999801553) (519.853981633795,3899.999999801553) (519.853981633795,3899.999999799218) (520.853981633795,3899.999999799218) (520.853981633795,3899.999999796883) (521.853981633795,3899.999999796883) (521.853981633795,3899.999999794549) (522.853981633795,3899.999999794549) (522.853981633795,3899.999999792214) (523.853981633795,3899.999999792214) (523.853981633795,3899.999999789879) (524.853981633795,3899.999999789879) (524.853981633795,3899.999999787545) (525.853981633795,3899.999999787545) (525.853981633795,3899.99999978521) (526.853981633795,3899.99999978521) (526.853981633795,3899.999999782875) (527.853981633795,3899.999999782875) (527.853981633795,3899.999999780541) (528.853981633795,3899.999999780541) (528.853981633795,3899.999999778206) (529.853981633795,3899.999999778206) (529.853981633795,3899.999999775871) (530.853981633795,3899.999999775871) (530.853981633795,3899.999999773537) (531.853981633795,3899.999999773537) (531.853981633795,3899.999999771202) (532.853981633795,3899.999999771202) (532.853981633795,3899.999999768867) (533.853981633795,3899.999999768867) (533.853981633795,3899.999999766533) (534.853981633795,3899.999999766533) (534.853981633795,3899.999999764198) (535.853981633795,3899.999999764198) (535.853981633795,3899.999999761863) (536.853981633795,3899.999999761863) (536.853981633795,3899.999999759529) (537.853981633795,3899.999999759529) (537.853981633795,3899.999999757194) (538.853981633795,3899.999999757194) (538.853981633795,3899.999999754859) (539.853981633795,3899.999999754859) (539.853981633795,3899.999999752525) (540.853981633795,3899.999999752525) (540.853981633795,3899.99999975019) (541.853981633795,3899.99999975019) (541.853981633795,3899.999999747855) (542.853981633795,3899.999999747855) (542.853981633795,3899.999999745521) (543.853981633795,3899.999999745521) (543.853981633795,3899.999999743186) (544.853981633795,3899.999999743186) (544.853981633795,3899.999999740851) (545.853981633795,3899.999999740851) (545.853981633795,3899.999999738517) (546.853981633795,3899.999999738517) (546.853981633795,3899.999999736182) (547.853981633795,3899.999999736182) (547.853981633795,3899.999999733847) (548.853981633795,3899.999999733847) (548.853981633795,3899.999999731513) (549.853981633795,3899.999999731513) (549.853981633795,3899.999999729178) (550.853981633795,3899.999999729178) (550.853981633795,3899.999999726843) (551.853981633795,3899.999999726843) (551.853981633795,3899.999999724509) (552.853981633795,3899.999999724509) (552.853981633795,3899.999999722174) (553.853981633795,3899.999999722174) (553.853981633795,3899.999999719839) (554.853981633795,3899.999999719839) (554.853981633795,3899.999999717505) (555.853981633795,3899.999999717505) (555.853981633795,3899.99999971517) (556.853981633795,3899.99999971517) (556.853981633795,3899.999999712835) (557.853981633795,3899.999999712835) (557.853981633795,3899.999999710501) (558.853981633795,3899.999999710501) (558.853981633795,3899.999999708166) (559.853981633795,3899.999999708166) (559.853981633795,3899.999999705831) (560.853981633795,3899.999999705831) (560.853981633795,3899.999999703497) (561.853981633795,3899.999999703497) (561.853981633795,3899.999999701162) (562.853981633795,3899.999999701162) (562.853981633795,3899.999999698827) (563.853981633795,3899.999999698827) (563.853981633795,3899.999999696493) (564.853981633795,3899.999999696493) (564.853981633795,3899.999999694158) (565.853981633795,3899.999999694158) (565.853981633795,3899.999999691823) (566.853981633795,3899.999999691823) (566.853981633795,3899.999999689489) (567.853981633795,3899.999999689489) (567.853981633795,3899.999999687154) (568.853981633795,3899.999999687154) (568.853981633795,3899.999999684819) (569.853981633795,3899.999999684819) (569.853981633795,3899.999999682484) (570.853981633795,3899.999999682484) (570.853981633795,3899.99999968015) (571.853981633795,3899.99999968015) (571.853981633795,3899.999999677815) (572.853981633795,3899.999999677815) (572.853981633795,3899.99999967548) (573.853981633795,3899.99999967548) (573.853981633795,3899.999999673146) (574.853981633795,3899.999999673146) (574.853981633795,3899.999999670811) (575.853981633795,3899.999999670811) (575.853981633795,3899.999999668476) (576.853981633795,3899.999999668476) (576.853981633795,3899.999999666142) (577.853981633795,3899.999999666142) (577.853981633795,3899.999999663807) (578.853981633795,3899.999999663807) (578.853981633795,3899.999999661472) (579.853981633795,3899.999999661472) (579.853981633795,3899.999999659138) (580.853981633795,3899.999999659138) (580.853981633795,3899.999999656803) (581.853981633795,3899.999999656803) (581.853981633795,3899.999999654468) (582.853981633795,3899.999999654468) (582.853981633795,3899.999999652134) (583.853981633795,3899.999999652134) (583.853981633795,3899.999999649799) (584.853981633795,3899.999999649799) (584.853981633795,3899.999999647464) (585.853981633795,3899.999999647464) (585.853981633795,3899.99999964513) (586.853981633795,3899.99999964513) (586.853981633795,3899.999999642795) (587.853981633795,3899.999999642795) (587.853981633795,3899.99999964046) (588.853981633795,3899.99999964046) (588.853981633795,3899.999999638126) (589.853981633795,3899.999999638126) (589.853981633795,3899.999999635791) (590.853981633795,3899.999999635791) (590.853981633795,3899.999999633456) (591.853981633795,3899.999999633456) (591.853981633795,3899.999999631122) (592.853981633795,3899.999999631122) (592.853981633795,3899.999999628787) (593.853981633795,3899.999999628787) (593.853981633795,3899.999999626452) (594.853981633795,3899.999999626452) (594.853981633795,3899.999999624118) (595.853981633795,3899.999999624118) (595.853981633795,3900) (596.853981633795,3900) (596.853981633795,3899.999999997665) (597.853981633795,3899.999999997665) (597.853981633795,3899.999999995331) (598.853981633795,3899.999999995331) (598.853981633795,3899.999999992996) (599.853981633795,3899.999999992996) (599.853981633795,3899.999999990661) (600.853981633795,3899.999999990661) (600.853981633795,3899.999999988327) (601.853981633795,3899.999999988327) (601.853981633795,3899.999999985992) (602.853981633795,3899.999999985992) (602.853981633795,3899.999999983657) (603.853981633795,3899.999999983657) (603.853981633795,3899.999999981323) (604.853981633795,3899.999999981323) (604.853981633795,3899.999999978988) (605.853981633795,3899.999999978988) (605.853981633795,3899.999999976653) (606.853981633795,3899.999999976653) (606.853981633795,3899.999999974319) (607.853981633795,3899.999999974319) (607.853981633795,3899.999999971984) (608.853981633795,3899.999999971984) (608.853981633795,3899.999999969649) (609.853981633795,3899.999999969649) (609.853981633795,3899.999999967315) (610.853981633795,3899.999999967315) (610.853981633795,3899.99999996498) (611.853981633795,3899.99999996498) (611.853981633795,3899.999999962645) (612.853981633795,3899.999999962645) (612.853981633795,3899.999999960311) (613.853981633795,3899.999999960311) (613.853981633795,3899.999999957976) (614.853981633795,3899.999999957976) (614.853981633795,3899.999999955641) (615.853981633795,3899.999999955641) (615.853981633795,3899.999999953307) (616.853981633795,3899.999999953307) (616.853981633795,3899.999999950972) (617.853981633795,3899.999999950972) (617.853981633795,3899.999999948637) (618.853981633795,3899.999999948637) (618.853981633795,3899.999999946303) (619.853981633795,3899.999999946303) (619.853981633795,3899.999999943968) (620.853981633795,3899.999999943968) (620.853981633795,3899.999999941633) (621.853981633795,3899.999999941633) (621.853981633795,3899.999999939299) (622.853981633795,3899.999999939299) (622.853981633795,3900) (700,3900)
batteryCharge[0]:
[0]: (0,100) (700,100)
robPositionX[1]:
[0]: (0,0) (0,600) (2,600) (2,626) (3,626) (3,652) (4,652) (4,678) (5,678) (5,704) (6,704) (6,730) (7,730) (7,756) (8,756) (8,782) (9,782) (9,808) (10,808) (10,834) (11,834) (11,860) (12,860) (12,886) (13,886) (13,912) (14,912) (14,938) (15,938) (15,964) (16,964) (16,990) (17,990) (17,1016) (18,1016) (18,1042) (19,1042) (19,1068) (20,1068) (20,1094) (21,1094) (21,1120) (22,1120) (22,1146) (23,1146) (23,1172) (24,1172) (24,1198) (25,1198) (25,1224) (26,1224) (26,1250) (27,1250) (27,1276) (28,1276) (28,1300) (29,1300) (29,1326) (30,1326) (30,1352) (31,1352) (31,1378) (32,1378) (32,1404) (33,1404) (33,1430) (34,1430) (34,1456) (35,1456) (35,1482) (36,1482) (36,1508) (37,1508) (37,1534) (38,1534) (38,1560) (39,1560) (39,1586) (40,1586) (40,1612) (41,1612) (41,1638) (42,1638) (42,1664) (43,1664) (43,1690) (44,1690) (44,1716) (45,1716) (45,1742) (46,1742) (46,1768) (47,1768) (47,1794) (48,1794) (48,1820) (49,1820) (49,1846) (50,1846) (50,1872) (51,1872) (51,1898) (52,1898) (52,1924) (53,1924) (53,1950) (54,1950) (54,1976) (55,1976) (55,2000) (56,2000) (56,2026) (57,2026) (57,2052) (58,2052) (58,2078) (59,2078) (59,2104) (60,2104) (60,2130) (61,2130) (61,2156) (62,2156) (62,2182) (63,2182) (63,2208) (64,2208) (64,2234) (65,2234) (65,2260) (66,2260) (66,2286) (67,2286) (67,2312) (68,2312) (68,2338) (69,2338) (69,2364) (70,2364) (70,2390) (71,2390) (71,2416) (72,2416) (72,2442) (73,2442) (73,2468) (74,2468) (74,2494) (75,2494) (75,2520) (76,2520) (76,2546) (77,2546) (77,2572) (78,2572) (78,2598) (79,2598) (79,2624) (80,2624) (80,2650) (81,2650) (81,2676) (82,2676) (82,2700) (83,2700) (83,2726) (84,2726) (84,2752) (85,2752) (85,2778) (86,2778) (86,2804) (87,2804) (87,2830) (88,2830) (88,2856) (89,2856) (89,2882) (90,2882) (90,2908) (91,2908) (91,2934) (92,2934) (92,2960) (93,2960) (93,2986) (94,2986) (94,3012) (95,3012) (95,3038) (96,3038) (96,3064) (97,3064) (97,3090) (98,3090) (98,3116) (99,3116) (99,3142) (100,3142) (100,3168) (101,3168) (101,3194) (102,3194) (102,3220) (103,3220) (103,3246) (104,3246) (104,3272) (105,3272) (105,3298) (106,3298) (106,3324) (107,3324) (107,3350) (108,3350) (108,3376) (109,3376) (109,3400) (110,3400) (110,3426) (111,3426) (111,3452) (112,3452) (112,3478) (113,3478) (113,3504) (114,3504) (114,3530) (115,3530) (115,3556) (116,3556) (116,3582) (117,3582) (117,3608) (118,3608) (118,3634) (119,3634) (119,3660) (120,3660) (120,3686) (121,3686) (121,3712) (122,3712) (122,3738) (123,3738) (123,3764) (124,3764) (124,3790) (125,3790) (125,3816) (126,3816) (126,3842) (127,3842) (127,3868) (128,3868) (128,3894) (129,3894) (129,3920) (130,3920) (130,3946) (131,3946) (131,3972) (132,3972) (132,3998) (133,3998) (133,4024) (134,4024) (134,4050) (135,4050) (135,4076) (136,4076) (136,4100) (137,4100) (137,4126) (138,4126) (138,4152) (139,4152) (139,4178) (140,4178) (140,4204) (141,4204) (141,4230) (142,4230) (142,4256) (143,4256) (143,4282) (144,4282) (144,4308) (145,4308) (145,4334) (146,4334) (146,4360) (147,4360) (147,4386) (148,4386) (148,4412) (149,4412) (149,4438) (150,4438) (150,4464) (151,4464) (151,4490) (152,4490) (152,4516) (153,4516) (153,4542) (154,4542) (154,4568) (155,4568) (155,4594) (156,4594) (156,4620) (157,4620) (157,4646) (158,4646) (158,4672) (159,4672) (159,4698) (160,4698) (160,4724) (161,4724) (161,4750) (162,4750) (162,4776) (163,4776) (163,4800) (164,4800) (164,4826) (165,4826) (165,4852) (166,4852) (166,4878) (167,4878) (167,4904) (168,4904) (168,4930) (169,4930) (169,4956) (170,4956) (170,4982) (171,4982) (171,5008) (172,5008) (172,5034) (173,5034) (173,5060) (174,5060) (174,5086) (175,5086) (175,5112) (176,5112) (176,5138) (177,5138) (177,5164) (178,5164) (178,5190) (179,5190) (179,5216) (180,5216) (180,5242) (181,5242) (181,5268) (182,5268) (182,5294) (183,5294) (183,5320) (184,5320) (184,5346) (185,5346) (185,5372) (186,5372) (186,5398) (187,5398) (187,5424) (188,5424) (188,5450) (189,5450) (189,5476) (190,5476) (190,5500) (191,5500) (191,5526) (192,5526) (192,5552) (193,5552) (193,5578) (194,5578) (194,5604) (195,5604) (195,5630) (196,5630) (196,5656) (197,5656) (197,5682) (198,5682) (198,5708) (199,5708) (199,5734) (200,5734) (200,5760) (201,5760) (201,5786) (202,5786) (202,5812) (203,5812) (203,5838) (204,5838) (204,5864) (205,5864) (205,5890) (206,5890) (206,5916) (207,5916) (207,5942) (208,5942) (208,5968) (209,5968) (209,5994) (210,5994) (210,6020) (211,6020) (211,6046) (212,6046) (212,6072) (213,6072) (213,6098) (214,6098) (214,6124) (215,6124) (215,6150) (216,6150) (216,6176) (217,6176) (217,6200) (218,6200) (218,6226) (219,6226) (219,6252) (220,6252) (220,6278) (221,6278) (221,6304) (222,6304) (222,6330) (223,6330) (223,6356) (224,6356) (224,6382) (225,6382) (225,6400) (227.343997478741,6400) (227.343997478741,6405.846347174168) (228.343997478741,6405.846347174168) (228.343997478741,6411.692694348336) (229.343997478741,6411.692694348336) (229.343997478741,6417.539041522504) (230.343997478741,6417.539041522504) (230.343997478741,6423.385388696672) (231.343997478741,6423.385388696672) (231.343997478741,6429.23173587084) (232.343997478741,6429.23173587084) (232.343997478741,6435.078083045008) (233.343997478741,6435.078083045008) (233.343997478741,6440.924430219176) (234.343997478741,6440.924430219176) (234.343997478741,6446.770777393343) (235.343997478741,6446.770777393343) (235.343997478741,6452.617124567511) (236.343997478741,6452.617124567511) (236.343997478741,6458.463471741679) (237.343997478741,6458.463471741679) (237.343997478741,6464.309818915847) (238.343997478741,6464.309818915847) (238.343997478741,6470.156166090015) (239.343997478741,6470.156166090015) (239.343997478741,6476.002513264183) (240.343997478741,6476.002513264183) (240.343997478741,6481.848860438351) (241.343997478741,6481.848860438351) (241.343997478741,6487.695207612519) (242.343997478741,6487.695207612519) (242.343997478741,6493.541554786687) (243.343997478741,6493.541554786687) (243.343997478741,6499.387901960855) (244.343997478741,6499.387901960855) (244.343997478741,6505.234249135023) (245.343997478741,6505.234249135023) (245.343997478741,6511.080596309191) (246.343997478741,6511.080596309191) (246.343997478741,6516.926943483359) (247.343997478741,6516.926943483359) (247.343997478741,6522.773290657527) (248.343997478741,6522.773290657527) (248.343997478741,6528.619637831694) (249.343997478741,6528.619637831694) (249.343997478741,6534.465985005862) (250.343997478741,6534.465985005862) (250.343997478741,6540.31233218003) (251.343997478741,6540.31233218003) (251.343997478741,6546.158679354198) (262.5665944961711,6546.158679354198) (262.5665944961711,6540.312332182305) (265.36418967093,6540.312332182305) (265.36418967093,6534.465985010412) (266.36418967093,6534.465985010412) (266.36418967093,6528.619637838518) (267.36418967093,6528.619637838518) (267.36418967093,6522.773290666625) (268.36418967093,6522.773290666625) (268.36418967093,6516.926943494732) (269.36418967093,6516.926943494732) (269.36418967093,6511.080596322839) (270.36418967093,6511.080596322839) (270.36418967093,6505.234249150945) (271.36418967093,6505.234249150945) (271.36418967093,6499.387901979052) (272.36418967093,6499.387901979052) (272.36418967093,6493.541554807159) (273.36418967093,6493.541554807159) (273.36418967093,6487.695207635265) (274.36418967093,6487.695207635265) (274.36418967093,6481.848860463372) (275.36418967093,6481.848860463372) (275.36418967093,6476.002513291479) (276.36418967093,6476.002513291479) (276.36418967093,6470.156166119586) (277.36418967093,6470.156166119586) (277.36418967093,6464.309818947692) (278.36418967093,6464.309818947692) (278.36418967093,6458.463471775799) (279.36418967093,6458.463471775799) (279.36418967093,6452.617124603906) (280.36418967093,6452.617124603906) (280.36418967093,6446.770777432012) (281.36418967093,6446.770777432012) (281.36418967093,6440.924430260119) (282.36418967093,6440.924430260119) (282.36418967093,6435.078083088226) (283.36418967093,6435.078083088226) (283.36418967093,6429.231735916333) (284.36418967093,6429.231735916333) (284.36418967093,6423.385388744439) (285.36418967093,6423.385388744439) (285.36418967093,6417.539041572546) (286.36418967093,6417.539041572546) (286.36418967093,6411.692694400653) (287.36418967093,6411.692694400653) (287.36418967093,6405.846347228759) (288.36418967093,6405.846347228759) (288.36418967093,6400) (292.5057823244301,6400) (292.5057823244301,6374) (293.5057823244301,6374) (293.5057823244301,6348) (294.5057823244301,6348) (294.5057823244301,6322) (295.5057823244301,6322) (295.5057823244301,6296) (296.5057823244301,6296) (296.5057823244301,6270) (297.5057823244301,6270) (297.5057823244301,6244) (298.5057823244301,6244) (298.5057823244301,6218) (305.5057823244301,6218) (305.5057823244301,6217.876843489263) (308.081315457813,6217.876843489263) (308.081315457813,6217.753686978525) (309.081315457813,6217.753686978525) (309.081315457813,6217.630530467788) (310.081315457813,6217.630530467788) (310.081315457813,6217.507373957051) (311.081315457813,6217.507373957051) (311.081315457813,6217.384217446313) (312.081315457813,6217.384217446313) (312.081315457813,6217.261060935576) (313.081315457813,6217.261060935576) (313.081315457813,6217.137904424839) (314.081315457813,6217.137904424839) (314.081315457813,6217.014747914101) (315.081315457813,6217.014747914101) (315.081315457813,6216.891591403364) (316.081315457813,6216.891591403364) (316.081315457813,6216.768434892627) (317.081315457813,6216.768434892627) (317.081315457813,6216.64527838189) (318.081315457813,6216.64527838189) (318.081315457813,6216.522121871152) (319.081315457813,6216.522121871152) (319.081315457813,6216.398965360415) (320.081315457813,6216.398965360415) (320.081315457813,6216.275808849678) (321.081315457813,6216.275808849678) (321.081315457813,6216.15265233894) (322.081315457813,6216.15265233894) (322.081315457813,6216.029495828203) (323.081315457813,6216.029495828203) (323.081315457813,6215.906339317466) (324.081315457813,6215.906339317466) (324.081315457813,6215.783182806728) (325.081315457813,6215.783182806728) (325.081315457813,6215.660026295991) (326.081315457813,6215.660026295991) (326.081315457813,6215.536869785254) (327.081315457813,6215.536869785254) (327.081315457813,6215.413713274516) (328.081315457813,6215.413713274516) (328.081315457813,6215.290556763779) (329.081315457813,6215.290556763779) (329.081315457813,6215.167400253042) (330.081315457813,6215.167400253042) (330.081315457813,6215.044243742304) (331.081315457813,6215.044243742304) (331.081315457813,6214.921087231567) (332.081315457813,6214.921087231567) (332.081315457813,6214.79793072083) (333.081315457813,6214.79793072083) (333.081315457813,6214.674774210092) (334.081315457813,6214.674774210092) (334.081315457813,6214.551617699355) (335.081315457813,6214.551617699355) (335.081315457813,6214.428461188618) (336.081315457813,6214.428461188618) (336.081315457813,6214.30530467788) (337.081315457813,6214.30530467788) (337.081315457813,6214.182148167143) (338.081315457813,6214.182148167143) (338.081315457813,6214.058991656406) (339.081315457813,6214.058991656406) (339.081315457813,6213.935835145669) (340.081315457813,6213.935835145669) (340.081315457813,6213.812678634931) (341.081315457813,6213.812678634931) (341.081315457813,6213.689522124194) (342.081315457813,6213.689522124194) (342.081315457813,6213.566365613457) (343.081315457813,6213.566365613457) (343.081315457813,6213.443209102719) (344.081315457813,6213.443209102719) (344.081315457813,6213.320052591982) (345.081315457813,6213.320052591982) (345.081315457813,6213.196896081245) (346.081315457813,6213.196896081245) (346.081315457813,6213.073739570507) (347.081315457813,6213.073739570507) (347.081315457813,6212.95058305977) (348.081315457813,6212.95058305977) (348.081315457813,6212.827426549033) (349.081315457813,6212.827426549033) (349.081315457813,6212.704270038295) (350.081315457813,6212.704270038295) (350.081315457813,6212.581113527558) (351.081315457813,6212.581113527558) (351.081315457813,6212.457957016821) (352.081315457813,6212.457957016821) (352.081315457813,6212.334800506083) (353.081315457813,6212.334800506083) (353.081315457813,6212.211643995346) (354.081315457813,6212.211643995346) (354.081315457813,6212.088487484609) (355.081315457813,6212.088487484609) (355.081315457813,6211.965330973871) (356.081315457813,6211.965330973871) (356.081315457813,6211.842174463134) (357.081315457813,6211.842174463134) (357.081315457813,6211.719017952397) (358.081315457813,6211.719017952397) (358.081315457813,6211.59586144166) (359.081315457813,6211.59586144166) (359.081315457813,6211.472704930922) (360.081315457813,6211.472704930922) (360.081315457813,6211.349548420185) (361.081315457813,6211.349548420185) (361.081315457813,6211.226391909448) (362.081315457813,6211.226391909448) (362.081315457813,6211.10323539871) (363.081315457813,6211.10323539871) (363.081315457813,6210.980078887973) (364.081315457813,6210.980078887973) (364.081315457813,6210.856922377236) (365.081315457813,6210.856922377236) (365.081315457813,6210.733765866498) (366.081315457813,6210.733765866498) (366.081315457813,6210.610609355761) (367.081315457813,6210.610609355761) (367.081315457813,6210.487452845024) (368.081315457813,6210.487452845024) (368.081315457813,6210.364296334286) (369.081315457813,6210.364296334286) (369.081315457813,6210.241139823549) (370.081315457813,6210.241139823549) (370.081315457813,6210.117983312812) (371.081315457813,6210.117983312812) (371.081315457813,6209.994826802074) (372.081315457813,6209.994826802074) (372.081315457813,6209.871670291337) (373.081315457813,6209.871670291337) (373.081315457813,6209.7485137806) (374.081315457813,6209.7485137806) (374.081315457813,6209.625357269862) (375.081315457813,6209.625357269862) (375.081315457813,6209.502200759125) (376.081315457813,6209.502200759125) (376.081315457813,6209.379044248388) (377.081315457813,6209.379044248388) (377.081315457813,6209.25588773765) (378.081315457813,6209.25588773765) (378.081315457813,6209.132731226913) (379.081315457813,6209.132731226913) (379.081315457813,6209.009574716176) (380.081315457813,6209.009574716176) (380.081315457813,6208.886418205439) (381.081315457813,6208.886418205439) (381.081315457813,6208.763261694701) (382.081315457813,6208.763261694701) (382.081315457813,6208.640105183964) (383.081315457813,6208.640105183964) (383.081315457813,6208.516948673227) (384.081315457813,6208.516948673227) (384.081315457813,6208.393792162489) (385.081315457813,6208.393792162489) (385.081315457813,6208.270635651752) (386.081315457813,6208.270635651752) (386.081315457813,6208.147479141015) (387.081315457813,6208.147479141015) (387.081315457813,6208.024322630277) (388.081315457813,6208.024322630277) (388.081315457813,6207.90116611954) (389.081315457813,6207.90116611954) (389.081315457813,6207.778009608803) (390.081315457813,6207.778009608803) (390.081315457813,6207.654853098065) (391.081315457813,6207.654853098065) (391.081315457813,6207.531696587328) (392.081315457813,6207.531696587328) (392.081315457813,6207.408540076591) (393.081315457813,6207.408540076591) (393.081315457813,6207.285383565853) (394.081315457813,6207.285383565853) (394.081315457813,6207.162227055116) (395.081315457813,6207.162227055116) (395.081315457813,6207.039070544379) (396.081315457813,6207.039070544379) (396.081315457813,6206.915914033641) (397.081315457813,6206.915914033641) (397.081315457813,6206.792757522904) (398.081315457813,6206.792757522904) (398.081315457813,6206.669601012167) (399.081315457813,6206.669601012167) (399.081315457813,6206.54644450143) (400.081315457813,6206.54644450143) (400.081315457813,6206.423287990692) (401.081315457813,6206.423287990692) (401.081315457813,6206.300131479955) (402.081315457813,6206.300131479955) (402.081315457813,6206.176974969218) (403.081315457813,6206.176974969218) (403.081315457813,6206.05381845848) (404.081315457813,6206.05381845848) (404.081315457813,6205.930661947743) (405.081315457813,6205.930661947743) (405.081315457813,6205.807505437006) (406.081315457813,6205.807505437006) (406.081315457813,6205.684348926268) (407.081315457813,6205.684348926268) (407.081315457813,6205.561192415531) (408.081315457813,6205.561192415531) (408.081315457813,6205.438035904794) (409.081315457813,6205.438035904794) (409.081315457813,6205.314879394056) (410.081315457813,6205.314879394056) (410.081315457813,6205.191722883319) (411.081315457813,6205.191722883319) (411.081315457813,6205.068566372582) (412.081315457813,6205.068566372582) (412.081315457813,6204.945409861844) (413.081315457813,6204.945409861844) (413.081315457813,6204.822253351107) (414.081315457813,6204.822253351107) (414.081315457813,6204.69909684037) (415.081315457813,6204.69909684037) (415.081315457813,6204.575940329632) (416.081315457813,6204.575940329632) (416.081315457813,6204.452783818895) (417.081315457813,6204.452783818895) (417.081315457813,6204.329627308158) (418.081315457813,6204.329627308158) (418.081315457813,6204.20647079742) (419.081315457813,6204.20647079742) (419.081315457813,6204.083314286683) (420.081315457813,6204.083314286683) (420.081315457813,6203.960157775946) (421.081315457813,6203.960157775946) (421.081315457813,6203.837001265209) (422.081315457813,6203.837001265209) (422.081315457813,6203.713844754471) (423.081315457813,6203.713844754471) (423.081315457813,6203.590688243734) (424.081315457813,6203.590688243734) (424.081315457813,6203.467531732997) (425.081315457813,6203.467531732997) (425.081315457813,6203.344375222259) (426.081315457813,6203.344375222259) (426.081315457813,6203.221218711522) (427.081315457813,6203.221218711522) (427.081315457813,6203.098062200785) (428.081315457813,6203.098062200785) (428.081315457813,6202.974905690047) (429.081315457813,6202.974905690047) (429.081315457813,6202.85174917931) (430.081315457813,6202.85174917931) (430.081315457813,6202.728592668573) (431.081315457813,6202.728592668573) (431.081315457813,6202.605436157835) (432.081315457813,6202.605436157835) (432.081315457813,6202.482279647098) (433.081315457813,6202.482279647098) (433.081315457813,6202.359123136361) (434.081315457813,6202.359123136361) (434.081315457813,6202.235966625623) (435.081315457813,6202.235966625623) (435.081315457813,6202.112810114886) (436.081315457813,6202.112810114886) (436.081315457813,6201.989653604149) (437.081315457813,6201.989653604149) (437.081315457813,6201.866497093411) (438.081315457813,6201.866497093411) (438.081315457813,6201.743340582674) (439.081315457813,6201.743340582674) (439.081315457813,6201.620184071937) (440.081315457813,6201.620184071937) (440.081315457813,6201.4970275612) (441.081315457813,6201.4970275612) (441.081315457813,6201.373871050462) (442.081315457813,6201.373871050462) (442.081315457813,6201.250714539725) (443.081315457813,6201.250714539725) (443.081315457813,6201.127558028988) (444.081315457813,6201.127558028988) (444.081315457813,6201.00440151825) (445.081315457813,6201.00440151825) (445.081315457813,6200.881245007513) (446.081315457813,6200.881245007513) (446.081315457813,6200.758088496776) (447.081315457813,6200.758088496776) (447.081315457813,6200.634931986038) (448.081315457813,6200.634931986038) (448.081315457813,6200.511775475301) (449.081315457813,6200.511775475301) (449.081315457813,6200.388618964564) (450.081315457813,6200.388618964564) (450.081315457813,6200.265462453826) (451.081315457813,6200.265462453826) (451.081315457813,6200.142305943089) (452.081315457813,6200.142305943089) (452.081315457813,6200.019149432352) (700,6200.019149432352)
robPositionY[1]:
[0]: (0,0) (0,3900) (227.343997478741,3900) (227.343997478741,3874.66582891194) (228.343997478741,3874.66582891194) (228.343997478741,3849.33165782388) (229.343997478741,3849.33165782388) (229.343997478741,3823.99748673582) (230.343997478741,3823.99748673582) (230.343997478741,3798.66331564776) (231.343997478741,3798.66331564776) (231.343997478741,3773.3291445597) (232.343997478741,3773.3291445597) (232.343997478741,3747.99497347164) (233.343997478741,3747.99497347164) (233.343997478741,3722.66080238358) (234.343997478741,3722.66080238358) (234.343997478741,3697.32663129552) (235.343997478741,3697.32663129552) (235.343997478741,3671.99246020746) (236.343997478741,3671.99246020746) (236.343997478741,3646.6582891194) (237.343997478741,3646.6582891194) (237.343997478741,3621.32411803134) (238.343997478741,3621.32411803134) (238.343997478741,3595.98994694328) (239.343997478741,3595.98994694328) (239.343997478741,3570.65577585522) (240.343997478741,3570.65577585522) (240.343997478741,3545.32160476716) (241.343997478741,3545.32160476716) (241.343997478741,3519.9874336791) (242.343997478741,3519.9874336791) (242.343997478741,3494.65326259104) (243.343997478741,3494.65326259104) (243.343997478741,3469.31909150298) (244.343997478741,3469.31909150298) (244.343997478741,3443.98492041492) (245.343997478741,3443.98492041492) (245.343997478741,3418.65074932686) (246.343997478741,3418.65074932686) (246.343997478741,3393.316578238801) (247.343997478741,3393.316578238801) (247.343997478741,3367.982407150741) (248.343997478741,3367.982407150741) (248.343997478741,3342.648236062681) (249.343997478741,3342.648236062681) (249.343997478741,3317.314064974621) (250.343997478741,3317.314064974621) (250.343997478741,3291.979893886561) (251.343997478741,3291.979893886561) (251.343997478741,3266.645722798501) (262.5665944961711,3266.645722798501) (262.5665944961711,3291.979893887086) (265.36418967093,3291.979893887086) (265.36418967093,3317.314064975671) (266.36418967093,3317.314064975671) (266.36418967093,3342.648236064256) (267.36418967093,3342.648236064256) (267.36418967093,3367.982407152841) (268.36418967093,3367.982407152841) (268.36418967093,3393.316578241427) (269.36418967093,3393.316578241427) (269.36418967093,3418.650749330012) (270.36418967093,3418.650749330012) (270.36418967093,3443.984920418597) (271.36418967093,3443.984920418597) (271.36418967093,3469.319091507182) (272.36418967093,3469.319091507182) (272.36418967093,3494.653262595768) (273.36418967093,3494.653262595768) (273.36418967093,3519.987433684353) (274.36418967093,3519.987433684353) (274.36418967093,3545.321604772938) (275.36418967093,3545.321604772938) (275.36418967093,3570.655775861523) (276.36418967093,3570.655775861523) (276.36418967093,3595.989946950108) (277.36418967093,3595.989946950108) (277.36418967093,3621.324118038694) (278.36418967093,3621.324118038694) (278.36418967093,3646.658289127279) (279.36418967093,3646.658289127279) (279.36418967093,3671.992460215864) (280.36418967093,3671.992460215864) (280.36418967093,3697.326631304449) (281.36418967093,3697.326631304449) (281.36418967093,3722.660802393034) (282.36418967093,3722.660802393034) (282.36418967093,3747.99497348162) (283.36418967093,3747.99497348162) (283.36418967093,3773.329144570205) (284.36418967093,3773.329144570205) (284.36418967093,3798.66331565879) (285.36418967093,3798.66331565879) (285.36418967093,3823.997486747375) (286.36418967093,3823.997486747375) (286.36418967093,3849.33165783596) (287.36418967093,3849.33165783596) (287.36418967093,3874.665828924546) (288.36418967093,3874.665828924546) (288.36418967093,3900) (292.5057823244301,3900) (292.5057823244301,3899.999999997665) (293.5057823244301,3899.999999997665) (293.5057823244301,3899.999999995331) (294.5057823244301,3899.999999995331) (294.5057823244301,3899.999999992996) (295.5057823244301,3899.999999992996) (295.5057823244301,3899.999999990661) (296.5057823244301,3899.999999990661) (296.5057823244301,3899.999999988327) (297.5057823244301,3899.999999988327) (297.5057823244301,3899.999999985992) (298.5057823244301,3899.999999985992) (298.5057823244301,3899.999999983657) (305.5057823244301,3899.999999983657) (305.5057823244301,3874.000291668488) (308.081315457813,3874.000291668488) (308.081315457813,3848.00058335332) (309.081315457813,3848.00058335332) (309.081315457813,3822.000875038151) (310.081315457813,3822.000875038151) (310.081315457813,3796.001166722982) (311.081315457813,3796.001166722982) (311.081315457813,3770.001458407813) (312.081315457813,3770.001458407813) (312.081315457813,3744.001750092644) (313.081315457813,3744.001750092644) (313.081315457813,3718.002041777475) (314.081315457813,3718.002041777475) (314.081315457813,3692.002333462307) (315.081315457813,3692.002333462307) (315.081315457813,3666.002625147138) (316.081315457813,3666.002625147138) (316.081315457813,3640.002916831969) (317.081315457813,3640.002916831969) (317.081315457813,3614.0032085168) (318.081315457813,3614.0032085168) (318.081315457813,3588.003500201631) (319.081315457813,3588.003500201631) (319.081315457813,3562.003791886462) (320.081315457813,3562.003791886462) (320.081315457813,3536.004083571293) (321.081315457813,3536.004083571293) (321.081315457813,3510.004375256125) (322.081315457813,3510.004375256125) (322.081315457813,3484.004666940956) (323.081315457813,3484.004666940956) (323.081315457813,3458.004958625787) (324.081315457813,3458.004958625787) (324.081315457813,3432.005250310618) (325.081315457813,3432.005250310618) (325.081315457813,3406.005541995449) (326.081315457813,3406.005541995449) (326.081315457813,3380.00583368028) (327.081315457813,3380.00583368028) (327.081315457813,3354.006125365112) (328.081315457813,3354.006125365112) (328.081315457813,3328.006417049943) (329.081315457813,3328.006417049943) (329.081315457813,3302.006708734774) (330.081315457813,3302.006708734774) (330.081315457813,3276.007000419605) (331.081315457813,3276.007000419605) (331.081315457813,3250.007292104436) (332.081315457813,3250.007292104436) (332.081315457813,3224.007583789267) (333.081315457813,3224.007583789267) (333.081315457813,3198.007875474098) (334.081315457813,3198.007875474098) (334.081315457813,3172.00816715893) (335.081315457813,3172.00816715893) (335.081315457813,3146.008458843761) (336.081315457813,3146.008458843761) (336.081315457813,3120.008750528592) (337.081315457813,3120.008750528592) (337.081315457813,3094.009042213423) (338.081315457813,3094.009042213423) (338.081315457813,3068.009333898254) (339.081315457813,3068.009333898254) (339.081315457813,3042.009625583085) (340.081315457813,3042.009625583085) (340.081315457813,3016.009917267917) (341.081315457813,3016.009917267917) (341.081315457813,2990.010208952748) (342.081315457813,2990.010208952748) (342.081315457813,2964.010500637579) (343.081315457813,2964.010500637579) (343.081315457813,2938.01079232241) (344.081315457813,2938.01079232241) (344.081315457813,2912.011084007241) (345.081315457813,2912.011084007241) (345.081315457813,2886.011375692072) (346.081315457813,2886.011375692072) (346.081315457813,2860.011667376903) (347.081315457813,2860.011667376903) (347.081315457813,2834.011959061735) (348.081315457813,2834.011959061735) (348.081315457813,2808.012250746566) (349.081315457813,2808.012250746566) (349.081315457813,2782.012542431397) (350.081315457813,2782.012542431397) (350.081315457813,2756.012834116228) (351.081315457813,2756.012834116228) (351.081315457813,2730.013125801059) (352.081315457813,2730.013125801059) (352.081315457813,2704.01341748589) (353.081315457813,2704.01341748589) (353.081315457813,2678.013709170722) (354.081315457813,2678.013709170722) (354.081315457813,2652.014000855553) (355.081315457813,2652.014000855553) (355.081315457813,2626.014292540384) (356.081315457813,2626.014292540384) (356.081315457813,2600.014584225215) (357.081315457813,2600.014584225215) (357.081315457813,2574.014875910046) (358.081315457813,2574.014875910046) (358.081315457813,2548.015167594877) (359.081315457813,2548.015167594877) (359.081315457813,2522.015459279708) (360.081315457813,2522.015459279708) (360.081315457813,2496.01575096454) (361.081315457813,2496.01575096454) (361.081315457813,2470.016042649371) (362.081315457813,2470.016042649371) (362.081315457813,2444.016334334202) (363.081315457813,2444.016334334202) (363.081315457813,2418.016626019033) (364.081315457813,2418.016626019033) (364.081315457813,2392.016917703864) (365.081315457813,2392.016917703864) (365.081315457813,2366.017209388695) (366.081315457813,2366.017209388695) (366.081315457813,2340.017501073527) (367.081315457813,2340.017501073527) (367.081315457813,2314.017792758358) (368.081315457813,2314.017792758358) (368.081315457813,2288.018084443189) (369.081315457813,2288.018084443189) (369.081315457813,2262.01837612802) (370.081315457813,2262.01837612802) (370.081315457813,2236.018667812851) (371.081315457813,2236.018667812851) (371.081315457813,2210.018959497682) (372.081315457813,2210.018959497682) (372.081315457813,2184.019251182513) (373.081315457813,2184.019251182513) (373.081315457813,2158.019542867345) (374.081315457813,2158.019542867345) (374.081315457813,2132.019834552176) (375.081315457813,2132.019834552176) (375.081315457813,2106.020126237007) (376.081315457813,2106.020126237007) (376.081315457813,2080.020417921838) (377.081315457813,2080.020417921838) (377.081315457813,2054.020709606669) (378.081315457813,2054.020709606669) (378.081315457813,2028.0210012915) (379.081315457813,2028.0210012915) (379.081315457813,2002.021292976332) (380.081315457813,2002.021292976332) (380.081315457813,1976.021584661163) (381.081315457813,1976.021584661163) (381.081315457813,1950.021876345994) (382.081315457813,1950.021876345994) (382.081315457813,1924.022168030825) (383.081315457813,1924.022168030825) (383.081315457813,1898.022459715656) (384.081315457813,1898.022459715656) (384.081315457813,1872.022751400487) (385.081315457813,1872.022751400487) (385.081315457813,1846.023043085318) (386.081315457813,1846.023043085318) (386.081315457813,1820.02333477015) (387.081315457813,1820.02333477015) (387.081315457813,1794.023626454981) (388.081315457813,1794.023626454981) (388.081315457813,1768.023918139812) (389.081315457813,1768.023918139812) (389.081315457813,1742.024209824643) (390.081315457813,1742.024209824643) (390.081315457813,1716.024501509474) (391.081315457813,1716.024501509474) (391.081315457813,1690.024793194305) (392.081315457813,1690.024793194305) (392.081315457813,1664.025084879137) (393.081315457813,1664.025084879137) (393.081315457813,1638.025376563968) (394.081315457813,1638.025376563968) (394.081315457813,1612.025668248799) (395.081315457813,1612.025668248799) (395.081315457813,1586.02595993363) (396.081315457813,1586.02595993363) (396.081315457813,1560.026251618461) (397.081315457813,1560.026251618461) (397.081315457813,1534.026543303292) (398.081315457813,1534.026543303292) (398.081315457813,1508.026834988123) (399.081315457813,1508.026834988123) (399.081315457813,1482.027126672955) (400.081315457813,1482.027126672955) (400.081315457813,1456.027418357786) (401.081315457813,1456.027418357786) (401.081315457813,1430.027710042617) (402.081315457813,1430.027710042617) (402.081315457813,1404.028001727448) (403.081315457813,1404.028001727448) (403.081315457813,1378.028293412279) (404.081315457813,1378.028293412279) (404.081315457813,1352.02858509711) (405.081315457813,1352.02858509711) (405.081315457813,1326.028876781942) (406.081315457813,1326.028876781942) (406.081315457813,1300.029168466773) (407.081315457813,1300.029168466773) (407.081315457813,1274.029460151604) (408.081315457813,1274.029460151604) (408.081315457813,1248.029751836435) (409.081315457813,1248.029751836435) (409.081315457813,1222.030043521266) (410.081315457813,1222.030043521266) (410.081315457813,1196.030335206097) (411.081315457813,1196.030335206097) (411.081315457813,1170.030626890928) (412.081315457813,1170.030626890928) (412.081315457813,1144.03091857576) (413.081315457813,1144.03091857576) (413.081315457813,1118.031210260591) (414.081315457813,1118.031210260591) (414.081315457813,1092.031501945422) (415.081315457813,1092.031501945422) (415.081315457813,1066.031793630253) (416.081315457813,1066.031793630253) (416.081315457813,1040.032085315084) (417.081315457813,1040.032085315084) (417.081315457813,1014.032376999915) (418.081315457813,1014.032376999915) (418.081315457813,988.0326686847466) (419.081315457813,988.0326686847466) (419.081315457813,962.0329603695777) (420.081315457813,962.0329603695777) (420.081315457813,936.0332520544089) (421.081315457813,936.0332520544089) (421.081315457813,910.03354373924) (422.081315457813,910.03354373924) (422.081315457813,884.0338354240712) (423.081315457813,884.0338354240712) (423.081315457813,858.0341271089023) (424.081315457813,858.0341271089023) (424.081315457813,832.0344187937335) (425.081315457813,832.0344187937335) (425.081315457813,806.0347104785646) (426.081315457813,806.0347104785646) (426.081315457813,780.0350021633958) (427.081315457813,780.0350021633958) (427.081315457813,754.035293848227) (428.081315457813,754.035293848227) (428.081315457813,728.0355855330581) (429.081315457813,728.0355855330581) (429.081315457813,702.0358772178893) (430.081315457813,702.0358772178893) (430.081315457813,676.0361689027204) (431.081315457813,676.0361689027204) (431.081315457813,650.0364605875516) (432.081315457813,650.0364605875516) (432.081315457813,624.0367522723827) (433.081315457813,624.0367522723827) (433.081315457813,598.0370439572139) (434.081315457813,598.0370439572139) (434.081315457813,572.037335642045) (435.081315457813,572.037335642045) (435.081315457813,546.0376273268762) (436.081315457813,546.0376273268762) (436.081315457813,520.0379190117073) (437.081315457813,520.0379190117073) (437.081315457813,494.0382106965384) (438.081315457813,494.0382106965384) (438.081315457813,468.0385023813695) (439.081315457813,468.0385023813695) (439.081315457813,442.0387940662006) (440.081315457813,442.0387940662006) (440.081315457813,416.0390857510317) (441.081315457813,416.0390857510317) (441.081315457813,390.0393774358628) (442.081315457813,390.0393774358628) (442.081315457813,364.0396691206939) (443.081315457813,364.0396691206939) (443.081315457813,338.039960805525) (444.081315457813,338.039960805525) (444.081315457813,312.0402524903561) (445.081315457813,312.0402524903561) (445.081315457813,286.0405441751872) (446.081315457813,286.0405441751872) (446.081315457813,260.0408358600183) (447.081315457813,260.0408358600183) (447.081315457813,234.0411275448494) (448.081315457813,234.0411275448494) (448.081315457813,208.0414192296805) (449.081315457813,208.0414192296805) (449.081315457813,182.0417109145116) (450.081315457813,182.0417109145116) (450.081315457813,156.0420025993427) (451.081315457813,156.0420025993427) (451.081315457813,130.0422942841738) (452.081315457813,130.0422942841738) (452.081315457813,104.0425859690049) (700,104.0425859690049)
batteryCharge[1]:
[0]: (0,100) (700,100)
Factory_Pipeline.end:
[0]: (0,0) (700,0)
[2K
Verifying formula 5 at /nta/queries/query[5]/formula
 -- Formula: simulate[<=700]{robot_inventory[0][0], robot_inventory[0][1], robot_inventory[0][2], robot_inventory[1][0], robot_inventory[1][1], robot_inventory[1][2], Factory_Pipeline.end*2}
[2K -- Formula is satisfied.
robot_inventory[0][0]:
[0]: (0,0) (700,0)
robot_inventory[0][1]:
[0]: (0,0) (700,0)
robot_inventory[0][2]:
[0]: (0,0) (700,0)
robot_inventory[1][0]:
[0]: (0,0) (257.1464225714029,0) (257.1464225714029,1) (300.0856103996619,1) (300.0856103996619,0) (700,0)
robot_inventory[1][1]:
[0]: (0,0) (454.6013279150579,0) (454.6013279150579,1) (700,1)
robot_inventory[1][2]:
[0]: (0,0) (700,0)
Factory_Pipeline.end * 2:
[0]: (0,0) (700,0)
[2K
Verifying formula 6 at /nta/queries/query[6]/formula
 -- Formula: simulate[<=700]{warehouse[0], warehouse[1], surface_texturization_start[0], surface_texturization_start[1], surface_texturization_end[0], surface_texturization_end[1], laser_start[0], laser_start[1], laser_end[0], laser_end[1], loading_area[0], loading_area[1]}
[2K -- Formula is satisfied.
warehouse[0]:
[0]: (0,6550) (700,6550)
warehouse[1]:
[0]: (0,3250) (700,3250)
surface_texturization_start[0]:
[0]: (0,6200) (700,6200)
surface_texturization_start[1]:
[0]: (0,3900) (700,3900)
surface_texturization_end[0]:
[0]: (0,6200) (700,6200)
surface_texturization_end[1]:
[0]: (0,100) (700,100)
laser_start[0]:
[0]: (0,4800) (700,4800)
laser_start[1]:
[0]: (0,3900) (700,3900)
laser_end[0]:
[0]: (0,4800) (700,4800)
laser_end[1]:
[0]: (0,100) (700,100)
loading_area[0]:
[0]: (0,250) (700,250)
loading_area[1]:
[0]: (0,250) (700,250)
[2K
Verifying formula 7 at /nta/queries/query[7]/formula
 -- Formula: simulate[<=700]{rm_1.idle, rf_1.idle, rp_1.idle, rd_1.idle, rm_2.idle, rf_2.idle, rp_2.idle, rd_2.idle}
[2K -- Formula is satisfied.
rm_1.idle:
[0]: (0,0) (0,1) (0,0) (700,0)
rf_1.idle:
[0]: (0,0) (0,1) (700,1)
rp_1.idle:
[0]: (0,0) (0,1) (700,1)
rd_1.idle:
[0]: (0,0) (0,1) (700,1)
rm_2.idle:
[0]: (0,0) (0,1) (0,0) (252.343997478741,0) (252.343997478741,1) (259.1611818842152,1) (259.1611818842152,0) (298.1003697124743,0) (298.1003697124743,1) (302.1003697124743,1) (302.1003697124743,0) (451.6759028458572,0) (451.6759028458572,1) (700,1)
rf_2.idle:
[0]: (0,0) (0,1) (700,1)
rp_2.idle:
[0]: (0,0) (0,1) (251.343997478741,1) (251.343997478741,0) (259.1611818842152,0) (259.1611818842152,1) (450.6759028458572,1) (450.6759028458572,0) (460.3543126911776,0) (460.3543126911776,1) (700,1)
rd_2.idle:
[0]: (0,0) (0,1) (297.1003697124743,1) (297.1003697124743,0) (302.1003697124743,0) (302.1003697124743,1) (700,1)
[2K
Verifying formula 8 at /nta/queries/query[8]/formula
 -- Formula: Pr[<=700](<>!rm_1.idle || !rf_1.idle || !rp_1.idle || !rd_1.idle || !rm_2.idle || !rf_2.idle || !rp_2.idle || !rd_2.idle)
[2K -- Formula is satisfied.
(72/72 runs) Pr(<> …) in [0.950056,1] (95% CI)
Values in [0,0] mean=0 steps=2.22045e-16: 72
[2K
Verifying formula 9 at /nta/queries/query[9]/formula
 -- Formula: Pr[<=700]([] (Factory_Pipeline.end imply (rm_1.idle && rf_1.idle && rp_1.idle && rd_1.idle && rm_2.idle && rf_2.idle && rp_2.idle && rd_2.idle)))
[2K -- Formula is satisfied.
(72/72 runs) Pr([] …) in [0.950056,1] (95% CI)
[2K
Verifying formula 10 at /nta/queries/query[10]/formula
 -- Formula: Pr[<=700] (<> pow(robPositionX[0] - surface_texturization_end[0], 2) + pow(robPositionY[0] - surface_texturization_end[1], 2) <= 900 )
[2K -- Formula is satisfied.
(0/72 runs) Pr(<> …) in [0,0.0499441] (95% CI)
[2K
Verifying formula 11 at /nta/queries/query[11]/formula
 -- Formula: Pr[<=700] (<> pow(robPositionX[0] - surface_texturization_start[0], 2) + pow(robPositionY[0] - surface_texturization_start[1], 2) <= 900 )
[2K -- Formula is satisfied.
(72/72 runs) Pr(<> …) in [0.950056,1] (95% CI)
Values in [429.712,429.712] mean=429.712 steps=2.22045e-16: 72
[2K
Verifying formula 12 at /nta/queries/query[12]/formula
 -- Formula: Pr[<=700] (<> pow(robPositionX[0] - warehouse[0], 2) + pow(robPositionY[0] - warehouse[1], 2) <= 900 )
[2K -- Formula is satisfied.
(0/72 runs) Pr(<> …) in [0,0.0499441] (95% CI)
[2K
Verifying formula 13 at /nta/queries/query[13]/formula
 -- Formula: Pr[<=700] (<> pow(robPositionX[0] - laser_end[0], 2) + pow(robPositionY[0] - laser_end[1], 2) <= 900 )
[2K -- Formula is satisfied.
(0/72 runs) Pr(<> …) in [0,0.0499441] (95% CI)
[2K
Verifying formula 14 at /nta/queries/query[14]/formula
 -- Formula: Pr[<=700] (<> pow(robPositionX[0] - laser_start[0], 2) + pow(robPositionY[0] - laser_start[1], 2) <= 900 )
[2K -- Formula is satisfied.
(72/72 runs) Pr(<> …) in [0.950056,1] (95% CI)
Values in [375.712,375.712] mean=375.712 steps=2.22045e-16: 72
[2K
Verifying formula 15 at /nta/queries/query[15]/formula
 -- Formula: Pr[<=700] (<> pow(robPositionX[0] - loading_area[0], 2) + pow(robPositionY[0] - loading_area[1], 2) <= 900 )
[2K -- Formula is satisfied.
(0/72 runs) Pr(<> …) in [0,0.0499441] (95% CI)
[2K
Verifying formula 16 at /nta/queries/query[16]/formula
 -- Formula: Pr[<=700] (<> pow(robPositionX[1] - surface_texturization_end[0], 2) + pow(robPositionY[1] - surface_texturization_end[1], 2) <= 900 )
[2K -- Formula is satisfied.
(72/72 runs) Pr(<> …) in [0.950056,1] (95% CI)
Values in [447.929,452.747] mean=450.357 steps=0.535312: 10 5 8 11 8 5 5 9 11
[2K
Verifying formula 17 at /nta/queries/query[17]/formula
 -- Formula: Pr[<=700] (<> pow(robPositionX[1] - surface_texturization_start[0], 2) + pow(robPositionY[1] - surface_texturization_start[1], 2) <= 900 )
[2K -- Formula is satisfied.
(72/72 runs) Pr(<> …) in [0.950056,1] (95% CI)
Values in [216,216] mean=216 steps=2.22045e-16: 72
[2K
Verifying formula 18 at /nta/queries/query[18]/formula
 -- Formula: Pr[<=700] (<> pow(robPositionX[1] - warehouse[0], 2) + pow(robPositionY[1] - warehouse[1], 2) <= 900 )
[2K -- Formula is satisfied.
(72/72 runs) Pr(<> …) in [0.950056,1] (95% CI)
Values in [251.344,251.344] mean=251.344 steps=2.22045e-16: 72
[2K
Verifying formula 19 at /nta/queries/query[19]/formula
 -- Formula: Pr[<=700] (<> pow(robPositionX[1] - laser_end[0], 2) + pow(robPositionY[1] - laser_end[1], 2) <= 900 )
[2K -- Formula is satisfied.
(0/72 runs) Pr(<> …) in [0,0.0499441] (95% CI)
[2K
Verifying formula 20 at /nta/queries/query[20]/formula
 -- Formula: Pr[<=700] (<> pow(robPositionX[1] - laser_start[0], 2) + pow(robPositionY[1] - laser_start[1], 2) <= 900 )
[2K -- Formula is satisfied.
(72/72 runs) Pr(<> …) in [0.950056,1] (95% CI)
Values in [162,162] mean=162 steps=2.22045e-16: 72
[2K
Verifying formula 21 at /nta/queries/query[21]/formula
 -- Formula: Pr[<=700] (<> pow(robPositionX[1] - loading_area[0], 2) + pow(robPositionY[1] - loading_area[1], 2) <= 900 )
[2K -- Formula is satisfied.
(0/72 runs) Pr(<> …) in [0,0.0499441] (95% CI)
[2K
Verifying formula 22 at /nta/queries/query[22]/formula
 -- Formula: Pr[<=700] (<> !isValidPosition(robPositionX[0], robPositionY[0]))
 -- Throughput: 480904 runs/sec, Load: 318 runs[K
[2K -- Formula is satisfied.
(0/72 runs) Pr(<> …) in [0,0.0499441] (95% CI)
[2K
Verifying formula 23 at /nta/queries/query[23]/formula
 -- Formula: Pr[<=700] (<> !isValidPosition(robPositionX[1], robPositionY[1]))
 -- Throughput: 319008 runs/sec, Load: 336 runs[K
[2K -- Formula is satisfied.
(0/72 runs) Pr(<> …) in [0,0.0499441] (95% CI)
[2K
Verifying formula 24 at /nta/queries/query[24]/formula
 -- Formula: Pr[<=700] (<> currP > 2)
[2K -- Formula is satisfied.
(0/72 runs) Pr(<> …) in [0,0.0499441] (95% CI)
