Options for the verification:
  Generating no trace
  Search order is breadth first
  Using conservative space optimisation
  Seed is 1784917413
  State space representation uses minimal constraint systems with future testing
  Using HashMap + Compress integers for discrete state storage
[2K
Verifying formula 1 at /nta/queries/query[1]/formula
 -- Formula: simulate[<=700]{user_guided_transport_robot1_def.s1_start, user_guided_transport_robot1_def.s1_end, user_guided_transport_robot1_def.s2_start, user_guided_transport_robot1_def.s2_end, user_guided_transport_robot1_def.s3_start, user_guided_transport_robot1_def.s3_end, user_guided_transport.end}
[2K -- Formula is satisfied.
user_guided_transport_robot1_def.s1_start:
[0]: (0,0) (0,1) (0,0) (700,0)
user_guided_transport_robot1_def.s1_end:
[0]: (0,0) (2,0) (2,1) (2,0) (700,0)
user_guided_transport_robot1_def.s2_start:
[0]: (0,0) (2,0) (2,1) (2,0) (700,0)
user_guided_transport_robot1_def.s2_end:
[0]: (0,0) (9.22886933099463,0) (9.22886933099463,1) (9.22886933099463,0) (700,0)
user_guided_transport_robot1_def.s3_start:
[0]: (0,0) (9.22886933099463,0) (9.22886933099463,1) (9.22886933099463,0) (700,0)
user_guided_transport_robot1_def.s3_end:
[0]: (0,0) (230.4377360097338,0) (230.4377360097338,1) (230.4377360097338,0) (700,0)
user_guided_transport.end:
[0]: (0,0) (232.4377360097328,0) (232.4377360097328,1) (700,1)
[2K
Verifying formula 2 at /nta/queries/query[2]/formula
 -- Formula: simulate[<=700]{user_guided_transport_human1_def.s1_start, user_guided_transport_human1_def.s1_end, user_guided_transport_human1_def.s2_start, user_guided_transport_human1_def.s2_idle, user_guided_transport_human1_def.s3_start, user_guided_transport_human1_def.s3_end, user_guided_transport.end}
[2K -- Formula is satisfied.
user_guided_transport_human1_def.s1_start:
[0]: (0,0) (0,1) (0,0) (700,0)
user_guided_transport_human1_def.s1_end:
[0]: (0,0) (1,0) (1,1) (2,1) (2,0) (700,0)
user_guided_transport_human1_def.s2_start:
[0]: (0,0) (2,0) (2,1) (2,0) (700,0)
user_guided_transport_human1_def.s2_idle:
[0]: (0,0) (2,0) (2,1) (7.101902617566378,1) (7.101902617566378,0) (700,0)
user_guided_transport_human1_def.s3_start:
[0]: (0,0) (7.101902617566378,0) (7.101902617566378,1) (7.101902617566378,0) (12.10190261756636,0) (12.10190261756636,1) (12.10190261756636,0) (17.10190261756635,0) (17.10190261756635,1) (17.10190261756635,0) (22.10190261756631,0) (22.10190261756631,1) (22.10190261756631,0) (27.10190261756627,0) (27.10190261756627,1) (27.10190261756627,0) (32.10190261756623,0) (32.10190261756623,1) (32.10190261756623,0) (37.1019026175662,0) (37.1019026175662,1) (37.1019026175662,0) (42.10190261756616,0) (42.10190261756616,1) (42.10190261756616,0) (47.10190261756613,0) (47.10190261756613,1) (47.10190261756613,0) (52.10190261756608,0) (52.10190261756608,1) (52.10190261756608,0) (57.10190261756605,0) (57.10190261756605,1) (57.10190261756605,0) (62.10190261756602,0) (62.10190261756602,1) (62.10190261756602,0) (67.101902617566,0) (67.101902617566,1) (67.101902617566,0) (72.10190261756597,0) (72.10190261756597,1) (72.10190261756597,0) (77.1019026175657,0) (77.1019026175657,1) (77.1019026175657,0) (82.10190261756541,0) (82.10190261756541,1) (82.10190261756541,0) (87.10190261756513,0) (87.10190261756513,1) (87.10190261756513,0) (92.10190261756483,0) (92.10190261756483,1) (92.10190261756483,0) (97.10190261756455,0) (97.10190261756455,1) (97.10190261756455,0) (102.1019026175643,0) (102.1019026175643,1) (102.1019026175643,0) (107.101902617564,0) (107.101902617564,1) (107.101902617564,0) (112.1019026175637,0) (112.1019026175637,1) (112.1019026175637,0) (117.1019026175634,0) (117.1019026175634,1) (117.1019026175634,0) (122.1019026175631,0) (122.1019026175631,1) (122.1019026175631,0) (127.1019026175628,0) (127.1019026175628,1) (127.1019026175628,0) (132.1019026175631,0) (132.1019026175631,1) (132.1019026175631,0) (137.1019026175636,0) (137.1019026175636,1) (137.1019026175636,0) (142.101902617564,0) (142.101902617564,1) (142.101902617564,0) (147.1019026175644,0) (147.1019026175644,1) (147.1019026175644,0) (152.1019026175648,0) (152.1019026175648,1) (152.1019026175648,0) (157.1019026175653,0) (157.1019026175653,1) (157.1019026175653,0) (162.1019026175657,0) (162.1019026175657,1) (162.1019026175657,0) (167.1019026175661,0) (167.1019026175661,1) (167.1019026175661,0) (172.1019026175665,0) (172.1019026175665,1) (172.1019026175665,0) (177.1019026175669,0) (177.1019026175669,1) (177.1019026175669,0) (182.1019026175673,0) (182.1019026175673,1) (182.1019026175673,0) (187.1019026175677,0) (187.1019026175677,1) (187.1019026175677,0) (192.1019026175681,0) (192.1019026175681,1) (192.1019026175681,0) (700,0)
user_guided_transport_human1_def.s3_end:
[0]: (0,0) (192.1019026175681,0) (192.1019026175681,1) (228.3295727587897,1) (228.3295727587897,0) (700,0)
user_guided_transport.end:
[0]: (0,0) (230.3295727587888,0) (230.3295727587888,1) (700,1)
[2K
Verifying formula 3 at /nta/queries/query[3]/formula
 -- Formula: Pr[<=700] (<> user_guided_transport.end)
[2K -- Formula is satisfied.
(72/72 runs) Pr(<> …) in [0.950056,1] (95% CI)
Values in [230.228,235.09] mean=232.55 steps=0.540243: 8 6 11 12 10 3 6 8 8
[2K
Verifying formula 4 at /nta/queries/query[4]/formula
 -- Formula: simulate[<=700]{humanPositionX[0], humanPositionY[0], robPositionX[0], robPositionY[0], batteryCharge[0], user_guided_transport.end}
[2K -- Formula is satisfied.
humanPositionX[0]:
[0]: (0,0) (0,92.5) (1,92.5) (1,97.73313175708738) (8.968862537128578,97.73313175708738) (8.968862537128578,123.7285354798977) (9.968862537128576,123.7285354798977) (9.968862537128576,149.723939202708) (10.96886253712858,149.723939202708) (10.96886253712858,175.7193429255182) (11.96886253712858,175.7193429255182) (11.96886253712858,201.7147466483285) (12.96886253712858,201.7147466483285) (12.96886253712858,227.7101503711388) (13.96886253712857,227.7101503711388) (13.96886253712857,253.7055540939491) (14.96886253712857,253.7055540939491) (14.96886253712857,279.7009578167594) (15.96886253712857,279.7009578167594) (15.96886253712857,305.6963615395697) (16.96886253712857,305.6963615395697) (16.96886253712857,331.69176526238) (17.96886253712857,331.69176526238) (17.96886253712857,357.6871689851903) (18.96886253712857,357.6871689851903) (18.96886253712857,383.6825727080006) (19.96886253712857,383.6825727080006) (19.96886253712857,409.6779764308109) (20.96886253712857,409.6779764308109) (20.96886253712857,435.6733801536212) (21.96886253712857,435.6733801536212) (21.96886253712857,461.6687838764315) (22.96886253712857,461.6687838764315) (22.96886253712857,487.6641875992418) (23.96886253712858,487.6641875992418) (23.96886253712858,513.6595913220521) (24.96886253712858,513.6595913220521) (24.96886253712858,539.6549950448623) (25.96886253712858,539.6549950448623) (25.96886253712858,565.6503987676725) (26.96886253712859,565.6503987676725) (26.96886253712859,591.6458024904828) (27.96886253712859,591.6458024904828) (27.96886253712859,617.641206213293) (28.96886253712859,617.641206213293) (28.96886253712859,643.6366099361032) (29.96886253712859,643.6366099361032) (29.96886253712859,669.6320136589135) (30.96886253712859,669.6320136589135) (30.96886253712859,695.6274173817237) (31.96886253712859,695.6274173817237) (31.96886253712859,721.622821104534) (32.96886253712855,721.622821104534) (32.96886253712855,747.6182248273442) (33.96886253712852,747.6182248273442) (33.96886253712852,773.6136285501544) (34.96886253712848,773.6136285501544) (34.96886253712848,799.6090322729647) (35.96886253712844,799.6090322729647) (35.96886253712844,825.6044359957749) (36.96886253712841,825.6044359957749) (36.96886253712841,851.5998397185851) (37.96886253712837,851.5998397185851) (37.96886253712837,877.5952434413954) (38.96886253712835,877.5952434413954) (38.96886253712835,903.5906471642056) (39.96886253712832,903.5906471642056) (39.96886253712832,929.5860508870159) (40.96886253712829,929.5860508870159) (40.96886253712829,955.5814546098261) (41.96886253712826,955.5814546098261) (41.96886253712826,981.5768583326363) (42.96886253712823,981.5768583326363) (42.96886253712823,1007.572262055447) (43.9688625371282,1007.572262055447) (43.9688625371282,1033.567665778257) (44.9688625371282,1033.567665778257) (44.9688625371282,1059.563069501067) (45.96886253712818,1059.563069501067) (45.96886253712818,1085.558473223878) (46.96886253712817,1085.558473223878) (46.96886253712817,1111.553876946688) (47.96886253712815,1111.553876946688) (47.96886253712815,1137.549280669498) (48.96886253712814,1137.549280669498) (48.96886253712814,1163.544684392309) (49.96886253712812,1163.544684392309) (49.96886253712812,1189.540088115119) (50.96886253712811,1189.540088115119) (50.96886253712811,1215.535491837929) (51.9688625371281,1215.535491837929) (51.9688625371281,1241.53089556074) (52.96886253712808,1241.53089556074) (52.96886253712808,1267.52629928355) (53.96886253712807,1267.52629928355) (53.96886253712807,1293.52170300636) (54.96886253712805,1293.52170300636) (54.96886253712805,1319.517106729171) (55.96886253712804,1319.517106729171) (55.96886253712804,1345.512510451981) (56.96886253712803,1345.512510451981) (56.96886253712803,1371.507914174791) (57.96886253712801,1371.507914174791) (57.96886253712801,1397.503317897602) (58.968862537128,1397.503317897602) (58.968862537128,1423.498721620412) (59.96886253712798,1423.498721620412) (59.96886253712798,1478) (60.96886253712797,1478) (60.96886253712797,1504) (61.96886253712795,1504) (61.96886253712795,1530) (62.96886253712793,1530) (62.96886253712793,1556) (63.96886253712791,1556) (63.96886253712791,1582) (64.96886253712789,1582) (64.96886253712789,1608) (65.96886253712788,1608) (65.96886253712788,1634) (66.96886253712786,1634) (66.96886253712786,1660) (67.96886253712783,1660) (67.96886253712783,1686) (68.96886253712782,1686) (68.96886253712782,1712) (69.96886253712781,1712) (69.96886253712781,1738) (70.96886253712779,1738) (70.96886253712779,1764) (71.96886253712778,1764) (71.96886253712778,1790) (72.96886253712772,1790) (72.96886253712772,1816) (73.96886253712766,1816) (73.96886253712766,1842) (74.96886253712761,1842) (74.96886253712761,1868) (75.96886253712755,1868) (75.96886253712755,1894) (76.96886253712751,1894) (76.96886253712751,1920) (77.96886253712745,1920) (77.96886253712745,1946) (78.96886253712738,1946) (78.96886253712738,1972) (79.96886253712734,1972) (79.96886253712734,1998) (80.96886253712728,1998) (80.96886253712728,2024) (81.96886253712721,2024) (81.96886253712721,2050) (82.96886253712715,2050) (82.96886253712715,2076) (83.96886253712709,2076) (83.96886253712709,2102) (84.96886253712704,2102) (84.96886253712704,2128) (85.96886253712698,2128) (85.96886253712698,2154) (86.96886253712692,2154) (86.96886253712692,2180) (87.96886253712687,2180) (87.96886253712687,2206) (88.96886253712682,2206) (88.96886253712682,2232) (89.96886253712675,2232) (89.96886253712675,2258) (90.9688625371267,2258) (90.9688625371267,2284) (91.96886253712664,2284) (91.96886253712664,2310) (92.96886253712658,2310) (92.96886253712658,2336) (93.96886253712653,2336) (93.96886253712653,2362) (94.96886253712645,2362) (94.96886253712645,2388) (95.9688625371264,2388) (95.9688625371264,2414) (96.96886253712634,2414) (96.96886253712634,2440) (97.96886253712628,2440) (97.96886253712628,2466) (98.96886253712623,2466) (98.96886253712623,2492) (99.96886253712617,2492) (99.96886253712617,2518) (100.9688625371261,2518) (100.9688625371261,2544) (101.9688625371261,2544) (101.9688625371261,2570) (102.968862537126,2570) (102.968862537126,2596) (103.9688625371259,2596) (103.9688625371259,2622) (104.9688625371259,2622) (104.9688625371259,2648) (105.9688625371258,2648) (105.9688625371258,2674) (106.9688625371258,2674) (106.9688625371258,2700) (107.9688625371257,2700) (107.9688625371257,2726) (108.9688625371257,2726) (108.9688625371257,2752) (109.9688625371256,2752) (109.9688625371256,2778) (110.9688625371255,2778) (110.9688625371255,2804) (111.9688625371255,2804) (111.9688625371255,2830) (112.9688625371254,2830) (112.9688625371254,2856) (113.9688625371254,2856) (113.9688625371254,2882) (114.9688625371253,2882) (114.9688625371253,2908) (115.9688625371253,2908) (115.9688625371253,2934) (116.9688625371252,2934) (116.9688625371252,2960) (117.9688625371251,2960) (117.9688625371251,2986) (118.9688625371251,2986) (118.9688625371251,3012) (119.968862537125,3012) (119.968862537125,3038) (120.968862537125,3038) (120.968862537125,3088.5) (121.9688625371249,3088.5) (121.9688625371249,3114.5) (122.9688625371249,3114.5) (122.9688625371249,3140.5) (123.9688625371248,3140.5) (123.9688625371248,3166.5) (124.9688625371247,3166.5) (124.9688625371247,3192.5) (125.9688625371247,3192.5) (125.9688625371247,3218.5) (126.9688625371246,3218.5) (126.9688625371246,3244.5) (127.9688625371246,3244.5) (127.9688625371246,3270.5) (128.9688625371246,3270.5) (128.9688625371246,3296.5) (129.9688625371247,3296.5) (129.9688625371247,3322.5) (130.9688625371247,3322.5) (130.9688625371247,3348.5) (131.9688625371248,3348.5) (131.9688625371248,3374.5) (132.9688625371249,3374.5) (132.9688625371249,3400.5) (133.9688625371249,3400.5) (133.9688625371249,3426.5) (134.968862537125,3426.5) (134.968862537125,3452.5) (135.968862537125,3452.5) (135.968862537125,3478.5) (136.968862537125,3478.5) (136.968862537125,3504.5) (137.968862537125,3504.5) (137.968862537125,3530.5) (138.968862537125,3530.5) (138.968862537125,3556.5) (139.968862537125,3556.5) (139.968862537125,3582.5) (140.968862537125,3582.5) (140.968862537125,3608.5) (141.968862537125,3608.5) (141.968862537125,3634.5) (142.968862537125,3634.5) (142.968862537125,3660.5) (143.968862537125,3660.5) (143.968862537125,3686.5) (144.968862537125,3686.5) (144.968862537125,3712.5) (145.968862537125,3712.5) (145.968862537125,3738.5) (146.968862537125,3738.5) (146.968862537125,3764.5) (147.968862537125,3764.5) (147.968862537125,3790.5) (148.968862537125,3790.5) (148.968862537125,3816.5) (149.968862537125,3816.5) (149.968862537125,3842.5) (150.968862537125,3842.5) (150.968862537125,3868.5) (151.968862537125,3868.5) (151.968862537125,3894.5) (152.968862537125,3894.5) (152.968862537125,3920.5) (153.968862537125,3920.5) (153.968862537125,3946.5) (154.968862537125,3946.5) (154.968862537125,3972.5) (155.968862537125,3972.5) (155.968862537125,3998.5) (156.968862537125,3998.5) (156.968862537125,4024.5) (157.968862537125,4024.5) (157.968862537125,4050.5) (158.968862537125,4050.5) (158.968862537125,4076.5) (159.968862537125,4076.5) (159.968862537125,4102.5) (160.9688625371249,4102.5) (160.9688625371249,4128.5) (161.9688625371248,4128.5) (161.9688625371248,4154.5) (162.9688625371247,4154.5) (162.9688625371247,4180.5) (163.9688625371246,4180.5) (163.9688625371246,4206.5) (164.9688625371245,4206.5) (164.9688625371245,4232.5) (165.9688625371244,4232.5) (165.9688625371244,4258.5) (166.9688625371242,4258.5) (166.9688625371242,4284.5) (167.9688625371241,4284.5) (167.9688625371241,4310.5) (168.968862537124,4310.5) (168.968862537124,4336.5) (169.9688625371239,4336.5) (169.9688625371239,4362.5) (170.9688625371238,4362.5) (170.9688625371238,4388.5) (171.9688625371237,4388.5) (171.9688625371237,4416.265463717128) (172.9688625371236,4416.265463717128) (172.9688625371236,4415.530927434256) (173.9688625371235,4415.530927434256) (173.9688625371235,4414.796391151384) (174.9688625371234,4414.796391151384) (174.9688625371234,4414.061854868512) (175.9688625371233,4414.061854868512) (175.9688625371233,4413.327318585641) (176.9688625371232,4413.327318585641) (176.9688625371232,4412.592782302769) (177.9688625371232,4412.592782302769) (177.9688625371232,4411.858246019897) (178.9688625371231,4411.858246019897) (178.9688625371231,4411.123709737025) (179.968862537123,4411.123709737025) (179.968862537123,4410.389173454153) (180.9688625371228,4410.389173454153) (180.9688625371228,4409.654637171281) (181.9688625371227,4409.654637171281) (181.9688625371227,4408.920100888409) (182.9688625371226,4408.920100888409) (182.9688625371226,4408.185564605537) (183.9688625371225,4408.185564605537) (183.9688625371225,4407.451028322665) (184.9688625371224,4407.451028322665) (184.9688625371224,4406.716492039794) (185.9688625371223,4406.716492039794) (185.9688625371223,4405.981955756922) (186.9688625371222,4405.981955756922) (186.9688625371222,4405.24741947405) (187.9688625371221,4405.24741947405) (187.9688625371221,4404.512883191178) (188.968862537122,4404.512883191178) (188.968862537122,4403.778346908306) (189.9688625371219,4403.778346908306) (189.9688625371219,4403.043810625434) (190.9688625371218,4403.043810625434) (190.9688625371218,4402.309274342562) (191.9688625371217,4402.309274342562) (191.9688625371217,4401.57473805969) (192.9688625371215,4401.57473805969) (192.9688625371215,4400.840201776819) (700,4400.840201776819)
humanPositionY[0]:
[0]: (0,0) (0,163.5) (1,163.5) (1,188.9679078844919) (8.968862537128578,188.9679078844919) (8.968862537128578,188.479046668909) (9.968862537128576,188.479046668909) (9.968862537128576,187.9901854533261) (10.96886253712858,187.9901854533261) (10.96886253712858,187.5013242377432) (11.96886253712858,187.5013242377432) (11.96886253712858,187.0124630221603) (12.96886253712858,187.0124630221603) (12.96886253712858,186.5236018065774) (13.96886253712857,186.5236018065774) (13.96886253712857,186.0347405909945) (14.96886253712857,186.0347405909945) (14.96886253712857,185.5458793754117) (15.96886253712857,185.5458793754117) (15.96886253712857,185.0570181598288) (16.96886253712857,185.0570181598288) (16.96886253712857,184.5681569442459) (17.96886253712857,184.5681569442459) (17.96886253712857,184.079295728663) (18.96886253712857,184.079295728663) (18.96886253712857,183.5904345130801) (19.96886253712857,183.5904345130801) (19.96886253712857,183.1015732974972) (20.96886253712857,183.1015732974972) (20.96886253712857,182.6127120819143) (21.96886253712857,182.6127120819143) (21.96886253712857,182.1238508663315) (22.96886253712857,182.1238508663315) (22.96886253712857,181.6349896507486) (23.96886253712858,181.6349896507486) (23.96886253712858,181.1461284351657) (24.96886253712858,181.1461284351657) (24.96886253712858,180.6572672195828) (25.96886253712858,180.6572672195828) (25.96886253712858,180.1684060039999) (26.96886253712859,180.1684060039999) (26.96886253712859,179.679544788417) (27.96886253712859,179.679544788417) (27.96886253712859,179.1906835728341) (28.96886253712859,179.1906835728341) (28.96886253712859,178.7018223572512) (29.96886253712859,178.7018223572512) (29.96886253712859,178.2129611416684) (30.96886253712859,178.2129611416684) (30.96886253712859,177.7240999260855) (31.96886253712859,177.7240999260855) (31.96886253712859,177.2352387105026) (32.96886253712855,177.2352387105026) (32.96886253712855,176.7463774949197) (33.96886253712852,176.7463774949197) (33.96886253712852,176.2575162793368) (34.96886253712848,176.2575162793368) (34.96886253712848,175.7686550637539) (35.96886253712844,175.7686550637539) (35.96886253712844,175.279793848171) (36.96886253712841,175.279793848171) (36.96886253712841,174.7909326325882) (37.96886253712837,174.7909326325882) (37.96886253712837,174.3020714170053) (38.96886253712835,174.3020714170053) (38.96886253712835,173.8132102014224) (39.96886253712832,173.8132102014224) (39.96886253712832,173.3243489858395) (40.96886253712829,173.3243489858395) (40.96886253712829,172.8354877702566) (41.96886253712826,172.8354877702566) (41.96886253712826,172.3466265546737) (42.96886253712823,172.3466265546737) (42.96886253712823,171.8577653390908) (43.9688625371282,171.8577653390908) (43.9688625371282,171.3689041235079) (44.9688625371282,171.3689041235079) (44.9688625371282,170.8800429079251) (45.96886253712818,170.8800429079251) (45.96886253712818,170.3911816923422) (46.96886253712817,170.3911816923422) (46.96886253712817,169.9023204767593) (47.96886253712815,169.9023204767593) (47.96886253712815,169.4134592611764) (48.96886253712814,169.4134592611764) (48.96886253712814,168.9245980455935) (49.96886253712812,168.9245980455935) (49.96886253712812,168.4357368300106) (50.96886253712811,168.4357368300106) (50.96886253712811,167.9468756144277) (51.9688625371281,167.9468756144277) (51.9688625371281,167.4580143988449) (52.96886253712808,167.4580143988449) (52.96886253712808,166.969153183262) (53.96886253712807,166.969153183262) (53.96886253712807,166.4802919676791) (54.96886253712805,166.4802919676791) (54.96886253712805,165.9914307520962) (55.96886253712804,165.9914307520962) (55.96886253712804,165.5025695365133) (56.96886253712803,165.5025695365133) (56.96886253712803,165.0137083209304) (57.96886253712801,165.0137083209304) (57.96886253712801,164.5248471053475) (58.968862537128,164.5248471053475) (58.968862537128,164.0359858897646) (59.96886253712798,164.0359858897646) (59.96886253712798,163.5) (171.9688625371237,163.5) (171.9688625371237,189.4896220913107) (172.9688625371236,189.4896220913107) (172.9688625371236,215.4792441826214) (173.9688625371235,215.4792441826214) (173.9688625371235,241.4688662739321) (174.9688625371234,241.4688662739321) (174.9688625371234,267.4584883652428) (175.9688625371233,267.4584883652428) (175.9688625371233,293.4481104565535) (176.9688625371232,293.4481104565535) (176.9688625371232,319.4377325478642) (177.9688625371232,319.4377325478642) (177.9688625371232,345.427354639175) (178.9688625371231,345.427354639175) (178.9688625371231,371.4169767304857) (179.968862537123,371.4169767304857) (179.968862537123,397.4065988217964) (180.9688625371228,397.4065988217964) (180.9688625371228,423.3962209131071) (181.9688625371227,423.3962209131071) (181.9688625371227,449.3858430044178) (182.9688625371226,449.3858430044178) (182.9688625371226,475.3754650957285) (183.9688625371225,475.3754650957285) (183.9688625371225,501.3650871870392) (184.9688625371224,501.3650871870392) (184.9688625371224,527.3547092783499) (185.9688625371223,527.3547092783499) (185.9688625371223,553.3443313696606) (186.9688625371222,553.3443313696606) (186.9688625371222,579.3339534609713) (187.9688625371221,579.3339534609713) (187.9688625371221,605.323575552282) (188.968862537122,605.323575552282) (188.968862537122,631.3131976435927) (189.9688625371219,631.3131976435927) (189.9688625371219,657.3028197349034) (190.9688625371218,657.3028197349034) (190.9688625371218,683.2924418262141) (191.9688625371217,683.2924418262141) (191.9688625371217,709.2820639175249) (192.9688625371215,709.2820639175249) (192.9688625371215,735.2716860088356) (700,735.2716860088356)
robPositionX[0]:
[0]: (0,0) (0,92.5) (2,92.5) (2,97.73313175708738) (10.96886253712858,97.73313175708738) (10.96886253712858,123.7285354798977) (11.96886253712858,123.7285354798977) (11.96886253712858,149.723939202708) (12.98766599961182,149.723939202708) (12.98766599961182,175.7193429255182) (13.98766599961182,175.7193429255182) (13.98766599961182,201.7147466483285) (14.98766599961182,201.7147466483285) (14.98766599961182,227.7101503711388) (15.98766599961181,227.7101503711388) (15.98766599961181,253.7055540939491) (16.98766599961181,253.7055540939491) (16.98766599961181,279.7009578167594) (17.98766599961182,279.7009578167594) (17.98766599961182,305.6963615395697) (18.98766599961182,305.6963615395697) (18.98766599961182,331.69176526238) (19.98766599961182,331.69176526238) (19.98766599961182,357.6871689851903) (20.98766599961182,357.6871689851903) (20.98766599961182,383.6825727080006) (21.98766599961182,383.6825727080006) (21.98766599961182,409.6779764308109) (22.98766599961182,409.6779764308109) (22.98766599961182,435.6733801536212) (23.98766599961182,435.6733801536212) (23.98766599961182,461.6687838764315) (24.98766599961183,461.6687838764315) (24.98766599961183,487.6641875992418) (25.98766599961183,487.6641875992418) (25.98766599961183,513.6595913220521) (26.98766599961183,513.6595913220521) (26.98766599961183,539.6549950448623) (27.98766599961183,539.6549950448623) (27.98766599961183,565.6503987676725) (28.98766599961183,565.6503987676725) (28.98766599961183,591.6458024904828) (29.98766599961183,591.6458024904828) (29.98766599961183,617.641206213293) (30.98766599961183,617.641206213293) (30.98766599961183,643.6366099361032) (31.98766599961183,643.6366099361032) (31.98766599961183,669.6320136589135) (32.9876659996118,669.6320136589135) (32.9876659996118,695.6274173817237) (33.98766599961176,695.6274173817237) (33.98766599961176,721.622821104534) (34.98766599961173,721.622821104534) (34.98766599961173,747.6182248273442) (35.98766599961169,747.6182248273442) (35.98766599961169,773.6136285501544) (36.98766599961166,773.6136285501544) (36.98766599961166,799.6090322729647) (37.98766599961163,799.6090322729647) (37.98766599961163,825.6044359957749) (38.9876659996116,825.6044359957749) (38.9876659996116,851.5998397185851) (39.98766599961157,851.5998397185851) (39.98766599961157,877.5952434413954) (40.98766599961154,877.5952434413954) (40.98766599961154,903.5906471642056) (41.98766599961152,903.5906471642056) (41.98766599961152,929.5860508870159) (42.98766599961149,929.5860508870159) (42.98766599961149,955.5814546098261) (43.98766599961146,955.5814546098261) (43.98766599961146,981.5768583326363) (44.98766599961145,981.5768583326363) (44.98766599961145,1007.572262055447) (45.98766599961144,1007.572262055447) (45.98766599961144,1033.567665778257) (46.98766599961142,1033.567665778257) (46.98766599961142,1059.563069501067) (47.98766599961141,1059.563069501067) (47.98766599961141,1085.558473223878) (48.98766599961139,1085.558473223878) (48.98766599961139,1111.553876946688) (49.98766599961138,1111.553876946688) (49.98766599961138,1137.549280669498) (50.98766599961137,1137.549280669498) (50.98766599961137,1163.544684392309) (51.98766599961135,1163.544684392309) (51.98766599961135,1189.540088115119) (52.98766599961134,1189.540088115119) (52.98766599961134,1215.535491837929) (53.98766599961132,1215.535491837929) (53.98766599961132,1241.53089556074) (54.98766599961131,1241.53089556074) (54.98766599961131,1267.52629928355) (55.98766599961129,1267.52629928355) (55.98766599961129,1293.52170300636) (56.98766599961128,1293.52170300636) (56.98766599961128,1319.517106729171) (57.98766599961127,1319.517106729171) (57.98766599961127,1345.512510451981) (58.98766599961125,1345.512510451981) (58.98766599961125,1371.507914174791) (59.98766599961124,1371.507914174791) (59.98766599961124,1397.503317897602) (61.00039685647037,1397.503317897602) (61.00039685647037,1423.501210954746) (62.00901607414954,1423.501210954746) (62.00901607414954,1449.500245178851) (63.01485151491742,1449.500245178851) (63.01485151491742,1475.499802499311) (64.01880224596567,1475.499802499311) (64.01880224596567,1501.499599591989) (65.02147697838579,1501.499599591989) (65.02147697838579,1527.499506587529) (66.02328782970801,1527.499506587529) (66.02328782970801,1553.499463958168) (67.02451381441618,1553.499463958168) (67.02451381441618,1579.49944441867) (68.02534383186612,1579.49944441867) (68.02534383186612,1605.499435462594) (69.02590577109584,1605.499435462594) (69.02590577109584,1631.49943135751) (70.02628621572913,1631.49943135751) (70.02628621572913,1657.499429475914) (71.0265437847123,1657.499429475914) (71.0265437847123,1683.499428613471) (72.0267181643059,1683.499428613471) (72.0267181643059,1709.499428218164) (73.02683622294009,1709.499428218164) (73.02683622294009,1735.499428036972) (74.02691615110744,1735.499428036972) (74.02691615110744,1761.499427953921) (75.02697026414853,1761.499427953921) (75.02697026414853,1787.499427915854) (76.02700689981016,1787.499427915854) (76.02700689981016,1813.499427898406) (77.0270317029216,1813.499427898406) (77.0270317029216,1839.499427890409) (78.02704849514846,1839.499427890409) (78.02704849514846,1865.499427886743) (79.02705986382622,1865.499427886743) (79.02705986382622,1891.499427885063) (80.02706756066179,1891.499427885063) (80.02706756066179,1917.499427884293) (81.02707277157458,1917.499427884293) (81.02707277157458,1943.499427883939) (82.02707629946967,1943.499427883939) (82.02707629946967,1969.499427883778) (83.02707868793564,1969.499427883778) (83.02707868793564,1995.499427883703) (84.02708030496906,1995.499427883703) (84.02708030496906,2021.499427883669) (85.02708139977345,2021.499427883669) (85.02708139977345,2047.499427883654) (86.02708214094703,2047.499427883654) (86.02708214094703,2073.499427883647) (87.02708264274233,2073.499427883647) (87.02708264274233,2099.499427883643) (88.02708298254103,2099.499427883643) (88.02708298254103,2125.499427883642) (89.02708321290734,2125.499427883642) (89.02708321290734,2151.499427883641) (90.02708336776469,2151.499427883641) (90.02708336776469,2177.499427883641) (91.02708347207276,2177.499427883641) (91.02708347207276,2203.499427883641) (92.02708354507318,2203.499427883641) (92.02708354507318,2229.499427883641) (93.02708359449468,2229.499427883641) (93.02708359449468,2255.499427883641) (94.02708362781463,2255.499427883641) (94.02708362781463,2281.499427883641) (95.027083648888,2281.499427883641) (95.027083648888,2307.499427883641) (96.02708364888794,2307.499427883641) (96.02708364888794,2333.499427883641) (97.02708364888788,2333.499427883641) (97.02708364888788,2359.499427883641) (98.02708364888782,2359.499427883641) (98.02708364888782,2385.499427883641) (99.02708364888777,2385.499427883641) (99.02708364888777,2411.499427883641) (100.0270836488877,2411.499427883641) (100.0270836488877,2437.499427883641) (101.0270836488877,2437.499427883641) (101.0270836488877,2463.499427883641) (102.0270836488876,2463.499427883641) (102.0270836488876,2489.499427883641) (103.0270836488875,2489.499427883641) (103.0270836488875,2515.499427883641) (104.0270836488875,2515.499427883641) (104.0270836488875,2541.499427883641) (105.0270836488874,2541.499427883641) (105.0270836488874,2567.499427883641) (106.0270836488874,2567.499427883641) (106.0270836488874,2593.499427883641) (107.0270836488873,2593.499427883641) (107.0270836488873,2619.499427883641) (108.0270836488873,2619.499427883641) (108.0270836488873,2645.499427883641) (109.0270836488872,2645.499427883641) (109.0270836488872,2671.499427883641) (110.0270836488871,2671.499427883641) (110.0270836488871,2697.499427883641) (111.0270836488871,2697.499427883641) (111.0270836488871,2723.499427883641) (112.027083648887,2723.499427883641) (112.027083648887,2749.499427883641) (113.027083648887,2749.499427883641) (113.027083648887,2775.499427883641) (114.0270836488869,2775.499427883641) (114.0270836488869,2801.499427883641) (115.0270836488869,2801.499427883641) (115.0270836488869,2827.499427883641) (116.0270836488868,2827.499427883641) (116.0270836488868,2853.499427883641) (117.0270836488867,2853.499427883641) (117.0270836488867,2879.499427883641) (118.0270836488867,2879.499427883641) (118.0270836488867,2905.499427883641) (119.0270836488866,2905.499427883641) (119.0270836488866,2931.499427883641) (120.0270836488866,2931.499427883641) (120.0270836488866,2957.499427883641) (121.0270836488865,2957.499427883641) (121.0270836488865,2983.499427883641) (122.0270836488865,2983.499427883641) (122.0270836488865,3009.499427883641) (123.0270836488864,3009.499427883641) (123.0270836488864,3035.499427883641) (124.0270836488863,3035.499427883641) (124.0270836488863,3061.499427883641) (125.0270836488863,3061.499427883641) (125.0270836488863,3087.499427883641) (126.0270836488862,3087.499427883641) (126.0270836488862,3113.499427883641) (127.0270836488862,3113.499427883641) (127.0270836488862,3139.499427883641) (128.0270836488861,3139.499427883641) (128.0270836488861,3165.499427883641) (129.0270836488862,3165.499427883641) (129.0270836488862,3191.499427883641) (130.0270836488862,3191.499427883641) (130.0270836488862,3217.499427883641) (131.0270836488863,3217.499427883641) (131.0270836488863,3243.499427883641) (132.0270836488863,3243.499427883641) (132.0270836488863,3269.499427883641) (133.0270836488864,3269.499427883641) (133.0270836488864,3295.499427883641) (134.0270836488864,3295.499427883641) (134.0270836488864,3321.499427883641) (135.0270836488865,3321.499427883641) (135.0270836488865,3347.499427883641) (136.0270836488866,3347.499427883641) (136.0270836488866,3373.499427883641) (137.0270836488866,3373.499427883641) (137.0270836488866,3399.499427883641) (138.0270836488866,3399.499427883641) (138.0270836488866,3425.499427883641) (139.0270836488866,3425.499427883641) (139.0270836488866,3451.499427883641) (140.0270836488866,3451.499427883641) (140.0270836488866,3477.499427883641) (141.0270836488866,3477.499427883641) (141.0270836488866,3503.499427883641) (142.0270836488866,3503.499427883641) (142.0270836488866,3529.499427883641) (143.0270836488866,3529.499427883641) (143.0270836488866,3555.499427883641) (144.0270836488866,3555.499427883641) (144.0270836488866,3581.499427883641) (145.0270836488866,3581.499427883641) (145.0270836488866,3607.499427883641) (146.0270836488866,3607.499427883641) (146.0270836488866,3633.499427883641) (147.0270836488866,3633.499427883641) (147.0270836488866,3659.499427883641) (148.0270836488866,3659.499427883641) (148.0270836488866,3685.499427883641) (149.0270836488866,3685.499427883641) (149.0270836488866,3711.499427883641) (150.0270836488866,3711.499427883641) (150.0270836488866,3737.499427883641) (151.0270836488866,3737.499427883641) (151.0270836488866,3763.499427883641) (152.0270836488866,3763.499427883641) (152.0270836488866,3789.499427883641) (153.0270836488866,3789.499427883641) (153.0270836488866,3815.499427883641) (154.0270836488866,3815.499427883641) (154.0270836488866,3841.499427883641) (155.0270836488866,3841.499427883641) (155.0270836488866,3867.499427883641) (156.0270836488866,3867.499427883641) (156.0270836488866,3893.499427883641) (157.0270836488866,3893.499427883641) (157.0270836488866,3919.499427883641) (158.0270836488866,3919.499427883641) (158.0270836488866,3945.499427883641) (159.0270836488866,3945.499427883641) (159.0270836488866,3971.499427883641) (160.0270836488866,3971.499427883641) (160.0270836488866,3997.499427883641) (161.0270836488864,3997.499427883641) (161.0270836488864,4023.499427883641) (162.0270836488863,4023.499427883641) (162.0270836488863,4049.499427883641) (163.0270836488862,4049.499427883641) (163.0270836488862,4075.499427883641) (164.0270836488861,4075.499427883641) (164.0270836488861,4101.49942788364) (165.027083648886,4101.49942788364) (165.027083648886,4127.49942788364) (166.0270836488859,4127.49942788364) (166.0270836488859,4153.49942788364) (167.0270836488858,4153.49942788364) (167.0270836488858,4179.49942788364) (168.0270836488857,4179.49942788364) (168.0270836488857,4205.49942788364) (169.0270836488855,4205.49942788364) (169.0270836488855,4231.49942788364) (170.0270836488854,4231.49942788364) (170.0270836488854,4257.49942788364) (171.0270836488853,4257.49942788364) (171.0270836488853,4283.49942788364) (172.0270836488852,4283.49942788364) (172.0270836488852,4309.49942788364) (173.26586544464,4309.49942788364) (173.26586544464,4334.761725317672) (174.7819815415532,4334.761725317672) (174.7819815415532,4357.375029374853) (176.5808387207263,4357.375029374853) (176.5808387207263,4371.80338971305) (178.7165463640195,4371.80338971305) (178.7165463640195,4380.472858151295) (181.0248448229237,4380.472858151295) (181.0248448229237,4385.010512952947) (183.4509848706696,4385.010512952947) (183.4509848706696,4388.172157803916) (185.9196860986918,4388.172157803916) (185.9196860986918,4390.428283375573) (188.4170531342193,4390.428283375573) (188.4170531342193,4391.835488330516) (190.9415182966716,4391.835488330516) (190.9415182966716,4392.871718959358) (193.478356134793,4392.871718959358) (193.478356134793,4393.515439372457) (196.0283113548687,4393.515439372457) (196.0283113548687,4394.057268921059) (198.5782665749445,4394.057268921059) (198.5782665749445,4394.599098469662) (201.1282217950202,4394.599098469662) (201.1282217950202,4395.140928018264) (203.678177015096,4395.140928018264) (203.678177015096,4395.682757566867) (206.2281322351718,4395.682757566867) (206.2281322351718,4396.224587115469) (208.7780874552475,4396.224587115469) (208.7780874552475,4396.766416664072) (211.3280426753232,4396.766416664072) (211.3280426753232,4397.308246212675) (213.877997895399,4397.308246212675) (213.877997895399,4397.850075761278) (216.4279531154747,4397.850075761278) (216.4279531154747,4398.391905309881) (218.9779083355505,4398.391905309881) (218.9779083355505,4398.933734858484) (221.5278635556263,4398.933734858484) (221.5278635556263,4399.475564407086) (224.077818775702,4399.475564407086) (224.077818775702,4400.01739395569) (226.6277739957777,4400.01739395569) (226.6277739957777,4400.559223504292) (229.1777292158534,4400.559223504292) (229.1777292158534,4400.840201776819) (700,4400.840201776819)
robPositionY[0]:
[0]: (0,0) (0,163.5) (2,163.5) (2,188.9679078844919) (10.96886253712858,188.9679078844919) (10.96886253712858,188.479046668909) (11.96886253712858,188.479046668909) (11.96886253712858,187.9901854533262) (12.98766599961182,187.9901854533262) (12.98766599961182,187.5013242377433) (13.98766599961182,187.5013242377433) (13.98766599961182,187.0124630221605) (14.98766599961182,187.0124630221605) (14.98766599961182,186.5236018065776) (15.98766599961181,186.5236018065776) (15.98766599961181,186.0347405909947) (16.98766599961181,186.0347405909947) (16.98766599961181,185.5458793754118) (17.98766599961182,185.5458793754118) (17.98766599961182,185.0570181598289) (18.98766599961182,185.0570181598289) (18.98766599961182,184.568156944246) (19.98766599961182,184.568156944246) (19.98766599961182,184.0792957286631) (20.98766599961182,184.0792957286631) (20.98766599961182,183.5904345130803) (21.98766599961182,183.5904345130803) (21.98766599961182,183.1015732974974) (22.98766599961182,183.1015732974974) (22.98766599961182,182.6127120819145) (23.98766599961182,182.6127120819145) (23.98766599961182,182.1238508663316) (24.98766599961183,182.1238508663316) (24.98766599961183,181.6349896507487) (25.98766599961183,181.6349896507487) (25.98766599961183,181.1461284351658) (26.98766599961183,181.1461284351658) (26.98766599961183,180.6572672195829) (27.98766599961183,180.6572672195829) (27.98766599961183,180.168406004) (28.98766599961183,180.168406004) (28.98766599961183,179.6795447884172) (29.98766599961183,179.6795447884172) (29.98766599961183,179.1906835728343) (30.98766599961183,179.1906835728343) (30.98766599961183,178.7018223572514) (31.98766599961183,178.7018223572514) (31.98766599961183,178.2129611416685) (32.9876659996118,178.2129611416685) (32.9876659996118,177.7240999260856) (33.98766599961176,177.7240999260856) (33.98766599961176,177.2352387105027) (34.98766599961173,177.2352387105027) (34.98766599961173,176.7463774949198) (35.98766599961169,176.7463774949198) (35.98766599961169,176.257516279337) (36.98766599961166,176.257516279337) (36.98766599961166,175.7686550637541) (37.98766599961163,175.7686550637541) (37.98766599961163,175.2797938481712) (38.9876659996116,175.2797938481712) (38.9876659996116,174.7909326325883) (39.98766599961157,174.7909326325883) (39.98766599961157,174.3020714170054) (40.98766599961154,174.3020714170054) (40.98766599961154,173.8132102014225) (41.98766599961152,173.8132102014225) (41.98766599961152,173.3243489858396) (42.98766599961149,173.3243489858396) (42.98766599961149,172.8354877702567) (43.98766599961146,172.8354877702567) (43.98766599961146,172.3466265546739) (44.98766599961145,172.3466265546739) (44.98766599961145,171.857765339091) (45.98766599961144,171.857765339091) (45.98766599961144,171.3689041235081) (46.98766599961142,171.3689041235081) (46.98766599961142,170.8800429079252) (47.98766599961141,170.8800429079252) (47.98766599961141,170.3911816923423) (48.98766599961139,170.3911816923423) (48.98766599961139,169.9023204767594) (49.98766599961138,169.9023204767594) (49.98766599961138,169.4134592611765) (50.98766599961137,169.4134592611765) (50.98766599961137,168.9245980455937) (51.98766599961135,168.9245980455937) (51.98766599961135,168.4357368300108) (52.98766599961134,168.4357368300108) (52.98766599961134,167.9468756144279) (53.98766599961132,167.9468756144279) (53.98766599961132,167.458014398845) (54.98766599961131,167.458014398845) (54.98766599961131,166.9691531832621) (55.98766599961129,166.9691531832621) (55.98766599961129,166.4802919676792) (56.98766599961128,166.4802919676792) (56.98766599961128,165.9914307520963) (57.98766599961127,165.9914307520963) (57.98766599961127,165.5025695365134) (58.98766599961125,165.5025695365134) (58.98766599961125,165.0137083209306) (59.98766599961124,165.0137083209306) (59.98766599961124,164.5248471053477) (61.00039685647037,164.5248471053477) (61.00039685647037,164.1938537681208) (62.00901607414954,164.1938537681208) (62.00901607414954,163.969756883213) (63.01485151491742,163.969756883213) (63.01485151491742,163.8180362843253) (64.01880224596567,163.8180362843253) (64.01880224596567,163.7153175442811) (65.02147697838579,163.7153175442811) (65.02147697838579,163.6457745842783) (66.02328782970801,163.6457745842783) (66.02328782970801,163.5986924756321) (67.02451381441618,163.5986924756321) (67.02451381441618,163.566816881204) (68.02534383186612,163.566816881204) (68.02534383186612,163.545236429983) (69.02590577109584,163.545236429983) (69.02590577109584,163.5306260107791) (70.02628621572913,163.5306260107791) (70.02628621572913,163.5207344505516) (71.0265437847123,163.5207344505516) (71.0265437847123,163.5140376570627) (72.0267181643059,163.5140376570627) (72.0267181643059,163.5095037876518) (73.02683622294009,163.5095037876518) (73.02683622294009,163.5064342631685) (74.02691615110744,163.5064342631685) (74.02691615110744,163.5043561308182) (75.02697026414853,163.5043561308182) (75.02697026414853,163.5029491917491) (76.02700689981016,163.5029491917491) (76.02700689981016,163.5019966645455) (77.0270317029216,163.5019966645455) (77.0270317029216,163.5013517836466) (78.02704849514846,163.5013517836466) (78.02704849514846,163.5009151857469) (79.02705986382622,163.5009151857469) (79.02705986382622,163.5006196001235) (80.02706756066179,163.5006196001235) (80.02706756066179,163.5004194823974) (81.02707277157458,163.5004194823974) (81.02707277157458,163.5002839986634) (82.02707629946967,163.5002839986634) (82.02707629946967,163.5001922733894) (83.02707868793564,163.5001922733894) (83.02707868793564,163.5001301732726) (84.02708030496906,163.5001301732726) (84.02708030496906,163.5000881304022) (85.02708139977345,163.5000881304022) (85.02708139977345,163.5000596654866) (86.02708214094703,163.5000596654866) (86.02708214094703,163.5000403949721) (87.02708264274233,163.5000403949721) (87.02708264274233,163.5000273482928) (88.02708298254103,163.5000273482928) (88.02708298254103,163.5000185135251) (89.02708321290734,163.5000185135251) (89.02708321290734,163.5000125239997) (90.02708336776469,163.5000125239997) (90.02708336776469,163.5000084977071) (91.02708347207276,163.5000084977071) (91.02708347207276,163.5000057856957) (92.02708354507318,163.5000057856957) (92.02708354507318,163.5000038876832) (93.02708359449468,163.5000038876832) (93.02708359449468,163.5000026027226) (94.02708362781463,163.5000026027226) (94.02708362781463,163.5000017364024) (95.027083648888,163.5000017364024) (95.027083648888,163.5000011884933) (96.02708364888794,163.5000011884933) (96.02708364888794,163.5000006405843) (173.26586544464,163.5000006405843) (173.26586544464,169.6494988603188) (174.7819815415532,169.6494988603188) (174.7819815415532,182.4806515605829) (176.5808387207263,182.4806515605829) (176.5808387207263,204.1098544573876) (178.7165463640195,204.1098544573876) (178.7165463640195,228.6218987825405) (181.0248448229237,228.6218987825405) (181.0248448229237,254.2228692504944) (183.4509848706696,254.2228692504944) (183.4509848706696,280.0299225855101) (185.9196860986918,280.0299225855101) (185.9196860986918,305.9318510350467) (188.4170531342193,305.9318510350467) (188.4170531342193,331.8937418408948) (190.9415182966716,331.8937418408948) (190.9415182966716,357.873084135954) (193.478356134793,357.873084135954) (193.478356134793,383.8651141457428) (196.0283113548687,383.8651141457428) (196.0283113548687,409.8594677776426) (198.5782665749445,409.8594677776426) (198.5782665749445,435.8538214095424) (201.1282217950202,435.8538214095424) (201.1282217950202,461.8481750414421) (203.678177015096,461.8481750414421) (203.678177015096,487.8425286733419) (206.2281322351718,487.8425286733419) (206.2281322351718,513.8368823052417) (208.7780874552475,513.8368823052417) (208.7780874552475,539.8312359371415) (211.3280426753232,539.8312359371415) (211.3280426753232,565.8255895690413) (213.877997895399,565.8255895690413) (213.877997895399,591.8199432009411) (216.4279531154747,591.8199432009411) (216.4279531154747,617.8142968328409) (218.9779083355505,617.8142968328409) (218.9779083355505,643.8086504647407) (221.5278635556263,643.8086504647407) (221.5278635556263,669.8030040966405) (224.077818775702,669.8030040966405) (224.077818775702,695.7973577285403) (226.6277739957777,695.7973577285403) (226.6277739957777,721.7917113604401) (229.1777292158534,721.7917113604401) (229.1777292158534,735.2716860088356) (700,735.2716860088356)
batteryCharge[0]:
[0]: (0,100) (700,100)
user_guided_transport.end:
[0]: (0,0) (231.1777292158525,0) (231.1777292158525,1) (700,1)
[2K
Verifying formula 5 at /nta/queries/query[5]/formula
 -- Formula: simulate[<=700]{robot_inventory[0][0], user_guided_transport.end*2}
[2K -- Formula is satisfied.
robot_inventory[0][0]:
[0]: (0,0) (8.789391999374832,0) (8.789391999374832,1) (700,1)
user_guided_transport.end * 2:
[0]: (0,0) (232.0170621405972,0) (232.0170621405972,2) (700,2)
[2K
Verifying formula 6 at /nta/queries/query[6]/formula
 -- Formula: simulate[<=700]{bedroom[0], bedroom[1], kitchen[0], kitchen[1]}
[2K -- Formula is satisfied.
bedroom[0]:
[0]: (0,100) (700,100)
bedroom[1]:
[0]: (0,200) (700,200)
kitchen[0]:
[0]: (0,4400) (700,4400)
kitchen[1]:
[0]: (0,765) (700,765)
[2K
Verifying formula 7 at /nta/queries/query[7]/formula
 -- Formula: simulate[<=700]{rm_1.idle, rf_1.idle, rp_1.idle, rd_1.idle}
[2K -- Formula is satisfied.
rm_1.idle:
[0]: (0,0) (0,1) (0,0) (3,0) (3,1) (700,1)
rf_1.idle:
[0]: (0,0) (0,1) (11.56627947677197,1) (11.56627947677197,0) (233.7939496179945,0) (233.7939496179945,1) (700,1)
rp_1.idle:
[0]: (0,0) (0,1) (2,1) (2,0) (11.56627947677197,0) (11.56627947677197,1) (700,1)
rd_1.idle:
[0]: (0,0) (0,1) (700,1)
[2K
Verifying formula 8 at /nta/queries/query[8]/formula
 -- Formula: Pr[<=700](<>!rm_1.idle || !rf_1.idle || !rp_1.idle || !rd_1.idle)
[2K -- Formula is satisfied.
(72/72 runs) Pr(<> …) in [0.950056,1] (95% CI)
Values in [0,0] mean=0 steps=2.22045e-16: 72
[2K
Verifying formula 9 at /nta/queries/query[9]/formula
 -- Formula: Pr[<=700]([] (user_guided_transport.end imply (rm_1.idle && rf_1.idle && rp_1.idle && rd_1.idle)))
 -- Throughput: 602996 runs/sec, Load: 331 runs[K
[2K -- Formula is satisfied.
(72/72 runs) Pr([] …) in [0.950056,1] (95% CI)
[2K
Verifying formula 10 at /nta/queries/query[10]/formula
 -- Formula: Pr[<=700] (<> pow(robPositionX[0] - bedroom[0], 2) + pow(robPositionY[0] - bedroom[1], 2) <= 900 )
[2K -- Formula is satisfied.
(72/72 runs) Pr(<> …) in [0.950056,1] (95% CI)
Values in [2,2] mean=2 steps=2.22045e-16: 72
[2K
Verifying formula 11 at /nta/queries/query[11]/formula
 -- Formula: Pr[<=700] (<> pow(humanPositionX[0] - kitchen[0], 2) + pow(humanPositionY[0] - kitchen[1], 2) <= 900 )
[2K -- Formula is satisfied.
(88/89 runs) Pr(<> …) in [0.938982,0.999716] (95% CI)
Values in [192.06,196.96] mean=194.333 steps=0.490056: 13 11 8 7 7 10 10 5 7 10
[2K
Verifying formula 12 at /nta/queries/query[12]/formula
 -- Formula: Pr[<=700] (<> pow(humanPositionX[0] - bedroom[0], 2) + pow(humanPositionY[0] - bedroom[1], 2) <= 900 )
[2K -- Formula is satisfied.
(72/72 runs) Pr(<> …) in [0.950056,1] (95% CI)
Values in [1,1] mean=1 steps=2.22045e-16: 72
[2K
Verifying formula 13 at /nta/queries/query[13]/formula
 -- Formula: Pr[<=700] (<> !isValidPosition(humanPositionX[0], humanPositionY[0]))
[2K -- Formula is satisfied.
(72/72 runs) Pr(<> …) in [0.950056,1] (95% CI)
Values in [0,0] mean=0 steps=2.22045e-16: 72
[2K
Verifying formula 14 at /nta/queries/query[14]/formula
 -- Formula: Pr[<=700] (<> !isValidPosition(robPositionX[0], robPositionY[0]))
[2K -- Formula is satisfied.
(72/72 runs) Pr(<> …) in [0.950056,1] (95% CI)
Values in [0,0] mean=0 steps=2.22045e-16: 72
[2K
Verifying formula 15 at /nta/queries/query[15]/formula
 -- Formula: Pr[<=700] (<> currP > 2)
 -- Throughput: 591164 runs/sec, Load: 332 runs[K
[2K -- Formula is satisfied.
(0/72 runs) Pr(<> …) in [0,0.0499441] (95% CI)
