Options for the verification:
  Generating no trace
  Search order is breadth first
  Using conservative space optimisation
  Seed is 1784845176
  State space representation uses minimal constraint systems with future testing
  Using HashMap + Compress integers for discrete state storage
[2K
Verifying formula 1 at /nta/queries/query[1]/formula
 -- Formula: simulate[<=700]{Coffee_Delivery_robot1_def.s1_start, Coffee_Delivery_robot1_def.s1_end, Coffee_Delivery_robot1_def.s2_start, Coffee_Delivery_robot1_def.s2_end, Coffee_Delivery_robot1_def.s3_start, Coffee_Delivery_robot1_def.s3_end, Coffee_Delivery_robot1_def.s4_start, Coffee_Delivery_robot1_def.s4_end, Coffee_Delivery.end}
[2K -- Aborted.
Coffee_Delivery_robot1_def.s1_start:
[0]: (0,0) (0,1) (0,0) (191.5990514817416,0)
Coffee_Delivery_robot1_def.s1_end:
[0]: (0,0) (191.5990514817416,0) (191.5990514817416,1)
Coffee_Delivery_robot1_def.s2_start:
[0]: (0,0) (191.5990514817416,0) (191.5990514817416,1)
Coffee_Delivery_robot1_def.s2_end:
[0]: (0,0) (191.5990514817416,0)
Coffee_Delivery_robot1_def.s3_start:
[0]: (0,0) (191.5990514817416,0)
Coffee_Delivery_robot1_def.s3_end:
[0]: (0,0) (191.5990514817416,0)
Coffee_Delivery_robot1_def.s4_start:
[0]: (0,0) (191.5990514817416,0)
Coffee_Delivery_robot1_def.s4_end:
[0]: (0,0) (191.5990514817416,0)
Coffee_Delivery.end:
[0]: (0,0) (191.5990514817416,0)
[2K
Verifying formula 2 at /nta/queries/query[2]/formula
 -- Formula: simulate[<=700]{Coffee_Delivery_employee_def.s1_start, Coffee_Delivery_employee_def.s1_end, Coffee_Delivery_employee_def.s2_start, Coffee_Delivery_employee_def.s2_end, Coffee_Delivery_employee_def.s3_start, Coffee_Delivery_employee_def.s3_idle, Coffee_Delivery_employee_def.s4_start, Coffee_Delivery_employee_def.s4_idle, Coffee_Delivery.end}
[2K -- Aborted.
Coffee_Delivery_employee_def.s1_start:
[0]: (0,0) (0,1) (0,0) (5,0) (5,1) (5,0) (10,0) (10,1) (10,0) (15,0) (15,1) (15,0) (20,0) (20,1) (20,0) (25,0) (25,1) (25,0) (30,0) (30,1) (30,0) (35,0) (35,1) (35,0) (40,0) (40,1) (40,0) (45,0) (45,1) (45,0) (50,0) (50,1) (50,0) (55,0) (55,1) (55,0) (60,0) (60,1) (60,0) (65,0) (65,1) (65,0) (70,0) (70,1) (70,0) (75,0) (75,1) (75,0) (80,0) (80,1) (80,0) (85,0) (85,1) (85,0) (90,0) (90,1) (90,0) (95,0) (95,1) (95,0) (100,0) (100,1) (100,0) (105,0) (105,1) (105,0) (110,0) (110,1) (110,0) (115,0) (115,1) (115,0) (120,0) (120,1) (120,0) (125,0) (125,1) (125,0) (130,0) (130,1) (130,0) (135,0) (135,1) (135,0) (140,0) (140,1) (140,0) (145,0) (145,1) (145,0) (150,0) (150,1) (150,0) (155,0) (155,1) (155,0) (160,0) (160,1) (160,0) (165,0) (165,1) (165,0) (170,0) (170,1) (170,0) (175,0) (175,1) (175,0) (180,0) (180,1) (180,0) (185,0) (185,1) (185,0) (201.5990514817406,0)
Coffee_Delivery_employee_def.s1_end:
[0]: (0,0) (186,0) (186,1) (191.5990514817416,1) (191.5990514817416,0) (201.5990514817406,0)
Coffee_Delivery_employee_def.s2_start:
[0]: (0,0) (191.5990514817416,0) (191.5990514817416,1) (191.5990514817416,0) (196.5990514817408,0) (196.5990514817408,1) (196.5990514817408,0) (201.5990514817406,0) (201.5990514817406,1)
Coffee_Delivery_employee_def.s2_end:
[0]: (0,0) (201.5990514817406,0)
Coffee_Delivery_employee_def.s3_start:
[0]: (0,0) (201.5990514817406,0)
Coffee_Delivery_employee_def.s3_idle:
[0]: (0,0) (201.5990514817406,0)
Coffee_Delivery_employee_def.s4_start:
[0]: (0,0) (201.5990514817406,0)
Coffee_Delivery_employee_def.s4_idle:
[0]: (0,0) (201.5990514817406,0)
Coffee_Delivery.end:
[0]: (0,0) (191.5990514817416,0)
[2K
Verifying formula 3 at /nta/queries/query[3]/formula
 -- Formula: Pr[<=700] (<> Coffee_Delivery.end)
[2K -- Aborted.
[2K
Verifying formula 4 at /nta/queries/query[4]/formula
 -- Formula: simulate[<=700]{humanPositionX[0], humanPositionY[0], robPositionX[0], robPositionY[0], batteryCharge[0], Coffee_Delivery.end}
[2K -- Aborted.
humanPositionX[0]:
[0]: (0,0) (0,92.5) (1,92.5) (1,118.5) (2,118.5) (2,144.5) (3,144.5) (3,170.5) (4,170.5) (4,196.5) (5,196.5) (5,222.5) (6,222.5) (6,248.5) (7,248.5) (7,274.5) (8,274.5) (8,300.5) (9,300.5) (9,326.5) (10,326.5) (10,352.5) (11,352.5) (11,378.5) (12,378.5) (12,404.5) (13,404.5) (13,430.5) (14,430.5) (14,456.5) (15,456.5) (15,482.5) (16,482.5) (16,508.5) (17,508.5) (17,534.5) (18,534.5) (18,560.5) (19,560.5) (19,586.5) (20,586.5) (20,612.5) (21,612.5) (21,638.5) (22,638.5) (22,664.5) (23,664.5) (23,690.5) (24,690.5) (24,716.5) (25,716.5) (25,742.5) (26,742.5) (26,768.5) (27,768.5) (27,794.5) (28,794.5) (28,820.5) (29,820.5) (29,846.5) (30,846.5) (30,872.5) (31,872.5) (31,898.5) (32,898.5) (32,924.5) (33,924.5) (33,950.5) (34,950.5) (34,976.5) (35,976.5) (35,1002.5) (36,1002.5) (36,1028.5) (37,1028.5) (37,1054.5) (38,1054.5) (38,1080.5) (39,1080.5) (39,1106.5) (40,1106.5) (40,1132.5) (41,1132.5) (41,1158.5) (42,1158.5) (42,1184.5) (43,1184.5) (43,1210.5) (44,1210.5) (44,1236.5) (45,1236.5) (45,1262.5) (46,1262.5) (46,1288.5) (47,1288.5) (47,1314.5) (48,1314.5) (48,1340.5) (49,1340.5) (49,1366.5) (50,1366.5) (50,1392.5) (51,1392.5) (51,1418.5) (52,1418.5) (52,1444.5) (53,1444.5) (53,1478) (54,1478) (54,1504) (55,1504) (55,1530) (56,1530) (56,1556) (57,1556) (57,1582) (58,1582) (58,1608) (59,1608) (59,1634) (60,1634) (60,1660) (61,1660) (61,1686) (62,1686) (62,1712) (63,1712) (63,1738) (64,1738) (64,1764) (65,1764) (65,1790) (66,1790) (66,1816) (67,1816) (67,1842) (68,1842) (68,1868) (69,1868) (69,1894) (70,1894) (70,1920) (71,1920) (71,1946) (72,1946) (72,1972) (73,1972) (73,1998) (74,1998) (74,2024) (75,2024) (75,2050) (76,2050) (76,2076) (77,2076) (77,2102) (78,2102) (78,2128) (79,2128) (79,2154) (80,2154) (80,2180) (81,2180) (81,2206) (82,2206) (82,2232) (83,2232) (83,2258) (84,2258) (84,2284) (85,2284) (85,2310) (86,2310) (86,2336) (87,2336) (87,2362) (88,2362) (88,2388) (89,2388) (89,2414) (90,2414) (90,2440) (91,2440) (91,2466) (92,2466) (92,2492) (93,2492) (93,2518) (94,2518) (94,2544) (95,2544) (95,2570) (96,2570) (96,2596) (97,2596) (97,2622) (98,2622) (98,2648) (99,2648) (99,2674) (100,2674) (100,2700) (101,2700) (101,2726) (102,2726) (102,2752) (103,2752) (103,2778) (104,2778) (104,2804) (105,2804) (105,2830) (106,2830) (106,2856) (107,2856) (107,2882) (108,2882) (108,2908) (109,2908) (109,2934) (110,2934) (110,2960) (111,2960) (111,2986) (112,2986) (112,3012) (113,3012) (113,3038) (114,3038) (114,3088.5) (115,3088.5) (115,3114.5) (116,3114.5) (116,3140.5) (117,3140.5) (117,3166.5) (118,3166.5) (118,3192.5) (119,3192.5) (119,3218.5) (120,3218.5) (120,3244.5) (121,3244.5) (121,3270.5) (122,3270.5) (122,3296.5) (123,3296.5) (123,3322.5) (124,3322.5) (124,3348.5) (125,3348.5) (125,3374.5) (126,3374.5) (126,3400.5) (127,3400.5) (127,3426.5) (128,3426.5) (128,3452.5) (129,3452.5) (129,3478.5) (130,3478.5) (130,3504.5) (131,3504.5) (131,3530.5) (132,3530.5) (132,3556.5) (133,3556.5) (133,3582.5) (134,3582.5) (134,3608.5) (135,3608.5) (135,3634.5) (136,3634.5) (136,3660.5) (137,3660.5) (137,3686.5) (138,3686.5) (138,3712.5) (139,3712.5) (139,3738.5) (140,3738.5) (140,3764.5) (141,3764.5) (141,3790.5) (142,3790.5) (142,3816.5) (143,3816.5) (143,3842.5) (144,3842.5) (144,3868.5) (145,3868.5) (145,3894.5) (146,3894.5) (146,3920.5) (147,3920.5) (147,3946.5) (148,3946.5) (148,3972.5) (149,3972.5) (149,3998.5) (150,3998.5) (150,4024.5) (151,4024.5) (151,4050.5) (152,4050.5) (152,4076.5) (153,4076.5) (153,4102.5) (154,4102.5) (154,4128.5) (155,4128.5) (155,4154.5) (156,4154.5) (156,4180.5) (157,4180.5) (157,4206.5) (158,4206.5) (158,4232.5) (159,4232.5) (159,4258.5) (160,4258.5) (160,4284.5) (161,4284.5) (161,4310.5) (162,4310.5) (162,4336.5) (163,4336.5) (163,4362.5) (164,4362.5) (164,4388.5) (165,4388.5) (165,4416.265463717128) (166,4416.265463717128) (166,4415.530927434256) (167,4415.530927434256) (167,4414.796391151384) (168,4414.796391151384) (168,4414.061854868512) (169,4414.061854868512) (169,4413.327318585641) (170,4413.327318585641) (170,4412.592782302769) (171,4412.592782302769) (171,4411.858246019897) (172,4411.858246019897) (172,4411.123709737025) (173,4411.123709737025) (173,4410.389173454153) (174,4410.389173454153) (174,4409.654637171281) (175,4409.654637171281) (175,4408.920100888409) (176,4408.920100888409) (176,4408.185564605537) (177,4408.185564605537) (177,4407.451028322665) (178,4407.451028322665) (178,4406.716492039794) (179,4406.716492039794) (179,4405.981955756922) (180,4405.981955756922) (180,4405.24741947405) (181,4405.24741947405) (181,4404.512883191178) (182,4404.512883191178) (182,4403.778346908306) (183,4403.778346908306) (183,4403.043810625434) (184,4403.043810625434) (184,4402.309274342562) (185,4402.309274342562) (185,4401.57473805969) (186,4401.57473805969) (186,4400.840201776819) (192.5990514817407,4400.840201776819) (192.5990514817407,4374.845079718808) (193.5990514817407,4374.845079718808) (193.5990514817407,4348.849957660797) (194.5990514817407,4348.849957660797) (194.5990514817407,4322.854835602787) (195.5990514817406,4322.854835602787) (195.5990514817406,4296.859713544776) (196.5990514817406,4296.859713544776) (196.5990514817406,4270.864591486766) (197.5990514817406,4270.864591486766) (197.5990514817406,4244.869469428755) (198.5990514817406,4244.869469428755) (198.5990514817406,4218.874347370745) (199.5990514817407,4218.874347370745) (199.5990514817407,4192.879225312734) (200.5990514817406,4192.879225312734) (200.5990514817406,4166.884103254723) (201.5990514817405,4166.884103254723) (201.5990514817405,4140.888981196713)
humanPositionY[0]:
[0]: (0,0) (0,163.5) (165,163.5) (165,189.4896220913107) (166,189.4896220913107) (166,215.4792441826214) (167,215.4792441826214) (167,241.4688662739321) (168,241.4688662739321) (168,267.4584883652428) (169,267.4584883652428) (169,293.4481104565535) (170,293.4481104565535) (170,319.4377325478642) (171,319.4377325478642) (171,345.427354639175) (172,345.427354639175) (172,371.4169767304857) (173,371.4169767304857) (173,397.4065988217964) (174,397.4065988217964) (174,423.3962209131071) (175,423.3962209131071) (175,449.3858430044178) (176,449.3858430044178) (176,475.3754650957285) (177,475.3754650957285) (177,501.3650871870392) (178,501.3650871870392) (178,527.3547092783499) (179,527.3547092783499) (179,553.3443313696606) (180,553.3443313696606) (180,579.3339534609713) (181,579.3339534609713) (181,605.323575552282) (182,605.323575552282) (182,631.3131976435927) (183,631.3131976435927) (183,657.3028197349034) (184,657.3028197349034) (184,683.2924418262141) (185,683.2924418262141) (185,709.2820639175249) (186,709.2820639175249) (186,735.2716860088356) (192.5990514817407,735.2716860088356) (192.5990514817407,735.7753021216812) (193.5990514817407,735.7753021216812) (193.5990514817407,736.2789182345268) (194.5990514817407,736.2789182345268) (194.5990514817407,736.7825343473725) (195.5990514817406,736.7825343473725) (195.5990514817406,737.2861504602181) (196.5990514817406,737.2861504602181) (196.5990514817406,737.7897665730637) (197.5990514817406,737.7897665730637) (197.5990514817406,738.2933826859094) (198.5990514817406,738.2933826859094) (198.5990514817406,738.796998798755) (199.5990514817407,738.796998798755) (199.5990514817407,739.3006149116006) (200.5990514817406,739.3006149116006) (200.5990514817406,739.8042310244463) (201.5990514817405,739.8042310244463) (201.5990514817405,740.3078471372919)
robPositionX[0]:
[0]: (0,0) (0,92.5) (2,92.5) (2,118.5) (3,118.5) (3,144.5) (4,144.5) (4,170.5) (5,170.5) (5,196.5) (6,196.5) (6,222.5) (7,222.5) (7,248.5) (8,248.5) (8,274.5) (9,274.5) (9,300.5) (10,300.5) (10,326.5) (11,326.5) (11,352.5) (12,352.5) (12,378.5) (13,378.5) (13,404.5) (14,404.5) (14,430.5) (15,430.5) (15,456.5) (16,456.5) (16,482.5) (17,482.5) (17,508.5) (18,508.5) (18,534.5) (19,534.5) (19,560.5) (20,560.5) (20,586.5) (21,586.5) (21,612.5) (22,612.5) (22,638.5) (23,638.5) (23,664.5) (24,664.5) (24,690.5) (25,690.5) (25,716.5) (26,716.5) (26,742.5) (27,742.5) (27,768.5) (28,768.5) (28,794.5) (29,794.5) (29,820.5) (30,820.5) (30,846.5) (31,846.5) (31,872.5) (32,872.5) (32,898.5) (33,898.5) (33,924.5) (34,924.5) (34,950.5) (35,950.5) (35,976.5) (36,976.5) (36,1002.5) (37,1002.5) (37,1028.5) (38,1028.5) (38,1054.5) (39,1054.5) (39,1080.5) (40,1080.5) (40,1106.5) (41,1106.5) (41,1132.5) (42,1132.5) (42,1158.5) (43,1158.5) (43,1184.5) (44,1184.5) (44,1210.5) (45,1210.5) (45,1236.5) (46,1236.5) (46,1262.5) (47,1262.5) (47,1288.5) (48,1288.5) (48,1314.5) (49,1314.5) (49,1340.5) (50,1340.5) (50,1366.5) (51,1366.5) (51,1392.5) (52,1392.5) (52,1418.5) (53,1418.5) (53,1444.5) (54,1444.5) (54,1452) (55,1452) (55,1478) (56,1478) (56,1504) (57,1504) (57,1530) (58,1530) (58,1556) (59,1556) (59,1582) (60,1582) (60,1608) (61,1608) (61,1634) (62,1634) (62,1660) (63,1660) (63,1686) (64,1686) (64,1712) (65,1712) (65,1738) (66,1738) (66,1764) (67,1764) (67,1790) (68,1790) (68,1816) (69,1816) (69,1842) (70,1842) (70,1868) (71,1868) (71,1894) (72,1894) (72,1920) (73,1920) (73,1946) (74,1946) (74,1972) (75,1972) (75,1998) (76,1998) (76,2024) (77,2024) (77,2050) (78,2050) (78,2076) (79,2076) (79,2102) (80,2102) (80,2128) (81,2128) (81,2154) (82,2154) (82,2180) (83,2180) (83,2206) (84,2206) (84,2232) (85,2232) (85,2258) (86,2258) (86,2284) (87,2284) (87,2310) (88,2310) (88,2336) (89,2336) (89,2362) (90,2362) (90,2388) (91,2388) (91,2414) (92,2414) (92,2440) (93,2440) (93,2466) (94,2466) (94,2492) (95,2492) (95,2518) (96,2518) (96,2544) (97,2544) (97,2570) (98,2570) (98,2596) (99,2596) (99,2622) (100,2622) (100,2648) (101,2648) (101,2674) (102,2674) (102,2700) (103,2700) (103,2726) (104,2726) (104,2752) (105,2752) (105,2778) (106,2778) (106,2804) (107,2804) (107,2830) (108,2830) (108,2856) (109,2856) (109,2882) (110,2882) (110,2908) (111,2908) (111,2934) (112,2934) (112,2960) (113,2960) (113,2986) (114,2986) (114,3012) (115,3012) (115,3038) (116,3038) (116,3062.5) (117,3062.5) (117,3088.5) (118,3088.5) (118,3114.5) (119,3114.5) (119,3140.5) (120,3140.5) (120,3166.5) (121,3166.5) (121,3192.5) (122,3192.5) (122,3218.5) (123,3218.5) (123,3244.5) (124,3244.5) (124,3270.5) (125,3270.5) (125,3296.5) (126,3296.5) (126,3322.5) (127,3322.5) (127,3348.5) (128,3348.5) (128,3374.5) (129,3374.5) (129,3400.5) (130,3400.5) (130,3426.5) (131,3426.5) (131,3452.5) (132,3452.5) (132,3478.5) (133,3478.5) (133,3504.5) (134,3504.5) (134,3530.5) (135,3530.5) (135,3556.5) (136,3556.5) (136,3582.5) (137,3582.5) (137,3608.5) (138,3608.5) (138,3634.5) (139,3634.5) (139,3660.5) (140,3660.5) (140,3686.5) (141,3686.5) (141,3712.5) (142,3712.5) (142,3738.5) (143,3738.5) (143,3764.5) (144,3764.5) (144,3790.5) (145,3790.5) (145,3816.5) (146,3816.5) (146,3842.5) (147,3842.5) (147,3868.5) (148,3868.5) (148,3894.5) (149,3894.5) (149,3920.5) (150,3920.5) (150,3946.5) (151,3946.5) (151,3972.5) (152,3972.5) (152,3998.5) (153,3998.5) (153,4024.5) (154,4024.5) (154,4050.5) (155,4050.5) (155,4076.5) (156,4076.5) (156,4102.5) (157,4102.5) (157,4128.5) (158,4128.5) (158,4154.5) (159,4154.5) (159,4180.5) (160,4180.5) (160,4206.5) (161,4206.5) (161,4232.5) (162,4232.5) (162,4258.5) (163,4258.5) (163,4284.5) (164,4284.5) (164,4310.5) (165,4310.5) (165,4336.5) (166,4336.5) (166,4362.5) (167,4362.5) (167,4388.5) (168,4388.5) (168,4417) (170.5990514817416,4417) (170.5990514817416,4416.265463717128) (171.5990514817416,4416.265463717128) (171.5990514817416,4415.530927434256) (172.5990514817416,4415.530927434256) (172.5990514817416,4414.796391151384) (173.5990514817416,4414.796391151384) (173.5990514817416,4414.061854868512) (174.5990514817416,4414.061854868512) (174.5990514817416,4413.327318585641) (175.5990514817416,4413.327318585641) (175.5990514817416,4412.592782302769) (176.5990514817416,4412.592782302769) (176.5990514817416,4411.858246019897) (177.5990514817416,4411.858246019897) (177.5990514817416,4411.123709737025) (178.5990514817416,4411.123709737025) (178.5990514817416,4410.389173454153) (179.5990514817416,4410.389173454153) (179.5990514817416,4409.654637171281) (180.5990514817416,4409.654637171281) (180.5990514817416,4408.920100888409) (181.5990514817416,4408.920100888409) (181.5990514817416,4408.185564605537) (182.5990514817416,4408.185564605537) (182.5990514817416,4407.451028322665) (183.5990514817416,4407.451028322665) (183.5990514817416,4406.716492039794) (184.5990514817416,4406.716492039794) (184.5990514817416,4405.981955756922) (185.5990514817416,4405.981955756922) (185.5990514817416,4405.24741947405) (186.5990514817416,4405.24741947405) (186.5990514817416,4404.512883191178) (187.5990514817416,4404.512883191178) (187.5990514817416,4403.778346908306) (188.5990514817416,4403.778346908306) (188.5990514817416,4403.043810625434) (189.5990514817416,4403.043810625434) (189.5990514817416,4402.309274342562) (190.5990514817416,4402.309274342562) (190.5990514817416,4401.57473805969) (191.5990514817416,4401.57473805969) (191.5990514817416,4400.840201776819)
robPositionY[0]:
[0]: (0,0) (0,163.5) (170.5990514817416,163.5) (170.5990514817416,189.4896220913107) (171.5990514817416,189.4896220913107) (171.5990514817416,215.4792441826214) (172.5990514817416,215.4792441826214) (172.5990514817416,241.4688662739321) (173.5990514817416,241.4688662739321) (173.5990514817416,267.4584883652428) (174.5990514817416,267.4584883652428) (174.5990514817416,293.4481104565535) (175.5990514817416,293.4481104565535) (175.5990514817416,319.4377325478642) (176.5990514817416,319.4377325478642) (176.5990514817416,345.427354639175) (177.5990514817416,345.427354639175) (177.5990514817416,371.4169767304857) (178.5990514817416,371.4169767304857) (178.5990514817416,397.4065988217964) (179.5990514817416,397.4065988217964) (179.5990514817416,423.3962209131071) (180.5990514817416,423.3962209131071) (180.5990514817416,449.3858430044178) (181.5990514817416,449.3858430044178) (181.5990514817416,475.3754650957285) (182.5990514817416,475.3754650957285) (182.5990514817416,501.3650871870392) (183.5990514817416,501.3650871870392) (183.5990514817416,527.3547092783499) (184.5990514817416,527.3547092783499) (184.5990514817416,553.3443313696606) (185.5990514817416,553.3443313696606) (185.5990514817416,579.3339534609713) (186.5990514817416,579.3339534609713) (186.5990514817416,605.323575552282) (187.5990514817416,605.323575552282) (187.5990514817416,631.3131976435927) (188.5990514817416,631.3131976435927) (188.5990514817416,657.3028197349034) (189.5990514817416,657.3028197349034) (189.5990514817416,683.2924418262141) (190.5990514817416,683.2924418262141) (190.5990514817416,709.2820639175249) (191.5990514817416,709.2820639175249) (191.5990514817416,735.2716860088356)
batteryCharge[0]:
[0]: (0,100)
Coffee_Delivery.end:
[0]: (0,0) (191.5990514817416,0)
[2K
Verifying formula 5 at /nta/queries/query[5]/formula
 -- Formula: simulate[<=700]{robot_inventory[0][0], Coffee_Delivery.end*2}
[2K -- Aborted.
robot_inventory[0][0]:
[0]: (0,0)
Coffee_Delivery.end * 2:
[0]: (0,0) (191.5990514817416,0)
[2K
Verifying formula 6 at /nta/queries/query[6]/formula
 -- Formula: simulate[<=700]{kitchen[0], kitchen[1], office001[0], office001[1]}
[2K -- Aborted.
kitchen[0]:
[0]: (0,4400)
kitchen[1]:
[0]: (0,765)
office001[0]:
[0]: (0,100)
office001[1]:
[0]: (0,200)
[2K
Verifying formula 7 at /nta/queries/query[7]/formula
 -- Formula: simulate[<=700]{rm_1.idle, rf_1.idle, rp_1.idle, rd_1.idle}
[2K -- Aborted.
rm_1.idle:
[0]: (0,0) (0,1) (0,0) (192.5990514817407,0) (192.5990514817407,1)
rf_1.idle:
[0]: (0,0) (0,1)
rp_1.idle:
[0]: (0,0) (0,1) (191.5990514817416,1) (191.5990514817416,0)
rd_1.idle:
[0]: (0,0) (0,1)
[2K
Verifying formula 8 at /nta/queries/query[8]/formula
 -- Formula: Pr[<=700](<>!rm_1.idle || !rf_1.idle || !rp_1.idle || !rd_1.idle)
[2K -- Formula is satisfied.
(72/72 runs) Pr(<> …) in [0.950056,1] (95% CI)
Values in [0,0] mean=0 steps=2.22045e-16: 72
[2K
Verifying formula 9 at /nta/queries/query[9]/formula
 -- Formula: Pr[<=700]([] (Coffee_Delivery.end imply (rm_1.idle && rf_1.idle && rp_1.idle && rd_1.idle)))
[2K -- Aborted.
[2K
Verifying formula 10 at /nta/queries/query[10]/formula
 -- Formula: Pr[<=700] (<> pow(robPositionX[0] - office001[0], 2) + pow(robPositionY[0] - office001[1], 2) <= 900 )
[2K -- Aborted.
[2K
Verifying formula 11 at /nta/queries/query[11]/formula
 -- Formula: Pr[<=700] (<> pow(robPositionX[0] - kitchen[0], 2) + pow(robPositionY[0] - kitchen[1], 2) <= 900 )
[2K -- Formula is satisfied.
(72/72 runs) Pr(<> …) in [0.950056,1] (95% CI)
Values in [191.599,191.599] mean=191.599 steps=2.22045e-16: 72
[2K
Verifying formula 12 at /nta/queries/query[12]/formula
 -- Formula: Pr[<=700] (<> pow(humanPositionX[0] - office001[0], 2) + pow(humanPositionY[0] - office001[1], 2) <= 900 )
[2K -- Aborted.
[2K
Verifying formula 13 at /nta/queries/query[13]/formula
 -- Formula: Pr[<=700] (<> pow(humanPositionX[0] - kitchen[0], 2) + pow(humanPositionY[0] - kitchen[1], 2) <= 900 )
[2K -- Formula is satisfied.
(72/72 runs) Pr(<> …) in [0.950056,1] (95% CI)
Values in [186,186] mean=186 steps=2.22045e-16: 72
[2K
Verifying formula 14 at /nta/queries/query[14]/formula
 -- Formula: Pr[<=700] (<> !isValidPosition(humanPositionX[0], humanPositionY[0]))
[2K -- Formula is satisfied.
(72/72 runs) Pr(<> …) in [0.950056,1] (95% CI)
Values in [0,0] mean=0 steps=2.22045e-16: 72
[2K
Verifying formula 15 at /nta/queries/query[15]/formula
 -- Formula: Pr[<=700] (<> !isValidPosition(robPositionX[0], robPositionY[0]))
[2K -- Formula is satisfied.
(72/72 runs) Pr(<> …) in [0.950056,1] (95% CI)
Values in [0,0] mean=0 steps=2.22045e-16: 72
[2K
Verifying formula 16 at /nta/queries/query[16]/formula
 -- Formula: Pr[<=700] (<> currP > 2)
[2K -- Aborted.
