Options for the verification:
  Generating no trace
  Search order is breadth first
  Using conservative space optimisation
  Seed is 1784973316
  State space representation uses minimal constraint systems with future testing
  Using HashMap + Compress integers for discrete state storage
[2K
Verifying formula 1 at /nta/queries/query[1]/formula
 -- Formula: simulate[<=700]{user_guided_transport_human1_def.s1_start, user_guided_transport_human1_def.s1_end, user_guided_transport_human1_def.s2_start, user_guided_transport_human1_def.s2_idle, user_guided_transport_human1_def.s3_start, user_guided_transport_human1_def.s3_end, user_guided_transport.end}
[2K -- Formula is satisfied.
user_guided_transport_human1_def.s1_start:
[0]: (0,0) (0,1) (0,0) (700,0)
user_guided_transport_human1_def.s1_end:
[0]: (0,0) (1,0) (1,1) (2,1) (2,0) (700,0)
user_guided_transport_human1_def.s2_start:
[0]: (0,0) (2,0) (2,1) (2,0) (700,0)
user_guided_transport_human1_def.s2_idle:
[0]: (0,0) (2,0) (2,1) (7.217166561036769,1) (7.217166561036769,0) (700,0)
user_guided_transport_human1_def.s3_start:
[0]: (0,0) (7.217166561036769,0) (7.217166561036769,1) (7.217166561036769,0) (12.21716656103674,0) (12.21716656103674,1) (12.21716656103674,0) (17.21716656103673,0) (17.21716656103673,1) (17.21716656103673,0) (22.2171665610367,0) (22.2171665610367,1) (22.2171665610367,0) (27.21716656103666,0) (27.21716656103666,1) (27.21716656103666,0) (32.21716656103663,0) (32.21716656103663,1) (32.21716656103663,0) (37.21716656103673,0) (37.21716656103673,1) (37.21716656103673,0) (42.21716656103684,0) (42.21716656103684,1) (42.21716656103684,0) (47.21716656103695,0) (47.21716656103695,1) (47.21716656103695,0) (52.21716656103705,0) (52.21716656103705,1) (52.21716656103705,0) (57.21716656103716,0) (57.21716656103716,1) (57.21716656103716,0) (62.21716656103729,0) (62.21716656103729,1) (62.21716656103729,0) (67.21716656103742,0) (67.21716656103742,1) (67.21716656103742,0) (72.21716656103757,0) (72.21716656103757,1) (72.21716656103757,0) (77.21716656103737,0) (77.21716656103737,1) (77.21716656103737,0) (82.21716656103709,0) (82.21716656103709,1) (82.21716656103709,0) (87.21716656103681,0) (87.21716656103681,1) (87.21716656103681,0) (92.21716656103651,0) (92.21716656103651,1) (92.21716656103651,0) (97.21716656103622,0) (97.21716656103622,1) (97.21716656103622,0) (102.2171665610359,0) (102.2171665610359,1) (102.2171665610359,0) (107.2171665610357,0) (107.2171665610357,1) (107.2171665610357,0) (112.2171665610354,0) (112.2171665610354,1) (112.2171665610354,0) (117.2171665610351,0) (117.2171665610351,1) (117.2171665610351,0) (122.2171665610348,0) (122.2171665610348,1) (122.2171665610348,0) (127.2171665610345,0) (127.2171665610345,1) (127.2171665610345,0) (132.2171665610347,0) (132.2171665610347,1) (132.2171665610347,0) (137.217166561035,0) (137.217166561035,1) (137.217166561035,0) (142.2171665610353,0) (142.2171665610353,1) (142.2171665610353,0) (147.2171665610356,0) (147.2171665610356,1) (147.2171665610356,0) (152.2171665610358,0) (152.2171665610358,1) (152.2171665610358,0) (157.2171665610361,0) (157.2171665610361,1) (157.2171665610361,0) (162.2171665610364,0) (162.2171665610364,1) (162.2171665610364,0) (167.2171665610367,0) (167.2171665610367,1) (167.2171665610367,0) (172.217166561037,0) (172.217166561037,1) (172.217166561037,0) (177.2171665610373,0) (177.2171665610373,1) (177.2171665610373,0) (182.2171665610377,0) (182.2171665610377,1) (182.2171665610377,0) (187.2171665610381,0) (187.2171665610381,1) (187.2171665610381,0) (700,0)
user_guided_transport_human1_def.s3_end:
[0]: (0,0) (192.2171665610385,0) (192.2171665610385,1) (228.4260332397769,1) (228.4260332397769,0) (700,0)
user_guided_transport.end:
[0]: (0,0) (230.4260332397759,0) (230.4260332397759,1) (700,1)
[2K
Verifying formula 2 at /nta/queries/query[2]/formula
 -- Formula: simulate[<=700]{user_guided_transport_robot1_def.s1_start, user_guided_transport_robot1_def.s1_end, user_guided_transport_robot1_def.s2_start, user_guided_transport_robot1_def.s2_end, user_guided_transport_robot1_def.s3_start, user_guided_transport_robot1_def.s3_end, user_guided_transport.end}
[2K -- Formula is satisfied.
user_guided_transport_robot1_def.s1_start:
[0]: (0,0) (0,1) (0,0) (700,0)
user_guided_transport_robot1_def.s1_end:
[0]: (0,0) (2,0) (2,1) (2,0) (700,0)
user_guided_transport_robot1_def.s2_start:
[0]: (0,0) (2,0) (2,1) (2,0) (700,0)
user_guided_transport_robot1_def.s2_end:
[0]: (0,0) (9.486941591597459,0) (9.486941591597459,1) (9.486941591597459,0) (700,0)
user_guided_transport_robot1_def.s3_start:
[0]: (0,0) (9.486941591597459,0) (9.486941591597459,1) (9.486941591597459,0) (700,0)
user_guided_transport_robot1_def.s3_end:
[0]: (0,0) (230.6958082703373,0) (230.6958082703373,1) (230.6958082703373,0) (700,0)
user_guided_transport.end:
[0]: (0,0) (232.6958082703364,0) (232.6958082703364,1) (700,1)
[2K
Verifying formula 3 at /nta/queries/query[3]/formula
 -- Formula: Pr[<=700] (<> user_guided_transport.end)
[2K -- Formula is satisfied.
(72/72 runs) Pr(<> …) in [0.950056,1] (95% CI)
Values in [230.236,235.105] mean=232.49 steps=0.541082: 13 6 8 6 13 6 8 4 8
[2K
Verifying formula 4 at /nta/queries/query[4]/formula
 -- Formula: simulate[<=700]{humanPositionX[0], humanPositionY[0], robPositionX[0], robPositionY[0], batteryCharge[0], user_guided_transport.end}
[2K -- Formula is satisfied.
humanPositionX[0]:
[0]: (0,0) (0,92.5) (1,92.5) (1,97.73313175708738) (9.993594698438709,97.73313175708738) (9.993594698438709,123.7285354798977) (10.99359469843871,123.7285354798977) (10.99359469843871,149.723939202708) (11.99359469843871,149.723939202708) (11.99359469843871,175.7193429255182) (12.99359469843871,175.7193429255182) (12.99359469843871,201.7147466483285) (13.99359469843871,201.7147466483285) (13.99359469843871,227.7101503711388) (14.99359469843871,227.7101503711388) (14.99359469843871,253.7055540939491) (15.99359469843871,253.7055540939491) (15.99359469843871,279.7009578167594) (16.99359469843871,279.7009578167594) (16.99359469843871,305.6963615395697) (17.99359469843871,305.6963615395697) (17.99359469843871,331.69176526238) (18.99359469843871,331.69176526238) (18.99359469843871,357.6871689851903) (19.99359469843871,357.6871689851903) (19.99359469843871,383.6825727080006) (20.99359469843872,383.6825727080006) (20.99359469843872,409.6779764308109) (21.99359469843871,409.6779764308109) (21.99359469843871,435.6733801536212) (22.9935946984387,435.6733801536212) (22.9935946984387,461.6687838764315) (23.99359469843868,461.6687838764315) (23.99359469843868,487.6641875992418) (24.99359469843867,487.6641875992418) (24.99359469843867,513.6595913220521) (25.99359469843866,513.6595913220521) (25.99359469843866,539.6549950448623) (26.99359469843865,539.6549950448623) (26.99359469843865,565.6503987676725) (27.99359469843864,565.6503987676725) (27.99359469843864,591.6458024904828) (28.99359469843863,591.6458024904828) (28.99359469843863,617.641206213293) (29.99359469843862,617.641206213293) (29.99359469843862,643.6366099361032) (30.99359469843861,643.6366099361032) (30.99359469843861,669.6320136589135) (31.9935946984386,669.6320136589135) (31.9935946984386,695.6274173817237) (32.99359469843862,695.6274173817237) (32.99359469843862,721.622821104534) (33.99359469843864,721.622821104534) (33.99359469843864,747.6182248273442) (34.99359469843866,747.6182248273442) (34.99359469843866,773.6136285501544) (35.99359469843868,773.6136285501544) (35.99359469843868,799.6090322729647) (36.99359469843871,799.6090322729647) (36.99359469843871,825.6044359957749) (37.99359469843873,825.6044359957749) (37.99359469843873,851.5998397185851) (38.99359469843875,851.5998397185851) (38.99359469843875,877.5952434413954) (39.99359469843877,877.5952434413954) (39.99359469843877,903.5906471642056) (40.99359469843879,903.5906471642056) (40.99359469843879,929.5860508870159) (41.99359469843881,929.5860508870159) (41.99359469843881,955.5814546098261) (42.99359469843883,955.5814546098261) (42.99359469843883,981.5768583326363) (43.99359469843886,981.5768583326363) (43.99359469843886,1007.572262055447) (44.99359469843888,1007.572262055447) (44.99359469843888,1033.567665778257) (45.99359469843888,1033.567665778257) (45.99359469843888,1059.563069501067) (46.99359469843891,1059.563069501067) (46.99359469843891,1085.558473223878) (47.99359469843894,1085.558473223878) (47.99359469843894,1111.553876946688) (48.99359469843895,1111.553876946688) (48.99359469843895,1137.549280669498) (49.99359469843895,1137.549280669498) (49.99359469843895,1163.544684392309) (50.99359469843896,1163.544684392309) (50.99359469843896,1189.540088115119) (51.99359469843896,1189.540088115119) (51.99359469843896,1215.535491837929) (52.99359469843896,1215.535491837929) (52.99359469843896,1241.53089556074) (53.99359469843896,1241.53089556074) (53.99359469843896,1267.52629928355) (54.99359469843896,1267.52629928355) (54.99359469843896,1293.52170300636) (55.99359469843895,1293.52170300636) (55.99359469843895,1319.517106729171) (56.99359469843895,1319.517106729171) (56.99359469843895,1345.512510451981) (57.99359469843894,1345.512510451981) (57.99359469843894,1371.507914174791) (58.99359469843893,1371.507914174791) (58.99359469843893,1397.503317897602) (59.99359469843893,1397.503317897602) (59.99359469843893,1423.498721620412) (60.99359469843892,1423.498721620412) (60.99359469843892,1478) (61.99359469843892,1478) (61.99359469843892,1504) (62.99359469843892,1504) (62.99359469843892,1530) (63.99359469843892,1530) (63.99359469843892,1556) (64.993594698439,1556) (64.993594698439,1582) (65.99359469843907,1582) (65.99359469843907,1608) (66.99359469843914,1608) (66.99359469843914,1634) (67.99359469843921,1634) (67.99359469843921,1660) (68.99359469843928,1660) (68.99359469843928,1686) (69.99359469843935,1686) (69.99359469843935,1712) (70.99359469843941,1712) (70.99359469843941,1738) (71.99359469843947,1738) (71.99359469843947,1764) (72.99359469843954,1764) (72.99359469843954,1790) (73.99359469843959,1790) (73.99359469843959,1816) (74.99359469843967,1816) (74.99359469843967,1842) (75.99359469843974,1842) (75.99359469843974,1868) (76.99359469843981,1868) (76.99359469843981,1894) (77.99359469843988,1894) (77.99359469843988,1920) (78.99359469843995,1920) (78.99359469843995,1946) (79.99359469844001,1946) (79.99359469844001,1972) (80.99359469844008,1972) (80.99359469844008,1998) (81.99359469844013,1998) (81.99359469844013,2024) (82.99359469844019,2024) (82.99359469844019,2050) (83.99359469844025,2050) (83.99359469844025,2076) (84.9935946984403,2076) (84.9935946984403,2102) (85.99359469844036,2102) (85.99359469844036,2128) (86.99359469844043,2128) (86.99359469844043,2154) (87.99359469844049,2154) (87.99359469844049,2180) (88.99359469844056,2180) (88.99359469844056,2206) (89.99359469844063,2206) (89.99359469844063,2232) (90.99359469844069,2232) (90.99359469844069,2258) (91.99359469844076,2258) (91.99359469844076,2284) (92.99359469844082,2284) (92.99359469844082,2310) (93.99359469844087,2310) (93.99359469844087,2336) (94.99359469844093,2336) (94.99359469844093,2362) (95.99359469844099,2362) (95.99359469844099,2388) (96.99359469844106,2388) (96.99359469844106,2414) (97.99359469844113,2414) (97.99359469844113,2440) (98.9935946984412,2440) (98.9935946984412,2466) (99.99359469844127,2466) (99.99359469844127,2492) (100.9935946984413,2492) (100.9935946984413,2518) (101.9935946984414,2518) (101.9935946984414,2544) (102.9935946984415,2544) (102.9935946984415,2570) (103.9935946984416,2570) (103.9935946984416,2596) (104.9935946984416,2596) (104.9935946984416,2622) (105.9935946984417,2622) (105.9935946984417,2648) (106.9935946984418,2648) (106.9935946984418,2674) (107.9935946984418,2674) (107.9935946984418,2700) (108.9935946984419,2700) (108.9935946984419,2726) (109.993594698442,2726) (109.993594698442,2752) (110.9935946984421,2752) (110.9935946984421,2778) (111.9935946984421,2778) (111.9935946984421,2804) (112.9935946984422,2804) (112.9935946984422,2830) (113.9935946984423,2830) (113.9935946984423,2856) (114.9935946984423,2856) (114.9935946984423,2882) (115.9935946984424,2882) (115.9935946984424,2908) (116.9935946984425,2908) (116.9935946984425,2934) (117.9935946984425,2934) (117.9935946984425,2960) (118.9935946984426,2960) (118.9935946984426,2986) (119.9935946984426,2986) (119.9935946984426,3012) (120.9935946984427,3012) (120.9935946984427,3038) (121.9935946984427,3038) (121.9935946984427,3088.5) (122.9935946984428,3088.5) (122.9935946984428,3114.5) (123.9935946984429,3114.5) (123.9935946984429,3140.5) (124.9935946984429,3140.5) (124.9935946984429,3166.5) (125.993594698443,3166.5) (125.993594698443,3192.5) (126.993594698443,3192.5) (126.993594698443,3218.5) (127.9935946984431,3218.5) (127.9935946984431,3244.5) (128.9935946984432,3244.5) (128.9935946984432,3270.5) (129.9935946984432,3270.5) (129.9935946984432,3296.5) (130.9935946984433,3296.5) (130.9935946984433,3322.5) (131.9935946984434,3322.5) (131.9935946984434,3348.5) (132.9935946984435,3348.5) (132.9935946984435,3374.5) (133.9935946984436,3374.5) (133.9935946984436,3400.5) (134.9935946984437,3400.5) (134.9935946984437,3426.5) (135.9935946984438,3426.5) (135.9935946984438,3452.5) (136.9935946984438,3452.5) (136.9935946984438,3478.5) (137.9935946984439,3478.5) (137.9935946984439,3504.5) (138.993594698444,3504.5) (138.993594698444,3530.5) (139.9935946984441,3530.5) (139.9935946984441,3556.5) (140.9935946984442,3556.5) (140.9935946984442,3582.5) (141.9935946984443,3582.5) (141.9935946984443,3608.5) (142.9935946984444,3608.5) (142.9935946984444,3634.5) (143.9935946984444,3634.5) (143.9935946984444,3660.5) (144.9935946984445,3660.5) (144.9935946984445,3686.5) (145.9935946984446,3686.5) (145.9935946984446,3712.5) (146.9935946984447,3712.5) (146.9935946984447,3738.5) (147.9935946984448,3738.5) (147.9935946984448,3764.5) (148.9935946984448,3764.5) (148.9935946984448,3790.5) (149.9935946984449,3790.5) (149.9935946984449,3816.5) (150.993594698445,3816.5) (150.993594698445,3842.5) (151.993594698445,3842.5) (151.993594698445,3868.5) (152.9935946984451,3868.5) (152.9935946984451,3894.5) (153.9935946984451,3894.5) (153.9935946984451,3920.5) (154.9935946984452,3920.5) (154.9935946984452,3946.5) (155.9935946984452,3946.5) (155.9935946984452,3972.5) (156.9935946984453,3972.5) (156.9935946984453,3998.5) (157.9935946984453,3998.5) (157.9935946984453,4024.5) (158.9935946984454,4024.5) (158.9935946984454,4050.5) (159.9935946984455,4050.5) (159.9935946984455,4076.5) (160.9935946984455,4076.5) (160.9935946984455,4102.5) (161.9935946984456,4102.5) (161.9935946984456,4128.5) (162.9935946984456,4128.5) (162.9935946984456,4154.5) (163.9935946984457,4154.5) (163.9935946984457,4180.5) (164.9935946984457,4180.5) (164.9935946984457,4206.5) (165.9935946984458,4206.5) (165.9935946984458,4232.5) (166.9935946984459,4232.5) (166.9935946984459,4258.5) (167.9935946984459,4258.5) (167.9935946984459,4284.5) (168.993594698446,4284.5) (168.993594698446,4310.5) (169.993594698446,4310.5) (169.993594698446,4336.5) (170.9935946984461,4336.5) (170.9935946984461,4362.5) (171.9935946984461,4362.5) (171.9935946984461,4388.5) (172.9935946984462,4388.5) (172.9935946984462,4416.265463717128) (173.9935946984463,4416.265463717128) (173.9935946984463,4415.530927434256) (174.9935946984463,4415.530927434256) (174.9935946984463,4414.796391151384) (175.9935946984464,4414.796391151384) (175.9935946984464,4414.061854868512) (176.9935946984465,4414.061854868512) (176.9935946984465,4413.327318585641) (177.9935946984465,4413.327318585641) (177.9935946984465,4412.592782302769) (178.9935946984466,4412.592782302769) (178.9935946984466,4411.858246019897) (179.9935946984466,4411.858246019897) (179.9935946984466,4411.123709737025) (180.9935946984467,4411.123709737025) (180.9935946984467,4410.389173454153) (181.9935946984467,4410.389173454153) (181.9935946984467,4409.654637171281) (182.9935946984468,4409.654637171281) (182.9935946984468,4408.920100888409) (183.9935946984469,4408.920100888409) (183.9935946984469,4408.185564605537) (184.9935946984469,4408.185564605537) (184.9935946984469,4407.451028322665) (185.993594698447,4407.451028322665) (185.993594698447,4406.716492039794) (186.9935946984471,4406.716492039794) (186.9935946984471,4405.981955756922) (187.9935946984471,4405.981955756922) (187.9935946984471,4405.24741947405) (188.9935946984472,4405.24741947405) (188.9935946984472,4404.512883191178) (189.9935946984473,4404.512883191178) (189.9935946984473,4403.778346908306) (190.9935946984473,4403.778346908306) (190.9935946984473,4403.043810625434) (191.9935946984474,4403.043810625434) (191.9935946984474,4402.309274342562) (192.9935946984475,4402.309274342562) (192.9935946984475,4401.57473805969) (193.9935946984476,4401.57473805969) (193.9935946984476,4400.840201776819) (700,4400.840201776819)
humanPositionY[0]:
[0]: (0,0) (0,163.5) (1,163.5) (1,188.9679078844919) (9.993594698438709,188.9679078844919) (9.993594698438709,188.479046668909) (10.99359469843871,188.479046668909) (10.99359469843871,187.9901854533261) (11.99359469843871,187.9901854533261) (11.99359469843871,187.5013242377432) (12.99359469843871,187.5013242377432) (12.99359469843871,187.0124630221603) (13.99359469843871,187.0124630221603) (13.99359469843871,186.5236018065774) (14.99359469843871,186.5236018065774) (14.99359469843871,186.0347405909945) (15.99359469843871,186.0347405909945) (15.99359469843871,185.5458793754117) (16.99359469843871,185.5458793754117) (16.99359469843871,185.0570181598288) (17.99359469843871,185.0570181598288) (17.99359469843871,184.5681569442459) (18.99359469843871,184.5681569442459) (18.99359469843871,184.079295728663) (19.99359469843871,184.079295728663) (19.99359469843871,183.5904345130801) (20.99359469843872,183.5904345130801) (20.99359469843872,183.1015732974972) (21.99359469843871,183.1015732974972) (21.99359469843871,182.6127120819143) (22.9935946984387,182.6127120819143) (22.9935946984387,182.1238508663315) (23.99359469843868,182.1238508663315) (23.99359469843868,181.6349896507486) (24.99359469843867,181.6349896507486) (24.99359469843867,181.1461284351657) (25.99359469843866,181.1461284351657) (25.99359469843866,180.6572672195828) (26.99359469843865,180.6572672195828) (26.99359469843865,180.1684060039999) (27.99359469843864,180.1684060039999) (27.99359469843864,179.679544788417) (28.99359469843863,179.679544788417) (28.99359469843863,179.1906835728341) (29.99359469843862,179.1906835728341) (29.99359469843862,178.7018223572512) (30.99359469843861,178.7018223572512) (30.99359469843861,178.2129611416684) (31.9935946984386,178.2129611416684) (31.9935946984386,177.7240999260855) (32.99359469843862,177.7240999260855) (32.99359469843862,177.2352387105026) (33.99359469843864,177.2352387105026) (33.99359469843864,176.7463774949197) (34.99359469843866,176.7463774949197) (34.99359469843866,176.2575162793368) (35.99359469843868,176.2575162793368) (35.99359469843868,175.7686550637539) (36.99359469843871,175.7686550637539) (36.99359469843871,175.279793848171) (37.99359469843873,175.279793848171) (37.99359469843873,174.7909326325882) (38.99359469843875,174.7909326325882) (38.99359469843875,174.3020714170053) (39.99359469843877,174.3020714170053) (39.99359469843877,173.8132102014224) (40.99359469843879,173.8132102014224) (40.99359469843879,173.3243489858395) (41.99359469843881,173.3243489858395) (41.99359469843881,172.8354877702566) (42.99359469843883,172.8354877702566) (42.99359469843883,172.3466265546737) (43.99359469843886,172.3466265546737) (43.99359469843886,171.8577653390908) (44.99359469843888,171.8577653390908) (44.99359469843888,171.3689041235079) (45.99359469843888,171.3689041235079) (45.99359469843888,170.8800429079251) (46.99359469843891,170.8800429079251) (46.99359469843891,170.3911816923422) (47.99359469843894,170.3911816923422) (47.99359469843894,169.9023204767593) (48.99359469843895,169.9023204767593) (48.99359469843895,169.4134592611764) (49.99359469843895,169.4134592611764) (49.99359469843895,168.9245980455935) (50.99359469843896,168.9245980455935) (50.99359469843896,168.4357368300106) (51.99359469843896,168.4357368300106) (51.99359469843896,167.9468756144277) (52.99359469843896,167.9468756144277) (52.99359469843896,167.4580143988449) (53.99359469843896,167.4580143988449) (53.99359469843896,166.969153183262) (54.99359469843896,166.969153183262) (54.99359469843896,166.4802919676791) (55.99359469843895,166.4802919676791) (55.99359469843895,165.9914307520962) (56.99359469843895,165.9914307520962) (56.99359469843895,165.5025695365133) (57.99359469843894,165.5025695365133) (57.99359469843894,165.0137083209304) (58.99359469843893,165.0137083209304) (58.99359469843893,164.5248471053475) (59.99359469843893,164.5248471053475) (59.99359469843893,164.0359858897646) (60.99359469843892,164.0359858897646) (60.99359469843892,163.5) (172.9935946984462,163.5) (172.9935946984462,189.4896220913107) (173.9935946984463,189.4896220913107) (173.9935946984463,215.4792441826214) (174.9935946984463,215.4792441826214) (174.9935946984463,241.4688662739321) (175.9935946984464,241.4688662739321) (175.9935946984464,267.4584883652428) (176.9935946984465,267.4584883652428) (176.9935946984465,293.4481104565535) (177.9935946984465,293.4481104565535) (177.9935946984465,319.4377325478642) (178.9935946984466,319.4377325478642) (178.9935946984466,345.427354639175) (179.9935946984466,345.427354639175) (179.9935946984466,371.4169767304857) (180.9935946984467,371.4169767304857) (180.9935946984467,397.4065988217964) (181.9935946984467,397.4065988217964) (181.9935946984467,423.3962209131071) (182.9935946984468,423.3962209131071) (182.9935946984468,449.3858430044178) (183.9935946984469,449.3858430044178) (183.9935946984469,475.3754650957285) (184.9935946984469,475.3754650957285) (184.9935946984469,501.3650871870392) (185.993594698447,501.3650871870392) (185.993594698447,527.3547092783499) (186.9935946984471,527.3547092783499) (186.9935946984471,553.3443313696606) (187.9935946984471,553.3443313696606) (187.9935946984471,579.3339534609713) (188.9935946984472,579.3339534609713) (188.9935946984472,605.323575552282) (189.9935946984473,605.323575552282) (189.9935946984473,631.3131976435927) (190.9935946984473,631.3131976435927) (190.9935946984473,657.3028197349034) (191.9935946984474,657.3028197349034) (191.9935946984474,683.2924418262141) (192.9935946984475,683.2924418262141) (192.9935946984475,709.2820639175249) (193.9935946984476,709.2820639175249) (193.9935946984476,735.2716860088356) (700,735.2716860088356)
robPositionX[0]:
[0]: (0,0) (0,92.5) (2,92.5) (2,97.73313175708738) (11.99359469843871,97.73313175708738) (11.99359469843871,123.7285354798977) (12.99359469843871,123.7285354798977) (12.99359469843871,149.723939202708) (14.01239816092195,149.723939202708) (14.01239816092195,175.7193429255182) (15.01239816092195,175.7193429255182) (15.01239816092195,201.7147466483285) (16.01239816092195,201.7147466483285) (16.01239816092195,227.7101503711388) (17.01239816092195,227.7101503711388) (17.01239816092195,253.7055540939491) (18.01239816092195,253.7055540939491) (18.01239816092195,279.7009578167594) (19.01239816092195,279.7009578167594) (19.01239816092195,305.6963615395697) (20.01239816092196,305.6963615395697) (20.01239816092196,331.69176526238) (21.01239816092196,331.69176526238) (21.01239816092196,357.6871689851903) (22.01239816092195,357.6871689851903) (22.01239816092195,383.6825727080006) (23.01239816092194,383.6825727080006) (23.01239816092194,409.6779764308109) (24.01239816092193,409.6779764308109) (24.01239816092193,435.6733801536212) (25.01239816092192,435.6733801536212) (25.01239816092192,461.6687838764315) (26.01239816092191,461.6687838764315) (26.01239816092191,487.6641875992418) (27.0123981609219,487.6641875992418) (27.0123981609219,513.6595913220521) (28.01239816092189,513.6595913220521) (28.01239816092189,539.6549950448623) (29.01239816092188,539.6549950448623) (29.01239816092188,565.6503987676725) (30.01239816092187,565.6503987676725) (30.01239816092187,591.6458024904828) (31.01239816092185,591.6458024904828) (31.01239816092185,617.641206213293) (32.01239816092184,617.641206213293) (32.01239816092184,643.6366099361032) (33.01239816092186,643.6366099361032) (33.01239816092186,669.6320136589135) (34.01239816092188,669.6320136589135) (34.01239816092188,695.6274173817237) (35.0123981609219,695.6274173817237) (35.0123981609219,721.622821104534) (36.01239816092193,721.622821104534) (36.01239816092193,747.6182248273442) (37.01239816092195,747.6182248273442) (37.01239816092195,773.6136285501544) (38.01239816092197,773.6136285501544) (38.01239816092197,799.6090322729647) (39.01239816092199,799.6090322729647) (39.01239816092199,825.6044359957749) (40.01239816092201,825.6044359957749) (40.01239816092201,851.5998397185851) (41.01239816092203,851.5998397185851) (41.01239816092203,877.5952434413954) (42.01239816092205,877.5952434413954) (42.01239816092205,903.5906471642056) (43.01239816092207,903.5906471642056) (43.01239816092207,929.5860508870159) (44.0123981609221,929.5860508870159) (44.0123981609221,955.5814546098261) (45.01239816092212,955.5814546098261) (45.01239816092212,981.5768583326363) (46.01239816092212,981.5768583326363) (46.01239816092212,1007.572262055447) (47.01239816092215,1007.572262055447) (47.01239816092215,1033.567665778257) (48.01239816092218,1033.567665778257) (48.01239816092218,1059.563069501067) (49.01239816092219,1059.563069501067) (49.01239816092219,1085.558473223878) (50.0123981609222,1085.558473223878) (50.0123981609222,1111.553876946688) (51.0123981609222,1111.553876946688) (51.0123981609222,1137.549280669498) (52.0123981609222,1137.549280669498) (52.0123981609222,1163.544684392309) (53.0123981609222,1163.544684392309) (53.0123981609222,1189.540088115119) (54.0123981609222,1189.540088115119) (54.0123981609222,1215.535491837929) (55.0123981609222,1215.535491837929) (55.0123981609222,1241.53089556074) (56.0123981609222,1241.53089556074) (56.0123981609222,1267.52629928355) (57.01239816092219,1267.52629928355) (57.01239816092219,1293.52170300636) (58.01239816092218,1293.52170300636) (58.01239816092218,1319.517106729171) (59.01239816092217,1319.517106729171) (59.01239816092217,1345.512510451981) (60.01239816092217,1345.512510451981) (60.01239816092217,1371.507914174791) (61.01239816092216,1371.507914174791) (61.01239816092216,1397.503317897602) (62.02512901778131,1397.503317897602) (62.02512901778131,1423.501210954746) (63.0337482354605,1423.501210954746) (63.0337482354605,1449.500245178851) (64.0395836762284,1449.500245178851) (64.0395836762284,1475.499802499311) (65.04353440727675,1475.499802499311) (65.04353440727675,1501.499599591989) (66.04620913969696,1501.499599591989) (66.04620913969696,1527.499506587529) (67.04801999101926,1527.499506587529) (67.04801999101926,1553.499463958168) (68.04924597572753,1553.499463958168) (68.04924597572753,1579.49944441867) (69.05007599317756,1579.49944441867) (69.05007599317756,1605.499435462594) (70.05063793240735,1605.499435462594) (70.05063793240735,1631.49943135751) (71.05101837704072,1631.49943135751) (71.05101837704072,1657.499429475914) (72.05127594602396,1657.499429475914) (72.05127594602396,1683.499428613471) (73.05145032561765,1683.499428613471) (73.05145032561765,1709.499428218164) (74.05156838425195,1709.499428218164) (74.05156838425195,1735.499428036972) (75.05164831241943,1735.499428036972) (75.05164831241943,1761.499427953921) (76.05170242546065,1761.499427953921) (76.05170242546065,1787.499427915854) (77.0517390611224,1787.499427915854) (77.0517390611224,1813.499427898406) (78.05176386423398,1813.499427898406) (78.05176386423398,1839.499427890409) (79.05178065646095,1839.499427890409) (79.05178065646095,1865.499427886743) (80.05179202513884,1865.499427886743) (80.05179202513884,1891.499427885063) (81.05179972197452,1891.499427885063) (81.05179972197452,1917.499427884293) (82.05180493288742,1917.499427884293) (82.05180493288742,1943.499427883939) (83.05180846078264,1943.499427883939) (83.05180846078264,1969.499427883778) (84.05181084924872,1969.499427883778) (84.05181084924872,1995.499427883703) (85.05181246628226,1995.499427883703) (85.05181246628226,2021.499427883669) (86.05181356108676,2021.499427883669) (86.05181356108676,2047.499427883654) (87.05181430226047,2047.499427883654) (87.05181430226047,2073.499427883647) (88.05181480405588,2073.499427883647) (88.05181480405588,2099.499427883643) (89.05181514385471,2099.499427883643) (89.05181514385471,2125.499427883642) (90.05181537422114,2125.499427883642) (90.05181537422114,2151.499427883641) (91.05181552907861,2151.499427883641) (91.05181552907861,2177.499427883641) (92.05181563338681,2177.499427883641) (92.05181563338681,2203.499427883641) (93.05181570638734,2203.499427883641) (93.05181570638734,2229.499427883641) (94.05181575580896,2229.499427883641) (94.05181575580896,2255.499427883641) (95.05181578912902,2255.499427883641) (95.05181578912902,2281.499427883641) (96.05181581020251,2281.499427883641) (96.05181581020251,2307.499427883641) (97.05181581020258,2307.499427883641) (97.05181581020258,2333.499427883641) (98.05181581020265,2333.499427883641) (98.05181581020265,2359.499427883641) (99.05181581020273,2359.499427883641) (99.05181581020273,2385.499427883641) (100.0518158102028,2385.499427883641) (100.0518158102028,2411.499427883641) (101.0518158102029,2411.499427883641) (101.0518158102029,2437.499427883641) (102.0518158102029,2437.499427883641) (102.0518158102029,2463.499427883641) (103.051815810203,2463.499427883641) (103.051815810203,2489.499427883641) (104.0518158102031,2489.499427883641) (104.0518158102031,2515.499427883641) (105.0518158102032,2515.499427883641) (105.0518158102032,2541.499427883641) (106.0518158102032,2541.499427883641) (106.0518158102032,2567.499427883641) (107.0518158102033,2567.499427883641) (107.0518158102033,2593.499427883641) (108.0518158102034,2593.499427883641) (108.0518158102034,2619.499427883641) (109.0518158102034,2619.499427883641) (109.0518158102034,2645.499427883641) (110.0518158102035,2645.499427883641) (110.0518158102035,2671.499427883641) (111.0518158102036,2671.499427883641) (111.0518158102036,2697.499427883641) (112.0518158102036,2697.499427883641) (112.0518158102036,2723.499427883641) (113.0518158102037,2723.499427883641) (113.0518158102037,2749.499427883641) (114.0518158102038,2749.499427883641) (114.0518158102038,2775.499427883641) (115.0518158102039,2775.499427883641) (115.0518158102039,2801.499427883641) (116.0518158102039,2801.499427883641) (116.0518158102039,2827.499427883641) (117.051815810204,2827.499427883641) (117.051815810204,2853.499427883641) (118.051815810204,2853.499427883641) (118.051815810204,2879.499427883641) (119.0518158102041,2879.499427883641) (119.0518158102041,2905.499427883641) (120.0518158102041,2905.499427883641) (120.0518158102041,2931.499427883641) (121.0518158102042,2931.499427883641) (121.0518158102042,2957.499427883641) (122.0518158102043,2957.499427883641) (122.0518158102043,2983.499427883641) (123.0518158102043,2983.499427883641) (123.0518158102043,3009.499427883641) (124.0518158102044,3009.499427883641) (124.0518158102044,3035.499427883641) (125.0518158102044,3035.499427883641) (125.0518158102044,3061.499427883641) (126.0518158102045,3061.499427883641) (126.0518158102045,3087.499427883641) (127.0518158102045,3087.499427883641) (127.0518158102045,3113.499427883641) (128.0518158102046,3113.499427883641) (128.0518158102046,3139.499427883641) (129.0518158102047,3139.499427883641) (129.0518158102047,3165.499427883641) (130.0518158102048,3165.499427883641) (130.0518158102048,3191.499427883641) (131.0518158102049,3191.499427883641) (131.0518158102049,3217.499427883641) (132.0518158102049,3217.499427883641) (132.0518158102049,3243.499427883641) (133.051815810205,3243.499427883641) (133.051815810205,3269.499427883641) (134.0518158102051,3269.499427883641) (134.0518158102051,3295.499427883641) (135.0518158102052,3295.499427883641) (135.0518158102052,3321.499427883641) (136.0518158102053,3321.499427883641) (136.0518158102053,3347.499427883641) (137.0518158102054,3347.499427883641) (137.0518158102054,3373.499427883641) (138.0518158102055,3373.499427883641) (138.0518158102055,3399.499427883641) (139.0518158102055,3399.499427883641) (139.0518158102055,3425.499427883641) (140.0518158102056,3425.499427883641) (140.0518158102056,3451.499427883641) (141.0518158102057,3451.499427883641) (141.0518158102057,3477.499427883641) (142.0518158102058,3477.499427883641) (142.0518158102058,3503.499427883641) (143.0518158102059,3503.499427883641) (143.0518158102059,3529.499427883641) (144.051815810206,3529.499427883641) (144.051815810206,3555.499427883641) (145.0518158102061,3555.499427883641) (145.0518158102061,3581.499427883641) (146.0518158102061,3581.499427883641) (146.0518158102061,3607.499427883641) (147.0518158102062,3607.499427883641) (147.0518158102062,3633.499427883641) (148.0518158102063,3633.499427883641) (148.0518158102063,3659.499427883641) (149.0518158102063,3659.499427883641) (149.0518158102063,3685.499427883641) (150.0518158102064,3685.499427883641) (150.0518158102064,3711.499427883641) (151.0518158102064,3711.499427883641) (151.0518158102064,3737.499427883641) (152.0518158102065,3737.499427883641) (152.0518158102065,3763.499427883641) (153.0518158102066,3763.499427883641) (153.0518158102066,3789.499427883641) (154.0518158102066,3789.499427883641) (154.0518158102066,3815.499427883641) (155.0518158102067,3815.499427883641) (155.0518158102067,3841.499427883641) (156.0518158102067,3841.499427883641) (156.0518158102067,3867.499427883641) (157.0518158102068,3867.499427883641) (157.0518158102068,3893.499427883641) (158.0518158102068,3893.499427883641) (158.0518158102068,3919.499427883641) (159.0518158102069,3919.499427883641) (159.0518158102069,3945.499427883641) (160.051815810207,3945.499427883641) (160.051815810207,3971.499427883641) (161.051815810207,3971.499427883641) (161.051815810207,3997.499427883641) (162.0518158102071,3997.499427883641) (162.0518158102071,4023.499427883641) (163.0518158102071,4023.499427883641) (163.0518158102071,4049.499427883641) (164.0518158102072,4049.499427883641) (164.0518158102072,4075.499427883641) (165.0518158102072,4075.499427883641) (165.0518158102072,4101.49942788364) (166.0518158102073,4101.49942788364) (166.0518158102073,4127.49942788364) (167.0518158102074,4127.49942788364) (167.0518158102074,4153.49942788364) (168.0518158102074,4153.49942788364) (168.0518158102074,4179.49942788364) (169.0518158102075,4179.49942788364) (169.0518158102075,4205.49942788364) (170.0518158102075,4205.49942788364) (170.0518158102075,4231.49942788364) (171.0518158102076,4231.49942788364) (171.0518158102076,4257.49942788364) (172.0518158102076,4257.49942788364) (172.0518158102076,4283.49942788364) (173.0518158102077,4283.49942788364) (173.0518158102077,4309.49942788364) (174.2905976059626,4309.49942788364) (174.2905976059626,4334.761725317672) (175.8067137028762,4334.761725317672) (175.8067137028762,4357.375029374853) (177.6055708820495,4357.375029374853) (177.6055708820495,4371.80338971305) (179.741278525343,4371.80338971305) (179.741278525343,4380.472858151295) (182.0495769842476,4380.472858151295) (182.0495769842476,4385.010512952947) (184.4757170319939,4385.010512952947) (184.4757170319939,4388.172157803916) (186.9444182600166,4388.172157803916) (186.9444182600166,4390.428283375573) (189.4417852955444,4390.428283375573) (189.4417852955444,4391.835488330516) (191.9662504579972,4391.835488330516) (191.9662504579972,4392.871718959358) (194.503088296119,4392.871718959358) (194.503088296119,4393.515439372457) (197.0530435161952,4393.515439372457) (197.0530435161952,4394.057268921059) (199.6029987362714,4394.057268921059) (199.6029987362714,4394.599098469662) (202.1529539563477,4394.599098469662) (202.1529539563477,4395.140928018264) (204.7029091764238,4395.140928018264) (204.7029091764238,4395.682757566867) (207.2528643965,4395.682757566867) (207.2528643965,4396.224587115469) (209.8028196165762,4396.224587115469) (209.8028196165762,4396.766416664072) (212.3527748366524,4396.766416664072) (212.3527748366524,4397.308246212675) (214.9027300567286,4397.308246212675) (214.9027300567286,4397.850075761278) (217.4526852768047,4397.850075761278) (217.4526852768047,4398.391905309881) (220.0026404968809,4398.391905309881) (220.0026404968809,4398.933734858484) (222.5525957169571,4398.933734858484) (222.5525957169571,4399.475564407086) (225.1025509370332,4399.475564407086) (225.1025509370332,4400.01739395569) (227.6525061571095,4400.01739395569) (227.6525061571095,4400.559223504292) (230.2024613771856,4400.559223504292) (230.2024613771856,4400.840201776819) (700,4400.840201776819)
robPositionY[0]:
[0]: (0,0) (0,163.5) (2,163.5) (2,188.9679078844919) (11.99359469843871,188.9679078844919) (11.99359469843871,188.479046668909) (12.99359469843871,188.479046668909) (12.99359469843871,187.9901854533262) (14.01239816092195,187.9901854533262) (14.01239816092195,187.5013242377433) (15.01239816092195,187.5013242377433) (15.01239816092195,187.0124630221605) (16.01239816092195,187.0124630221605) (16.01239816092195,186.5236018065776) (17.01239816092195,186.5236018065776) (17.01239816092195,186.0347405909947) (18.01239816092195,186.0347405909947) (18.01239816092195,185.5458793754118) (19.01239816092195,185.5458793754118) (19.01239816092195,185.0570181598289) (20.01239816092196,185.0570181598289) (20.01239816092196,184.568156944246) (21.01239816092196,184.568156944246) (21.01239816092196,184.0792957286631) (22.01239816092195,184.0792957286631) (22.01239816092195,183.5904345130803) (23.01239816092194,183.5904345130803) (23.01239816092194,183.1015732974974) (24.01239816092193,183.1015732974974) (24.01239816092193,182.6127120819145) (25.01239816092192,182.6127120819145) (25.01239816092192,182.1238508663316) (26.01239816092191,182.1238508663316) (26.01239816092191,181.6349896507487) (27.0123981609219,181.6349896507487) (27.0123981609219,181.1461284351658) (28.01239816092189,181.1461284351658) (28.01239816092189,180.6572672195829) (29.01239816092188,180.6572672195829) (29.01239816092188,180.168406004) (30.01239816092187,180.168406004) (30.01239816092187,179.6795447884172) (31.01239816092185,179.6795447884172) (31.01239816092185,179.1906835728343) (32.01239816092184,179.1906835728343) (32.01239816092184,178.7018223572514) (33.01239816092186,178.7018223572514) (33.01239816092186,178.2129611416685) (34.01239816092188,178.2129611416685) (34.01239816092188,177.7240999260856) (35.0123981609219,177.7240999260856) (35.0123981609219,177.2352387105027) (36.01239816092193,177.2352387105027) (36.01239816092193,176.7463774949198) (37.01239816092195,176.7463774949198) (37.01239816092195,176.257516279337) (38.01239816092197,176.257516279337) (38.01239816092197,175.7686550637541) (39.01239816092199,175.7686550637541) (39.01239816092199,175.2797938481712) (40.01239816092201,175.2797938481712) (40.01239816092201,174.7909326325883) (41.01239816092203,174.7909326325883) (41.01239816092203,174.3020714170054) (42.01239816092205,174.3020714170054) (42.01239816092205,173.8132102014225) (43.01239816092207,173.8132102014225) (43.01239816092207,173.3243489858396) (44.0123981609221,173.3243489858396) (44.0123981609221,172.8354877702567) (45.01239816092212,172.8354877702567) (45.01239816092212,172.3466265546739) (46.01239816092212,172.3466265546739) (46.01239816092212,171.857765339091) (47.01239816092215,171.857765339091) (47.01239816092215,171.3689041235081) (48.01239816092218,171.3689041235081) (48.01239816092218,170.8800429079252) (49.01239816092219,170.8800429079252) (49.01239816092219,170.3911816923423) (50.0123981609222,170.3911816923423) (50.0123981609222,169.9023204767594) (51.0123981609222,169.9023204767594) (51.0123981609222,169.4134592611765) (52.0123981609222,169.4134592611765) (52.0123981609222,168.9245980455937) (53.0123981609222,168.9245980455937) (53.0123981609222,168.4357368300108) (54.0123981609222,168.4357368300108) (54.0123981609222,167.9468756144279) (55.0123981609222,167.9468756144279) (55.0123981609222,167.458014398845) (56.0123981609222,167.458014398845) (56.0123981609222,166.9691531832621) (57.01239816092219,166.9691531832621) (57.01239816092219,166.4802919676792) (58.01239816092218,166.4802919676792) (58.01239816092218,165.9914307520963) (59.01239816092217,165.9914307520963) (59.01239816092217,165.5025695365134) (60.01239816092217,165.5025695365134) (60.01239816092217,165.0137083209306) (61.01239816092216,165.0137083209306) (61.01239816092216,164.5248471053477) (62.02512901778131,164.5248471053477) (62.02512901778131,164.1938537681208) (63.0337482354605,164.1938537681208) (63.0337482354605,163.969756883213) (64.0395836762284,163.969756883213) (64.0395836762284,163.8180362843253) (65.04353440727675,163.8180362843253) (65.04353440727675,163.7153175442811) (66.04620913969696,163.7153175442811) (66.04620913969696,163.6457745842783) (67.04801999101926,163.6457745842783) (67.04801999101926,163.5986924756321) (68.04924597572753,163.5986924756321) (68.04924597572753,163.566816881204) (69.05007599317756,163.566816881204) (69.05007599317756,163.545236429983) (70.05063793240735,163.545236429983) (70.05063793240735,163.5306260107791) (71.05101837704072,163.5306260107791) (71.05101837704072,163.5207344505516) (72.05127594602396,163.5207344505516) (72.05127594602396,163.5140376570627) (73.05145032561765,163.5140376570627) (73.05145032561765,163.5095037876518) (74.05156838425195,163.5095037876518) (74.05156838425195,163.5064342631685) (75.05164831241943,163.5064342631685) (75.05164831241943,163.5043561308182) (76.05170242546065,163.5043561308182) (76.05170242546065,163.5029491917491) (77.0517390611224,163.5029491917491) (77.0517390611224,163.5019966645455) (78.05176386423398,163.5019966645455) (78.05176386423398,163.5013517836466) (79.05178065646095,163.5013517836466) (79.05178065646095,163.5009151857469) (80.05179202513884,163.5009151857469) (80.05179202513884,163.5006196001235) (81.05179972197452,163.5006196001235) (81.05179972197452,163.5004194823974) (82.05180493288742,163.5004194823974) (82.05180493288742,163.5002839986634) (83.05180846078264,163.5002839986634) (83.05180846078264,163.5001922733894) (84.05181084924872,163.5001922733894) (84.05181084924872,163.5001301732726) (85.05181246628226,163.5001301732726) (85.05181246628226,163.5000881304022) (86.05181356108676,163.5000881304022) (86.05181356108676,163.5000596654866) (87.05181430226047,163.5000596654866) (87.05181430226047,163.5000403949721) (88.05181480405588,163.5000403949721) (88.05181480405588,163.5000273482928) (89.05181514385471,163.5000273482928) (89.05181514385471,163.5000185135251) (90.05181537422114,163.5000185135251) (90.05181537422114,163.5000125239997) (91.05181552907861,163.5000125239997) (91.05181552907861,163.5000084977071) (92.05181563338681,163.5000084977071) (92.05181563338681,163.5000057856957) (93.05181570638734,163.5000057856957) (93.05181570638734,163.5000038876832) (94.05181575580896,163.5000038876832) (94.05181575580896,163.5000026027226) (95.05181578912902,163.5000026027226) (95.05181578912902,163.5000017364024) (96.05181581020251,163.5000017364024) (96.05181581020251,163.5000011884933) (97.05181581020258,163.5000011884933) (97.05181581020258,163.5000006405843) (174.2905976059626,163.5000006405843) (174.2905976059626,169.6494988603188) (175.8067137028762,169.6494988603188) (175.8067137028762,182.4806515605829) (177.6055708820495,182.4806515605829) (177.6055708820495,204.1098544573876) (179.741278525343,204.1098544573876) (179.741278525343,228.6218987825405) (182.0495769842476,228.6218987825405) (182.0495769842476,254.2228692504944) (184.4757170319939,254.2228692504944) (184.4757170319939,280.0299225855101) (186.9444182600166,280.0299225855101) (186.9444182600166,305.9318510350467) (189.4417852955444,305.9318510350467) (189.4417852955444,331.8937418408948) (191.9662504579972,331.8937418408948) (191.9662504579972,357.873084135954) (194.503088296119,357.873084135954) (194.503088296119,383.8651141457428) (197.0530435161952,383.8651141457428) (197.0530435161952,409.8594677776426) (199.6029987362714,409.8594677776426) (199.6029987362714,435.8538214095424) (202.1529539563477,435.8538214095424) (202.1529539563477,461.8481750414421) (204.7029091764238,461.8481750414421) (204.7029091764238,487.8425286733419) (207.2528643965,487.8425286733419) (207.2528643965,513.8368823052417) (209.8028196165762,513.8368823052417) (209.8028196165762,539.8312359371415) (212.3527748366524,539.8312359371415) (212.3527748366524,565.8255895690413) (214.9027300567286,565.8255895690413) (214.9027300567286,591.8199432009411) (217.4526852768047,591.8199432009411) (217.4526852768047,617.8142968328409) (220.0026404968809,617.8142968328409) (220.0026404968809,643.8086504647407) (222.5525957169571,643.8086504647407) (222.5525957169571,669.8030040966405) (225.1025509370332,669.8030040966405) (225.1025509370332,695.7973577285403) (227.6525061571095,695.7973577285403) (227.6525061571095,721.7917113604401) (230.2024613771856,721.7917113604401) (230.2024613771856,735.2716860088356) (700,735.2716860088356)
batteryCharge[0]:
[0]: (0,100) (700,100)
user_guided_transport.end:
[0]: (0,0) (232.2024613771847,0) (232.2024613771847,1) (700,1)
[2K
Verifying formula 5 at /nta/queries/query[5]/formula
 -- Formula: simulate[<=700]{robot_inventory[0][0], user_guided_transport.end*2}
[2K -- Formula is satisfied.
robot_inventory[0][0]:
[0]: (0,0) (8.579676356631088,0) (8.579676356631088,1) (700,1)
user_guided_transport.end * 2:
[0]: (0,0) (231.7885430353703,0) (231.7885430353703,2) (700,2)
[2K
Verifying formula 6 at /nta/queries/query[6]/formula
 -- Formula: simulate[<=700]{bedroom[0], bedroom[1], kitchen[0], kitchen[1]}
[2K -- Formula is satisfied.
bedroom[0]:
[0]: (0,100) (700,100)
bedroom[1]:
[0]: (0,200) (700,200)
kitchen[0]:
[0]: (0,4400) (700,4400)
kitchen[1]:
[0]: (0,765) (700,765)
[2K
Verifying formula 7 at /nta/queries/query[7]/formula
 -- Formula: simulate[<=700]{rm_1.idle, rf_1.idle, rp_1.idle, rd_1.idle}
[2K -- Formula is satisfied.
rm_1.idle:
[0]: (0,0) (0,1) (0,0) (3,0) (3,1) (700,1)
rf_1.idle:
[0]: (0,0) (0,1) (10.82535399123212,1) (10.82535399123212,0) (233.0530241324538,0) (233.0530241324538,1) (700,1)
rp_1.idle:
[0]: (0,0) (0,1) (2,1) (2,0) (10.82535399123212,0) (10.82535399123212,1) (700,1)
rd_1.idle:
[0]: (0,0) (0,1) (700,1)
[2K
Verifying formula 8 at /nta/queries/query[8]/formula
 -- Formula: Pr[<=700](<>!rm_1.idle || !rf_1.idle || !rp_1.idle || !rd_1.idle)
[2K -- Formula is satisfied.
(72/72 runs) Pr(<> …) in [0.950056,1] (95% CI)
Values in [0,0] mean=0 steps=2.22045e-16: 72
[2K
Verifying formula 9 at /nta/queries/query[9]/formula
 -- Formula: Pr[<=700]([] (user_guided_transport.end imply (rm_1.idle && rf_1.idle && rp_1.idle && rd_1.idle)))
 -- Throughput: 608713 runs/sec, Load: 331 runs[K
[2K -- Formula is satisfied.
(72/72 runs) Pr([] …) in [0.950056,1] (95% CI)
[2K
Verifying formula 10 at /nta/queries/query[10]/formula
 -- Formula: Pr[<=700] (<> pow(humanPositionX[0] - kitchen[0], 2) + pow(humanPositionY[0] - kitchen[1], 2) <= 900 )
[2K -- Formula is satisfied.
(72/72 runs) Pr(<> …) in [0.950056,1] (95% CI)
Values in [192.061,196.953] mean=194.626 steps=0.543524: 7 8 12 3 3 11 10 10 8
[2K
Verifying formula 11 at /nta/queries/query[11]/formula
 -- Formula: Pr[<=700] (<> pow(humanPositionX[0] - bedroom[0], 2) + pow(humanPositionY[0] - bedroom[1], 2) <= 900 )
[2K -- Formula is satisfied.
(72/72 runs) Pr(<> …) in [0.950056,1] (95% CI)
Values in [1,1] mean=1 steps=2.22045e-16: 72
[2K
Verifying formula 12 at /nta/queries/query[12]/formula
 -- Formula: Pr[<=700] (<> pow(robPositionX[0] - bedroom[0], 2) + pow(robPositionY[0] - bedroom[1], 2) <= 900 )
[2K -- Formula is satisfied.
(72/72 runs) Pr(<> …) in [0.950056,1] (95% CI)
Values in [2,2] mean=2 steps=2.22045e-16: 72
[2K
Verifying formula 13 at /nta/queries/query[13]/formula
 -- Formula: Pr[<=700] (<> !isValidPosition(humanPositionX[0], humanPositionY[0]))
[2K -- Formula is satisfied.
(72/72 runs) Pr(<> …) in [0.950056,1] (95% CI)
Values in [0,0] mean=0 steps=2.22045e-16: 72
[2K
Verifying formula 14 at /nta/queries/query[14]/formula
 -- Formula: Pr[<=700] (<> !isValidPosition(robPositionX[0], robPositionY[0]))
[2K -- Formula is satisfied.
(72/72 runs) Pr(<> …) in [0.950056,1] (95% CI)
Values in [0,0] mean=0 steps=2.22045e-16: 72
[2K
Verifying formula 15 at /nta/queries/query[15]/formula
 -- Formula: Pr[<=700] (<> currP > 2)
 -- Throughput: 606499 runs/sec, Load: 331 runs[K
[2K -- Formula is satisfied.
(0/72 runs) Pr(<> …) in [0,0.0499441] (95% CI)
