Options for the verification:
  Generating no trace
  Search order is breadth first
  Using conservative space optimisation
  Seed is 1784944076
  State space representation uses minimal constraint systems with future testing
  Using HashMap + Compress integers for discrete state storage
[2K
Verifying formula 1 at /nta/queries/query[1]/formula
 -- Formula: simulate[<=700]{user_guided_transport_human1_def.s1_start, user_guided_transport_human1_def.s1_end, user_guided_transport_human1_def.s2_start, user_guided_transport_human1_def.s2_idle, user_guided_transport_human1_def.s3_start, user_guided_transport_human1_def.s3_end, user_guided_transport.end}
[2K -- Formula is satisfied.
user_guided_transport_human1_def.s1_start:
[0]: (0,0) (0,1) (0,0) (700,0)
user_guided_transport_human1_def.s1_end:
[0]: (0,0) (1,0) (1,1) (2,1) (2,0) (700,0)
user_guided_transport_human1_def.s2_start:
[0]: (0,0) (2,0) (2,1) (2,0) (700,0)
user_guided_transport_human1_def.s2_idle:
[0]: (0,0) (2,0) (2,1) (8.579031197375269,1) (8.579031197375269,0) (700,0)
user_guided_transport_human1_def.s3_start:
[0]: (0,0) (8.579031197375269,0) (8.579031197375269,1) (8.579031197375269,0) (13.57903119737524,0) (13.57903119737524,1) (13.57903119737524,0) (18.57903119737524,0) (18.57903119737524,1) (18.57903119737524,0) (23.57903119737518,0) (23.57903119737518,1) (23.57903119737518,0) (28.57903119737513,0) (28.57903119737513,1) (28.57903119737513,0) (33.57903119737508,0) (33.57903119737508,1) (33.57903119737508,0) (38.57903119737504,0) (38.57903119737504,1) (38.57903119737504,0) (43.57903119737501,0) (43.57903119737501,1) (43.57903119737501,0) (48.57903119737497,0) (48.57903119737497,1) (48.57903119737497,0) (53.57903119737494,0) (53.57903119737494,1) (53.57903119737494,0) (58.5790311973749,0) (58.5790311973749,1) (58.5790311973749,0) (63.57903119737486,0) (63.57903119737486,1) (63.57903119737486,0) (68.57903119737479,0) (68.57903119737479,1) (68.57903119737479,0) (73.57903119737476,0) (73.57903119737476,1) (73.57903119737476,0) (78.5790311973745,0) (78.5790311973745,1) (78.5790311973745,0) (83.57903119737421,0) (83.57903119737421,1) (83.57903119737421,0) (88.57903119737391,0) (88.57903119737391,1) (88.57903119737391,0) (93.57903119737358,0) (93.57903119737358,1) (93.57903119737358,0) (98.57903119737328,0) (98.57903119737328,1) (98.57903119737328,0) (103.579031197373,0) (103.579031197373,1) (103.579031197373,0) (108.5790311973727,0) (108.5790311973727,1) (108.5790311973727,0) (113.5790311973724,0) (113.5790311973724,1) (113.5790311973724,0) (118.5790311973721,0) (118.5790311973721,1) (118.5790311973721,0) (123.5790311973719,0) (123.5790311973719,1) (123.5790311973719,0) (128.5790311973717,0) (128.5790311973717,1) (128.5790311973717,0) (133.5790311973721,0) (133.5790311973721,1) (133.5790311973721,0) (138.5790311973725,0) (138.5790311973725,1) (138.5790311973725,0) (143.579031197373,0) (143.579031197373,1) (143.579031197373,0) (148.5790311973734,0) (148.5790311973734,1) (148.5790311973734,0) (153.5790311973738,0) (153.5790311973738,1) (153.5790311973738,0) (158.5790311973742,0) (158.5790311973742,1) (158.5790311973742,0) (163.5790311973747,0) (163.5790311973747,1) (163.5790311973747,0) (168.5790311973751,0) (168.5790311973751,1) (168.5790311973751,0) (173.5790311973755,0) (173.5790311973755,1) (173.5790311973755,0) (178.5790311973759,0) (178.5790311973759,1) (178.5790311973759,0) (183.5790311973763,0) (183.5790311973763,1) (183.5790311973763,0) (188.5790311973767,0) (188.5790311973767,1) (188.5790311973767,0) (193.579031197377,0) (193.579031197377,1) (193.579031197377,0) (700,0)
user_guided_transport_human1_def.s3_end:
[0]: (0,0) (193.579031197377,0) (193.579031197377,1) (229.8067013385986,1) (229.8067013385986,0) (700,0)
user_guided_transport.end:
[0]: (0,0) (231.8067013385977,0) (231.8067013385977,1) (700,1)
[2K
Verifying formula 2 at /nta/queries/query[2]/formula
 -- Formula: simulate[<=700]{user_guided_transport_robot1_def.s1_start, user_guided_transport_robot1_def.s1_end, user_guided_transport_robot1_def.s2_start, user_guided_transport_robot1_def.s2_end, user_guided_transport_robot1_def.s3_start, user_guided_transport_robot1_def.s3_end, user_guided_transport.end}
[2K -- Formula is satisfied.
user_guided_transport_robot1_def.s1_start:
[0]: (0,0) (0,1) (0,0) (700,0)
user_guided_transport_robot1_def.s1_end:
[0]: (0,0) (2,0) (2,1) (2,0) (700,0)
user_guided_transport_robot1_def.s2_start:
[0]: (0,0) (2,0) (2,1) (2,0) (700,0)
user_guided_transport_robot1_def.s2_end:
[0]: (0,0) (7.356102068719383,0) (7.356102068719383,1) (7.356102068719383,0) (700,0)
user_guided_transport_robot1_def.s3_start:
[0]: (0,0) (7.356102068719383,0) (7.356102068719383,1) (7.356102068719383,0) (700,0)
user_guided_transport_robot1_def.s3_end:
[0]: (0,0) (228.5649687474595,0) (228.5649687474595,1) (228.5649687474595,0) (700,0)
user_guided_transport.end:
[0]: (0,0) (230.5649687474586,0) (230.5649687474586,1) (700,1)
[2K
Verifying formula 3 at /nta/queries/query[3]/formula
 -- Formula: Pr[<=700] (<> user_guided_transport.end)
[2K -- Formula is satisfied.
(72/72 runs) Pr(<> …) in [0.950056,1] (95% CI)
Values in [230.293,235.222] mean=232.931 steps=0.547654: 6 8 9 6 6 10 7 7 13
[2K
Verifying formula 4 at /nta/queries/query[4]/formula
 -- Formula: simulate[<=700]{humanPositionX[0], humanPositionY[0], robPositionX[0], robPositionY[0], batteryCharge[0], user_guided_transport.end}
[2K -- Formula is satisfied.
humanPositionX[0]:
[0]: (0,0) (0,92.5) (1,92.5) (1,97.73313175708738) (11.22850046382,97.73313175708738) (11.22850046382,123.7285354798977) (12.22850046382,123.7285354798977) (12.22850046382,149.723939202708) (13.22850046382001,149.723939202708) (13.22850046382001,175.7193429255182) (14.22850046382001,175.7193429255182) (14.22850046382001,201.7147466483285) (15.22850046382,201.7147466483285) (15.22850046382,227.7101503711388) (16.22850046382,227.7101503711388) (16.22850046382,253.7055540939491) (17.22850046382,253.7055540939491) (17.22850046382,279.7009578167594) (18.22850046382,279.7009578167594) (18.22850046382,305.6963615395697) (19.22850046382,305.6963615395697) (19.22850046382,331.69176526238) (20.22850046382001,331.69176526238) (20.22850046382001,357.6871689851903) (21.22850046382002,357.6871689851903) (21.22850046382002,383.6825727080006) (22.22850046382004,383.6825727080006) (22.22850046382004,409.6779764308109) (23.22850046382005,409.6779764308109) (23.22850046382005,435.6733801536212) (24.22850046382007,435.6733801536212) (24.22850046382007,461.6687838764315) (25.22850046382008,461.6687838764315) (25.22850046382008,487.6641875992418) (26.22850046382009,487.6641875992418) (26.22850046382009,513.6595913220521) (27.22850046382011,513.6595913220521) (27.22850046382011,539.6549950448623) (28.22850046382012,539.6549950448623) (28.22850046382012,565.6503987676725) (29.22850046382014,565.6503987676725) (29.22850046382014,591.6458024904828) (30.22850046382015,591.6458024904828) (30.22850046382015,617.641206213293) (31.22850046382016,617.641206213293) (31.22850046382016,643.6366099361032) (32.22850046382018,643.6366099361032) (32.22850046382018,669.6320136589135) (33.2285004638202,669.6320136589135) (33.2285004638202,695.6274173817237) (34.22850046382023,695.6274173817237) (34.22850046382023,721.622821104534) (35.22850046382025,721.622821104534) (35.22850046382025,747.6182248273442) (36.22850046382028,747.6182248273442) (36.22850046382028,773.6136285501544) (37.22850046382031,773.6136285501544) (37.22850046382031,799.6090322729647) (38.22850046382034,799.6090322729647) (38.22850046382034,825.6044359957749) (39.22850046382037,825.6044359957749) (39.22850046382037,851.5998397185851) (40.2285004638204,851.5998397185851) (40.2285004638204,877.5952434413954) (41.22850046382042,877.5952434413954) (41.22850046382042,903.5906471642056) (42.22850046382045,903.5906471642056) (42.22850046382045,929.5860508870159) (43.22850046382048,929.5860508870159) (43.22850046382048,955.5814546098261) (44.22850046382051,955.5814546098261) (44.22850046382051,981.5768583326363) (45.22850046382054,981.5768583326363) (45.22850046382054,1007.572262055447) (46.22850046382057,1007.572262055447) (46.22850046382057,1033.567665778257) (47.22850046382059,1033.567665778257) (47.22850046382059,1059.563069501067) (48.22850046382062,1059.563069501067) (48.22850046382062,1085.558473223878) (49.22850046382065,1085.558473223878) (49.22850046382065,1111.553876946688) (50.22850046382063,1111.553876946688) (50.22850046382063,1137.549280669498) (51.22850046382065,1137.549280669498) (51.22850046382065,1163.544684392309) (52.22850046382067,1163.544684392309) (52.22850046382067,1189.540088115119) (53.22850046382068,1189.540088115119) (53.22850046382068,1215.535491837929) (54.22850046382069,1215.535491837929) (54.22850046382069,1241.53089556074) (55.2285004638207,1241.53089556074) (55.2285004638207,1267.52629928355) (56.22850046382071,1267.52629928355) (56.22850046382071,1293.52170300636) (57.22850046382071,1293.52170300636) (57.22850046382071,1319.517106729171) (58.22850046382071,1319.517106729171) (58.22850046382071,1345.512510451981) (59.22850046382071,1345.512510451981) (59.22850046382071,1371.507914174791) (60.22850046382071,1371.507914174791) (60.22850046382071,1397.503317897602) (61.22850046382071,1397.503317897602) (61.22850046382071,1423.498721620412) (62.22850046382071,1423.498721620412) (62.22850046382071,1478) (63.22850046382071,1478) (63.22850046382071,1504) (64.22850046382072,1504) (64.22850046382072,1530) (65.22850046382079,1530) (65.22850046382079,1556) (66.22850046382086,1556) (66.22850046382086,1582) (67.22850046382094,1582) (67.22850046382094,1608) (68.22850046382101,1608) (68.22850046382101,1634) (69.22850046382108,1634) (69.22850046382108,1660) (70.22850046382115,1660) (70.22850046382115,1686) (71.22850046382122,1686) (71.22850046382122,1712) (72.22850046382128,1712) (72.22850046382128,1738) (73.22850046382133,1738) (73.22850046382133,1764) (74.2285004638214,1764) (74.2285004638214,1790) (75.22850046382146,1790) (75.22850046382146,1816) (76.22850046382153,1816) (76.22850046382153,1842) (77.2285004638216,1842) (77.2285004638216,1868) (78.22850046382167,1868) (78.22850046382167,1894) (79.22850046382175,1894) (79.22850046382175,1920) (80.2285004638218,1920) (80.2285004638218,1946) (81.22850046382186,1946) (81.22850046382186,1972) (82.22850046382193,1972) (82.22850046382193,1998) (83.22850046382199,1998) (83.22850046382199,2024) (84.22850046382204,2024) (84.22850046382204,2050) (85.22850046382212,2050) (85.22850046382212,2076) (86.22850046382217,2076) (86.22850046382217,2102) (87.22850046382223,2102) (87.22850046382223,2128) (88.2285004638223,2128) (88.2285004638223,2154) (89.22850046382237,2154) (89.22850046382237,2180) (90.22850046382244,2180) (90.22850046382244,2206) (91.22850046382251,2206) (91.22850046382251,2232) (92.22850046382257,2232) (92.22850046382257,2258) (93.22850046382264,2258) (93.22850046382264,2284) (94.2285004638227,2284) (94.2285004638227,2310) (95.22850046382275,2310) (95.22850046382275,2336) (96.22850046382281,2336) (96.22850046382281,2362) (97.22850046382287,2362) (97.22850046382287,2388) (98.22850046382294,2388) (98.22850046382294,2414) (99.22850046382301,2414) (99.22850046382301,2440) (100.2285004638231,2440) (100.2285004638231,2466) (101.2285004638232,2466) (101.2285004638232,2492) (102.2285004638232,2492) (102.2285004638232,2518) (103.2285004638233,2518) (103.2285004638233,2544) (104.2285004638234,2544) (104.2285004638234,2570) (105.2285004638234,2570) (105.2285004638234,2596) (106.2285004638235,2596) (106.2285004638235,2622) (107.2285004638236,2622) (107.2285004638236,2648) (108.2285004638237,2648) (108.2285004638237,2674) (109.2285004638237,2674) (109.2285004638237,2700) (110.2285004638238,2700) (110.2285004638238,2726) (111.2285004638239,2726) (111.2285004638239,2752) (112.2285004638239,2752) (112.2285004638239,2778) (113.228500463824,2778) (113.228500463824,2804) (114.2285004638241,2804) (114.2285004638241,2830) (115.2285004638241,2830) (115.2285004638241,2856) (116.2285004638242,2856) (116.2285004638242,2882) (117.2285004638242,2882) (117.2285004638242,2908) (118.2285004638243,2908) (118.2285004638243,2934) (119.2285004638243,2934) (119.2285004638243,2960) (120.2285004638244,2960) (120.2285004638244,2986) (121.2285004638245,2986) (121.2285004638245,3012) (122.2285004638245,3012) (122.2285004638245,3038) (123.2285004638246,3038) (123.2285004638246,3088.5) (124.2285004638246,3088.5) (124.2285004638246,3114.5) (125.2285004638247,3114.5) (125.2285004638247,3140.5) (126.2285004638247,3140.5) (126.2285004638247,3166.5) (127.2285004638248,3166.5) (127.2285004638248,3192.5) (128.2285004638249,3192.5) (128.2285004638249,3218.5) (129.228500463825,3218.5) (129.228500463825,3244.5) (130.228500463825,3244.5) (130.228500463825,3270.5) (131.2285004638251,3270.5) (131.2285004638251,3296.5) (132.2285004638252,3296.5) (132.2285004638252,3322.5) (133.2285004638253,3322.5) (133.2285004638253,3348.5) (134.2285004638254,3348.5) (134.2285004638254,3374.5) (135.2285004638255,3374.5) (135.2285004638255,3400.5) (136.2285004638256,3400.5) (136.2285004638256,3426.5) (137.2285004638256,3426.5) (137.2285004638256,3452.5) (138.2285004638257,3452.5) (138.2285004638257,3478.5) (139.2285004638258,3478.5) (139.2285004638258,3504.5) (140.2285004638259,3504.5) (140.2285004638259,3530.5) (141.228500463826,3530.5) (141.228500463826,3556.5) (142.2285004638261,3556.5) (142.2285004638261,3582.5) (143.2285004638262,3582.5) (143.2285004638262,3608.5) (144.2285004638262,3608.5) (144.2285004638262,3634.5) (145.2285004638263,3634.5) (145.2285004638263,3660.5) (146.2285004638264,3660.5) (146.2285004638264,3686.5) (147.2285004638265,3686.5) (147.2285004638265,3712.5) (148.2285004638265,3712.5) (148.2285004638265,3738.5) (149.2285004638266,3738.5) (149.2285004638266,3764.5) (150.2285004638267,3764.5) (150.2285004638267,3790.5) (151.2285004638267,3790.5) (151.2285004638267,3816.5) (152.2285004638268,3816.5) (152.2285004638268,3842.5) (153.2285004638268,3842.5) (153.2285004638268,3868.5) (154.2285004638269,3868.5) (154.2285004638269,3894.5) (155.2285004638269,3894.5) (155.2285004638269,3920.5) (156.228500463827,3920.5) (156.228500463827,3946.5) (157.2285004638271,3946.5) (157.2285004638271,3972.5) (158.2285004638271,3972.5) (158.2285004638271,3998.5) (159.2285004638272,3998.5) (159.2285004638272,4024.5) (160.2285004638272,4024.5) (160.2285004638272,4050.5) (161.2285004638273,4050.5) (161.2285004638273,4076.5) (162.2285004638273,4076.5) (162.2285004638273,4102.5) (163.2285004638274,4102.5) (163.2285004638274,4128.5) (164.2285004638275,4128.5) (164.2285004638275,4154.5) (165.2285004638275,4154.5) (165.2285004638275,4180.5) (166.2285004638276,4180.5) (166.2285004638276,4206.5) (167.2285004638276,4206.5) (167.2285004638276,4232.5) (168.2285004638277,4232.5) (168.2285004638277,4258.5) (169.2285004638277,4258.5) (169.2285004638277,4284.5) (170.2285004638278,4284.5) (170.2285004638278,4310.5) (171.2285004638279,4310.5) (171.2285004638279,4336.5) (172.2285004638279,4336.5) (172.2285004638279,4362.5) (173.228500463828,4362.5) (173.228500463828,4388.5) (174.228500463828,4388.5) (174.228500463828,4416.265463717128) (175.2285004638281,4416.265463717128) (175.2285004638281,4415.530927434256) (176.2285004638281,4415.530927434256) (176.2285004638281,4414.796391151384) (177.2285004638282,4414.796391151384) (177.2285004638282,4414.061854868512) (178.2285004638283,4414.061854868512) (178.2285004638283,4413.327318585641) (179.2285004638283,4413.327318585641) (179.2285004638283,4412.592782302769) (180.2285004638284,4412.592782302769) (180.2285004638284,4411.858246019897) (181.2285004638285,4411.858246019897) (181.2285004638285,4411.123709737025) (182.2285004638285,4411.123709737025) (182.2285004638285,4410.389173454153) (183.2285004638286,4410.389173454153) (183.2285004638286,4409.654637171281) (184.2285004638286,4409.654637171281) (184.2285004638286,4408.920100888409) (185.2285004638287,4408.920100888409) (185.2285004638287,4408.185564605537) (186.2285004638287,4408.185564605537) (186.2285004638287,4407.451028322665) (187.2285004638288,4407.451028322665) (187.2285004638288,4406.716492039794) (188.2285004638289,4406.716492039794) (188.2285004638289,4405.981955756922) (189.228500463829,4405.981955756922) (189.228500463829,4405.24741947405) (190.228500463829,4405.24741947405) (190.228500463829,4404.512883191178) (191.2285004638291,4404.512883191178) (191.2285004638291,4403.778346908306) (192.2285004638292,4403.778346908306) (192.2285004638292,4403.043810625434) (193.2285004638292,4403.043810625434) (193.2285004638292,4402.309274342562) (194.2285004638293,4402.309274342562) (194.2285004638293,4401.57473805969) (195.2285004638294,4401.57473805969) (195.2285004638294,4400.840201776819) (700,4400.840201776819)
humanPositionY[0]:
[0]: (0,0) (0,163.5) (1,163.5) (1,188.9679078844919) (11.22850046382,188.9679078844919) (11.22850046382,188.479046668909) (12.22850046382,188.479046668909) (12.22850046382,187.9901854533261) (13.22850046382001,187.9901854533261) (13.22850046382001,187.5013242377432) (14.22850046382001,187.5013242377432) (14.22850046382001,187.0124630221603) (15.22850046382,187.0124630221603) (15.22850046382,186.5236018065774) (16.22850046382,186.5236018065774) (16.22850046382,186.0347405909945) (17.22850046382,186.0347405909945) (17.22850046382,185.5458793754117) (18.22850046382,185.5458793754117) (18.22850046382,185.0570181598288) (19.22850046382,185.0570181598288) (19.22850046382,184.5681569442459) (20.22850046382001,184.5681569442459) (20.22850046382001,184.079295728663) (21.22850046382002,184.079295728663) (21.22850046382002,183.5904345130801) (22.22850046382004,183.5904345130801) (22.22850046382004,183.1015732974972) (23.22850046382005,183.1015732974972) (23.22850046382005,182.6127120819143) (24.22850046382007,182.6127120819143) (24.22850046382007,182.1238508663315) (25.22850046382008,182.1238508663315) (25.22850046382008,181.6349896507486) (26.22850046382009,181.6349896507486) (26.22850046382009,181.1461284351657) (27.22850046382011,181.1461284351657) (27.22850046382011,180.6572672195828) (28.22850046382012,180.6572672195828) (28.22850046382012,180.1684060039999) (29.22850046382014,180.1684060039999) (29.22850046382014,179.679544788417) (30.22850046382015,179.679544788417) (30.22850046382015,179.1906835728341) (31.22850046382016,179.1906835728341) (31.22850046382016,178.7018223572512) (32.22850046382018,178.7018223572512) (32.22850046382018,178.2129611416684) (33.2285004638202,178.2129611416684) (33.2285004638202,177.7240999260855) (34.22850046382023,177.7240999260855) (34.22850046382023,177.2352387105026) (35.22850046382025,177.2352387105026) (35.22850046382025,176.7463774949197) (36.22850046382028,176.7463774949197) (36.22850046382028,176.2575162793368) (37.22850046382031,176.2575162793368) (37.22850046382031,175.7686550637539) (38.22850046382034,175.7686550637539) (38.22850046382034,175.279793848171) (39.22850046382037,175.279793848171) (39.22850046382037,174.7909326325882) (40.2285004638204,174.7909326325882) (40.2285004638204,174.3020714170053) (41.22850046382042,174.3020714170053) (41.22850046382042,173.8132102014224) (42.22850046382045,173.8132102014224) (42.22850046382045,173.3243489858395) (43.22850046382048,173.3243489858395) (43.22850046382048,172.8354877702566) (44.22850046382051,172.8354877702566) (44.22850046382051,172.3466265546737) (45.22850046382054,172.3466265546737) (45.22850046382054,171.8577653390908) (46.22850046382057,171.8577653390908) (46.22850046382057,171.3689041235079) (47.22850046382059,171.3689041235079) (47.22850046382059,170.8800429079251) (48.22850046382062,170.8800429079251) (48.22850046382062,170.3911816923422) (49.22850046382065,170.3911816923422) (49.22850046382065,169.9023204767593) (50.22850046382063,169.9023204767593) (50.22850046382063,169.4134592611764) (51.22850046382065,169.4134592611764) (51.22850046382065,168.9245980455935) (52.22850046382067,168.9245980455935) (52.22850046382067,168.4357368300106) (53.22850046382068,168.4357368300106) (53.22850046382068,167.9468756144277) (54.22850046382069,167.9468756144277) (54.22850046382069,167.4580143988449) (55.2285004638207,167.4580143988449) (55.2285004638207,166.969153183262) (56.22850046382071,166.969153183262) (56.22850046382071,166.4802919676791) (57.22850046382071,166.4802919676791) (57.22850046382071,165.9914307520962) (58.22850046382071,165.9914307520962) (58.22850046382071,165.5025695365133) (59.22850046382071,165.5025695365133) (59.22850046382071,165.0137083209304) (60.22850046382071,165.0137083209304) (60.22850046382071,164.5248471053475) (61.22850046382071,164.5248471053475) (61.22850046382071,164.0359858897646) (62.22850046382071,164.0359858897646) (62.22850046382071,163.5) (174.228500463828,163.5) (174.228500463828,189.4896220913107) (175.2285004638281,189.4896220913107) (175.2285004638281,215.4792441826214) (176.2285004638281,215.4792441826214) (176.2285004638281,241.4688662739321) (177.2285004638282,241.4688662739321) (177.2285004638282,267.4584883652428) (178.2285004638283,267.4584883652428) (178.2285004638283,293.4481104565535) (179.2285004638283,293.4481104565535) (179.2285004638283,319.4377325478642) (180.2285004638284,319.4377325478642) (180.2285004638284,345.427354639175) (181.2285004638285,345.427354639175) (181.2285004638285,371.4169767304857) (182.2285004638285,371.4169767304857) (182.2285004638285,397.4065988217964) (183.2285004638286,397.4065988217964) (183.2285004638286,423.3962209131071) (184.2285004638286,423.3962209131071) (184.2285004638286,449.3858430044178) (185.2285004638287,449.3858430044178) (185.2285004638287,475.3754650957285) (186.2285004638287,475.3754650957285) (186.2285004638287,501.3650871870392) (187.2285004638288,501.3650871870392) (187.2285004638288,527.3547092783499) (188.2285004638289,527.3547092783499) (188.2285004638289,553.3443313696606) (189.228500463829,553.3443313696606) (189.228500463829,579.3339534609713) (190.228500463829,579.3339534609713) (190.228500463829,605.323575552282) (191.2285004638291,605.323575552282) (191.2285004638291,631.3131976435927) (192.2285004638292,631.3131976435927) (192.2285004638292,657.3028197349034) (193.2285004638292,657.3028197349034) (193.2285004638292,683.2924418262141) (194.2285004638293,683.2924418262141) (194.2285004638293,709.2820639175249) (195.2285004638294,709.2820639175249) (195.2285004638294,735.2716860088356) (700,735.2716860088356)
robPositionX[0]:
[0]: (0,0) (0,92.5) (2,92.5) (2,97.73313175708738) (13.22850046382001,97.73313175708738) (13.22850046382001,123.7285354798977) (14.22850046382001,123.7285354798977) (14.22850046382001,149.723939202708) (15.22850046382,149.723939202708) (15.22850046382,175.7193429255182) (16.22850046382,175.7193429255182) (16.22850046382,201.7147466483285) (17.22850046382,201.7147466483285) (17.22850046382,227.7101503711388) (18.24730392630325,227.7101503711388) (18.24730392630325,253.7055540939491) (19.24730392630325,253.7055540939491) (19.24730392630325,279.7009578167594) (20.24730392630325,279.7009578167594) (20.24730392630325,305.6963615395697) (21.24730392630327,305.6963615395697) (21.24730392630327,331.69176526238) (22.24730392630328,331.69176526238) (22.24730392630328,357.6871689851903) (23.2473039263033,357.6871689851903) (23.2473039263033,383.6825727080006) (24.24730392630331,383.6825727080006) (24.24730392630331,409.6779764308109) (25.24730392630332,409.6779764308109) (25.24730392630332,435.6733801536212) (26.24730392630334,435.6733801536212) (26.24730392630334,461.6687838764315) (27.24730392630335,461.6687838764315) (27.24730392630335,487.6641875992418) (28.24730392630337,487.6641875992418) (28.24730392630337,513.6595913220521) (29.24730392630338,513.6595913220521) (29.24730392630338,539.6549950448623) (30.2473039263034,539.6549950448623) (30.2473039263034,565.6503987676725) (31.24730392630341,565.6503987676725) (31.24730392630341,591.6458024904828) (32.24730392630342,591.6458024904828) (32.24730392630342,617.641206213293) (33.24730392630344,617.641206213293) (33.24730392630344,643.6366099361032) (34.24730392630347,643.6366099361032) (34.24730392630347,669.6320136589135) (35.24730392630349,669.6320136589135) (35.24730392630349,695.6274173817237) (36.24730392630352,695.6274173817237) (36.24730392630352,721.622821104534) (37.24730392630355,721.622821104534) (37.24730392630355,747.6182248273442) (38.24730392630358,747.6182248273442) (38.24730392630358,773.6136285501544) (39.24730392630361,773.6136285501544) (39.24730392630361,799.6090322729647) (40.24730392630364,799.6090322729647) (40.24730392630364,825.6044359957749) (41.24730392630367,825.6044359957749) (41.24730392630367,851.5998397185851) (42.24730392630369,851.5998397185851) (42.24730392630369,877.5952434413954) (43.24730392630372,877.5952434413954) (43.24730392630372,903.5906471642056) (44.24730392630375,903.5906471642056) (44.24730392630375,929.5860508870159) (45.24730392630378,929.5860508870159) (45.24730392630378,955.5814546098261) (46.24730392630381,955.5814546098261) (46.24730392630381,981.5768583326363) (47.24730392630384,981.5768583326363) (47.24730392630384,1007.572262055447) (48.24730392630386,1007.572262055447) (48.24730392630386,1033.567665778257) (49.24730392630389,1033.567665778257) (49.24730392630389,1059.563069501067) (50.24730392630387,1059.563069501067) (50.24730392630387,1085.558473223878) (51.24730392630389,1085.558473223878) (51.24730392630389,1111.553876946688) (52.24730392630391,1111.553876946688) (52.24730392630391,1137.549280669498) (53.24730392630392,1137.549280669498) (53.24730392630392,1163.544684392309) (54.24730392630394,1163.544684392309) (54.24730392630394,1189.540088115119) (55.24730392630394,1189.540088115119) (55.24730392630394,1215.535491837929) (56.24730392630395,1215.535491837929) (56.24730392630395,1241.53089556074) (57.24730392630395,1241.53089556074) (57.24730392630395,1267.52629928355) (58.24730392630395,1267.52629928355) (58.24730392630395,1293.52170300636) (59.24730392630395,1293.52170300636) (59.24730392630395,1319.517106729171) (60.24730392630395,1319.517106729171) (60.24730392630395,1345.512510451981) (61.24730392630395,1345.512510451981) (61.24730392630395,1371.507914174791) (62.24730392630395,1371.507914174791) (62.24730392630395,1397.503317897602) (63.2600347831631,1397.503317897602) (63.2600347831631,1423.501210954746) (64.2686540008423,1423.501210954746) (64.2686540008423,1449.500245178851) (65.27448944161027,1449.500245178851) (65.27448944161027,1475.499802499311) (66.27844017265862,1475.499802499311) (66.27844017265862,1501.499599591989) (67.28111490507882,1501.499599591989) (67.28111490507882,1527.499506587529) (68.28292575640113,1527.499506587529) (68.28292575640113,1553.499463958168) (69.2841517411094,1553.499463958168) (69.2841517411094,1579.49944441867) (70.28498175855943,1579.49944441867) (70.28498175855943,1605.499435462594) (71.28554369778922,1605.499435462594) (71.28554369778922,1631.49943135751) (72.28592414242259,1631.49943135751) (72.28592414242259,1657.499429475914) (73.28618171140583,1657.499429475914) (73.28618171140583,1683.499428613471) (74.28635609099952,1683.499428613471) (74.28635609099952,1709.499428218164) (75.28647414963382,1709.499428218164) (75.28647414963382,1735.499428036972) (76.2865540778013,1735.499428036972) (76.2865540778013,1761.499427953921) (77.28660819084251,1761.499427953921) (77.28660819084251,1787.499427915854) (78.28664482650427,1787.499427915854) (78.28664482650427,1813.499427898406) (79.28666962961583,1813.499427898406) (79.28666962961583,1839.499427890409) (80.2866864218428,1839.499427890409) (80.2866864218428,1865.499427886743) (81.28669779052069,1865.499427886743) (81.28669779052069,1891.499427885063) (82.28670548735637,1891.499427885063) (82.28670548735637,1917.499427884293) (83.28671069826927,1917.499427884293) (83.28671069826927,1943.499427883939) (84.28671422616449,1943.499427883939) (84.28671422616449,1969.499427883778) (85.28671661463059,1969.499427883778) (85.28671661463059,1995.499427883703) (86.28671823166412,1995.499427883703) (86.28671823166412,2021.499427883669) (87.28671932646863,2021.499427883669) (87.28671932646863,2047.499427883654) (88.28672006764234,2047.499427883654) (88.28672006764234,2073.499427883647) (89.28672056943776,2073.499427883647) (89.28672056943776,2099.499427883643) (90.28672090923659,2099.499427883643) (90.28672090923659,2125.499427883642) (91.28672113960302,2125.499427883642) (91.28672113960302,2151.499427883641) (92.28672129446049,2151.499427883641) (92.28672129446049,2177.499427883641) (93.28672139876869,2177.499427883641) (93.28672139876869,2203.499427883641) (94.28672147176923,2203.499427883641) (94.28672147176923,2229.499427883641) (95.28672152119084,2229.499427883641) (95.28672152119084,2255.499427883641) (96.2867215545109,2255.499427883641) (96.2867215545109,2281.499427883641) (97.28672157558439,2281.499427883641) (97.28672157558439,2307.499427883641) (98.28672157558447,2307.499427883641) (98.28672157558447,2333.499427883641) (99.28672157558454,2333.499427883641) (99.28672157558454,2359.499427883641) (100.2867215755846,2359.499427883641) (100.2867215755846,2385.499427883641) (101.2867215755847,2385.499427883641) (101.2867215755847,2411.499427883641) (102.2867215755847,2411.499427883641) (102.2867215755847,2437.499427883641) (103.2867215755848,2437.499427883641) (103.2867215755848,2463.499427883641) (104.2867215755849,2463.499427883641) (104.2867215755849,2489.499427883641) (105.286721575585,2489.499427883641) (105.286721575585,2515.499427883641) (106.286721575585,2515.499427883641) (106.286721575585,2541.499427883641) (107.2867215755851,2541.499427883641) (107.2867215755851,2567.499427883641) (108.2867215755852,2567.499427883641) (108.2867215755852,2593.499427883641) (109.2867215755852,2593.499427883641) (109.2867215755852,2619.499427883641) (110.2867215755853,2619.499427883641) (110.2867215755853,2645.499427883641) (111.2867215755854,2645.499427883641) (111.2867215755854,2671.499427883641) (112.2867215755855,2671.499427883641) (112.2867215755855,2697.499427883641) (113.2867215755855,2697.499427883641) (113.2867215755855,2723.499427883641) (114.2867215755856,2723.499427883641) (114.2867215755856,2749.499427883641) (115.2867215755856,2749.499427883641) (115.2867215755856,2775.499427883641) (116.2867215755857,2775.499427883641) (116.2867215755857,2801.499427883641) (117.2867215755857,2801.499427883641) (117.2867215755857,2827.499427883641) (118.2867215755858,2827.499427883641) (118.2867215755858,2853.499427883641) (119.2867215755859,2853.499427883641) (119.2867215755859,2879.499427883641) (120.2867215755859,2879.499427883641) (120.2867215755859,2905.499427883641) (121.286721575586,2905.499427883641) (121.286721575586,2931.499427883641) (122.286721575586,2931.499427883641) (122.286721575586,2957.499427883641) (123.2867215755861,2957.499427883641) (123.2867215755861,2983.499427883641) (124.2867215755861,2983.499427883641) (124.2867215755861,3009.499427883641) (125.2867215755862,3009.499427883641) (125.2867215755862,3035.499427883641) (126.2867215755863,3035.499427883641) (126.2867215755863,3061.499427883641) (127.2867215755863,3061.499427883641) (127.2867215755863,3087.499427883641) (128.2867215755864,3087.499427883641) (128.2867215755864,3113.499427883641) (129.2867215755865,3113.499427883641) (129.2867215755865,3139.499427883641) (130.2867215755866,3139.499427883641) (130.2867215755866,3165.499427883641) (131.2867215755867,3165.499427883641) (131.2867215755867,3191.499427883641) (132.2867215755867,3191.499427883641) (132.2867215755867,3217.499427883641) (133.2867215755868,3217.499427883641) (133.2867215755868,3243.499427883641) (134.2867215755869,3243.499427883641) (134.2867215755869,3269.499427883641) (135.286721575587,3269.499427883641) (135.286721575587,3295.499427883641) (136.2867215755871,3295.499427883641) (136.2867215755871,3321.499427883641) (137.2867215755872,3321.499427883641) (137.2867215755872,3347.499427883641) (138.2867215755873,3347.499427883641) (138.2867215755873,3373.499427883641) (139.2867215755873,3373.499427883641) (139.2867215755873,3399.499427883641) (140.2867215755874,3399.499427883641) (140.2867215755874,3425.499427883641) (141.2867215755875,3425.499427883641) (141.2867215755875,3451.499427883641) (142.2867215755876,3451.499427883641) (142.2867215755876,3477.499427883641) (143.2867215755877,3477.499427883641) (143.2867215755877,3503.499427883641) (144.2867215755878,3503.499427883641) (144.2867215755878,3529.499427883641) (145.2867215755878,3529.499427883641) (145.2867215755878,3555.499427883641) (146.2867215755879,3555.499427883641) (146.2867215755879,3581.499427883641) (147.286721575588,3581.499427883641) (147.286721575588,3607.499427883641) (148.286721575588,3607.499427883641) (148.286721575588,3633.499427883641) (149.2867215755881,3633.499427883641) (149.2867215755881,3659.499427883641) (150.2867215755882,3659.499427883641) (150.2867215755882,3685.499427883641) (151.2867215755882,3685.499427883641) (151.2867215755882,3711.499427883641) (152.2867215755883,3711.499427883641) (152.2867215755883,3737.499427883641) (153.2867215755883,3737.499427883641) (153.2867215755883,3763.499427883641) (154.2867215755884,3763.499427883641) (154.2867215755884,3789.499427883641) (155.2867215755884,3789.499427883641) (155.2867215755884,3815.499427883641) (156.2867215755885,3815.499427883641) (156.2867215755885,3841.499427883641) (157.2867215755886,3841.499427883641) (157.2867215755886,3867.499427883641) (158.2867215755886,3867.499427883641) (158.2867215755886,3893.499427883641) (159.2867215755887,3893.499427883641) (159.2867215755887,3919.499427883641) (160.2867215755887,3919.499427883641) (160.2867215755887,3945.499427883641) (161.2867215755888,3945.499427883641) (161.2867215755888,3971.499427883641) (162.2867215755888,3971.499427883641) (162.2867215755888,3997.499427883641) (163.2867215755889,3997.499427883641) (163.2867215755889,4023.499427883641) (164.286721575589,4023.499427883641) (164.286721575589,4049.499427883641) (165.286721575589,4049.499427883641) (165.286721575589,4075.499427883641) (166.2867215755891,4075.499427883641) (166.2867215755891,4101.49942788364) (167.2867215755891,4101.49942788364) (167.2867215755891,4127.49942788364) (168.2867215755892,4127.49942788364) (168.2867215755892,4153.49942788364) (169.2867215755892,4153.49942788364) (169.2867215755892,4179.49942788364) (170.2867215755893,4179.49942788364) (170.2867215755893,4205.49942788364) (171.2867215755894,4205.49942788364) (171.2867215755894,4231.49942788364) (172.2867215755894,4231.49942788364) (172.2867215755894,4257.49942788364) (173.2867215755895,4257.49942788364) (173.2867215755895,4283.49942788364) (174.2867215755895,4283.49942788364) (174.2867215755895,4309.49942788364) (175.5255033713445,4309.49942788364) (175.5255033713445,4334.761725317672) (177.041619468258,4334.761725317672) (177.041619468258,4357.375029374853) (178.8404766474313,4357.375029374853) (178.8404766474313,4371.80338971305) (180.9761842907248,4371.80338971305) (180.9761842907248,4380.472858151295) (183.2844827496294,4380.472858151295) (183.2844827496294,4385.010512952947) (185.7106227973757,4385.010512952947) (185.7106227973757,4388.172157803916) (188.1793240253984,4388.172157803916) (188.1793240253984,4390.428283375573) (190.6766910609262,4390.428283375573) (190.6766910609262,4391.835488330516) (193.201156223379,4391.835488330516) (193.201156223379,4392.871718959358) (195.7379940615009,4392.871718959358) (195.7379940615009,4393.515439372457) (198.2879492815771,4393.515439372457) (198.2879492815771,4394.057268921059) (200.8379045016533,4394.057268921059) (200.8379045016533,4394.599098469662) (203.3878597217295,4394.599098469662) (203.3878597217295,4395.140928018264) (205.9378149418057,4395.140928018264) (205.9378149418057,4395.682757566867) (208.4877701618818,4395.682757566867) (208.4877701618818,4396.224587115469) (211.037725381958,4396.224587115469) (211.037725381958,4396.766416664072) (213.5876806020342,4396.766416664072) (213.5876806020342,4397.308246212675) (216.1376358221104,4397.308246212675) (216.1376358221104,4397.850075761278) (218.6875910421865,4397.850075761278) (218.6875910421865,4398.391905309881) (221.2375462622627,4398.391905309881) (221.2375462622627,4398.933734858484) (223.7875014823389,4398.933734858484) (223.7875014823389,4399.475564407086) (226.3374567024151,4399.475564407086) (226.3374567024151,4400.01739395569) (228.8874119224912,4400.01739395569) (228.8874119224912,4400.559223504292) (231.4373671425674,4400.559223504292) (231.4373671425674,4400.840201776819) (700,4400.840201776819)
robPositionY[0]:
[0]: (0,0) (0,163.5) (2,163.5) (2,188.9679078844919) (13.22850046382001,188.9679078844919) (13.22850046382001,188.479046668909) (14.22850046382001,188.479046668909) (14.22850046382001,187.9901854533261) (15.22850046382,187.9901854533261) (15.22850046382,187.5013242377432) (16.22850046382,187.5013242377432) (16.22850046382,187.0124630221603) (17.22850046382,187.0124630221603) (17.22850046382,186.5236018065776) (18.24730392630325,186.5236018065776) (18.24730392630325,186.0347405909947) (19.24730392630325,186.0347405909947) (19.24730392630325,185.5458793754118) (20.24730392630325,185.5458793754118) (20.24730392630325,185.0570181598289) (21.24730392630327,185.0570181598289) (21.24730392630327,184.568156944246) (22.24730392630328,184.568156944246) (22.24730392630328,184.0792957286631) (23.2473039263033,184.0792957286631) (23.2473039263033,183.5904345130803) (24.24730392630331,183.5904345130803) (24.24730392630331,183.1015732974974) (25.24730392630332,183.1015732974974) (25.24730392630332,182.6127120819145) (26.24730392630334,182.6127120819145) (26.24730392630334,182.1238508663316) (27.24730392630335,182.1238508663316) (27.24730392630335,181.6349896507487) (28.24730392630337,181.6349896507487) (28.24730392630337,181.1461284351658) (29.24730392630338,181.1461284351658) (29.24730392630338,180.6572672195829) (30.2473039263034,180.6572672195829) (30.2473039263034,180.168406004) (31.24730392630341,180.168406004) (31.24730392630341,179.6795447884172) (32.24730392630342,179.6795447884172) (32.24730392630342,179.1906835728343) (33.24730392630344,179.1906835728343) (33.24730392630344,178.7018223572514) (34.24730392630347,178.7018223572514) (34.24730392630347,178.2129611416685) (35.24730392630349,178.2129611416685) (35.24730392630349,177.7240999260856) (36.24730392630352,177.7240999260856) (36.24730392630352,177.2352387105027) (37.24730392630355,177.2352387105027) (37.24730392630355,176.7463774949198) (38.24730392630358,176.7463774949198) (38.24730392630358,176.257516279337) (39.24730392630361,176.257516279337) (39.24730392630361,175.7686550637541) (40.24730392630364,175.7686550637541) (40.24730392630364,175.2797938481712) (41.24730392630367,175.2797938481712) (41.24730392630367,174.7909326325883) (42.24730392630369,174.7909326325883) (42.24730392630369,174.3020714170054) (43.24730392630372,174.3020714170054) (43.24730392630372,173.8132102014225) (44.24730392630375,173.8132102014225) (44.24730392630375,173.3243489858396) (45.24730392630378,173.3243489858396) (45.24730392630378,172.8354877702567) (46.24730392630381,172.8354877702567) (46.24730392630381,172.3466265546739) (47.24730392630384,172.3466265546739) (47.24730392630384,171.857765339091) (48.24730392630386,171.857765339091) (48.24730392630386,171.3689041235081) (49.24730392630389,171.3689041235081) (49.24730392630389,170.8800429079252) (50.24730392630387,170.8800429079252) (50.24730392630387,170.3911816923423) (51.24730392630389,170.3911816923423) (51.24730392630389,169.9023204767594) (52.24730392630391,169.9023204767594) (52.24730392630391,169.4134592611765) (53.24730392630392,169.4134592611765) (53.24730392630392,168.9245980455937) (54.24730392630394,168.9245980455937) (54.24730392630394,168.4357368300108) (55.24730392630394,168.4357368300108) (55.24730392630394,167.9468756144279) (56.24730392630395,167.9468756144279) (56.24730392630395,167.458014398845) (57.24730392630395,167.458014398845) (57.24730392630395,166.9691531832621) (58.24730392630395,166.9691531832621) (58.24730392630395,166.4802919676792) (59.24730392630395,166.4802919676792) (59.24730392630395,165.9914307520963) (60.24730392630395,165.9914307520963) (60.24730392630395,165.5025695365134) (61.24730392630395,165.5025695365134) (61.24730392630395,165.0137083209306) (62.24730392630395,165.0137083209306) (62.24730392630395,164.5248471053477) (63.2600347831631,164.5248471053477) (63.2600347831631,164.1938537681208) (64.2686540008423,164.1938537681208) (64.2686540008423,163.969756883213) (65.27448944161027,163.969756883213) (65.27448944161027,163.8180362843253) (66.27844017265862,163.8180362843253) (66.27844017265862,163.7153175442811) (67.28111490507882,163.7153175442811) (67.28111490507882,163.6457745842783) (68.28292575640113,163.6457745842783) (68.28292575640113,163.5986924756321) (69.2841517411094,163.5986924756321) (69.2841517411094,163.566816881204) (70.28498175855943,163.566816881204) (70.28498175855943,163.545236429983) (71.28554369778922,163.545236429983) (71.28554369778922,163.5306260107791) (72.28592414242259,163.5306260107791) (72.28592414242259,163.5207344505516) (73.28618171140583,163.5207344505516) (73.28618171140583,163.5140376570627) (74.28635609099952,163.5140376570627) (74.28635609099952,163.5095037876518) (75.28647414963382,163.5095037876518) (75.28647414963382,163.5064342631685) (76.2865540778013,163.5064342631685) (76.2865540778013,163.5043561308182) (77.28660819084251,163.5043561308182) (77.28660819084251,163.5029491917491) (78.28664482650427,163.5029491917491) (78.28664482650427,163.5019966645455) (79.28666962961583,163.5019966645455) (79.28666962961583,163.5013517836466) (80.2866864218428,163.5013517836466) (80.2866864218428,163.5009151857469) (81.28669779052069,163.5009151857469) (81.28669779052069,163.5006196001235) (82.28670548735637,163.5006196001235) (82.28670548735637,163.5004194823974) (83.28671069826927,163.5004194823974) (83.28671069826927,163.5002839986634) (84.28671422616449,163.5002839986634) (84.28671422616449,163.5001922733894) (85.28671661463059,163.5001922733894) (85.28671661463059,163.5001301732726) (86.28671823166412,163.5001301732726) (86.28671823166412,163.5000881304022) (87.28671932646863,163.5000881304022) (87.28671932646863,163.5000596654866) (88.28672006764234,163.5000596654866) (88.28672006764234,163.5000403949721) (89.28672056943776,163.5000403949721) (89.28672056943776,163.5000273482928) (90.28672090923659,163.5000273482928) (90.28672090923659,163.5000185135251) (91.28672113960302,163.5000185135251) (91.28672113960302,163.5000125239997) (92.28672129446049,163.5000125239997) (92.28672129446049,163.5000084977071) (93.28672139876869,163.5000084977071) (93.28672139876869,163.5000057856957) (94.28672147176923,163.5000057856957) (94.28672147176923,163.5000038876832) (95.28672152119084,163.5000038876832) (95.28672152119084,163.5000026027226) (96.2867215545109,163.5000026027226) (96.2867215545109,163.5000017364024) (97.28672157558439,163.5000017364024) (97.28672157558439,163.5000011884933) (98.28672157558447,163.5000011884933) (98.28672157558447,163.5000006405843) (175.5255033713445,163.5000006405843) (175.5255033713445,169.6494988603188) (177.041619468258,169.6494988603188) (177.041619468258,182.4806515605829) (178.8404766474313,182.4806515605829) (178.8404766474313,204.1098544573876) (180.9761842907248,204.1098544573876) (180.9761842907248,228.6218987825405) (183.2844827496294,228.6218987825405) (183.2844827496294,254.2228692504944) (185.7106227973757,254.2228692504944) (185.7106227973757,280.0299225855101) (188.1793240253984,280.0299225855101) (188.1793240253984,305.9318510350467) (190.6766910609262,305.9318510350467) (190.6766910609262,331.8937418408948) (193.201156223379,331.8937418408948) (193.201156223379,357.873084135954) (195.7379940615009,357.873084135954) (195.7379940615009,383.8651141457428) (198.2879492815771,383.8651141457428) (198.2879492815771,409.8594677776426) (200.8379045016533,409.8594677776426) (200.8379045016533,435.8538214095424) (203.3878597217295,435.8538214095424) (203.3878597217295,461.8481750414421) (205.9378149418057,461.8481750414421) (205.9378149418057,487.8425286733419) (208.4877701618818,487.8425286733419) (208.4877701618818,513.8368823052417) (211.037725381958,513.8368823052417) (211.037725381958,539.8312359371415) (213.5876806020342,539.8312359371415) (213.5876806020342,565.8255895690413) (216.1376358221104,565.8255895690413) (216.1376358221104,591.8199432009411) (218.6875910421865,591.8199432009411) (218.6875910421865,617.8142968328409) (221.2375462622627,617.8142968328409) (221.2375462622627,643.8086504647407) (223.7875014823389,643.8086504647407) (223.7875014823389,669.8030040966405) (226.3374567024151,669.8030040966405) (226.3374567024151,695.7973577285403) (228.8874119224912,695.7973577285403) (228.8874119224912,721.7917113604401) (231.4373671425674,721.7917113604401) (231.4373671425674,735.2716860088356) (700,735.2716860088356)
batteryCharge[0]:
[0]: (0,100) (700,100)
user_guided_transport.end:
[0]: (0,0) (233.4373671425665,0) (233.4373671425665,1) (700,1)
[2K
Verifying formula 5 at /nta/queries/query[5]/formula
 -- Formula: simulate[<=700]{robot_inventory[0][0], user_guided_transport.end*2}
[2K -- Formula is satisfied.
robot_inventory[0][0]:
[0]: (0,0) (7.354167237094149,0) (7.354167237094149,1) (700,1)
user_guided_transport.end * 2:
[0]: (0,0) (230.5818373783162,0) (230.5818373783162,2) (700,2)
[2K
Verifying formula 6 at /nta/queries/query[6]/formula
 -- Formula: simulate[<=700]{bedroom[0], bedroom[1], kitchen[0], kitchen[1]}
[2K -- Formula is satisfied.
bedroom[0]:
[0]: (0,100) (700,100)
bedroom[1]:
[0]: (0,200) (700,200)
kitchen[0]:
[0]: (0,4400) (700,4400)
kitchen[1]:
[0]: (0,765) (700,765)
[2K
Verifying formula 7 at /nta/queries/query[7]/formula
 -- Formula: simulate[<=700]{rm_1.idle, rf_1.idle, rp_1.idle, rd_1.idle}
[2K -- Formula is satisfied.
rm_1.idle:
[0]: (0,0) (0,1) (0,0) (3,0) (3,1) (700,1)
rf_1.idle:
[0]: (0,0) (0,1) (10.75254702385256,1) (10.75254702385256,0) (232.980217165075,0) (232.980217165075,1) (700,1)
rp_1.idle:
[0]: (0,0) (0,1) (2,1) (2,0) (10.75254702385256,0) (10.75254702385256,1) (700,1)
rd_1.idle:
[0]: (0,0) (0,1) (700,1)
[2K
Verifying formula 8 at /nta/queries/query[8]/formula
 -- Formula: Pr[<=700](<>!rm_1.idle || !rf_1.idle || !rp_1.idle || !rd_1.idle)
[2K -- Formula is satisfied.
(72/72 runs) Pr(<> …) in [0.950056,1] (95% CI)
Values in [0,0] mean=0 steps=2.22045e-16: 72
[2K
Verifying formula 9 at /nta/queries/query[9]/formula
 -- Formula: Pr[<=700]([] (user_guided_transport.end imply (rm_1.idle && rf_1.idle && rp_1.idle && rd_1.idle)))
 -- Throughput: 630637 runs/sec, Load: 329 runs[K
[2K -- Formula is satisfied.
(72/72 runs) Pr([] …) in [0.950056,1] (95% CI)
[2K
Verifying formula 10 at /nta/queries/query[10]/formula
 -- Formula: Pr[<=700] (<> pow(humanPositionX[0] - kitchen[0], 2) + pow(humanPositionY[0] - kitchen[1], 2) <= 900 )
[2K -- Formula is satisfied.
(72/72 runs) Pr(<> …) in [0.950056,1] (95% CI)
Values in [192.033,196.942] mean=194.682 steps=0.545391: 10 3 10 6 9 6 6 10 12
[2K
Verifying formula 11 at /nta/queries/query[11]/formula
 -- Formula: Pr[<=700] (<> pow(humanPositionX[0] - bedroom[0], 2) + pow(humanPositionY[0] - bedroom[1], 2) <= 900 )
[2K -- Formula is satisfied.
(72/72 runs) Pr(<> …) in [0.950056,1] (95% CI)
Values in [1,1] mean=1 steps=2.22045e-16: 72
[2K
Verifying formula 12 at /nta/queries/query[12]/formula
 -- Formula: Pr[<=700] (<> pow(robPositionX[0] - bedroom[0], 2) + pow(robPositionY[0] - bedroom[1], 2) <= 900 )
[2K -- Formula is satisfied.
(72/72 runs) Pr(<> …) in [0.950056,1] (95% CI)
Values in [2,2] mean=2 steps=2.22045e-16: 72
[2K
Verifying formula 13 at /nta/queries/query[13]/formula
 -- Formula: Pr[<=700] (<> !isValidPosition(humanPositionX[0], humanPositionY[0]))
[2K -- Formula is satisfied.
(72/72 runs) Pr(<> …) in [0.950056,1] (95% CI)
Values in [0,0] mean=0 steps=2.22045e-16: 72
[2K
Verifying formula 14 at /nta/queries/query[14]/formula
 -- Formula: Pr[<=700] (<> !isValidPosition(robPositionX[0], robPositionY[0]))
[2K -- Formula is satisfied.
(72/72 runs) Pr(<> …) in [0.950056,1] (95% CI)
Values in [0,0] mean=0 steps=2.22045e-16: 72
[2K
Verifying formula 15 at /nta/queries/query[15]/formula
 -- Formula: Pr[<=700] (<> currP > 2)
 -- Throughput: 632904 runs/sec, Load: 328 runs[K
[2K -- Formula is satisfied.
(0/72 runs) Pr(<> …) in [0,0.0499441] (95% CI)
