Options for the verification:
  Generating no trace
  Search order is breadth first
  Using conservative space optimisation
  Seed is 1782935179
  State space representation uses minimal constraint systems with future testing
  Using HashMap + Compress integers for discrete state storage
[2K
Verifying formula 1 at /nta/queries/query[1]/formula
 -- Formula: simulate[<=700]{Coffee_Delivery_robot1_def.s1_start, Coffee_Delivery_robot1_def.s1_end, Coffee_Delivery_robot1_def.s2_start, Coffee_Delivery_robot1_def.s2_end, Coffee_Delivery_robot1_def.s3_start, Coffee_Delivery_robot1_def.s3_end, Coffee_Delivery_robot1_def.s4_start, Coffee_Delivery_robot1_def.s4_end, Coffee_Delivery_robot1_def.s5_start, Coffee_Delivery_robot1_def.s5_end, Coffee_Delivery_robot1_def.s6_start, Coffee_Delivery_robot1_def.s6_end, Coffee_Delivery.end}
[2K -- Aborted.
Coffee_Delivery_robot1_def.s1_start:
[0]: (0,0) (0,1) (0,0) (172.8225308509251,0)
Coffee_Delivery_robot1_def.s1_end:
[0]: (0,0) (67.5767397931244,0) (67.5767397931244,1) (67.5767397931244,0) (172.8225308509251,0)
Coffee_Delivery_robot1_def.s2_start:
[0]: (0,0) (67.5767397931244,0) (67.5767397931244,1) (67.5767397931244,0) (172.8225308509251,0)
Coffee_Delivery_robot1_def.s2_end:
[0]: (0,0) (75.52550039548137,0) (75.52550039548137,1) (75.52550039548137,0) (172.8225308509251,0)
Coffee_Delivery_robot1_def.s3_start:
[0]: (0,0) (75.52550039548137,0) (75.52550039548137,1) (75.52550039548137,0) (172.8225308509251,0)
Coffee_Delivery_robot1_def.s3_end:
[0]: (0,0) (144.2049554240034,0) (144.2049554240034,1) (144.2049554240034,0) (172.8225308509251,0)
Coffee_Delivery_robot1_def.s4_start:
[0]: (0,0) (144.2049554240034,0) (144.2049554240034,1) (144.2049554240034,0) (172.8225308509251,0)
Coffee_Delivery_robot1_def.s4_end:
[0]: (0,0) (149.2049554240034,0) (149.2049554240034,1) (149.2049554240034,0) (172.8225308509251,0)
Coffee_Delivery_robot1_def.s5_start:
[0]: (0,0) (149.2049554240034,0) (149.2049554240034,1) (149.2049554240034,0) (172.8225308509251,0)
Coffee_Delivery_robot1_def.s5_end:
[0]: (0,0) (172.8225308509251,0) (172.8225308509251,1)
Coffee_Delivery_robot1_def.s6_start:
[0]: (0,0) (172.8225308509251,0) (172.8225308509251,1)
Coffee_Delivery_robot1_def.s6_end:
[0]: (0,0) (172.8225308509251,0)
Coffee_Delivery.end:
[0]: (0,0) (172.8225308509251,0)
[2K
Verifying formula 2 at /nta/queries/query[2]/formula
 -- Formula: Pr[<=700] (<> Coffee_Delivery.end)
[2K -- Aborted.
[2K
Verifying formula 3 at /nta/queries/query[3]/formula
 -- Formula: simulate[<=700]{humanPositionX[0], humanPositionY[0], humanPositionX[1], humanPositionY[1], robPositionX[0], robPositionY[0], batteryCharge[0], Coffee_Delivery.end}
[2K -- Aborted.
humanPositionX[0]:
[0]: (0,0) (0,92.5)
humanPositionY[0]:
[0]: (0,0) (0,163.5)
humanPositionX[1]:
[0]: (0,0) (0,92.5)
humanPositionY[1]:
[0]: (0,0) (0,761.2)
robPositionX[0]:
[0]: (0,0) (0,92.5) (2,92.5) (2,118.5) (3,118.5) (3,144.5) (4,144.5) (4,170.5) (5,170.5) (5,196.5) (6,196.5) (6,222.5) (7,222.5) (7,248.5) (8,248.5) (8,274.5) (9,274.5) (9,300.5) (10,300.5) (10,326.5) (11,326.5) (11,352.5) (12,352.5) (12,378.5) (13,378.5) (13,404.5) (14,404.5) (14,430.5) (15,430.5) (15,456.5) (16,456.5) (16,482.5) (17,482.5) (17,508.5) (18,508.5) (18,534.5) (19,534.5) (19,560.5) (20,560.5) (20,586.5) (21,586.5) (21,612.5) (22,612.5) (22,638.5) (23,638.5) (23,664.5) (24,664.5) (24,690.5) (25,690.5) (25,716.5) (26,716.5) (26,742.5) (27,742.5) (27,768.5) (28,768.5) (28,794.5) (29,794.5) (29,820.5) (30,820.5) (30,846.5) (31,846.5) (31,872.5) (32,872.5) (32,898.5) (33,898.5) (33,924.5) (34,924.5) (34,950.5) (35,950.5) (35,976.5) (36,976.5) (36,1002.5) (37,1002.5) (37,1028.5) (38,1028.5) (38,1054.5) (39,1054.5) (39,1080.5) (40,1080.5) (40,1106.5) (41,1106.5) (41,1132.5) (42,1132.5) (42,1158.5) (43,1158.5) (43,1184.5) (44,1184.5) (44,1210.5) (45,1210.5) (45,1236.5) (46,1236.5) (46,1262.5) (47,1262.5) (47,1288.5) (48,1288.5) (48,1314.5) (49,1314.5) (49,1340.5) (50,1340.5) (50,1366.5) (51,1366.5) (51,1392.5) (52,1392.5) (52,1418.5) (53,1418.5) (53,1444.5) (54,1444.5) (54,1452) (56.57673979312437,1452) (56.57673979312437,1451.845470785223) (57.57673979312437,1451.845470785223) (57.57673979312437,1451.690941570446) (58.57673979312437,1451.690941570446) (58.57673979312437,1451.536412355669) (59.57673979312437,1451.536412355669) (59.57673979312437,1451.381883140892) (60.57673979312437,1451.381883140892) (60.57673979312437,1451.227353926115) (61.57673979312437,1451.227353926115) (61.57673979312437,1451.072824711337) (62.57673979312437,1451.072824711337) (62.57673979312437,1450.91829549656) (63.57673979312437,1450.91829549656) (63.57673979312437,1450.763766281783) (64.5767397931244,1450.763766281783) (64.5767397931244,1450.609237067006) (65.5767397931244,1450.609237067006) (65.5767397931244,1450.454707852229) (66.5767397931244,1450.454707852229) (66.5767397931244,1450.300178637452) (67.5767397931244,1450.300178637452) (67.5767397931244,1450.145649422675) (77.78380309362079,1450.145649422675) (77.78380309362079,1450.300178637452) (80.34865595408623,1450.300178637452) (80.34865595408623,1450.454707852229) (81.34865595408623,1450.454707852229) (81.34865595408623,1450.609237067006) (82.34865595408623,1450.609237067006) (82.34865595408623,1450.763766281783) (83.34865595408623,1450.763766281783) (83.34865595408623,1450.91829549656) (84.34865595408623,1450.91829549656) (84.34865595408623,1451.072824711337) (85.34865595408624,1451.072824711337) (85.34865595408624,1451.227353926115) (86.34865595408624,1451.227353926115) (86.34865595408624,1451.381883140892) (87.34865595408624,1451.381883140892) (87.34865595408624,1451.536412355669) (88.34865595408624,1451.536412355669) (88.34865595408624,1451.690941570446) (89.34865595408624,1451.690941570446) (89.34865595408624,1451.845470785223) (90.34865595408624,1451.845470785223) (90.34865595408624,1452) (94.46325812214285,1452) (94.46325812214285,1426.009469747118) (95.46325812214285,1426.009469747118) (95.46325812214285,1400.018939494237) (96.46325812214285,1400.018939494237) (96.46325812214285,1374.028409241355) (97.46325812214285,1374.028409241355) (97.46325812214285,1348.037878988473) (98.46325812214285,1348.037878988473) (98.46325812214285,1322.047348735592) (99.46325812214285,1322.047348735592) (99.46325812214285,1296.05681848271) (100.4632581221428,1296.05681848271) (100.4632581221428,1270.066288229829) (101.4632581221428,1270.066288229829) (101.4632581221428,1244.075757976947) (102.4632581221428,1244.075757976947) (102.4632581221428,1218.085227724065) (103.4632581221428,1218.085227724065) (103.4632581221428,1192.094697471184) (104.4632581221428,1192.094697471184) (104.4632581221428,1166.104167218302) (105.4632581221428,1166.104167218302) (105.4632581221428,1140.11363696542) (106.4632581221428,1140.11363696542) (106.4632581221428,1114.123106712539) (107.4632581221428,1114.123106712539) (107.4632581221428,1088.132576459657) (108.4632581221428,1088.132576459657) (108.4632581221428,1062.142046206776) (109.4632581221428,1062.142046206776) (109.4632581221428,1036.151515953894) (110.4632581221428,1036.151515953894) (110.4632581221428,1010.160985701012) (111.4632581221428,1010.160985701012) (111.4632581221428,984.1704554481307) (112.4632581221428,984.1704554481307) (112.4632581221428,958.1799251952491) (113.4632581221428,958.1799251952491) (113.4632581221428,932.1893949423675) (114.4632581221428,932.1893949423675) (114.4632581221428,906.1988646894858) (115.4632581221428,906.1988646894858) (115.4632581221428,880.2083344366042) (116.4632581221428,880.2083344366042) (116.4632581221428,854.2178041837226) (117.4632581221428,854.2178041837226) (117.4632581221428,828.227273930841) (118.4632581221428,828.227273930841) (118.4632581221428,802.2367436779593) (119.4632581221428,802.2367436779593) (119.4632581221428,776.2462134250777) (120.4632581221428,776.2462134250777) (120.4632581221428,750.2556831721961) (121.4632581221428,750.2556831721961) (121.4632581221428,724.2651529193145) (122.4632581221428,724.2651529193145) (122.4632581221428,698.2746226664328) (123.4632581221428,698.2746226664328) (123.4632581221428,672.2840924135512) (124.4632581221428,672.2840924135512) (124.4632581221428,646.2935621606696) (125.4632581221428,646.2935621606696) (125.4632581221428,620.303031907788) (126.4632581221428,620.303031907788) (126.4632581221428,594.3125016549063) (127.4632581221428,594.3125016549063) (127.4632581221428,568.3219714020247) (128.4632581221428,568.3219714020247) (128.4632581221428,542.3314411491431) (129.4632581221428,542.3314411491431) (129.4632581221428,516.3409108962614) (130.4632581221428,516.3409108962614) (130.4632581221428,490.3503806433799) (131.4632581221428,490.3503806433799) (131.4632581221428,464.3598503904983) (132.4632581221428,464.3598503904983) (132.4632581221428,438.3693201376167) (133.4632581221428,438.3693201376167) (133.4632581221428,412.3787898847352) (134.4632581221428,412.3787898847352) (134.4632581221428,386.3882596318536) (135.4632581221428,386.3882596318536) (135.4632581221428,360.397729378972) (136.4632581221428,360.397729378972) (136.4632581221428,334.4071991260905) (137.4632581221428,334.4071991260905) (137.4632581221428,308.4166688732089) (138.4632581221428,308.4166688732089) (138.4632581221428,282.4261386203273) (139.4632581221428,282.4261386203273) (139.4632581221428,256.4356083674458) (140.4632581221428,256.4356083674458) (140.4632581221428,230.4450781145642) (141.4632581221428,230.4450781145642) (141.4632581221428,204.4545478616826) (142.4632581221428,204.4545478616826) (142.4632581221428,178.464017608801) (143.4632581221428,178.464017608801) (143.4632581221428,152.4734873559195) (144.4632581221428,152.4734873559195) (144.4632581221428,126.4829571030379) (151.4632581221428,126.4829571030379) (151.4632581221428,125.267144037063) (154.0808335490645,125.267144037063) (154.0808335490645,124.0513309710882) (155.0808335490645,124.0513309710882) (155.0808335490645,122.8355179051133) (156.0808335490645,122.8355179051133) (156.0808335490645,121.6197048391384) (157.0808335490645,121.6197048391384) (157.0808335490645,120.4038917731636) (158.0808335490645,120.4038917731636) (158.0808335490645,119.1880787071887) (159.0808335490645,119.1880787071887) (159.0808335490645,117.9722656412138) (160.0808335490645,117.9722656412138) (160.0808335490645,116.7564525752389) (161.0808335490645,116.7564525752389) (161.0808335490645,115.5406395092641) (162.0808335490645,115.5406395092641) (162.0808335490645,114.3248264432892) (163.0808335490645,114.3248264432892) (163.0808335490645,113.1090133773143) (164.0808335490645,113.1090133773143) (164.0808335490645,111.8932003113395) (165.0808335490645,111.8932003113395) (165.0808335490645,110.6773872453646) (166.0808335490645,110.6773872453646) (166.0808335490645,109.4615741793897) (167.0808335490645,109.4615741793897) (167.0808335490645,108.2457611134148) (168.0808335490645,108.2457611134148) (168.0808335490645,107.02994804744) (169.0808335490645,107.02994804744) (169.0808335490645,105.8141349814651) (170.0808335490645,105.8141349814651) (170.0808335490645,104.5983219154902) (171.0808335490645,104.5983219154902) (171.0808335490645,103.3825088495154) (172.0808335490645,103.3825088495154) (172.0808335490645,102.1666957835405) (173.0808335490645,102.1666957835405) (173.0808335490645,100.9508827175656)
robPositionY[0]:
[0]: (0,0) (0,163.5) (56.57673979312437,163.5) (56.57673979312437,189.4995407790557) (57.57673979312437,189.4995407790557) (57.57673979312437,215.4990815581114) (58.57673979312437,215.4990815581114) (58.57673979312437,241.4986223371671) (59.57673979312437,241.4986223371671) (59.57673979312437,267.4981631162228) (60.57673979312437,267.4981631162228) (60.57673979312437,293.4977038952785) (61.57673979312437,293.4977038952785) (61.57673979312437,319.4972446743342) (62.57673979312437,319.4972446743342) (62.57673979312437,345.4967854533899) (63.57673979312437,345.4967854533899) (63.57673979312437,371.4963262324455) (64.5767397931244,371.4963262324455) (64.5767397931244,397.4958670115012) (65.5767397931244,397.4958670115012) (65.5767397931244,423.4954077905569) (66.5767397931244,423.4954077905569) (66.5767397931244,449.4949485696126) (67.5767397931244,449.4949485696126) (67.5767397931244,475.4944893486683) (77.78380309362079,475.4944893486683) (77.78380309362079,449.4949485696126) (80.34865595408623,449.4949485696126) (80.34865595408623,423.4954077905569) (81.34865595408623,423.4954077905569) (81.34865595408623,397.4958670115012) (82.34865595408623,397.4958670115012) (82.34865595408623,371.4963262324455) (83.34865595408623,371.4963262324455) (83.34865595408623,345.4967854533899) (84.34865595408623,345.4967854533899) (84.34865595408623,319.4972446743342) (85.34865595408624,319.4972446743342) (85.34865595408624,293.4977038952785) (86.34865595408624,293.4977038952785) (86.34865595408624,267.4981631162228) (87.34865595408624,267.4981631162228) (87.34865595408624,241.4986223371671) (88.34865595408624,241.4986223371671) (88.34865595408624,215.4990815581114) (89.34865595408624,215.4990815581114) (89.34865595408624,189.4995407790557) (90.34865595408624,189.4995407790557) (90.34865595408624,163.5) (94.46325812214285,163.5) (94.46325812214285,164.2016674241034) (95.46325812214285,164.2016674241034) (95.46325812214285,164.9033348482068) (96.46325812214285,164.9033348482068) (96.46325812214285,165.6050022723103) (97.46325812214285,165.6050022723103) (97.46325812214285,166.3066696964137) (98.46325812214285,166.3066696964137) (98.46325812214285,167.0083371205171) (99.46325812214285,167.0083371205171) (99.46325812214285,167.7100045446205) (100.4632581221428,167.7100045446205) (100.4632581221428,168.4116719687239) (101.4632581221428,168.4116719687239) (101.4632581221428,169.1133393928274) (102.4632581221428,169.1133393928274) (102.4632581221428,169.8150068169308) (103.4632581221428,169.8150068169308) (103.4632581221428,170.5166742410342) (104.4632581221428,170.5166742410342) (104.4632581221428,171.2183416651376) (105.4632581221428,171.2183416651376) (105.4632581221428,171.920009089241) (106.4632581221428,171.920009089241) (106.4632581221428,172.6216765133445) (107.4632581221428,172.6216765133445) (107.4632581221428,173.3233439374479) (108.4632581221428,173.3233439374479) (108.4632581221428,174.0250113615513) (109.4632581221428,174.0250113615513) (109.4632581221428,174.7266787856547) (110.4632581221428,174.7266787856547) (110.4632581221428,175.4283462097581) (111.4632581221428,175.4283462097581) (111.4632581221428,176.1300136338616) (112.4632581221428,176.1300136338616) (112.4632581221428,176.831681057965) (113.4632581221428,176.831681057965) (113.4632581221428,177.5333484820684) (114.4632581221428,177.5333484820684) (114.4632581221428,178.2350159061718) (115.4632581221428,178.2350159061718) (115.4632581221428,178.9366833302752) (116.4632581221428,178.9366833302752) (116.4632581221428,179.6383507543786) (117.4632581221428,179.6383507543786) (117.4632581221428,180.3400181784821) (118.4632581221428,180.3400181784821) (118.4632581221428,181.0416856025855) (119.4632581221428,181.0416856025855) (119.4632581221428,181.7433530266889) (120.4632581221428,181.7433530266889) (120.4632581221428,182.4450204507923) (121.4632581221428,182.4450204507923) (121.4632581221428,183.1466878748957) (122.4632581221428,183.1466878748957) (122.4632581221428,183.8483552989992) (123.4632581221428,183.8483552989992) (123.4632581221428,184.5500227231026) (124.4632581221428,184.5500227231026) (124.4632581221428,185.251690147206) (125.4632581221428,185.251690147206) (125.4632581221428,185.9533575713094) (126.4632581221428,185.9533575713094) (126.4632581221428,186.6550249954128) (127.4632581221428,186.6550249954128) (127.4632581221428,187.3566924195163) (128.4632581221428,187.3566924195163) (128.4632581221428,188.0583598436197) (129.4632581221428,188.0583598436197) (129.4632581221428,188.7600272677231) (130.4632581221428,188.7600272677231) (130.4632581221428,189.4616946918265) (131.4632581221428,189.4616946918265) (131.4632581221428,190.1633621159299) (132.4632581221428,190.1633621159299) (132.4632581221428,190.8650295400334) (133.4632581221428,190.8650295400334) (133.4632581221428,191.5666969641368) (134.4632581221428,191.5666969641368) (134.4632581221428,192.2683643882402) (135.4632581221428,192.2683643882402) (135.4632581221428,192.9700318123436) (136.4632581221428,192.9700318123436) (136.4632581221428,193.671699236447) (137.4632581221428,193.671699236447) (137.4632581221428,194.3733666605505) (138.4632581221428,194.3733666605505) (138.4632581221428,195.0750340846539) (139.4632581221428,195.0750340846539) (139.4632581221428,195.7767015087573) (140.4632581221428,195.7767015087573) (140.4632581221428,196.4783689328607) (141.4632581221428,196.4783689328607) (141.4632581221428,197.1800363569641) (142.4632581221428,197.1800363569641) (142.4632581221428,197.8817037810676) (143.4632581221428,197.8817037810676) (143.4632581221428,198.583371205171) (144.4632581221428,198.583371205171) (144.4632581221428,199.2850386292744) (151.4632581221428,199.2850386292744) (151.4632581221428,225.2565961218201) (154.0808335490645,225.2565961218201) (154.0808335490645,251.2281536143657) (155.0808335490645,251.2281536143657) (155.0808335490645,277.1997111069114) (156.0808335490645,277.1997111069114) (156.0808335490645,303.1712685994571) (157.0808335490645,303.1712685994571) (157.0808335490645,329.1428260920027) (158.0808335490645,329.1428260920027) (158.0808335490645,355.1143835845484) (159.0808335490645,355.1143835845484) (159.0808335490645,381.0859410770941) (160.0808335490645,381.0859410770941) (160.0808335490645,407.0574985696398) (161.0808335490645,407.0574985696398) (161.0808335490645,433.0290560621855) (162.0808335490645,433.0290560621855) (162.0808335490645,459.0006135547312) (163.0808335490645,459.0006135547312) (163.0808335490645,484.9721710472768) (164.0808335490645,484.9721710472768) (164.0808335490645,510.9437285398225) (165.0808335490645,510.9437285398225) (165.0808335490645,536.9152860323682) (166.0808335490645,536.9152860323682) (166.0808335490645,562.8868435249138) (167.0808335490645,562.8868435249138) (167.0808335490645,588.8584010174595) (168.0808335490645,588.8584010174595) (168.0808335490645,614.8299585100052) (169.0808335490645,614.8299585100052) (169.0808335490645,640.8015160025509) (170.0808335490645,640.8015160025509) (170.0808335490645,666.7730734950966) (171.0808335490645,666.7730734950966) (171.0808335490645,692.7446309876423) (172.0808335490645,692.7446309876423) (172.0808335490645,718.716188480188) (173.0808335490645,718.716188480188) (173.0808335490645,744.6877459727336)
batteryCharge[0]:
[0]: (0,100)
Coffee_Delivery.end:
[0]: (0,0) (173.0808335490645,0)
[2K
Verifying formula 4 at /nta/queries/query[4]/formula
 -- Formula: simulate[<=700]{robot_inventory[0][0], Coffee_Delivery.end*2}
[2K -- Aborted.
robot_inventory[0][0]:
[0]: (0,0) (76.33121885210086,0) (76.33121885210086,1) (150.0106738806229,1) (150.0106738806229,0)
Coffee_Delivery.end * 2:
[0]: (0,0) (173.6282493075445,0)
[2K
Verifying formula 5 at /nta/queries/query[5]/formula
 -- Formula: simulate[<=700]{coffee_room[0], coffee_room[1], office001[0], office001[1], office004[0], office004[1]}
[2K -- Aborted.
coffee_room[0]:
[0]: (0,1450)
coffee_room[1]:
[0]: (0,500)
office001[0]:
[0]: (0,100)
office001[1]:
[0]: (0,200)
office004[0]:
[0]: (0,100)
office004[1]:
[0]: (0,765)
[2K
Verifying formula 6 at /nta/queries/query[6]/formula
 -- Formula: simulate[<=700]{rm_1.idle, rf_1.idle, rp_1.idle, rd_1.idle}
[2K -- Aborted.
rm_1.idle:
[0]: (0,0) (0,1) (0,0) (68.57673979312466,0) (68.57673979312466,1) (74.25226855171978,1) (74.25226855171978,0) (143.9317235802409,0) (143.9317235802409,1) (147.9317235802418,1) (147.9317235802418,0) (172.549299007163,0) (172.549299007163,1)
rf_1.idle:
[0]: (0,0) (0,1)
rp_1.idle:
[0]: (0,0) (0,1) (67.5767397931244,1) (67.5767397931244,0) (74.25226855171978,0) (74.25226855171978,1)
rd_1.idle:
[0]: (0,0) (0,1) (142.9317235802419,1) (142.9317235802419,0) (147.9317235802418,0) (147.9317235802418,1) (171.5492990071634,1) (171.5492990071634,0)
[2K
Verifying formula 7 at /nta/queries/query[7]/formula
 -- Formula: Pr[<=700](<>!rm_1.idle || !rf_1.idle || !rp_1.idle || !rd_1.idle)
[2K -- Formula is satisfied.
(72/72 runs) Pr(<> …) in [0.950056,1] (95% CI)
Values in [0,0] mean=0 steps=2.22045e-16: 72
[2K
Verifying formula 8 at /nta/queries/query[8]/formula
 -- Formula: Pr[<=700]([] (Coffee_Delivery.end imply (rm_1.idle && rf_1.idle && rp_1.idle && rd_1.idle)))
[2K -- Aborted.
[2K
Verifying formula 9 at /nta/queries/query[9]/formula
 -- Formula: Pr[<=700] (<> pow(robPositionX[0] - office004[0], 2) + pow(robPositionY[0] - office004[1], 2) <= 900 )
[2K -- Formula is satisfied.
(72/72 runs) Pr(<> …) in [0.950056,1] (95% CI)
Values in [170.009,174.801] mean=172.413 steps=0.532487: 7 7 9 7 12 9 5 5 11
[2K
Verifying formula 10 at /nta/queries/query[10]/formula
 -- Formula: Pr[<=700] (<> pow(robPositionX[0] - coffee_room[0], 2) + pow(robPositionY[0] - coffee_room[1], 2) <= 900 )
[2K -- Formula is satisfied.
(72/72 runs) Pr(<> …) in [0.950056,1] (95% CI)
Values in [67.5767,67.5767] mean=67.5767 steps=2.22045e-16: 72
[2K
Verifying formula 11 at /nta/queries/query[11]/formula
 -- Formula: Pr[<=700] (<> pow(robPositionX[0] - office001[0], 2) + pow(robPositionY[0] - office001[1], 2) <= 900 )
[2K -- Formula is satisfied.
(72/72 runs) Pr(<> …) in [0.950056,1] (95% CI)
Values in [141.288,146.235] mean=144.022 steps=0.5497: 9 3 7 9 6 9 7 10 12
[2K
Verifying formula 12 at /nta/queries/query[12]/formula
 -- Formula: Pr[<=700] (<> !isValidPosition(humanPositionX[0], humanPositionY[0]))
[2K -- Formula is satisfied.
(72/72 runs) Pr(<> …) in [0.950056,1] (95% CI)
Values in [0,0] mean=0 steps=2.22045e-16: 72
[2K
Verifying formula 13 at /nta/queries/query[13]/formula
 -- Formula: Pr[<=700] (<> !isValidPosition(humanPositionX[1], humanPositionY[1]))
[2K -- Formula is satisfied.
(72/72 runs) Pr(<> …) in [0.950056,1] (95% CI)
Values in [0,0] mean=0 steps=2.22045e-16: 72
[2K
Verifying formula 14 at /nta/queries/query[14]/formula
 -- Formula: Pr[<=700] (<> !isValidPosition(robPositionX[0], robPositionY[0]))
[2K -- Formula is satisfied.
(72/72 runs) Pr(<> …) in [0.950056,1] (95% CI)
Values in [0,0] mean=0 steps=2.22045e-16: 72
[2K
Verifying formula 15 at /nta/queries/query[15]/formula
 -- Formula: Pr[<=700] (<> currP > 2)
[2K -- Aborted.
