Options for the verification:
  Generating no trace
  Search order is breadth first
  Using conservative space optimisation
  Seed is 1784845674
  State space representation uses minimal constraint systems with future testing
  Using HashMap + Compress integers for discrete state storage
[2K
Verifying formula 1 at /nta/queries/query[1]/formula
 -- Formula: simulate[<=700]{user_guided_transport_human1_def.s1_start, user_guided_transport_human1_def.s1_end, user_guided_transport_human1_def.s2_start, user_guided_transport_human1_def.s2_end, user_guided_transport_human1_def.s3_start, user_guided_transport_human1_def.s3_idle, user_guided_transport_human1_def.s4_start, user_guided_transport_human1_def.s4_idle, user_guided_transport_human1_def.s5_start, user_guided_transport_human1_def.s5_idle, user_guided_transport_human1_def.s6_start, user_guided_transport_human1_def.s6_idle, user_guided_transport.end}
[2K -- Formula is satisfied.
user_guided_transport_human1_def.s1_start:
[0]: (0,0) (0,1) (0,0) (700,0)
user_guided_transport_human1_def.s1_end:
[0]: (0,0) (1,0) (1,1) (1,0) (700,0)
user_guided_transport_human1_def.s2_start:
[0]: (0,0) (1,0) (1,1) (1,0) (6,0) (6,1) (6,0) (11,0) (11,1) (11,0) (16,0) (16,1) (16,0) (21,0) (21,1) (21,0) (26,0) (26,1) (26,0) (31,0) (31,1) (31,0) (36,0) (36,1) (36,0) (41,0) (41,1) (41,0) (46,0) (46,1) (46,0) (51,0) (51,1) (51,0) (56,0) (56,1) (56,0) (61,0) (61,1) (61,0) (66,0) (66,1) (66,0) (71,0) (71,1) (71,0) (76,0) (76,1) (76,0) (81,0) (81,1) (81,0) (86,0) (86,1) (86,0) (91,0) (91,1) (91,0) (96,0) (96,1) (96,0) (101,0) (101,1) (101,0) (106,0) (106,1) (106,0) (111,0) (111,1) (111,0) (116,0) (116,1) (116,0) (121,0) (121,1) (121,0) (126,0) (126,1) (126,0) (131,0) (131,1) (131,0) (136,0) (136,1) (136,0) (141,0) (141,1) (141,0) (146,0) (146,1) (146,0) (151,0) (151,1) (151,0) (156,0) (156,1) (156,0) (161,0) (161,1) (161,0) (166,0) (166,1) (166,0) (171,0) (171,1) (171,0) (176,0) (176,1) (176,0) (181,0) (181,1) (181,0) (700,0)
user_guided_transport_human1_def.s2_end:
[0]: (0,0) (186,0) (186,1) (186,0) (700,0)
user_guided_transport_human1_def.s3_start:
[0]: (0,0) (186,0) (186,1) (186,0) (700,0)
user_guided_transport_human1_def.s3_idle:
[0]: (0,0) (186,0) (186,1) (193.2193786214607,1) (193.2193786214607,0) (700,0)
user_guided_transport_human1_def.s4_start:
[0]: (0,0) (193.2193786214607,0) (193.2193786214607,1) (193.2193786214607,0) (700,0)
user_guided_transport_human1_def.s4_idle:
[0]: (0,0) (193.2193786214607,0) (193.2193786214607,1) (422.7338841397538,1) (422.7338841397538,0) (700,0)
user_guided_transport_human1_def.s5_start:
[0]: (0,0) (422.7338841397538,0) (422.7338841397538,1) (422.7338841397538,0) (700,0)
user_guided_transport_human1_def.s5_idle:
[0]: (0,0) (422.7338841397538,0) (422.7338841397538,1) (422.7338841397538,0) (700,0)
user_guided_transport_human1_def.s6_start:
[0]: (0,0) (422.7338841397538,0) (422.7338841397538,1) (422.7338841397538,0) (700,0)
user_guided_transport_human1_def.s6_idle:
[0]: (0,0) (422.7338841397538,0) (422.7338841397538,1) (427.7338841397537,1) (427.7338841397537,0) (700,0)
user_guided_transport.end:
[0]: (0,0) (429.7338841397537,0) (429.7338841397537,1) (700,1)
[2K
Verifying formula 2 at /nta/queries/query[2]/formula
 -- Formula: simulate[<=700]{user_guided_transport_robot1_def.s1_start, user_guided_transport_robot1_def.s1_idle, user_guided_transport_robot1_def.s2_start, user_guided_transport_robot1_def.s2_end, user_guided_transport_robot1_def.s3_start, user_guided_transport_robot1_def.s3_end, user_guided_transport_robot1_def.s4_start, user_guided_transport_robot1_def.s4_end, user_guided_transport_robot1_def.s5_start, user_guided_transport_robot1_def.s5_end, user_guided_transport_robot1_def.s6_start, user_guided_transport_robot1_def.s6_end, user_guided_transport.end}
[2K -- Formula is satisfied.
user_guided_transport_robot1_def.s1_start:
[0]: (0,0) (0,1) (0,0) (700,0)
user_guided_transport_robot1_def.s1_idle:
[0]: (0,0) (0,1) (1,1) (1,0) (700,0)
user_guided_transport_robot1_def.s2_start:
[0]: (0,0) (1,0) (1,1) (1,0) (700,0)
user_guided_transport_robot1_def.s2_end:
[0]: (0,0) (3,0) (3,1) (186,1) (186,0) (700,0)
user_guided_transport_robot1_def.s3_start:
[0]: (0,0) (186,0) (186,1) (186,0) (700,0)
user_guided_transport_robot1_def.s3_end:
[0]: (0,0) (195.5104993516228,0) (195.5104993516228,1) (195.5104993516228,0) (700,0)
user_guided_transport_robot1_def.s4_start:
[0]: (0,0) (195.5104993516228,0) (195.5104993516228,1) (195.5104993516228,0) (700,0)
user_guided_transport_robot1_def.s4_end:
[0]: (0,0) (425.0250048699157,0) (425.0250048699157,1) (425.0250048699157,0) (700,0)
user_guided_transport_robot1_def.s5_start:
[0]: (0,0) (425.0250048699157,0) (425.0250048699157,1) (425.0250048699157,0) (700,0)
user_guided_transport_robot1_def.s5_end:
[0]: (0,0) (425.0250048699157,0) (425.0250048699157,1) (425.0250048699157,0) (700,0)
user_guided_transport_robot1_def.s6_start:
[0]: (0,0) (425.0250048699157,0) (425.0250048699157,1) (425.0250048699157,0) (700,0)
user_guided_transport_robot1_def.s6_end:
[0]: (0,0) (430.0250048699157,0) (430.0250048699157,1) (430.0250048699157,0) (700,0)
user_guided_transport.end:
[0]: (0,0) (432.0250048699157,0) (432.0250048699157,1) (700,1)
[2K
Verifying formula 3 at /nta/queries/query[3]/formula
 -- Formula: Pr[<=700] (<> user_guided_transport.end)
[2K -- Formula is satisfied.
(72/72 runs) Pr(<> …) in [0.950056,1] (95% CI)
Values in [427.573,432.469] mean=430.085 steps=0.544078: 10 8 9 6 6 7 6 5 15
[2K
Verifying formula 4 at /nta/queries/query[4]/formula
 -- Formula: simulate[<=700]{humanPositionX[0], humanPositionY[0], robPositionX[0], robPositionY[0], batteryCharge[0], user_guided_transport.end}
[2K -- Formula is satisfied.
humanPositionX[0]:
[0]: (0,0) (0,92.5) (1,92.5) (1,97.73313175708738) (2,97.73313175708738) (2,123.7285354798977) (3,123.7285354798977) (3,149.723939202708) (4,149.723939202708) (4,175.7193429255182) (5,175.7193429255182) (5,201.7147466483285) (6,201.7147466483285) (6,227.7101503711388) (7,227.7101503711388) (7,253.7055540939491) (8,253.7055540939491) (8,279.7009578167594) (9,279.7009578167594) (9,305.6963615395697) (10,305.6963615395697) (10,331.69176526238) (11,331.69176526238) (11,357.6871689851903) (12,357.6871689851903) (12,383.6825727080006) (13,383.6825727080006) (13,409.6779764308109) (14,409.6779764308109) (14,435.6733801536212) (15,435.6733801536212) (15,461.6687838764315) (16,461.6687838764315) (16,487.6641875992418) (17,487.6641875992418) (17,513.6595913220521) (18,513.6595913220521) (18,539.6549950448623) (19,539.6549950448623) (19,565.6503987676725) (20,565.6503987676725) (20,591.6458024904828) (21,591.6458024904828) (21,617.641206213293) (22,617.641206213293) (22,643.6366099361032) (23,643.6366099361032) (23,669.6320136589135) (24,669.6320136589135) (24,695.6274173817237) (25,695.6274173817237) (25,721.622821104534) (26,721.622821104534) (26,747.6182248273442) (27,747.6182248273442) (27,773.6136285501544) (28,773.6136285501544) (28,799.6090322729647) (29,799.6090322729647) (29,825.6044359957749) (30,825.6044359957749) (30,851.5998397185851) (31,851.5998397185851) (31,877.5952434413954) (32,877.5952434413954) (32,903.5906471642056) (33,903.5906471642056) (33,929.5860508870159) (34,929.5860508870159) (34,955.5814546098261) (35,955.5814546098261) (35,981.5768583326363) (36,981.5768583326363) (36,1007.572262055447) (37,1007.572262055447) (37,1033.567665778257) (38,1033.567665778257) (38,1059.563069501067) (39,1059.563069501067) (39,1085.558473223878) (40,1085.558473223878) (40,1111.553876946688) (41,1111.553876946688) (41,1137.549280669498) (42,1137.549280669498) (42,1163.544684392309) (43,1163.544684392309) (43,1189.540088115119) (44,1189.540088115119) (44,1215.535491837929) (45,1215.535491837929) (45,1241.53089556074) (46,1241.53089556074) (46,1267.52629928355) (47,1267.52629928355) (47,1293.52170300636) (48,1293.52170300636) (48,1319.517106729171) (49,1319.517106729171) (49,1345.512510451981) (50,1345.512510451981) (50,1371.507914174791) (51,1371.507914174791) (51,1397.503317897602) (52,1397.503317897602) (52,1423.498721620412) (53,1423.498721620412) (53,1478) (54,1478) (54,1504) (55,1504) (55,1530) (56,1530) (56,1556) (57,1556) (57,1582) (58,1582) (58,1608) (59,1608) (59,1634) (60,1634) (60,1660) (61,1660) (61,1686) (62,1686) (62,1712) (63,1712) (63,1738) (64,1738) (64,1764) (65,1764) (65,1790) (66,1790) (66,1816) (67,1816) (67,1842) (68,1842) (68,1868) (69,1868) (69,1894) (70,1894) (70,1920) (71,1920) (71,1946) (72,1946) (72,1972) (73,1972) (73,1998) (74,1998) (74,2024) (75,2024) (75,2050) (76,2050) (76,2076) (77,2076) (77,2102) (78,2102) (78,2128) (79,2128) (79,2154) (80,2154) (80,2180) (81,2180) (81,2206) (82,2206) (82,2232) (83,2232) (83,2258) (84,2258) (84,2284) (85,2284) (85,2310) (86,2310) (86,2336) (87,2336) (87,2362) (88,2362) (88,2388) (89,2388) (89,2414) (90,2414) (90,2440) (91,2440) (91,2466) (92,2466) (92,2492) (93,2492) (93,2518) (94,2518) (94,2544) (95,2544) (95,2570) (96,2570) (96,2596) (97,2596) (97,2622) (98,2622) (98,2648) (99,2648) (99,2674) (100,2674) (100,2700) (101,2700) (101,2726) (102,2726) (102,2752) (103,2752) (103,2778) (104,2778) (104,2804) (105,2804) (105,2830) (106,2830) (106,2856) (107,2856) (107,2882) (108,2882) (108,2908) (109,2908) (109,2934) (110,2934) (110,2960) (111,2960) (111,2986) (112,2986) (112,3012) (113,3012) (113,3038) (114,3038) (114,3088.5) (115,3088.5) (115,3114.5) (116,3114.5) (116,3140.5) (117,3140.5) (117,3166.5) (118,3166.5) (118,3192.5) (119,3192.5) (119,3218.5) (120,3218.5) (120,3244.5) (121,3244.5) (121,3270.5) (122,3270.5) (122,3296.5) (123,3296.5) (123,3322.5) (124,3322.5) (124,3348.5) (125,3348.5) (125,3374.5) (126,3374.5) (126,3400.5) (127,3400.5) (127,3426.5) (128,3426.5) (128,3452.5) (129,3452.5) (129,3478.5) (130,3478.5) (130,3504.5) (131,3504.5) (131,3530.5) (132,3530.5) (132,3556.5) (133,3556.5) (133,3582.5) (134,3582.5) (134,3608.5) (135,3608.5) (135,3634.5) (136,3634.5) (136,3660.5) (137,3660.5) (137,3686.5) (138,3686.5) (138,3712.5) (139,3712.5) (139,3738.5) (140,3738.5) (140,3764.5) (141,3764.5) (141,3790.5) (142,3790.5) (142,3816.5) (143,3816.5) (143,3842.5) (144,3842.5) (144,3868.5) (145,3868.5) (145,3894.5) (146,3894.5) (146,3920.5) (147,3920.5) (147,3946.5) (148,3946.5) (148,3972.5) (149,3972.5) (149,3998.5) (150,3998.5) (150,4024.5) (151,4024.5) (151,4050.5) (152,4050.5) (152,4076.5) (153,4076.5) (153,4102.5) (154,4102.5) (154,4128.5) (155,4128.5) (155,4154.5) (156,4154.5) (156,4180.5) (157,4180.5) (157,4206.5) (158,4206.5) (158,4232.5) (159,4232.5) (159,4258.5) (160,4258.5) (160,4284.5) (161,4284.5) (161,4310.5) (162,4310.5) (162,4336.5) (163,4336.5) (163,4362.5) (164,4362.5) (164,4388.5) (165,4388.5) (165,4416.265463717128) (166,4416.265463717128) (166,4415.530927434256) (167,4415.530927434256) (167,4414.796391151384) (168,4414.796391151384) (168,4414.061854868512) (169,4414.061854868512) (169,4413.327318585641) (170,4413.327318585641) (170,4412.592782302769) (171,4412.592782302769) (171,4411.858246019897) (172,4411.858246019897) (172,4411.123709737025) (173,4411.123709737025) (173,4410.389173454153) (174,4410.389173454153) (174,4409.654637171281) (175,4409.654637171281) (175,4408.920100888409) (176,4408.920100888409) (176,4408.185564605537) (177,4408.185564605537) (177,4407.451028322665) (178,4407.451028322665) (178,4406.716492039794) (179,4406.716492039794) (179,4405.981955756922) (180,4405.981955756922) (180,4405.24741947405) (181,4405.24741947405) (181,4404.512883191178) (182,4404.512883191178) (182,4403.778346908306) (183,4403.778346908306) (183,4403.043810625434) (184,4403.043810625434) (184,4402.309274342562) (185,4402.309274342562) (185,4401.57473805969) (186,4401.57473805969) (186,4400.840201776819) (700.000002,4400.840201776819)
humanPositionY[0]:
[0]: (0,0) (0,163.5) (1,163.5) (1,188.9679078844919) (2,188.9679078844919) (2,188.479046668909) (3,188.479046668909) (3,187.9901854533261) (4,187.9901854533261) (4,187.5013242377432) (5,187.5013242377432) (5,187.0124630221603) (6,187.0124630221603) (6,186.5236018065774) (7,186.5236018065774) (7,186.0347405909945) (8,186.0347405909945) (8,185.5458793754117) (9,185.5458793754117) (9,185.0570181598288) (10,185.0570181598288) (10,184.5681569442459) (11,184.5681569442459) (11,184.079295728663) (12,184.079295728663) (12,183.5904345130801) (13,183.5904345130801) (13,183.1015732974972) (14,183.1015732974972) (14,182.6127120819143) (15,182.6127120819143) (15,182.1238508663315) (16,182.1238508663315) (16,181.6349896507486) (17,181.6349896507486) (17,181.1461284351657) (18,181.1461284351657) (18,180.6572672195828) (19,180.6572672195828) (19,180.1684060039999) (20,180.1684060039999) (20,179.679544788417) (21,179.679544788417) (21,179.1906835728341) (22,179.1906835728341) (22,178.7018223572512) (23,178.7018223572512) (23,178.2129611416684) (24,178.2129611416684) (24,177.7240999260855) (25,177.7240999260855) (25,177.2352387105026) (26,177.2352387105026) (26,176.7463774949197) (27,176.7463774949197) (27,176.2575162793368) (28,176.2575162793368) (28,175.7686550637539) (29,175.7686550637539) (29,175.279793848171) (30,175.279793848171) (30,174.7909326325882) (31,174.7909326325882) (31,174.3020714170053) (32,174.3020714170053) (32,173.8132102014224) (33,173.8132102014224) (33,173.3243489858395) (34,173.3243489858395) (34,172.8354877702566) (35,172.8354877702566) (35,172.3466265546737) (36,172.3466265546737) (36,171.8577653390908) (37,171.8577653390908) (37,171.3689041235079) (38,171.3689041235079) (38,170.8800429079251) (39,170.8800429079251) (39,170.3911816923422) (40,170.3911816923422) (40,169.9023204767593) (41,169.9023204767593) (41,169.4134592611764) (42,169.4134592611764) (42,168.9245980455935) (43,168.9245980455935) (43,168.4357368300106) (44,168.4357368300106) (44,167.9468756144277) (45,167.9468756144277) (45,167.4580143988449) (46,167.4580143988449) (46,166.969153183262) (47,166.969153183262) (47,166.4802919676791) (48,166.4802919676791) (48,165.9914307520962) (49,165.9914307520962) (49,165.5025695365133) (50,165.5025695365133) (50,165.0137083209304) (51,165.0137083209304) (51,164.5248471053475) (52,164.5248471053475) (52,164.0359858897646) (53,164.0359858897646) (53,163.5) (165,163.5) (165,189.4896220913107) (166,189.4896220913107) (166,215.4792441826214) (167,215.4792441826214) (167,241.4688662739321) (168,241.4688662739321) (168,267.4584883652428) (169,267.4584883652428) (169,293.4481104565535) (170,293.4481104565535) (170,319.4377325478642) (171,319.4377325478642) (171,345.427354639175) (172,345.427354639175) (172,371.4169767304857) (173,371.4169767304857) (173,397.4065988217964) (174,397.4065988217964) (174,423.3962209131071) (175,423.3962209131071) (175,449.3858430044178) (176,449.3858430044178) (176,475.3754650957285) (177,475.3754650957285) (177,501.3650871870392) (178,501.3650871870392) (178,527.3547092783499) (179,527.3547092783499) (179,553.3443313696606) (180,553.3443313696606) (180,579.3339534609713) (181,579.3339534609713) (181,605.323575552282) (182,605.323575552282) (182,631.3131976435927) (183,631.3131976435927) (183,657.3028197349034) (184,657.3028197349034) (184,683.2924418262141) (185,683.2924418262141) (185,709.2820639175249) (186,709.2820639175249) (186,735.2716860088356) (700.000002,735.2716860088356)
robPositionX[0]:
[0]: (0,0) (0,92.5) (3,92.5) (3,97.73313175708738) (193.5723726651435,97.73313175708738) (193.5723726651435,123.7285354798977) (194.5911761276267,123.7285354798977) (194.5911761276267,149.723939202708) (195.5911761276267,149.723939202708) (195.5911761276267,175.7193429255182) (196.60997959011,175.7193429255182) (196.60997959011,201.7147466483285) (197.60997959011,201.7147466483285) (197.60997959011,227.7101503711388) (198.6287830525932,227.7101503711388) (198.6287830525932,253.7055540939491) (199.6475865150764,253.7055540939491) (199.6475865150764,279.7009578167594) (200.6663899775597,279.7009578167594) (200.6663899775597,305.6963615395697) (201.685193440043,305.6963615395697) (201.685193440043,331.69176526238) (202.685193440043,331.69176526238) (202.685193440043,357.6871689851903) (203.7039969025262,357.6871689851903) (203.7039969025262,383.6825727080006) (204.7228003650094,383.6825727080006) (204.7228003650094,409.6779764308109) (205.7416038274927,409.6779764308109) (205.7416038274927,435.6733801536212) (206.7604072899759,435.6733801536212) (206.7604072899759,461.6687838764315) (207.7792107524591,461.6687838764315) (207.7792107524591,487.6641875992418) (208.7980142149424,487.6641875992418) (208.7980142149424,513.6595913220521) (209.8168176774256,513.6595913220521) (209.8168176774256,539.6549950448623) (210.8168176774256,539.6549950448623) (210.8168176774256,565.6503987676725) (211.8168176774256,565.6503987676725) (211.8168176774256,591.6458024904828) (212.8356211399089,591.6458024904828) (212.8356211399089,617.641206213293) (213.8356211399089,617.641206213293) (213.8356211399089,643.6366099361032) (214.8544246023921,643.6366099361032) (214.8544246023921,669.6320136589135) (215.8732280648753,669.6320136589135) (215.8732280648753,695.6274173817237) (216.8920315273586,695.6274173817237) (216.8920315273586,721.622821104534) (217.8920315273586,721.622821104534) (217.8920315273586,747.6182248273442) (218.8920315273586,747.6182248273442) (218.8920315273586,773.6136285501544) (219.8920315273586,773.6136285501544) (219.8920315273586,799.6090322729647) (220.9108349898418,799.6090322729647) (220.9108349898418,825.6044359957749) (221.9296384523251,825.6044359957749) (221.9296384523251,851.5998397185851) (222.9484419148083,851.5998397185851) (222.9484419148083,877.5952434413954) (223.9672453772916,877.5952434413954) (223.9672453772916,903.5906471642056) (224.9860488397748,903.5906471642056) (224.9860488397748,929.5860508870159) (226.004852302258,929.5860508870159) (226.004852302258,955.5814546098261) (227.0236557647412,955.5814546098261) (227.0236557647412,981.5768583326363) (228.0424592272245,981.5768583326363) (228.0424592272245,1007.572262055447) (229.0424592272245,1007.572262055447) (229.0424592272245,1033.567665778257) (230.0424592272245,1033.567665778257) (230.0424592272245,1059.563069501067) (231.0424592272245,1059.563069501067) (231.0424592272245,1085.558473223878) (232.0424592272245,1085.558473223878) (232.0424592272245,1111.553876946688) (233.0424592272245,1111.553876946688) (233.0424592272245,1137.549280669498) (234.0612626897077,1137.549280669498) (234.0612626897077,1163.544684392309) (235.0612626897077,1163.544684392309) (235.0612626897077,1189.540088115119) (236.0800661521909,1189.540088115119) (236.0800661521909,1215.535491837929) (237.0988696146742,1215.535491837929) (237.0988696146742,1241.53089556074) (238.1176730771574,1241.53089556074) (238.1176730771574,1267.52629928355) (239.1364765396407,1267.52629928355) (239.1364765396407,1293.52170300636) (240.1364765396407,1293.52170300636) (240.1364765396407,1319.517106729171) (241.1552800021239,1319.517106729171) (241.1552800021239,1345.512510451981) (242.1552800021239,1345.512510451981) (242.1552800021239,1371.507914174791) (244.5918761745313,1371.507914174791) (244.5918761745313,1374.986654373684) (245.5918761745313,1374.986654373684) (245.5918761745313,1378.465394572576) (246.5918761745313,1378.465394572576) (246.5918761745313,1381.944134771469) (247.5918761745313,1381.944134771469) (247.5918761745313,1385.422874970361) (248.5918761745313,1385.422874970361) (248.5918761745313,1388.901615169254) (251.0284723469387,1388.901615169254) (251.0284723469387,1392.380355368146) (252.1216745145853,1392.380355368146) (252.1216745145853,1418.267510717711) (253.2148766822318,1418.267510717711) (253.2148766822318,1444.154666067276) (254.2148766822318,1444.154666067276) (254.2148766822318,1470.041821416841) (255.2148766822318,1470.041821416841) (255.2148766822318,1495.928976766406) (256.2148766822318,1495.928976766406) (256.2148766822318,1521.816132115971) (257.3080788498784,1521.816132115971) (257.3080788498784,1547.703287465537) (258.401281017525,1547.703287465537) (258.401281017525,1573.590442815102) (259.4012810175249,1573.590442815102) (259.4012810175249,1599.477598164667) (260.4944831851714,1599.477598164667) (260.4944831851714,1625.364753514232) (261.5876853528179,1625.364753514232) (261.5876853528179,1651.251908863797) (262.5876853528179,1651.251908863797) (262.5876853528179,1677.139064213362) (263.6808875204645,1677.139064213362) (263.6808875204645,1703.026219562927) (264.774089688111,1703.026219562927) (264.774089688111,1728.913374912492) (265.774089688111,1728.913374912492) (265.774089688111,1754.800530262057) (266.8672918557576,1754.800530262057) (266.8672918557576,1780.687685611622) (267.9604940234041,1780.687685611622) (267.9604940234041,1806.574840961187) (268.9604940234041,1806.574840961187) (268.9604940234041,1832.461996310753) (270.0536961910509,1832.461996310753) (270.0536961910509,1858.349151660318) (271.1468983586975,1858.349151660318) (271.1468983586975,1884.236307009883) (272.1468983586975,1884.236307009883) (272.1468983586975,1910.123462359448) (273.240100526344,1910.123462359448) (273.240100526344,1936.010617709013) (274.3333026939905,1936.010617709013) (274.3333026939905,1961.897773058578) (275.4265048616371,1961.897773058578) (275.4265048616371,1987.784928408143) (276.5197070292836,1987.784928408143) (276.5197070292836,2013.672083757708) (277.6129091969302,2013.672083757708) (277.6129091969302,2039.559239107273) (278.7061113645767,2039.559239107273) (278.7061113645767,2065.446394456838) (279.7993135322232,2065.446394456838) (279.7993135322232,2091.333549806403) (280.8925156998698,2091.333549806403) (280.8925156998698,2117.220705155969) (281.8925156998698,2117.220705155969) (281.8925156998698,2143.107860505534) (282.9857178675163,2143.107860505534) (282.9857178675163,2168.995015855099) (284.0789200351631,2168.995015855099) (284.0789200351631,2194.882171204664) (285.0789200351631,2194.882171204664) (285.0789200351631,2220.769326554229) (286.1721222028096,2220.769326554229) (286.1721222028096,2246.656481903794) (287.2653243704562,2246.656481903794) (287.2653243704562,2272.543637253359) (288.2653243704562,2272.543637253359) (288.2653243704562,2298.430792602924) (289.3585265381028,2298.430792602924) (289.3585265381028,2324.317947952489) (290.4517287057493,2324.317947952489) (290.4517287057493,2350.205103302054) (291.4517287057493,2350.205103302054) (291.4517287057493,2376.092258651619) (292.4517287057493,2376.092258651619) (292.4517287057493,2401.979414001185) (293.5449308733958,2401.979414001185) (293.5449308733958,2427.86656935075) (294.6381330410424,2427.86656935075) (294.6381330410424,2453.753724700315) (295.6381330410424,2453.753724700315) (295.6381330410424,2479.64088004988) (296.7313352086889,2479.64088004988) (296.7313352086889,2505.528035399445) (297.8245373763355,2505.528035399445) (297.8245373763355,2531.41519074901) (298.8245373763355,2531.41519074901) (298.8245373763355,2557.302346098575) (299.8245373763355,2557.302346098575) (299.8245373763355,2583.18950144814) (300.917739543982,2583.18950144814) (300.917739543982,2609.076656797705) (302.0109417116288,2609.076656797705) (302.0109417116288,2634.96381214727) (303.0109417116288,2634.96381214727) (303.0109417116288,2660.850967496835) (304.0109417116288,2660.850967496835) (304.0109417116288,2686.738122846401) (305.0109417116288,2686.738122846401) (305.0109417116288,2712.625278195966) (306.1041438792753,2712.625278195966) (306.1041438792753,2738.512433545531) (307.1973460469218,2738.512433545531) (307.1973460469218,2764.399588895096) (308.1973460469218,2764.399588895096) (308.1973460469218,2790.286744244661) (309.2905482145684,2790.286744244661) (309.2905482145684,2816.173899594226) (310.3837503822149,2816.173899594226) (310.3837503822149,2842.061054943791) (311.4769525498614,2842.061054943791) (311.4769525498614,2867.948210293356) (312.570154717508,2867.948210293356) (312.570154717508,2893.835365642921) (313.6633568851545,2893.835365642921) (313.6633568851545,2919.722520992486) (314.7565590528011,2919.722520992486) (314.7565590528011,2945.609676342051) (315.7565590528011,2945.609676342051) (315.7565590528011,2971.496831691617) (316.7624436743855,2971.496831691617) (316.7624436743855,2997.49638151889) (317.7683282959699,2997.49638151889) (317.7683282959699,3023.495931346164) (318.7742129175544,3023.495931346164) (318.7742129175544,3049.495481173438) (319.7742129175544,3049.495481173438) (319.7742129175544,3075.495031000712) (320.7800975391388,3075.495031000712) (320.7800975391388,3101.494580827985) (321.7800975391388,3101.494580827985) (321.7800975391388,3127.494130655259) (322.7800975391388,3127.494130655259) (322.7800975391388,3153.493680482533) (323.7859821607232,3153.493680482533) (323.7859821607232,3179.493230309807) (324.7859821607232,3179.493230309807) (324.7859821607232,3205.49278013708) (325.7859821607232,3205.49278013708) (325.7859821607232,3231.492329964354) (326.7918667823077,3231.492329964354) (326.7918667823077,3257.491879791628) (327.7918667823077,3257.491879791628) (327.7918667823077,3283.491429618902) (328.7977514038921,3283.491429618902) (328.7977514038921,3309.490979446176) (329.7977514038921,3309.490979446176) (329.7977514038921,3335.490529273449) (330.7977514038921,3335.490529273449) (330.7977514038921,3361.490079100723) (331.8036360254766,3361.490079100723) (331.8036360254766,3387.489628927997) (332.8036360254766,3387.489628927997) (332.8036360254766,3413.489178755271) (333.809520647061,3413.489178755271) (333.809520647061,3439.488728582544) (334.8154052686454,3439.488728582544) (334.8154052686454,3465.488278409818) (335.8212898902299,3465.488278409818) (335.8212898902299,3491.487828237092) (336.8212898902299,3491.487828237092) (336.8212898902299,3517.487378064366) (337.8271745118143,3517.487378064366) (337.8271745118143,3543.486927891639) (338.8271745118143,3543.486927891639) (338.8271745118143,3569.486477718913) (339.8271745118143,3569.486477718913) (339.8271745118143,3595.486027546187) (340.8271745118143,3595.486027546187) (340.8271745118143,3621.485577373461) (341.8330591333987,3621.485577373461) (341.8330591333987,3647.485127200734) (342.8389437549832,3647.485127200734) (342.8389437549832,3673.484677028008) (343.8389437549832,3673.484677028008) (343.8389437549832,3699.484226855282) (344.8448283765676,3699.484226855282) (344.8448283765676,3725.483776682556) (345.8507129981521,3725.483776682556) (345.8507129981521,3751.48332650983) (346.8507129981521,3751.48332650983) (346.8507129981521,3777.482876337103) (347.8565976197364,3777.482876337103) (347.8565976197364,3803.482426164377) (348.8624822413209,3803.482426164377) (348.8624822413209,3829.481975991651) (349.8683668629053,3829.481975991651) (349.8683668629053,3855.481525818925) (350.8683668629053,3855.481525818925) (350.8683668629053,3881.481075646198) (351.8742514844898,3881.481075646198) (351.8742514844898,3907.480625473472) (352.8801361060742,3907.480625473472) (352.8801361060742,3933.480175300746) (353.8801361060742,3933.480175300746) (353.8801361060742,3959.47972512802) (354.8860207276587,3959.47972512802) (354.8860207276587,3985.479274955293) (355.8919053492431,3985.479274955293) (355.8919053492431,4011.478824782567) (356.8977899708275,4011.478824782567) (356.8977899708275,4037.478374609841) (357.903674592412,4037.478374609841) (357.903674592412,4063.477924437115) (358.9095592139964,4063.477924437115) (358.9095592139964,4089.477474264389) (359.9154438355808,4089.477474264389) (359.9154438355808,4115.477024091662) (360.9213284571653,4115.477024091662) (360.9213284571653,4141.476573918936) (361.9272130787497,4141.476573918936) (361.9272130787497,4167.47612374621) (362.9272130787497,4167.47612374621) (362.9272130787497,4193.475673573484) (363.9272130787497,4193.475673573484) (363.9272130787497,4219.475223400757) (364.9272130787497,4219.475223400757) (364.9272130787497,4245.474773228031) (365.9272130787497,4245.474773228031) (365.9272130787497,4271.474323055305) (366.9272130787497,4271.474323055305) (366.9272130787497,4297.473872882579) (367.9272130787497,4297.473872882579) (367.9272130787497,4323.473422709852) (370.3633876075444,4323.473422709852) (370.3633876075444,4326.963026763519) (372.7995621363389,4326.963026763519) (372.7995621363389,4330.452630817186) (373.7995621363389,4330.452630817186) (373.7995621363389,4333.942234870853) (376.2357366651336,4333.942234870853) (376.2357366651336,4337.43183892452) (377.2357366651336,4337.43183892452) (377.2357366651336,4340.921442978187) (379.6719111939281,4340.921442978187) (379.6719111939281,4344.411047031854) (382.1080857227228,4344.411047031854) (382.1080857227228,4347.900651085521) (384.5442602515173,4347.900651085521) (384.5442602515173,4351.390255139188) (386.9804347803118,4351.390255139188) (386.9804347803118,4354.879859192854) (389.4166093091065,4354.879859192854) (389.4166093091065,4358.369463246521) (391.852783837901,4358.369463246521) (391.852783837901,4361.859067300188) (394.2889583666957,4361.859067300188) (394.2889583666957,4365.348671353855) (396.7251328954902,4365.348671353855) (396.7251328954902,4368.838275407522) (399.1613074242849,4368.838275407522) (399.1613074242849,4372.327879461189) (401.5974819530794,4372.327879461189) (401.5974819530794,4375.817483514856) (404.0336564818742,4375.817483514856) (404.0336564818742,4379.307087568523) (406.4698310106687,4379.307087568523) (406.4698310106687,4382.796691622189) (408.9060055394631,4382.796691622189) (408.9060055394631,4386.286295675856) (411.3421800682579,4386.286295675856) (411.3421800682579,4389.775899729522) (413.7783545970524,4389.775899729522) (413.7783545970524,4393.265503783189) (416.2145291258472,4393.265503783189) (416.2145291258472,4396.755107836855) (418.6507036546416,4396.755107836855) (418.6507036546416,4400.244711890522) (421.0868781834365,4400.244711890522) (421.0868781834365,4400.840201776819) (700.000002,4400.840201776819)
robPositionY[0]:
[0]: (0,0) (0,163.5) (3,163.5) (3,188.9679078844919) (193.5723726651435,188.9679078844919) (193.5723726651435,188.479046668909) (194.5911761276267,188.479046668909) (194.5911761276267,187.9901854533262) (195.5911761276267,187.9901854533262) (195.5911761276267,187.5013242377435) (196.60997959011,187.5013242377435) (196.60997959011,187.0124630221606) (197.60997959011,187.0124630221606) (197.60997959011,186.5236018065777) (198.6287830525932,186.5236018065777) (198.6287830525932,186.034740590995) (199.6475865150764,186.034740590995) (199.6475865150764,185.5458793754121) (200.6663899775597,185.5458793754121) (200.6663899775597,185.0570181598295) (201.685193440043,185.0570181598295) (201.685193440043,184.5681569442468) (202.685193440043,184.5681569442468) (202.685193440043,184.079295728664) (203.7039969025262,184.079295728664) (203.7039969025262,183.5904345130811) (204.7228003650094,183.5904345130811) (204.7228003650094,183.1015732974986) (205.7416038274927,183.1015732974986) (205.7416038274927,182.6127120819158) (206.7604072899759,182.6127120819158) (206.7604072899759,182.1238508663329) (207.7792107524591,182.1238508663329) (207.7792107524591,181.6349896507502) (208.7980142149424,181.6349896507502) (208.7980142149424,181.1461284351673) (209.8168176774256,181.1461284351673) (209.8168176774256,180.6572672195846) (210.8168176774256,180.6572672195846) (210.8168176774256,180.1684060040018) (211.8168176774256,180.1684060040018) (211.8168176774256,179.6795447884191) (212.8356211399089,179.6795447884191) (212.8356211399089,179.1906835728362) (213.8356211399089,179.1906835728362) (213.8356211399089,178.7018223572533) (214.8544246023921,178.7018223572533) (214.8544246023921,178.2129611416705) (215.8732280648753,178.2129611416705) (215.8732280648753,177.7240999260877) (216.8920315273586,177.7240999260877) (216.8920315273586,177.2352387105049) (217.8920315273586,177.2352387105049) (217.8920315273586,176.7463774949222) (218.8920315273586,176.7463774949222) (218.8920315273586,176.2575162793394) (219.8920315273586,176.2575162793394) (219.8920315273586,175.7686550637567) (220.9108349898418,175.7686550637567) (220.9108349898418,175.2797938481738) (221.9296384523251,175.2797938481738) (221.9296384523251,174.7909326325911) (222.9484419148083,174.7909326325911) (222.9484419148083,174.3020714170082) (223.9672453772916,174.3020714170082) (223.9672453772916,173.8132102014254) (224.9860488397748,173.8132102014254) (224.9860488397748,173.3243489858428) (226.004852302258,173.3243489858428) (226.004852302258,172.8354877702601) (227.0236557647412,172.8354877702601) (227.0236557647412,172.3466265546772) (228.0424592272245,172.3466265546772) (228.0424592272245,171.8577653390945) (229.0424592272245,171.8577653390945) (229.0424592272245,171.3689041235117) (230.0424592272245,171.3689041235117) (230.0424592272245,170.880042907929) (231.0424592272245,170.880042907929) (231.0424592272245,170.3911816923462) (232.0424592272245,170.3911816923462) (232.0424592272245,169.9023204767635) (233.0424592272245,169.9023204767635) (233.0424592272245,169.4134592611807) (234.0612626897077,169.4134592611807) (234.0612626897077,168.9245980455979) (235.0612626897077,168.9245980455979) (235.0612626897077,168.435736830015) (236.0800661521909,168.435736830015) (236.0800661521909,167.9468756144324) (237.0988696146742,167.9468756144324) (237.0988696146742,167.4580143988497) (238.1176730771574,167.4580143988497) (238.1176730771574,166.9691531832668) (239.1364765396407,166.9691531832668) (239.1364765396407,166.480291967684) (240.1364765396407,166.480291967684) (240.1364765396407,165.9914307521013) (241.1552800021239,165.9914307521013) (241.1552800021239,165.5025695365184) (242.1552800021239,165.5025695365184) (242.1552800021239,165.0137083209355) (244.5918761745313,165.0137083209355) (244.5918761745313,190.7799336290518) (245.5918761745313,190.7799336290518) (245.5918761745313,216.546158937168) (246.5918761745313,216.546158937168) (246.5918761745313,242.3123842452842) (247.5918761745313,242.3123842452842) (247.5918761745313,268.0786095534005) (248.5918761745313,268.0786095534005) (248.5918761745313,293.8448348615167) (251.0284723469387,293.8448348615167) (251.0284723469387,319.611060169633) (252.1216745145853,319.611060169633) (252.1216745145853,317.1913106149312) (253.2148766822318,317.1913106149312) (253.2148766822318,314.7715610602295) (254.2148766822318,314.7715610602295) (254.2148766822318,312.3518115055277) (255.2148766822318,312.3518115055277) (255.2148766822318,309.932061950826) (256.2148766822318,309.932061950826) (256.2148766822318,307.5123123961242) (257.3080788498784,307.5123123961242) (257.3080788498784,305.0925628414225) (258.401281017525,305.0925628414225) (258.401281017525,302.6728132867207) (259.4012810175249,302.6728132867207) (259.4012810175249,300.253063732019) (260.4944831851714,300.253063732019) (260.4944831851714,297.8333141773172) (261.5876853528179,297.8333141773172) (261.5876853528179,295.4135646226154) (262.5876853528179,295.4135646226154) (262.5876853528179,292.9938150679137) (263.6808875204645,292.9938150679137) (263.6808875204645,290.5740655132119) (264.774089688111,290.5740655132119) (264.774089688111,288.1543159585102) (265.774089688111,288.1543159585102) (265.774089688111,285.7345664038084) (266.8672918557576,285.7345664038084) (266.8672918557576,283.3148168491066) (267.9604940234041,283.3148168491066) (267.9604940234041,280.8950672944048) (268.9604940234041,280.8950672944048) (268.9604940234041,278.4753177397031) (270.0536961910509,278.4753177397031) (270.0536961910509,276.0555681850013) (271.1468983586975,276.0555681850013) (271.1468983586975,273.6358186302995) (272.1468983586975,273.6358186302995) (272.1468983586975,271.2160690755978) (273.240100526344,271.2160690755978) (273.240100526344,268.796319520896) (274.3333026939905,268.796319520896) (274.3333026939905,266.3765699661942) (275.4265048616371,266.3765699661942) (275.4265048616371,263.9568204114925) (276.5197070292836,263.9568204114925) (276.5197070292836,261.5370708567906) (277.6129091969302,261.5370708567906) (277.6129091969302,259.1173213020889) (278.7061113645767,259.1173213020889) (278.7061113645767,256.6975717473871) (279.7993135322232,256.6975717473871) (279.7993135322232,254.2778221926853) (280.8925156998698,254.2778221926853) (280.8925156998698,251.8580726379836) (281.8925156998698,251.8580726379836) (281.8925156998698,249.4383230832818) (282.9857178675163,249.4383230832818) (282.9857178675163,247.01857352858) (284.0789200351631,247.01857352858) (284.0789200351631,244.5988239738783) (285.0789200351631,244.5988239738783) (285.0789200351631,242.1790744191765) (286.1721222028096,242.1790744191765) (286.1721222028096,239.7593248644748) (287.2653243704562,239.7593248644748) (287.2653243704562,237.339575309773) (288.2653243704562,237.339575309773) (288.2653243704562,234.9198257550713) (289.3585265381028,234.9198257550713) (289.3585265381028,232.5000762003694) (290.4517287057493,232.5000762003694) (290.4517287057493,230.0803266456677) (291.4517287057493,230.0803266456677) (291.4517287057493,227.6605770909659) (292.4517287057493,227.6605770909659) (292.4517287057493,225.2408275362642) (293.5449308733958,225.2408275362642) (293.5449308733958,222.8210779815625) (294.6381330410424,222.8210779815625) (294.6381330410424,220.4013284268607) (295.6381330410424,220.4013284268607) (295.6381330410424,217.9815788721589) (296.7313352086889,217.9815788721589) (296.7313352086889,215.5618293174572) (297.8245373763355,215.5618293174572) (297.8245373763355,213.1420797627554) (298.8245373763355,213.1420797627554) (298.8245373763355,210.7223302080537) (299.8245373763355,210.7223302080537) (299.8245373763355,208.3025806533519) (300.917739543982,208.3025806533519) (300.917739543982,205.8828310986502) (302.0109417116288,205.8828310986502) (302.0109417116288,203.4630815439484) (303.0109417116288,203.4630815439484) (303.0109417116288,201.0433319892467) (304.0109417116288,201.0433319892467) (304.0109417116288,198.6235824345449) (305.0109417116288,198.6235824345449) (305.0109417116288,196.2038328798432) (306.1041438792753,196.2038328798432) (306.1041438792753,193.7840833251414) (307.1973460469218,193.7840833251414) (307.1973460469218,191.3643337704397) (308.1973460469218,191.3643337704397) (308.1973460469218,188.9445842157379) (309.2905482145684,188.9445842157379) (309.2905482145684,186.5248346610361) (310.3837503822149,186.5248346610361) (310.3837503822149,184.1050851063343) (311.4769525498614,184.1050851063343) (311.4769525498614,181.6853355516326) (312.570154717508,181.6853355516326) (312.570154717508,179.2655859969308) (313.6633568851545,179.2655859969308) (313.6633568851545,176.8458364422291) (314.7565590528011,176.8458364422291) (314.7565590528011,174.4260868875273) (315.7565590528011,174.4260868875273) (315.7565590528011,172.0063373328256) (316.7624436743855,172.0063373328256) (316.7624436743855,171.8533380546641) (317.7683282959699,171.8533380546641) (317.7683282959699,171.7003387765016) (318.7742129175544,171.7003387765016) (318.7742129175544,171.5473394983395) (319.7742129175544,171.5473394983395) (319.7742129175544,171.3943402201775) (320.7800975391388,171.3943402201775) (320.7800975391388,171.241340942015) (321.7800975391388,171.241340942015) (321.7800975391388,171.0883416638525) (322.7800975391388,171.0883416638525) (322.7800975391388,170.93534238569) (323.7859821607232,170.93534238569) (323.7859821607232,170.782343107528) (324.7859821607232,170.782343107528) (324.7859821607232,170.629343829366) (325.7859821607232,170.629343829366) (325.7859821607232,170.476344551204) (326.7918667823077,170.476344551204) (326.7918667823077,170.3233452730415) (327.7918667823077,170.3233452730415) (327.7918667823077,170.170345994879) (328.7977514038921,170.170345994879) (328.7977514038921,170.017346716717) (329.7977514038921,170.017346716717) (329.7977514038921,169.864347438555) (330.7977514038921,169.864347438555) (330.7977514038921,169.711348160393) (331.8036360254766,169.711348160393) (331.8036360254766,169.5583488822305) (332.8036360254766,169.5583488822305) (332.8036360254766,169.405349604068) (333.809520647061,169.405349604068) (333.809520647061,169.252350325906) (334.8154052686454,169.252350325906) (334.8154052686454,169.0993510477435) (335.8212898902299,169.0993510477435) (335.8212898902299,168.9463517695814) (336.8212898902299,168.9463517695814) (336.8212898902299,168.7933524914194) (337.8271745118143,168.7933524914194) (337.8271745118143,168.6403532132569) (338.8271745118143,168.6403532132569) (338.8271745118143,168.4873539350944) (339.8271745118143,168.4873539350944) (339.8271745118143,168.3343546569319) (340.8271745118143,168.3343546569319) (340.8271745118143,168.1813553787694) (341.8330591333987,168.1813553787694) (341.8330591333987,168.0283561006074) (342.8389437549832,168.0283561006074) (342.8389437549832,167.8753568224449) (343.8389437549832,167.8753568224449) (343.8389437549832,167.7223575442824) (344.8448283765676,167.7223575442824) (344.8448283765676,167.5693582661204) (345.8507129981521,167.5693582661204) (345.8507129981521,167.4163589879579) (346.8507129981521,167.4163589879579) (346.8507129981521,167.2633597097954) (347.8565976197364,167.2633597097954) (347.8565976197364,167.1103604316334) (348.8624822413209,167.1103604316334) (348.8624822413209,166.9573611534709) (349.8683668629053,166.9573611534709) (349.8683668629053,166.8043618753089) (350.8683668629053,166.8043618753089) (350.8683668629053,166.6513625971469) (351.8742514844898,166.6513625971469) (351.8742514844898,166.4983633189844) (352.8801361060742,166.4983633189844) (352.8801361060742,166.3453640408224) (353.8801361060742,166.3453640408224) (353.8801361060742,166.1923647626604) (354.8860207276587,166.1923647626604) (354.8860207276587,166.0393654844979) (355.8919053492431,166.0393654844979) (355.8919053492431,165.8863662063359) (356.8977899708275,165.8863662063359) (356.8977899708275,165.7333669281734) (357.903674592412,165.7333669281734) (357.903674592412,165.5803676500104) (358.9095592139964,165.5803676500104) (358.9095592139964,165.4273683718479) (359.9154438355808,165.4273683718479) (359.9154438355808,165.2743690936863) (360.9213284571653,165.2743690936863) (360.9213284571653,165.1213698155238) (361.9272130787497,165.1213698155238) (361.9272130787497,164.9683705373618) (362.9272130787497,164.9683705373618) (362.9272130787497,164.8153712591998) (363.9272130787497,164.8153712591998) (363.9272130787497,164.6623719810378) (364.9272130787497,164.6623719810378) (364.9272130787497,164.5093727028758) (365.9272130787497,164.5093727028758) (365.9272130787497,164.3563734247138) (366.9272130787497,164.3563734247138) (366.9272130787497,164.2033741465518) (367.9272130787497,164.2033741465518) (367.9272130787497,164.0503748683898) (370.3633876075444,164.0503748683898) (370.3633876075444,189.8151310975613) (372.7995621363389,189.8151310975613) (372.7995621363389,215.5798873267328) (373.7995621363389,215.5798873267328) (373.7995621363389,241.3446435559043) (376.2357366651336,241.3446435559043) (376.2357366651336,267.1093997850758) (377.2357366651336,267.1093997850758) (377.2357366651336,292.8741560142473) (379.6719111939281,292.8741560142473) (379.6719111939281,318.6389122434188) (382.1080857227228,318.6389122434188) (382.1080857227228,344.4036684725903) (384.5442602515173,344.4036684725903) (384.5442602515173,370.1684247017618) (386.9804347803118,370.1684247017618) (386.9804347803118,395.9331809309333) (389.4166093091065,395.9331809309333) (389.4166093091065,421.6979371601049) (391.852783837901,421.6979371601049) (391.852783837901,447.4626933892764) (394.2889583666957,447.4626933892764) (394.2889583666957,473.227449618448) (396.7251328954902,473.227449618448) (396.7251328954902,498.9922058476195) (399.1613074242849,498.9922058476195) (399.1613074242849,524.7569620767911) (401.5974819530794,524.7569620767911) (401.5974819530794,550.5217183059626) (404.0336564818742,550.5217183059626) (404.0336564818742,576.2864745351342) (406.4698310106687,576.2864745351342) (406.4698310106687,602.0512307643057) (408.9060055394631,602.0512307643057) (408.9060055394631,627.8159869934773) (411.3421800682579,627.8159869934773) (411.3421800682579,653.5807432226488) (413.7783545970524,653.5807432226488) (413.7783545970524,679.3454994518204) (416.2145291258472,679.3454994518204) (416.2145291258472,705.1102556809919) (418.6507036546416,705.1102556809919) (418.6507036546416,730.8750119101635) (421.0868781834365,730.8750119101635) (421.0868781834365,735.2716860088356) (700.000002,735.2716860088356)
batteryCharge[0]:
[0]: (0,100) (700.000002,100)
user_guided_transport.end:
[0]: (0,0) (428.0868781834365,0) (428.0868781834365,1) (700.000002,1)
[2K
Verifying formula 5 at /nta/queries/query[5]/formula
 -- Formula: simulate[<=700]{robot_inventory[0][0], user_guided_transport.end*2}
[2K -- Formula is satisfied.
robot_inventory[0][0]:
[0]: (0,0) (193.7964968135993,0) (193.7964968135993,1) (428.3110023318922,1) (428.3110023318922,0) (700,0)
user_guided_transport.end * 2:
[0]: (0,0) (430.3110023318922,0) (430.3110023318922,2) (700,2)
[2K
Verifying formula 6 at /nta/queries/query[6]/formula
 -- Formula: simulate[<=700]{bedroom[0], bedroom[1], kitchen[0], kitchen[1]}
[2K -- Formula is satisfied.
bedroom[0]:
[0]: (0,100) (700,100)
bedroom[1]:
[0]: (0,200) (700,200)
kitchen[0]:
[0]: (0,4400) (700,4400)
kitchen[1]:
[0]: (0,765) (700,765)
[2K
Verifying formula 7 at /nta/queries/query[7]/formula
 -- Formula: simulate[<=700]{rm_1.idle, rf_1.idle, rp_1.idle, rd_1.idle}
[2K -- Formula is satisfied.
rm_1.idle:
[0]: (0,0) (0,1) (1,1) (1,0) (4,0) (4,1) (424.2790023902267,1) (424.2790023902267,0) (425.1202221062993,0) (425.1202221062993,1) (700.000002,1)
rf_1.idle:
[0]: (0,0) (0,1) (194.7644968719337,1) (194.7644968719337,0) (425.2790023902264,0) (425.2790023902264,1) (700.000002,1)
rp_1.idle:
[0]: (0,0) (0,1) (186,1) (186,0) (194.7644968719337,0) (194.7644968719337,1) (700.000002,1)
rd_1.idle:
[0]: (0,0) (0,1) (424.2790023902267,1) (424.2790023902267,0) (429.2790023902267,0) (429.2790023902267,1) (700.000002,1)
[2K
Verifying formula 8 at /nta/queries/query[8]/formula
 -- Formula: Pr[<=700](<>!rm_1.idle || !rf_1.idle || !rp_1.idle || !rd_1.idle)
[2K -- Formula is satisfied.
(72/72 runs) Pr(<> …) in [0.950056,1] (95% CI)
Values in [0,0] mean=0 steps=2.22045e-16: 72
[2K
Verifying formula 9 at /nta/queries/query[9]/formula
 -- Formula: Pr[<=700]([] (user_guided_transport.end imply (rm_1.idle && rf_1.idle && rp_1.idle && rd_1.idle)))
 -- Throughput: 252518 runs/sec, Load: 365 runs[K
 -- Throughput: 247572 runs/sec, Load: 341 runs[K
[2K -- Formula is satisfied.
(72/72 runs) Pr([] …) in [0.950056,1] (95% CI)
[2K
Verifying formula 10 at /nta/queries/query[10]/formula
 -- Formula: Pr[<=700] (<> pow(humanPositionX[0] - kitchen[0], 2) + pow(humanPositionY[0] - kitchen[1], 2) <= 900 )
[2K -- Formula is satisfied.
(72/72 runs) Pr(<> …) in [0.950056,1] (95% CI)
Values in [186,186] mean=186 steps=2.22045e-16: 72
[2K
Verifying formula 11 at /nta/queries/query[11]/formula
 -- Formula: Pr[<=700] (<> pow(humanPositionX[0] - bedroom[0], 2) + pow(humanPositionY[0] - bedroom[1], 2) <= 900 )
[2K -- Formula is satisfied.
(72/72 runs) Pr(<> …) in [0.950056,1] (95% CI)
Values in [1,1] mean=1 steps=2.22045e-16: 72
[2K
Verifying formula 12 at /nta/queries/query[12]/formula
 -- Formula: Pr[<=700] (<> pow(robPositionX[0] - kitchen[0], 2) + pow(robPositionY[0] - kitchen[1], 2) <= 900 )
 -- Throughput: 190902 runs/sec, Load: 362 runs[K
 -- Throughput: 187995 runs/sec, Load: 334 runs[K
[2K -- Formula is satisfied.
(72/72 runs) Pr(<> …) in [0.950056,1] (95% CI)
Values in [420.653,425.344] mean=423.101 steps=0.521197: 6 8 9 6 8 10 8 8 9
[2K
Verifying formula 13 at /nta/queries/query[13]/formula
 -- Formula: Pr[<=700] (<> pow(robPositionX[0] - bedroom[0], 2) + pow(robPositionY[0] - bedroom[1], 2) <= 900 )
[2K -- Formula is satisfied.
(72/72 runs) Pr(<> …) in [0.950056,1] (95% CI)
Values in [3,3] mean=3 steps=2.22045e-16: 72
[2K
Verifying formula 14 at /nta/queries/query[14]/formula
 -- Formula: Pr[<=700] (<> !isValidPosition(humanPositionX[0], humanPositionY[0]))
[2K -- Formula is satisfied.
(72/72 runs) Pr(<> …) in [0.950056,1] (95% CI)
Values in [0,0] mean=0 steps=2.22045e-16: 72
[2K
Verifying formula 15 at /nta/queries/query[15]/formula
 -- Formula: Pr[<=700] (<> !isValidPosition(robPositionX[0], robPositionY[0]))
[2K -- Formula is satisfied.
(72/72 runs) Pr(<> …) in [0.950056,1] (95% CI)
Values in [0,0] mean=0 steps=2.22045e-16: 72
[2K
Verifying formula 16 at /nta/queries/query[16]/formula
 -- Formula: Pr[<=700] (<> currP > 2)
 -- Throughput: 198125 runs/sec, Load: 367 runs[K
 -- Throughput: 249402 runs/sec, Load: 343 runs[K
 -- Throughput: 250790 runs/sec, Load: 319 runs[K
[2K -- Formula is satisfied.
(0/72 runs) Pr(<> …) in [0,0.0499441] (95% CI)
