Options for the verification:
  Generating no trace
  Search order is breadth first
  Using conservative space optimisation
  Seed is 1782635564
  State space representation uses minimal constraint systems with future testing
  Using HashMap + Compress integers for discrete state storage
[2K
Verifying formula 1 at /nta/queries/query[1]/formula
 -- Formula: simulate[<=700]{Coffee_Delivery_robot1_def.s1_start, Coffee_Delivery_robot1_def.s1_end, Coffee_Delivery_robot1_def.s2_start, Coffee_Delivery_robot1_def.s2_end, Coffee_Delivery_robot1_def.s3_start, Coffee_Delivery_robot1_def.s3_end, Coffee_Delivery_robot1_def.s4_start, Coffee_Delivery_robot1_def.s4_end, Coffee_Delivery.end}
[2K -- Formula is satisfied.
Coffee_Delivery_robot1_def.s1_start:
[0]: (0,0) (0,1) (0,0) (700.000002,0)
Coffee_Delivery_robot1_def.s1_end:
[0]: (0,0) (67.5767397931244,0) (67.5767397931244,1) (67.5767397931244,0) (700.000002,0)
Coffee_Delivery_robot1_def.s2_start:
[0]: (0,0) (67.5767397931244,0) (67.5767397931244,1) (67.5767397931244,0) (700.000002,0)
Coffee_Delivery_robot1_def.s2_end:
[0]: (0,0) (77.30964037175615,0) (77.30964037175615,1) (77.30964037175615,0) (700.000002,0)
Coffee_Delivery_robot1_def.s3_start:
[0]: (0,0) (77.30964037175615,0) (77.30964037175615,1) (77.30964037175615,0) (700.000002,0)
Coffee_Delivery_robot1_def.s3_end:
[0]: (0,0) (145.9890954002782,0) (145.9890954002782,1) (145.9890954002782,0) (700.000002,0)
Coffee_Delivery_robot1_def.s4_start:
[0]: (0,0) (145.9890954002782,0) (145.9890954002782,1) (145.9890954002782,0) (700.000002,0)
Coffee_Delivery_robot1_def.s4_end:
[0]: (0,0) (150.9890954002782,0) (150.9890954002782,1) (150.9890954002782,0) (700.000002,0)
Coffee_Delivery.end:
[0]: (0,0) (150.9890954002782,0) (150.9890954002782,1) (700.000002,1)
[2K
Verifying formula 2 at /nta/queries/query[2]/formula
 -- Formula: Pr[<=700] (<> Coffee_Delivery.end)
[2K -- Formula is satisfied.
(72/72 runs) Pr(<> …) in [0.950056,1] (95% CI)
Values in [146.334,151.211] mean=148.982 steps=0.541938: 8 9 8 3 4 8 10 11 11
[2K
Verifying formula 3 at /nta/queries/query[3]/formula
 -- Formula: simulate[<=700]{humanPositionX[0], humanPositionY[0], robPositionX[0], robPositionY[0], batteryCharge[0], Coffee_Delivery.end}
[2K -- Formula is satisfied.
humanPositionX[0]:
[0]: (0,0) (0,92.5) (700.000002,92.5)
humanPositionY[0]:
[0]: (0,0) (0,163.5) (700.000002,163.5)
robPositionX[0]:
[0]: (0,0) (0,92.5) (2,92.5) (2,118.5) (3,118.5) (3,144.5) (4,144.5) (4,170.5) (5,170.5) (5,196.5) (6,196.5) (6,222.5) (7,222.5) (7,248.5) (8,248.5) (8,274.5) (9,274.5) (9,300.5) (10,300.5) (10,326.5) (11,326.5) (11,352.5) (12,352.5) (12,378.5) (13,378.5) (13,404.5) (14,404.5) (14,430.5) (15,430.5) (15,456.5) (16,456.5) (16,482.5) (17,482.5) (17,508.5) (18,508.5) (18,534.5) (19,534.5) (19,560.5) (20,560.5) (20,586.5) (21,586.5) (21,612.5) (22,612.5) (22,638.5) (23,638.5) (23,664.5) (24,664.5) (24,690.5) (25,690.5) (25,716.5) (26,716.5) (26,742.5) (27,742.5) (27,768.5) (28,768.5) (28,794.5) (29,794.5) (29,820.5) (30,820.5) (30,846.5) (31,846.5) (31,872.5) (32,872.5) (32,898.5) (33,898.5) (33,924.5) (34,924.5) (34,950.5) (35,950.5) (35,976.5) (36,976.5) (36,1002.5) (37,1002.5) (37,1028.5) (38,1028.5) (38,1054.5) (39,1054.5) (39,1080.5) (40,1080.5) (40,1106.5) (41,1106.5) (41,1132.5) (42,1132.5) (42,1158.5) (43,1158.5) (43,1184.5) (44,1184.5) (44,1210.5) (45,1210.5) (45,1236.5) (46,1236.5) (46,1262.5) (47,1262.5) (47,1288.5) (48,1288.5) (48,1314.5) (49,1314.5) (49,1340.5) (50,1340.5) (50,1366.5) (51,1366.5) (51,1392.5) (52,1392.5) (52,1418.5) (53,1418.5) (53,1444.5) (54,1444.5) (54,1452) (56.57673979312436,1452) (56.57673979312436,1451.845470785223) (57.57673979312436,1451.845470785223) (57.57673979312436,1451.690941570446) (58.57673979312436,1451.690941570446) (58.57673979312436,1451.536412355669) (59.57673979312436,1451.536412355669) (59.57673979312436,1451.381883140892) (60.57673979312436,1451.381883140892) (60.57673979312436,1451.227353926115) (61.57673979312436,1451.227353926115) (61.57673979312436,1451.072824711337) (62.57673979312436,1451.072824711337) (62.57673979312436,1450.91829549656) (63.57673979312436,1450.91829549656) (63.57673979312436,1450.763766281783) (64.5767397931244,1450.763766281783) (64.5767397931244,1450.609237067006) (65.5767397931244,1450.609237067006) (65.5767397931244,1450.454707852229) (66.5767397931244,1450.454707852229) (66.5767397931244,1450.300178637452) (67.5767397931244,1450.300178637452) (67.5767397931244,1450.145649422675) (79.42209046683718,1450.145649422675) (79.42209046683718,1450.300178637452) (81.9869433273026,1450.300178637452) (81.9869433273026,1450.454707852229) (82.98694332730261,1450.454707852229) (82.98694332730261,1450.609237067006) (83.98694332730263,1450.609237067006) (83.98694332730263,1450.763766281783) (84.98694332730263,1450.763766281783) (84.98694332730263,1450.91829549656) (85.98694332730258,1450.91829549656) (85.98694332730258,1451.072824711337) (86.98694332730254,1451.072824711337) (86.98694332730254,1451.227353926115) (87.98694332730254,1451.227353926115) (87.98694332730254,1451.381883140892) (88.98694332730254,1451.381883140892) (88.98694332730254,1451.536412355669) (89.98694332730254,1451.536412355669) (89.98694332730254,1451.690941570446) (90.98694332730254,1451.690941570446) (90.98694332730254,1451.845470785223) (91.98694332730254,1451.845470785223) (91.98694332730254,1452) (96.10154549535919,1452) (96.10154549535919,1426.009469747118) (97.10154549535919,1426.009469747118) (97.10154549535919,1400.018939494237) (98.10154549535919,1400.018939494237) (98.10154549535919,1374.028409241355) (99.10154549535919,1374.028409241355) (99.10154549535919,1348.037878988473) (100.1015454953592,1348.037878988473) (100.1015454953592,1322.047348735592) (101.1015454953592,1322.047348735592) (101.1015454953592,1296.05681848271) (102.1015454953592,1296.05681848271) (102.1015454953592,1270.066288229829) (103.1015454953592,1270.066288229829) (103.1015454953592,1244.075757976947) (104.1015454953592,1244.075757976947) (104.1015454953592,1218.085227724065) (105.1015454953592,1218.085227724065) (105.1015454953592,1192.094697471184) (106.1015454953592,1192.094697471184) (106.1015454953592,1166.104167218302) (107.1015454953592,1166.104167218302) (107.1015454953592,1140.11363696542) (108.1015454953592,1140.11363696542) (108.1015454953592,1114.123106712539) (109.1015454953592,1114.123106712539) (109.1015454953592,1088.132576459657) (110.1015454953592,1088.132576459657) (110.1015454953592,1062.142046206776) (111.1015454953592,1062.142046206776) (111.1015454953592,1036.151515953894) (112.1015454953592,1036.151515953894) (112.1015454953592,1010.160985701012) (113.1015454953592,1010.160985701012) (113.1015454953592,984.1704554481307) (114.1015454953592,984.1704554481307) (114.1015454953592,958.1799251952491) (115.1015454953592,958.1799251952491) (115.1015454953592,932.1893949423675) (116.1015454953592,932.1893949423675) (116.1015454953592,906.1988646894858) (117.1015454953592,906.1988646894858) (117.1015454953592,880.2083344366042) (118.1015454953592,880.2083344366042) (118.1015454953592,854.2178041837226) (119.1015454953592,854.2178041837226) (119.1015454953592,828.227273930841) (120.1015454953592,828.227273930841) (120.1015454953592,802.2367436779593) (121.1015454953592,802.2367436779593) (121.1015454953592,776.2462134250777) (122.1015454953592,776.2462134250777) (122.1015454953592,750.2556831721961) (123.1015454953592,750.2556831721961) (123.1015454953592,724.2651529193145) (124.1015454953592,724.2651529193145) (124.1015454953592,698.2746226664328) (125.1015454953592,698.2746226664328) (125.1015454953592,672.2840924135512) (126.1015454953592,672.2840924135512) (126.1015454953592,646.2935621606696) (127.1015454953592,646.2935621606696) (127.1015454953592,620.303031907788) (128.1015454953592,620.303031907788) (128.1015454953592,594.3125016549063) (129.1015454953592,594.3125016549063) (129.1015454953592,568.3219714020247) (130.1015454953592,568.3219714020247) (130.1015454953592,542.3314411491431) (131.1015454953592,542.3314411491431) (131.1015454953592,516.3409108962614) (132.1015454953592,516.3409108962614) (132.1015454953592,490.3503806433799) (133.1015454953592,490.3503806433799) (133.1015454953592,464.3598503904983) (134.1015454953592,464.3598503904983) (134.1015454953592,438.3693201376167) (135.1015454953592,438.3693201376167) (135.1015454953592,412.3787898847352) (136.1015454953592,412.3787898847352) (136.1015454953592,386.3882596318536) (137.1015454953592,386.3882596318536) (137.1015454953592,360.397729378972) (138.1015454953592,360.397729378972) (138.1015454953592,334.4071991260905) (139.1015454953592,334.4071991260905) (139.1015454953592,308.4166688732089) (140.1015454953592,308.4166688732089) (140.1015454953592,282.4261386203273) (141.1015454953592,282.4261386203273) (141.1015454953592,256.4356083674458) (142.1015454953592,256.4356083674458) (142.1015454953592,230.4450781145642) (143.1015454953592,230.4450781145642) (143.1015454953592,204.4545478616826) (144.1015454953592,204.4545478616826) (144.1015454953592,178.464017608801) (145.1015454953592,178.464017608801) (145.1015454953592,152.4734873559195) (146.1015454953592,152.4734873559195) (146.1015454953592,126.4829571030379) (700.000002,126.4829571030379)
robPositionY[0]:
[0]: (0,0) (0,163.5) (56.57673979312436,163.5) (56.57673979312436,189.4995407790557) (57.57673979312436,189.4995407790557) (57.57673979312436,215.4990815581114) (58.57673979312436,215.4990815581114) (58.57673979312436,241.4986223371671) (59.57673979312436,241.4986223371671) (59.57673979312436,267.4981631162228) (60.57673979312436,267.4981631162228) (60.57673979312436,293.4977038952785) (61.57673979312436,293.4977038952785) (61.57673979312436,319.4972446743342) (62.57673979312436,319.4972446743342) (62.57673979312436,345.4967854533899) (63.57673979312436,345.4967854533899) (63.57673979312436,371.4963262324455) (64.5767397931244,371.4963262324455) (64.5767397931244,397.4958670115012) (65.5767397931244,397.4958670115012) (65.5767397931244,423.4954077905569) (66.5767397931244,423.4954077905569) (66.5767397931244,449.4949485696126) (67.5767397931244,449.4949485696126) (67.5767397931244,475.4944893486683) (79.42209046683718,475.4944893486683) (79.42209046683718,449.4949485696126) (81.9869433273026,449.4949485696126) (81.9869433273026,423.4954077905569) (82.98694332730261,423.4954077905569) (82.98694332730261,397.4958670115012) (83.98694332730263,397.4958670115012) (83.98694332730263,371.4963262324455) (84.98694332730263,371.4963262324455) (84.98694332730263,345.4967854533899) (85.98694332730258,345.4967854533899) (85.98694332730258,319.4972446743342) (86.98694332730254,319.4972446743342) (86.98694332730254,293.4977038952785) (87.98694332730254,293.4977038952785) (87.98694332730254,267.4981631162228) (88.98694332730254,267.4981631162228) (88.98694332730254,241.4986223371671) (89.98694332730254,241.4986223371671) (89.98694332730254,215.4990815581114) (90.98694332730254,215.4990815581114) (90.98694332730254,189.4995407790557) (91.98694332730254,189.4995407790557) (91.98694332730254,163.5) (96.10154549535919,163.5) (96.10154549535919,164.2016674241034) (97.10154549535919,164.2016674241034) (97.10154549535919,164.9033348482068) (98.10154549535919,164.9033348482068) (98.10154549535919,165.6050022723103) (99.10154549535919,165.6050022723103) (99.10154549535919,166.3066696964137) (100.1015454953592,166.3066696964137) (100.1015454953592,167.0083371205171) (101.1015454953592,167.0083371205171) (101.1015454953592,167.7100045446205) (102.1015454953592,167.7100045446205) (102.1015454953592,168.4116719687239) (103.1015454953592,168.4116719687239) (103.1015454953592,169.1133393928274) (104.1015454953592,169.1133393928274) (104.1015454953592,169.8150068169308) (105.1015454953592,169.8150068169308) (105.1015454953592,170.5166742410342) (106.1015454953592,170.5166742410342) (106.1015454953592,171.2183416651376) (107.1015454953592,171.2183416651376) (107.1015454953592,171.920009089241) (108.1015454953592,171.920009089241) (108.1015454953592,172.6216765133445) (109.1015454953592,172.6216765133445) (109.1015454953592,173.3233439374479) (110.1015454953592,173.3233439374479) (110.1015454953592,174.0250113615513) (111.1015454953592,174.0250113615513) (111.1015454953592,174.7266787856547) (112.1015454953592,174.7266787856547) (112.1015454953592,175.4283462097581) (113.1015454953592,175.4283462097581) (113.1015454953592,176.1300136338616) (114.1015454953592,176.1300136338616) (114.1015454953592,176.831681057965) (115.1015454953592,176.831681057965) (115.1015454953592,177.5333484820684) (116.1015454953592,177.5333484820684) (116.1015454953592,178.2350159061718) (117.1015454953592,178.2350159061718) (117.1015454953592,178.9366833302752) (118.1015454953592,178.9366833302752) (118.1015454953592,179.6383507543786) (119.1015454953592,179.6383507543786) (119.1015454953592,180.3400181784821) (120.1015454953592,180.3400181784821) (120.1015454953592,181.0416856025855) (121.1015454953592,181.0416856025855) (121.1015454953592,181.7433530266889) (122.1015454953592,181.7433530266889) (122.1015454953592,182.4450204507923) (123.1015454953592,182.4450204507923) (123.1015454953592,183.1466878748957) (124.1015454953592,183.1466878748957) (124.1015454953592,183.8483552989992) (125.1015454953592,183.8483552989992) (125.1015454953592,184.5500227231026) (126.1015454953592,184.5500227231026) (126.1015454953592,185.251690147206) (127.1015454953592,185.251690147206) (127.1015454953592,185.9533575713094) (128.1015454953592,185.9533575713094) (128.1015454953592,186.6550249954128) (129.1015454953592,186.6550249954128) (129.1015454953592,187.3566924195163) (130.1015454953592,187.3566924195163) (130.1015454953592,188.0583598436197) (131.1015454953592,188.0583598436197) (131.1015454953592,188.7600272677231) (132.1015454953592,188.7600272677231) (132.1015454953592,189.4616946918265) (133.1015454953592,189.4616946918265) (133.1015454953592,190.1633621159299) (134.1015454953592,190.1633621159299) (134.1015454953592,190.8650295400334) (135.1015454953592,190.8650295400334) (135.1015454953592,191.5666969641368) (136.1015454953592,191.5666969641368) (136.1015454953592,192.2683643882402) (137.1015454953592,192.2683643882402) (137.1015454953592,192.9700318123436) (138.1015454953592,192.9700318123436) (138.1015454953592,193.671699236447) (139.1015454953592,193.671699236447) (139.1015454953592,194.3733666605505) (140.1015454953592,194.3733666605505) (140.1015454953592,195.0750340846539) (141.1015454953592,195.0750340846539) (141.1015454953592,195.7767015087573) (142.1015454953592,195.7767015087573) (142.1015454953592,196.4783689328607) (143.1015454953592,196.4783689328607) (143.1015454953592,197.1800363569641) (144.1015454953592,197.1800363569641) (144.1015454953592,197.8817037810676) (145.1015454953592,197.8817037810676) (145.1015454953592,198.583371205171) (146.1015454953592,198.583371205171) (146.1015454953592,199.2850386292744) (700.000002,199.2850386292744)
batteryCharge[0]:
[0]: (0,100) (700.000002,100)
Coffee_Delivery.end:
[0]: (0,0) (151.1015454953592,0) (151.1015454953592,1) (700.000002,1)
[2K
Verifying formula 4 at /nta/queries/query[4]/formula
 -- Formula: simulate[<=700]{robot_inventory[0][0], Coffee_Delivery.end*2}
[2K -- Formula is satisfied.
robot_inventory[0][0]:
[0]: (0,0) (76.14975720190984,0) (76.14975720190984,1) (149.8292122304318,1) (149.8292122304318,0) (700.000002,0)
Coffee_Delivery.end * 2:
[0]: (0,0) (149.8292122304318,0) (149.8292122304318,2) (700.000002,2)
[2K
Verifying formula 5 at /nta/queries/query[5]/formula
 -- Formula: simulate[<=700]{coffee_room[0], coffee_room[1], office001[0], office001[1]}
[2K -- Formula is satisfied.
coffee_room[0]:
[0]: (0,1450) (700,1450)
coffee_room[1]:
[0]: (0,500) (700,500)
office001[0]:
[0]: (0,100) (700,100)
office001[1]:
[0]: (0,200) (700,200)
[2K
Verifying formula 6 at /nta/queries/query[6]/formula
 -- Formula: simulate[<=700]{rm_1.idle, rf_1.idle, rp_1.idle, rd_1.idle}
[2K -- Formula is satisfied.
rm_1.idle:
[0]: (0,0) (0,1) (0,0) (68.57673979312466,0) (68.57673979312466,1) (75.39705294106736,1) (75.39705294106736,0) (145.0765079695893,0) (145.0765079695893,1) (700,1)
rf_1.idle:
[0]: (0,0) (0,1) (700,1)
rp_1.idle:
[0]: (0,0) (0,1) (67.5767397931244,1) (67.5767397931244,0) (75.39705294106736,0) (75.39705294106736,1) (700,1)
rd_1.idle:
[0]: (0,0) (0,1) (144.0765079695894,1) (144.0765079695894,0) (149.0765079695894,0) (149.0765079695894,1) (700,1)
[2K
Verifying formula 7 at /nta/queries/query[7]/formula
 -- Formula: Pr[<=700](<>!rm_1.idle || !rf_1.idle || !rp_1.idle || !rd_1.idle)
[2K -- Formula is satisfied.
(72/72 runs) Pr(<> …) in [0.950056,1] (95% CI)
Values in [0,0] mean=0 steps=2.22045e-16: 72
[2K
Verifying formula 8 at /nta/queries/query[8]/formula
 -- Formula: Pr[<=700]([] (Coffee_Delivery.end imply (rm_1.idle && rf_1.idle && rp_1.idle && rd_1.idle)))
[2K -- Formula is satisfied.
(72/72 runs) Pr([] …) in [0.950056,1] (95% CI)
[2K
Verifying formula 9 at /nta/queries/query[9]/formula
 -- Formula: Pr[<=700] (<> pow(robPositionX[0] - coffee_room[0], 2) + pow(robPositionY[0] - coffee_room[1], 2) <= 900 )
[2K -- Formula is satisfied.
(72/72 runs) Pr(<> …) in [0.950056,1] (95% CI)
Values in [67.5767,67.5767] mean=67.5767 steps=3.15797e-15: 1 0 0 0 0 0 0 0 71
[2K
Verifying formula 10 at /nta/queries/query[10]/formula
 -- Formula: Pr[<=700] (<> pow(robPositionX[0] - office001[0], 2) + pow(robPositionY[0] - office001[1], 2) <= 900 )
[2K -- Formula is satisfied.
(72/72 runs) Pr(<> …) in [0.950056,1] (95% CI)
Values in [141.319,146.176] mean=143.651 steps=0.539626: 11 9 5 7 7 9 10 9 5
[2K
Verifying formula 11 at /nta/queries/query[11]/formula
 -- Formula: Pr[<=700] (<> !isValidPosition(humanPositionX[0], humanPositionY[0]))
[2K -- Formula is satisfied.
(72/72 runs) Pr(<> …) in [0.950056,1] (95% CI)
Values in [0,0] mean=0 steps=2.22045e-16: 72
[2K
Verifying formula 12 at /nta/queries/query[12]/formula
 -- Formula: Pr[<=700] (<> !isValidPosition(robPositionX[0], robPositionY[0]))
[2K -- Formula is satisfied.
(72/72 runs) Pr(<> …) in [0.950056,1] (95% CI)
Values in [0,0] mean=0 steps=2.22045e-16: 72
[2K
Verifying formula 13 at /nta/queries/query[13]/formula
 -- Formula: Pr[<=700] (<> currP > 2)
[2K -- Formula is satisfied.
(0/72 runs) Pr(<> …) in [0,0.0499441] (95% CI)
