Options for the verification:
  Generating no trace
  Search order is breadth first
  Using conservative space optimisation
  Seed is 1783334471
  State space representation uses minimal constraint systems with future testing
  Using HashMap + Compress integers for discrete state storage
[2K
Verifying formula 1 at /nta/queries/query[1]/formula
 -- Formula: simulate[<=700]{user_guided_transport_human_def.s1_start, user_guided_transport_human_def.s1_end, user_guided_transport_human_def.s2_start, user_guided_transport_human_def.s2_idle, user_guided_transport_human_def.s3_start, user_guided_transport_human_def.s3_end, user_guided_transport.end}
[2K -- Formula is satisfied.
user_guided_transport_human_def.s1_start:
[0]: (0,0) (0,1) (0,0) (700,0)
user_guided_transport_human_def.s1_end:
[0]: (0,0) (1,0) (1,1) (2,1) (2,0) (700,0)
user_guided_transport_human_def.s2_start:
[0]: (0,0) (2,0) (2,1) (2,0) (700,0)
user_guided_transport_human_def.s2_idle:
[0]: (0,0) (2,0) (2,1) (10.85646571606009,1) (10.85646571606009,0) (700,0)
user_guided_transport_human_def.s3_start:
[0]: (0,0) (10.85646571606009,0) (10.85646571606009,1) (10.85646571606009,0) (15.85646571606007,0) (15.85646571606007,1) (15.85646571606007,0) (20.85646571606009,0) (20.85646571606009,1) (20.85646571606009,0) (25.85646571606014,0) (25.85646571606014,1) (25.85646571606014,0) (30.85646571606019,0) (30.85646571606019,1) (30.85646571606019,0) (35.85646571606024,0) (35.85646571606024,1) (35.85646571606024,0) (40.85646571606027,0) (40.85646571606027,1) (40.85646571606027,0) (45.85646571606031,0) (45.85646571606031,1) (45.85646571606031,0) (50.85646571606024,0) (50.85646571606024,1) (50.85646571606024,0) (55.85646571606013,0) (55.85646571606013,1) (55.85646571606013,0) (60.85646571606002,0) (60.85646571606002,1) (60.85646571606002,0) (65.85646571605992,0) (65.85646571605992,1) (65.85646571605992,0) (70.85646571605984,0) (70.85646571605984,1) (70.85646571605984,0) (75.85646571605972,0) (75.85646571605972,1) (75.85646571605972,0) (80.85646571605943,0) (80.85646571605943,1) (80.85646571605943,0) (85.85646571605913,0) (85.85646571605913,1) (85.85646571605913,0) (90.85646571605884,0) (90.85646571605884,1) (90.85646571605884,0) (95.85646571605852,0) (95.85646571605852,1) (95.85646571605852,0) (100.8564657160582,0) (100.8564657160582,1) (100.8564657160582,0) (105.8564657160579,0) (105.8564657160579,1) (105.8564657160579,0) (110.8564657160576,0) (110.8564657160576,1) (110.8564657160576,0) (115.8564657160572,0) (115.8564657160572,1) (115.8564657160572,0) (120.8564657160569,0) (120.8564657160569,1) (120.8564657160569,0) (125.8564657160566,0) (125.8564657160566,1) (125.8564657160566,0) (130.8564657160567,0) (130.8564657160567,1) (130.8564657160567,0) (135.856465716057,0) (135.856465716057,1) (135.856465716057,0) (140.8564657160571,0) (140.8564657160571,1) (140.8564657160571,0) (145.8564657160571,0) (145.8564657160571,1) (145.8564657160571,0) (150.8564657160571,0) (150.8564657160571,1) (150.8564657160571,0) (155.8564657160573,0) (155.8564657160573,1) (155.8564657160573,0) (160.8564657160574,0) (160.8564657160574,1) (160.8564657160574,0) (165.8564657160572,0) (165.8564657160572,1) (165.8564657160572,0) (170.8564657160568,0) (170.8564657160568,1) (170.8564657160568,0) (175.8564657160562,0) (175.8564657160562,1) (175.8564657160562,0) (180.8564657160557,0) (180.8564657160557,1) (180.8564657160557,0) (185.8564657160551,0) (185.8564657160551,1) (185.8564657160551,0) (190.8564657160546,0) (190.8564657160546,1) (190.8564657160546,0) (195.856465716054,0) (195.856465716054,1) (195.856465716054,0) (700,0)
user_guided_transport_human_def.s3_end:
[0]: (0,0) (195.856465716054,0) (195.856465716054,1) (232.0653323947859,1) (232.0653323947859,0) (700,0)
user_guided_transport.end:
[0]: (0,0) (234.0653323947849,0) (234.0653323947849,1) (700,1)
[2K
Verifying formula 2 at /nta/queries/query[2]/formula
 -- Formula: simulate[<=700]{user_guided_transport_robot_def.s1_start, user_guided_transport_robot_def.s1_end, user_guided_transport_robot_def.s2_start, user_guided_transport_robot_def.s2_end, user_guided_transport_robot_def.s3_start, user_guided_transport_robot_def.s3_end, user_guided_transport.end}
[2K -- Formula is satisfied.
user_guided_transport_robot_def.s1_start:
[0]: (0,0) (0,1) (0,0) (700,0)
user_guided_transport_robot_def.s1_end:
[0]: (0,0) (2,0) (2,1) (2,0) (700,0)
user_guided_transport_robot_def.s2_start:
[0]: (0,0) (2,0) (2,1) (2,0) (700,0)
user_guided_transport_robot_def.s2_end:
[0]: (0,0) (9.873261935842976,0) (9.873261935842976,1) (9.873261935842976,0) (700,0)
user_guided_transport_robot_def.s3_start:
[0]: (0,0) (9.873261935842976,0) (9.873261935842976,1) (9.873261935842976,0) (700,0)
user_guided_transport_robot_def.s3_end:
[0]: (0,0) (231.1009320770683,0) (231.1009320770683,1) (231.1009320770683,0) (700,0)
user_guided_transport.end:
[0]: (0,0) (233.1009320770673,0) (233.1009320770673,1) (700,1)
[2K
Verifying formula 3 at /nta/queries/query[3]/formula
 -- Formula: Pr[<=700] (<> user_guided_transport.end)
[2K -- Formula is satisfied.
(72/72 runs) Pr(<> …) in [0.950056,1] (95% CI)
Values in [230.366,235.259] mean=232.847 steps=0.543612: 12 6 4 7 7 13 4 11 8
[2K
Verifying formula 4 at /nta/queries/query[4]/formula
 -- Formula: simulate[<=700]{humanPositionX[0], humanPositionY[0], robPositionX[0], robPositionY[0], batteryCharge[0], user_guided_transport.end}
[2K -- Formula is satisfied.
humanPositionX[0]:
[0]: (0,0) (0,92.5) (1,92.5) (1,97.73313175708738) (9.289338076315877,97.73313175708738) (9.289338076315877,123.7285354798977) (10.28933807631588,123.7285354798977) (10.28933807631588,149.723939202708) (11.28933807631588,149.723939202708) (11.28933807631588,175.7193429255182) (12.28933807631588,175.7193429255182) (12.28933807631588,201.7147466483285) (13.28933807631588,201.7147466483285) (13.28933807631588,227.7101503711388) (14.28933807631588,227.7101503711388) (14.28933807631588,253.7055540939491) (15.28933807631588,253.7055540939491) (15.28933807631588,279.7009578167594) (16.28933807631588,279.7009578167594) (16.28933807631588,305.6963615395697) (17.28933807631588,305.6963615395697) (17.28933807631588,331.69176526238) (18.28933807631587,331.69176526238) (18.28933807631587,357.6871689851903) (19.28933807631588,357.6871689851903) (19.28933807631588,383.6825727080006) (20.28933807631589,383.6825727080006) (20.28933807631589,409.6779764308109) (21.28933807631589,409.6779764308109) (21.28933807631589,435.6733801536212) (22.2893380763159,435.6733801536212) (22.2893380763159,461.6687838764315) (23.2893380763159,461.6687838764315) (23.2893380763159,487.6641875992418) (24.28933807631591,487.6641875992418) (24.28933807631591,513.6595913220521) (25.28933807631591,513.6595913220521) (25.28933807631591,539.6549950448623) (26.28933807631592,539.6549950448623) (26.28933807631592,565.6503987676725) (27.28933807631593,565.6503987676725) (27.28933807631593,591.6458024904828) (28.28933807631593,591.6458024904828) (28.28933807631593,617.641206213293) (29.28933807631594,617.641206213293) (29.28933807631594,643.6366099361032) (30.28933807631594,643.6366099361032) (30.28933807631594,669.6320136589135) (31.28933807631595,669.6320136589135) (31.28933807631595,695.6274173817237) (32.28933807631594,695.6274173817237) (32.28933807631594,721.622821104534) (33.28933807631591,721.622821104534) (33.28933807631591,747.6182248273442) (34.28933807631588,747.6182248273442) (34.28933807631588,773.6136285501544) (35.28933807631585,773.6136285501544) (35.28933807631585,799.6090322729647) (36.28933807631582,799.6090322729647) (36.28933807631582,825.6044359957749) (37.28933807631579,825.6044359957749) (37.28933807631579,851.5998397185851) (38.28933807631576,851.5998397185851) (38.28933807631576,877.5952434413954) (39.28933807631572,877.5952434413954) (39.28933807631572,903.5906471642056) (40.28933807631569,903.5906471642056) (40.28933807631569,929.5860508870159) (41.28933807631565,929.5860508870159) (41.28933807631565,955.5814546098261) (42.28933807631562,955.5814546098261) (42.28933807631562,981.5768583326363) (43.28933807631558,981.5768583326363) (43.28933807631558,1007.572262055447) (44.28933807631555,1007.572262055447) (44.28933807631555,1033.567665778257) (45.28933807631559,1033.567665778257) (45.28933807631559,1059.563069501067) (46.28933807631562,1059.563069501067) (46.28933807631562,1085.558473223878) (47.28933807631566,1085.558473223878) (47.28933807631566,1111.553876946688) (48.28933807631569,1111.553876946688) (48.28933807631569,1137.549280669498) (49.28933807631573,1137.549280669498) (49.28933807631573,1163.544684392309) (50.28933807631577,1163.544684392309) (50.28933807631577,1189.540088115119) (51.2893380763158,1189.540088115119) (51.2893380763158,1215.535491837929) (52.28933807631584,1215.535491837929) (52.28933807631584,1241.53089556074) (53.28933807631587,1241.53089556074) (53.28933807631587,1267.52629928355) (54.28933807631591,1267.52629928355) (54.28933807631591,1293.52170300636) (55.28933807631594,1293.52170300636) (55.28933807631594,1319.517106729171) (56.28933807631598,1319.517106729171) (56.28933807631598,1345.512510451981) (57.28933807631601,1345.512510451981) (57.28933807631601,1371.507914174791) (58.28933807631605,1371.507914174791) (58.28933807631605,1397.503317897602) (59.28933807631608,1397.503317897602) (59.28933807631608,1423.498721620412) (60.28933807631612,1423.498721620412) (60.28933807631612,1478) (61.28933807631616,1478) (61.28933807631616,1504) (62.28933807631618,1504) (62.28933807631618,1530) (63.28933807631621,1530) (63.28933807631621,1556) (64.28933807631624,1556) (64.28933807631624,1582) (65.28933807631627,1582) (65.28933807631627,1608) (66.28933807631631,1608) (66.28933807631631,1634) (67.28933807631635,1634) (67.28933807631635,1660) (68.28933807631638,1660) (68.28933807631638,1686) (69.28933807631641,1686) (69.28933807631641,1712) (70.28933807631644,1712) (70.28933807631644,1738) (71.28933807631647,1738) (71.28933807631647,1764) (72.2893380763165,1764) (72.2893380763165,1790) (73.2893380763165,1790) (73.2893380763165,1816) (74.28933807631645,1816) (74.28933807631645,1842) (75.28933807631641,1842) (75.28933807631641,1868) (76.28933807631637,1868) (76.28933807631637,1894) (77.28933807631633,1894) (77.28933807631633,1920) (78.28933807631627,1920) (78.28933807631627,1946) (79.2893380763162,1946) (79.2893380763162,1972) (80.28933807631616,1972) (80.28933807631616,1998) (81.2893380763161,1998) (81.2893380763161,2024) (82.28933807631603,2024) (82.28933807631603,2050) (83.28933807631597,2050) (83.28933807631597,2076) (84.28933807631591,2076) (84.28933807631591,2102) (85.28933807631586,2102) (85.28933807631586,2128) (86.2893380763158,2128) (86.2893380763158,2154) (87.28933807631574,2154) (87.28933807631574,2180) (88.28933807631569,2180) (88.28933807631569,2206) (89.28933807631564,2206) (89.28933807631564,2232) (90.28933807631557,2232) (90.28933807631557,2258) (91.28933807631552,2258) (91.28933807631552,2284) (92.28933807631546,2284) (92.28933807631546,2310) (93.2893380763154,2310) (93.2893380763154,2336) (94.28933807631535,2336) (94.28933807631535,2362) (95.28933807631527,2362) (95.28933807631527,2388) (96.28933807631522,2388) (96.28933807631522,2414) (97.28933807631516,2414) (97.28933807631516,2440) (98.2893380763151,2440) (98.2893380763151,2466) (99.28933807631505,2466) (99.28933807631505,2492) (100.289338076315,2492) (100.289338076315,2518) (101.2893380763149,2518) (101.2893380763149,2544) (102.2893380763149,2544) (102.2893380763149,2570) (103.2893380763148,2570) (103.2893380763148,2596) (104.2893380763148,2596) (104.2893380763148,2622) (105.2893380763147,2622) (105.2893380763147,2648) (106.2893380763146,2648) (106.2893380763146,2674) (107.2893380763146,2674) (107.2893380763146,2700) (108.2893380763145,2700) (108.2893380763145,2726) (109.2893380763145,2726) (109.2893380763145,2752) (110.2893380763144,2752) (110.2893380763144,2778) (111.2893380763144,2778) (111.2893380763144,2804) (112.2893380763143,2804) (112.2893380763143,2830) (113.2893380763143,2830) (113.2893380763143,2856) (114.2893380763142,2856) (114.2893380763142,2882) (115.2893380763141,2882) (115.2893380763141,2908) (116.2893380763141,2908) (116.2893380763141,2934) (117.289338076314,2934) (117.289338076314,2960) (118.289338076314,2960) (118.289338076314,2986) (119.2893380763139,2986) (119.2893380763139,3012) (120.2893380763139,3012) (120.2893380763139,3038) (121.2893380763138,3038) (121.2893380763138,3088.5) (122.2893380763137,3088.5) (122.2893380763137,3114.5) (123.2893380763137,3114.5) (123.2893380763137,3140.5) (124.2893380763136,3140.5) (124.2893380763136,3166.5) (125.2893380763136,3166.5) (125.2893380763136,3192.5) (126.2893380763135,3192.5) (126.2893380763135,3218.5) (127.2893380763135,3218.5) (127.2893380763135,3244.5) (128.2893380763134,3244.5) (128.2893380763134,3270.5) (129.2893380763135,3270.5) (129.2893380763135,3296.5) (130.2893380763136,3296.5) (130.2893380763136,3322.5) (131.2893380763136,3322.5) (131.2893380763136,3348.5) (132.2893380763137,3348.5) (132.2893380763137,3374.5) (133.2893380763137,3374.5) (133.2893380763137,3400.5) (134.2893380763138,3400.5) (134.2893380763138,3426.5) (135.2893380763138,3426.5) (135.2893380763138,3452.5) (136.2893380763139,3452.5) (136.2893380763139,3478.5) (137.289338076314,3478.5) (137.289338076314,3504.5) (138.289338076314,3504.5) (138.289338076314,3530.5) (139.2893380763141,3530.5) (139.2893380763141,3556.5) (140.2893380763141,3556.5) (140.2893380763141,3582.5) (141.2893380763142,3582.5) (141.2893380763142,3608.5) (142.2893380763142,3608.5) (142.2893380763142,3634.5) (143.2893380763143,3634.5) (143.2893380763143,3660.5) (144.2893380763144,3660.5) (144.2893380763144,3686.5) (145.2893380763144,3686.5) (145.2893380763144,3712.5) (146.2893380763145,3712.5) (146.2893380763145,3738.5) (147.2893380763145,3738.5) (147.2893380763145,3764.5) (148.2893380763146,3764.5) (148.2893380763146,3790.5) (149.2893380763146,3790.5) (149.2893380763146,3816.5) (150.2893380763147,3816.5) (150.2893380763147,3842.5) (151.2893380763147,3842.5) (151.2893380763147,3868.5) (152.2893380763148,3868.5) (152.2893380763148,3894.5) (153.2893380763149,3894.5) (153.2893380763149,3920.5) (154.2893380763149,3920.5) (154.2893380763149,3946.5) (155.289338076315,3946.5) (155.289338076315,3972.5) (156.289338076315,3972.5) (156.289338076315,3998.5) (157.2893380763151,3998.5) (157.2893380763151,4024.5) (158.2893380763151,4024.5) (158.2893380763151,4050.5) (159.2893380763152,4050.5) (159.2893380763152,4076.5) (160.2893380763153,4076.5) (160.2893380763153,4102.5) (161.2893380763153,4102.5) (161.2893380763153,4128.5) (162.2893380763154,4128.5) (162.2893380763154,4154.5) (163.2893380763154,4154.5) (163.2893380763154,4180.5) (164.2893380763155,4180.5) (164.2893380763155,4206.5) (165.2893380763155,4206.5) (165.2893380763155,4232.5) (166.2893380763156,4232.5) (166.2893380763156,4258.5) (167.2893380763157,4258.5) (167.2893380763157,4284.5) (168.2893380763157,4284.5) (168.2893380763157,4310.5) (169.2893380763158,4310.5) (169.2893380763158,4336.5) (170.2893380763158,4336.5) (170.2893380763158,4362.5) (171.2893380763159,4362.5) (171.2893380763159,4388.5) (172.2893380763159,4388.5) (172.2893380763159,4416.265463717128) (173.289338076316,4416.265463717128) (173.289338076316,4415.530927434256) (174.2893380763161,4415.530927434256) (174.2893380763161,4414.796391151384) (175.2893380763161,4414.796391151384) (175.2893380763161,4414.061854868512) (176.2893380763162,4414.061854868512) (176.2893380763162,4413.327318585641) (177.2893380763163,4413.327318585641) (177.2893380763163,4412.592782302769) (178.2893380763163,4412.592782302769) (178.2893380763163,4411.858246019897) (179.2893380763164,4411.858246019897) (179.2893380763164,4411.123709737025) (180.2893380763165,4411.123709737025) (180.2893380763165,4410.389173454153) (181.2893380763165,4410.389173454153) (181.2893380763165,4409.654637171281) (182.2893380763166,4409.654637171281) (182.2893380763166,4408.920100888409) (183.2893380763167,4408.920100888409) (183.2893380763167,4408.185564605537) (184.2893380763168,4408.185564605537) (184.2893380763168,4407.451028322665) (185.2893380763169,4407.451028322665) (185.2893380763169,4406.716492039794) (186.289338076317,4406.716492039794) (186.289338076317,4405.981955756922) (187.2893380763171,4405.981955756922) (187.2893380763171,4405.24741947405) (188.2893380763171,4405.24741947405) (188.2893380763171,4404.512883191178) (189.2893380763172,4404.512883191178) (189.2893380763172,4403.778346908306) (190.2893380763173,4403.778346908306) (190.2893380763173,4403.043810625434) (191.2893380763173,4403.043810625434) (191.2893380763173,4402.309274342562) (192.2893380763174,4402.309274342562) (192.2893380763174,4401.57473805969) (193.2893380763175,4401.57473805969) (193.2893380763175,4400.840201776819) (700,4400.840201776819)
humanPositionY[0]:
[0]: (0,0) (0,163.5) (1,163.5) (1,188.9679078844919) (9.289338076315877,188.9679078844919) (9.289338076315877,188.479046668909) (10.28933807631588,188.479046668909) (10.28933807631588,187.9901854533261) (11.28933807631588,187.9901854533261) (11.28933807631588,187.5013242377432) (12.28933807631588,187.5013242377432) (12.28933807631588,187.0124630221603) (13.28933807631588,187.0124630221603) (13.28933807631588,186.5236018065774) (14.28933807631588,186.5236018065774) (14.28933807631588,186.0347405909945) (15.28933807631588,186.0347405909945) (15.28933807631588,185.5458793754117) (16.28933807631588,185.5458793754117) (16.28933807631588,185.0570181598288) (17.28933807631588,185.0570181598288) (17.28933807631588,184.5681569442459) (18.28933807631587,184.5681569442459) (18.28933807631587,184.079295728663) (19.28933807631588,184.079295728663) (19.28933807631588,183.5904345130801) (20.28933807631589,183.5904345130801) (20.28933807631589,183.1015732974972) (21.28933807631589,183.1015732974972) (21.28933807631589,182.6127120819143) (22.2893380763159,182.6127120819143) (22.2893380763159,182.1238508663315) (23.2893380763159,182.1238508663315) (23.2893380763159,181.6349896507486) (24.28933807631591,181.6349896507486) (24.28933807631591,181.1461284351657) (25.28933807631591,181.1461284351657) (25.28933807631591,180.6572672195828) (26.28933807631592,180.6572672195828) (26.28933807631592,180.1684060039999) (27.28933807631593,180.1684060039999) (27.28933807631593,179.679544788417) (28.28933807631593,179.679544788417) (28.28933807631593,179.1906835728341) (29.28933807631594,179.1906835728341) (29.28933807631594,178.7018223572512) (30.28933807631594,178.7018223572512) (30.28933807631594,178.2129611416684) (31.28933807631595,178.2129611416684) (31.28933807631595,177.7240999260855) (32.28933807631594,177.7240999260855) (32.28933807631594,177.2352387105026) (33.28933807631591,177.2352387105026) (33.28933807631591,176.7463774949197) (34.28933807631588,176.7463774949197) (34.28933807631588,176.2575162793368) (35.28933807631585,176.2575162793368) (35.28933807631585,175.7686550637539) (36.28933807631582,175.7686550637539) (36.28933807631582,175.279793848171) (37.28933807631579,175.279793848171) (37.28933807631579,174.7909326325882) (38.28933807631576,174.7909326325882) (38.28933807631576,174.3020714170053) (39.28933807631572,174.3020714170053) (39.28933807631572,173.8132102014224) (40.28933807631569,173.8132102014224) (40.28933807631569,173.3243489858395) (41.28933807631565,173.3243489858395) (41.28933807631565,172.8354877702566) (42.28933807631562,172.8354877702566) (42.28933807631562,172.3466265546737) (43.28933807631558,172.3466265546737) (43.28933807631558,171.8577653390908) (44.28933807631555,171.8577653390908) (44.28933807631555,171.3689041235079) (45.28933807631559,171.3689041235079) (45.28933807631559,170.8800429079251) (46.28933807631562,170.8800429079251) (46.28933807631562,170.3911816923422) (47.28933807631566,170.3911816923422) (47.28933807631566,169.9023204767593) (48.28933807631569,169.9023204767593) (48.28933807631569,169.4134592611764) (49.28933807631573,169.4134592611764) (49.28933807631573,168.9245980455935) (50.28933807631577,168.9245980455935) (50.28933807631577,168.4357368300106) (51.2893380763158,168.4357368300106) (51.2893380763158,167.9468756144277) (52.28933807631584,167.9468756144277) (52.28933807631584,167.4580143988449) (53.28933807631587,167.4580143988449) (53.28933807631587,166.969153183262) (54.28933807631591,166.969153183262) (54.28933807631591,166.4802919676791) (55.28933807631594,166.4802919676791) (55.28933807631594,165.9914307520962) (56.28933807631598,165.9914307520962) (56.28933807631598,165.5025695365133) (57.28933807631601,165.5025695365133) (57.28933807631601,165.0137083209304) (58.28933807631605,165.0137083209304) (58.28933807631605,164.5248471053475) (59.28933807631608,164.5248471053475) (59.28933807631608,164.0359858897646) (60.28933807631612,164.0359858897646) (60.28933807631612,163.5) (172.2893380763159,163.5) (172.2893380763159,189.4896220913107) (173.289338076316,189.4896220913107) (173.289338076316,215.4792441826214) (174.2893380763161,215.4792441826214) (174.2893380763161,241.4688662739321) (175.2893380763161,241.4688662739321) (175.2893380763161,267.4584883652428) (176.2893380763162,267.4584883652428) (176.2893380763162,293.4481104565535) (177.2893380763163,293.4481104565535) (177.2893380763163,319.4377325478642) (178.2893380763163,319.4377325478642) (178.2893380763163,345.427354639175) (179.2893380763164,345.427354639175) (179.2893380763164,371.4169767304857) (180.2893380763165,371.4169767304857) (180.2893380763165,397.4065988217964) (181.2893380763165,397.4065988217964) (181.2893380763165,423.3962209131071) (182.2893380763166,423.3962209131071) (182.2893380763166,449.3858430044178) (183.2893380763167,449.3858430044178) (183.2893380763167,475.3754650957285) (184.2893380763168,475.3754650957285) (184.2893380763168,501.3650871870392) (185.2893380763169,501.3650871870392) (185.2893380763169,527.3547092783499) (186.289338076317,527.3547092783499) (186.289338076317,553.3443313696606) (187.2893380763171,553.3443313696606) (187.2893380763171,579.3339534609713) (188.2893380763171,579.3339534609713) (188.2893380763171,605.323575552282) (189.2893380763172,605.323575552282) (189.2893380763172,631.3131976435927) (190.2893380763173,631.3131976435927) (190.2893380763173,657.3028197349034) (191.2893380763173,657.3028197349034) (191.2893380763173,683.2924418262141) (192.2893380763174,683.2924418262141) (192.2893380763174,709.2820639175249) (193.2893380763175,709.2820639175249) (193.2893380763175,735.2716860088356) (700,735.2716860088356)
robPositionX[0]:
[0]: (0,0) (0,92.5) (2,92.5) (2,97.73313175708738) (11.28933807631588,97.73313175708738) (11.28933807631588,123.7285354798977) (12.30814153879912,123.7285354798977) (12.30814153879912,149.723939202708) (13.32694500128236,149.723939202708) (13.32694500128236,175.7193429255182) (14.32694500128236,175.7193429255182) (14.32694500128236,201.7147466483285) (15.32694500128236,201.7147466483285) (15.32694500128236,227.7101503711388) (16.32694500128236,227.7101503711388) (16.32694500128236,253.7055540939491) (17.32694500128235,253.7055540939491) (17.32694500128235,279.7009578167594) (18.32694500128236,279.7009578167594) (18.32694500128236,305.6963615395697) (19.32694500128236,305.6963615395697) (19.32694500128236,331.69176526238) (20.32694500128237,331.69176526238) (20.32694500128237,357.6871689851903) (21.32694500128238,357.6871689851903) (21.32694500128238,383.6825727080006) (22.32694500128239,383.6825727080006) (22.32694500128239,409.6779764308109) (23.32694500128239,409.6779764308109) (23.32694500128239,435.6733801536212) (24.3269450012824,435.6733801536212) (24.3269450012824,461.6687838764315) (25.3269450012824,461.6687838764315) (25.3269450012824,487.6641875992418) (26.32694500128241,487.6641875992418) (26.32694500128241,513.6595913220521) (27.32694500128242,513.6595913220521) (27.32694500128242,539.6549950448623) (28.32694500128242,539.6549950448623) (28.32694500128242,565.6503987676725) (29.32694500128243,565.6503987676725) (29.32694500128243,591.6458024904828) (30.32694500128244,591.6458024904828) (30.32694500128244,617.641206213293) (31.32694500128244,617.641206213293) (31.32694500128244,643.6366099361032) (32.32694500128243,643.6366099361032) (32.32694500128243,669.6320136589135) (33.3269450012824,669.6320136589135) (33.3269450012824,695.6274173817237) (34.32694500128238,695.6274173817237) (34.32694500128238,721.622821104534) (35.32694500128235,721.622821104534) (35.32694500128235,747.6182248273442) (36.32694500128232,747.6182248273442) (36.32694500128232,773.6136285501544) (37.32694500128229,773.6136285501544) (37.32694500128229,799.6090322729647) (38.32694500128225,799.6090322729647) (38.32694500128225,825.6044359957749) (39.32694500128222,825.6044359957749) (39.32694500128222,851.5998397185851) (40.32694500128218,851.5998397185851) (40.32694500128218,877.5952434413954) (41.32694500128215,877.5952434413954) (41.32694500128215,903.5906471642056) (42.32694500128211,903.5906471642056) (42.32694500128211,929.5860508870159) (43.32694500128208,929.5860508870159) (43.32694500128208,955.5814546098261) (44.32694500128206,955.5814546098261) (44.32694500128206,981.5768583326363) (45.32694500128209,981.5768583326363) (45.32694500128209,1007.572262055447) (46.32694500128213,1007.572262055447) (46.32694500128213,1033.567665778257) (47.32694500128216,1033.567665778257) (47.32694500128216,1059.563069501067) (48.3269450012822,1059.563069501067) (48.3269450012822,1085.558473223878) (49.32694500128223,1085.558473223878) (49.32694500128223,1111.553876946688) (50.32694500128227,1111.553876946688) (50.32694500128227,1137.549280669498) (51.3269450012823,1137.549280669498) (51.3269450012823,1163.544684392309) (52.32694500128234,1163.544684392309) (52.32694500128234,1189.540088115119) (53.32694500128238,1189.540088115119) (53.32694500128238,1215.535491837929) (54.32694500128241,1215.535491837929) (54.32694500128241,1241.53089556074) (55.32694500128245,1241.53089556074) (55.32694500128245,1267.52629928355) (56.32694500128248,1267.52629928355) (56.32694500128248,1293.52170300636) (57.32694500128252,1293.52170300636) (57.32694500128252,1319.517106729171) (58.32694500128255,1319.517106729171) (58.32694500128255,1345.512510451981) (59.32694500128259,1345.512510451981) (59.32694500128259,1371.507914174791) (60.32694500128262,1371.507914174791) (60.32694500128262,1397.503317897602) (61.3396758581418,1397.503317897602) (61.3396758581418,1423.501210954746) (62.34829507582102,1423.501210954746) (62.34829507582102,1449.500245178851) (63.35413051658895,1449.500245178851) (63.35413051658895,1475.499802499311) (64.35808124763726,1475.499802499311) (64.35808124763726,1501.499599591989) (65.36075598005742,1501.499599591989) (65.36075598005742,1527.499506587529) (66.3625668313797,1527.499506587529) (66.3625668313797,1553.499463958168) (67.36379281608794,1553.499463958168) (67.36379281608794,1579.49944441867) (68.36462283353792,1579.49944441867) (68.36462283353792,1605.499435462594) (69.36518477276768,1605.499435462594) (69.36518477276768,1631.49943135751) (70.36556521740101,1631.49943135751) (70.36556521740101,1657.499429475914) (71.36582278638423,1657.499429475914) (71.36582278638423,1683.499428613471) (72.36599716597787,1683.499428613471) (72.36599716597787,1709.499428218164) (73.36611522461212,1709.499428218164) (73.36611522461212,1735.499428036972) (74.36619515277948,1735.499428036972) (74.36619515277948,1761.499427953921) (75.36624926582058,1761.499427953921) (75.36624926582058,1787.499427915854) (76.36628590148223,1787.499427915854) (76.36628590148223,1813.499427898406) (77.36631070459367,1813.499427898406) (77.36631070459367,1839.499427890409) (78.36632749682053,1839.499427890409) (78.36632749682053,1865.499427886743) (79.36633886549829,1865.499427886743) (79.36633886549829,1891.499427885063) (80.36634656233386,1891.499427885063) (80.36634656233386,1917.499427884293) (81.36635177324665,1917.499427884293) (81.36635177324665,1943.499427883939) (82.36635530114174,1943.499427883939) (82.36635530114174,1969.499427883778) (83.36635768960771,1969.499427883778) (83.36635768960771,1995.499427883703) (84.36635930664113,1995.499427883703) (84.36635930664113,2021.499427883669) (85.36636040144552,2021.499427883669) (85.36636040144552,2047.499427883654) (86.3663611426191,2047.499427883654) (86.3663611426191,2073.499427883647) (87.3663616444144,2073.499427883647) (87.3663616444144,2099.499427883643) (88.3663619842131,2099.499427883643) (88.3663619842131,2125.499427883642) (89.36636221457941,2125.499427883642) (89.36636221457941,2151.499427883641) (90.36636236943676,2151.499427883641) (90.36636236943676,2177.499427883641) (91.36636247374483,2177.499427883641) (91.36636247374483,2203.499427883641) (92.36636254674525,2203.499427883641) (92.36636254674525,2229.499427883641) (93.36636259616675,2229.499427883641) (93.36636259616675,2255.499427883641) (94.3663626294867,2255.499427883641) (94.3663626294867,2281.499427883641) (95.36636265056006,2281.499427883641) (95.36636265056006,2307.499427883641) (96.36636265056001,2307.499427883641) (96.36636265056001,2333.499427883641) (97.36636265055995,2333.499427883641) (97.36636265055995,2359.499427883641) (98.36636265055989,2359.499427883641) (98.36636265055989,2385.499427883641) (99.36636265055984,2385.499427883641) (99.36636265055984,2411.499427883641) (100.3663626505598,2411.499427883641) (100.3663626505598,2437.499427883641) (101.3663626505597,2437.499427883641) (101.3663626505597,2463.499427883641) (102.3663626505597,2463.499427883641) (102.3663626505597,2489.499427883641) (103.3663626505596,2489.499427883641) (103.3663626505596,2515.499427883641) (104.3663626505596,2515.499427883641) (104.3663626505596,2541.499427883641) (105.3663626505595,2541.499427883641) (105.3663626505595,2567.499427883641) (106.3663626505594,2567.499427883641) (106.3663626505594,2593.499427883641) (107.3663626505594,2593.499427883641) (107.3663626505594,2619.499427883641) (108.3663626505593,2619.499427883641) (108.3663626505593,2645.499427883641) (109.3663626505593,2645.499427883641) (109.3663626505593,2671.499427883641) (110.3663626505592,2671.499427883641) (110.3663626505592,2697.499427883641) (111.3663626505592,2697.499427883641) (111.3663626505592,2723.499427883641) (112.3663626505591,2723.499427883641) (112.3663626505591,2749.499427883641) (113.366362650559,2749.499427883641) (113.366362650559,2775.499427883641) (114.366362650559,2775.499427883641) (114.366362650559,2801.499427883641) (115.3663626505589,2801.499427883641) (115.3663626505589,2827.499427883641) (116.3663626505589,2827.499427883641) (116.3663626505589,2853.499427883641) (117.3663626505588,2853.499427883641) (117.3663626505588,2879.499427883641) (118.3663626505588,2879.499427883641) (118.3663626505588,2905.499427883641) (119.3663626505587,2905.499427883641) (119.3663626505587,2931.499427883641) (120.3663626505586,2931.499427883641) (120.3663626505586,2957.499427883641) (121.3663626505586,2957.499427883641) (121.3663626505586,2983.499427883641) (122.3663626505585,2983.499427883641) (122.3663626505585,3009.499427883641) (123.3663626505585,3009.499427883641) (123.3663626505585,3035.499427883641) (124.3663626505584,3035.499427883641) (124.3663626505584,3061.499427883641) (125.3663626505584,3061.499427883641) (125.3663626505584,3087.499427883641) (126.3663626505583,3087.499427883641) (126.3663626505583,3113.499427883641) (127.3663626505582,3113.499427883641) (127.3663626505582,3139.499427883641) (128.3663626505582,3139.499427883641) (128.3663626505582,3165.499427883641) (129.3663626505583,3165.499427883641) (129.3663626505583,3191.499427883641) (130.3663626505583,3191.499427883641) (130.3663626505583,3217.499427883641) (131.3663626505584,3217.499427883641) (131.3663626505584,3243.499427883641) (132.3663626505584,3243.499427883641) (132.3663626505584,3269.499427883641) (133.3663626505585,3269.499427883641) (133.3663626505585,3295.499427883641) (134.3663626505586,3295.499427883641) (134.3663626505586,3321.499427883641) (135.3663626505586,3321.499427883641) (135.3663626505586,3347.499427883641) (136.3663626505587,3347.499427883641) (136.3663626505587,3373.499427883641) (137.3663626505587,3373.499427883641) (137.3663626505587,3399.499427883641) (138.3663626505588,3399.499427883641) (138.3663626505588,3425.499427883641) (139.3663626505588,3425.499427883641) (139.3663626505588,3451.499427883641) (140.3663626505589,3451.499427883641) (140.3663626505589,3477.499427883641) (141.366362650559,3477.499427883641) (141.366362650559,3503.499427883641) (142.366362650559,3503.499427883641) (142.366362650559,3529.499427883641) (143.3663626505591,3529.499427883641) (143.3663626505591,3555.499427883641) (144.3663626505591,3555.499427883641) (144.3663626505591,3581.499427883641) (145.3663626505592,3581.499427883641) (145.3663626505592,3607.499427883641) (146.3663626505592,3607.499427883641) (146.3663626505592,3633.499427883641) (147.3663626505593,3633.499427883641) (147.3663626505593,3659.499427883641) (148.3663626505594,3659.499427883641) (148.3663626505594,3685.499427883641) (149.3663626505594,3685.499427883641) (149.3663626505594,3711.499427883641) (150.3663626505595,3711.499427883641) (150.3663626505595,3737.499427883641) (151.3663626505595,3737.499427883641) (151.3663626505595,3763.499427883641) (152.3663626505596,3763.499427883641) (152.3663626505596,3789.499427883641) (153.3663626505596,3789.499427883641) (153.3663626505596,3815.499427883641) (154.3663626505597,3815.499427883641) (154.3663626505597,3841.499427883641) (155.3663626505598,3841.499427883641) (155.3663626505598,3867.499427883641) (156.3663626505598,3867.499427883641) (156.3663626505598,3893.499427883641) (157.3663626505599,3893.499427883641) (157.3663626505599,3919.499427883641) (158.3663626505599,3919.499427883641) (158.3663626505599,3945.499427883641) (159.36636265056,3945.499427883641) (159.36636265056,3971.499427883641) (160.36636265056,3971.499427883641) (160.36636265056,3997.499427883641) (161.3663626505601,3997.499427883641) (161.3663626505601,4023.499427883641) (162.3663626505601,4023.499427883641) (162.3663626505601,4049.499427883641) (163.3663626505602,4049.499427883641) (163.3663626505602,4075.499427883641) (164.3663626505603,4075.499427883641) (164.3663626505603,4101.49942788364) (165.3663626505603,4101.49942788364) (165.3663626505603,4127.49942788364) (166.3663626505604,4127.49942788364) (166.3663626505604,4153.49942788364) (167.3663626505604,4153.49942788364) (167.3663626505604,4179.49942788364) (168.3663626505605,4179.49942788364) (168.3663626505605,4205.49942788364) (169.3663626505605,4205.49942788364) (169.3663626505605,4231.49942788364) (170.3663626505606,4231.49942788364) (170.3663626505606,4257.49942788364) (171.3663626505607,4257.49942788364) (171.3663626505607,4283.49942788364) (172.3663626505607,4283.49942788364) (172.3663626505607,4309.49942788364) (173.6051444463156,4309.49942788364) (173.6051444463156,4334.761725317672) (175.1212605432292,4334.761725317672) (175.1212605432292,4357.375029374853) (176.9201177224025,4357.375029374853) (176.9201177224025,4371.80338971305) (179.055825365696,4371.80338971305) (179.055825365696,4380.472858151295) (181.3641238246007,4380.472858151295) (181.3641238246007,4385.010512952947) (183.790263872347,4385.010512952947) (183.790263872347,4388.172157803916) (186.2589651003697,4388.172157803916) (186.2589651003697,4390.428283375573) (188.7563321358976,4390.428283375573) (188.7563321358976,4391.835488330516) (191.2807972983504,4391.835488330516) (191.2807972983504,4392.871718959358) (193.8176351364723,4392.871718959358) (193.8176351364723,4393.515439372457) (196.3675903565485,4393.515439372457) (196.3675903565485,4394.057268921059) (198.9175455766247,4394.057268921059) (198.9175455766247,4394.599098469662) (201.4675007967009,4394.599098469662) (201.4675007967009,4395.140928018264) (204.0174560167771,4395.140928018264) (204.0174560167771,4395.682757566867) (206.5674112368533,4395.682757566867) (206.5674112368533,4396.224587115469) (209.1173664569295,4396.224587115469) (209.1173664569295,4396.766416664072) (211.6673216770057,4396.766416664072) (211.6673216770057,4397.308246212675) (214.217276897082,4397.308246212675) (214.217276897082,4397.850075761278) (216.7672321171582,4397.850075761278) (216.7672321171582,4398.391905309881) (219.3171873372344,4398.391905309881) (219.3171873372344,4398.933734858484) (221.8671425573107,4398.933734858484) (221.8671425573107,4399.475564407086) (224.4170977773869,4399.475564407086) (224.4170977773869,4400.01739395569) (226.9670529974631,4400.01739395569) (226.9670529974631,4400.559223504292) (229.5170082175393,4400.559223504292) (229.5170082175393,4400.840201776819) (700,4400.840201776819)
robPositionY[0]:
[0]: (0,0) (0,163.5) (2,163.5) (2,188.9679078844919) (11.28933807631588,188.9679078844919) (11.28933807631588,188.479046668909) (12.30814153879912,188.479046668909) (12.30814153879912,187.9901854533262) (13.32694500128236,187.9901854533262) (13.32694500128236,187.5013242377433) (14.32694500128236,187.5013242377433) (14.32694500128236,187.0124630221605) (15.32694500128236,187.0124630221605) (15.32694500128236,186.5236018065776) (16.32694500128236,186.5236018065776) (16.32694500128236,186.0347405909947) (17.32694500128235,186.0347405909947) (17.32694500128235,185.5458793754118) (18.32694500128236,185.5458793754118) (18.32694500128236,185.0570181598289) (19.32694500128236,185.0570181598289) (19.32694500128236,184.568156944246) (20.32694500128237,184.568156944246) (20.32694500128237,184.0792957286631) (21.32694500128238,184.0792957286631) (21.32694500128238,183.5904345130803) (22.32694500128239,183.5904345130803) (22.32694500128239,183.1015732974974) (23.32694500128239,183.1015732974974) (23.32694500128239,182.6127120819145) (24.3269450012824,182.6127120819145) (24.3269450012824,182.1238508663316) (25.3269450012824,182.1238508663316) (25.3269450012824,181.6349896507487) (26.32694500128241,181.6349896507487) (26.32694500128241,181.1461284351658) (27.32694500128242,181.1461284351658) (27.32694500128242,180.6572672195829) (28.32694500128242,180.6572672195829) (28.32694500128242,180.168406004) (29.32694500128243,180.168406004) (29.32694500128243,179.6795447884172) (30.32694500128244,179.6795447884172) (30.32694500128244,179.1906835728343) (31.32694500128244,179.1906835728343) (31.32694500128244,178.7018223572514) (32.32694500128243,178.7018223572514) (32.32694500128243,178.2129611416685) (33.3269450012824,178.2129611416685) (33.3269450012824,177.7240999260856) (34.32694500128238,177.7240999260856) (34.32694500128238,177.2352387105027) (35.32694500128235,177.2352387105027) (35.32694500128235,176.7463774949198) (36.32694500128232,176.7463774949198) (36.32694500128232,176.257516279337) (37.32694500128229,176.257516279337) (37.32694500128229,175.7686550637541) (38.32694500128225,175.7686550637541) (38.32694500128225,175.2797938481712) (39.32694500128222,175.2797938481712) (39.32694500128222,174.7909326325883) (40.32694500128218,174.7909326325883) (40.32694500128218,174.3020714170054) (41.32694500128215,174.3020714170054) (41.32694500128215,173.8132102014225) (42.32694500128211,173.8132102014225) (42.32694500128211,173.3243489858396) (43.32694500128208,173.3243489858396) (43.32694500128208,172.8354877702567) (44.32694500128206,172.8354877702567) (44.32694500128206,172.3466265546739) (45.32694500128209,172.3466265546739) (45.32694500128209,171.857765339091) (46.32694500128213,171.857765339091) (46.32694500128213,171.3689041235081) (47.32694500128216,171.3689041235081) (47.32694500128216,170.8800429079252) (48.3269450012822,170.8800429079252) (48.3269450012822,170.3911816923423) (49.32694500128223,170.3911816923423) (49.32694500128223,169.9023204767594) (50.32694500128227,169.9023204767594) (50.32694500128227,169.4134592611765) (51.3269450012823,169.4134592611765) (51.3269450012823,168.9245980455937) (52.32694500128234,168.9245980455937) (52.32694500128234,168.4357368300108) (53.32694500128238,168.4357368300108) (53.32694500128238,167.9468756144279) (54.32694500128241,167.9468756144279) (54.32694500128241,167.458014398845) (55.32694500128245,167.458014398845) (55.32694500128245,166.9691531832621) (56.32694500128248,166.9691531832621) (56.32694500128248,166.4802919676792) (57.32694500128252,166.4802919676792) (57.32694500128252,165.9914307520963) (58.32694500128255,165.9914307520963) (58.32694500128255,165.5025695365134) (59.32694500128259,165.5025695365134) (59.32694500128259,165.0137083209306) (60.32694500128262,165.0137083209306) (60.32694500128262,164.5248471053477) (61.3396758581418,164.5248471053477) (61.3396758581418,164.1938537681208) (62.34829507582102,164.1938537681208) (62.34829507582102,163.969756883213) (63.35413051658895,163.969756883213) (63.35413051658895,163.8180362843253) (64.35808124763726,163.8180362843253) (64.35808124763726,163.7153175442811) (65.36075598005742,163.7153175442811) (65.36075598005742,163.6457745842783) (66.3625668313797,163.6457745842783) (66.3625668313797,163.5986924756321) (67.36379281608794,163.5986924756321) (67.36379281608794,163.566816881204) (68.36462283353792,163.566816881204) (68.36462283353792,163.545236429983) (69.36518477276768,163.545236429983) (69.36518477276768,163.5306260107791) (70.36556521740101,163.5306260107791) (70.36556521740101,163.5207344505516) (71.36582278638423,163.5207344505516) (71.36582278638423,163.5140376570627) (72.36599716597787,163.5140376570627) (72.36599716597787,163.5095037876518) (73.36611522461212,163.5095037876518) (73.36611522461212,163.5064342631685) (74.36619515277948,163.5064342631685) (74.36619515277948,163.5043561308182) (75.36624926582058,163.5043561308182) (75.36624926582058,163.5029491917491) (76.36628590148223,163.5029491917491) (76.36628590148223,163.5019966645455) (77.36631070459367,163.5019966645455) (77.36631070459367,163.5013517836466) (78.36632749682053,163.5013517836466) (78.36632749682053,163.5009151857469) (79.36633886549829,163.5009151857469) (79.36633886549829,163.5006196001235) (80.36634656233386,163.5006196001235) (80.36634656233386,163.5004194823974) (81.36635177324665,163.5004194823974) (81.36635177324665,163.5002839986634) (82.36635530114174,163.5002839986634) (82.36635530114174,163.5001922733894) (83.36635768960771,163.5001922733894) (83.36635768960771,163.5001301732726) (84.36635930664113,163.5001301732726) (84.36635930664113,163.5000881304022) (85.36636040144552,163.5000881304022) (85.36636040144552,163.5000596654866) (86.3663611426191,163.5000596654866) (86.3663611426191,163.5000403949721) (87.3663616444144,163.5000403949721) (87.3663616444144,163.5000273482928) (88.3663619842131,163.5000273482928) (88.3663619842131,163.5000185135251) (89.36636221457941,163.5000185135251) (89.36636221457941,163.5000125239997) (90.36636236943676,163.5000125239997) (90.36636236943676,163.5000084977071) (91.36636247374483,163.5000084977071) (91.36636247374483,163.5000057856957) (92.36636254674525,163.5000057856957) (92.36636254674525,163.5000038876832) (93.36636259616675,163.5000038876832) (93.36636259616675,163.5000026027226) (94.3663626294867,163.5000026027226) (94.3663626294867,163.5000017364024) (95.36636265056006,163.5000017364024) (95.36636265056006,163.5000011884933) (96.36636265056001,163.5000011884933) (96.36636265056001,163.5000006405843) (173.6051444463156,163.5000006405843) (173.6051444463156,169.6494988603188) (175.1212605432292,169.6494988603188) (175.1212605432292,182.4806515605829) (176.9201177224025,182.4806515605829) (176.9201177224025,204.1098544573876) (179.055825365696,204.1098544573876) (179.055825365696,228.6218987825405) (181.3641238246007,228.6218987825405) (181.3641238246007,254.2228692504944) (183.790263872347,254.2228692504944) (183.790263872347,280.0299225855101) (186.2589651003697,280.0299225855101) (186.2589651003697,305.9318510350467) (188.7563321358976,305.9318510350467) (188.7563321358976,331.8937418408948) (191.2807972983504,331.8937418408948) (191.2807972983504,357.873084135954) (193.8176351364723,357.873084135954) (193.8176351364723,383.8651141457428) (196.3675903565485,383.8651141457428) (196.3675903565485,409.8594677776426) (198.9175455766247,409.8594677776426) (198.9175455766247,435.8538214095424) (201.4675007967009,435.8538214095424) (201.4675007967009,461.8481750414421) (204.0174560167771,461.8481750414421) (204.0174560167771,487.8425286733419) (206.5674112368533,487.8425286733419) (206.5674112368533,513.8368823052417) (209.1173664569295,513.8368823052417) (209.1173664569295,539.8312359371415) (211.6673216770057,539.8312359371415) (211.6673216770057,565.8255895690413) (214.217276897082,565.8255895690413) (214.217276897082,591.8199432009411) (216.7672321171582,591.8199432009411) (216.7672321171582,617.8142968328409) (219.3171873372344,617.8142968328409) (219.3171873372344,643.8086504647407) (221.8671425573107,643.8086504647407) (221.8671425573107,669.8030040966405) (224.4170977773869,669.8030040966405) (224.4170977773869,695.7973577285403) (226.9670529974631,695.7973577285403) (226.9670529974631,721.7917113604401) (229.5170082175393,721.7917113604401) (229.5170082175393,735.2716860088356) (700,735.2716860088356)
batteryCharge[0]:
[0]: (0,100) (700,100)
user_guided_transport.end:
[0]: (0,0) (231.5170082175383,0) (231.5170082175383,1) (700,1)
[2K
Verifying formula 5 at /nta/queries/query[5]/formula
 -- Formula: simulate[<=700]{robot_inventory[0][0], user_guided_transport.end*2}
[2K -- Formula is satisfied.
robot_inventory[0][0]:
[0]: (0,0) (7.563121126496656,0) (7.563121126496656,1) (700,1)
user_guided_transport.end * 2:
[0]: (0,0) (230.790791267719,0) (230.790791267719,2) (700,2)
[2K
Verifying formula 6 at /nta/queries/query[6]/formula
 -- Formula: simulate[<=700]{bedroom[0], bedroom[1], kitchen[0], kitchen[1]}
[2K -- Formula is satisfied.
bedroom[0]:
[0]: (0,100) (700,100)
bedroom[1]:
[0]: (0,200) (700,200)
kitchen[0]:
[0]: (0,4400) (700,4400)
kitchen[1]:
[0]: (0,765) (700,765)
[2K
Verifying formula 7 at /nta/queries/query[7]/formula
 -- Formula: simulate[<=700]{rm_1.idle, rf_1.idle, rp_1.idle, rd_1.idle}
[2K -- Formula is satisfied.
rm_1.idle:
[0]: (0,0) (0,1) (0,0) (3,0) (3,1) (700,1)
rf_1.idle:
[0]: (0,0) (0,1) (11.38193636382742,1) (11.38193636382742,0) (233.5908030425678,0) (233.5908030425678,1) (700,1)
rp_1.idle:
[0]: (0,0) (0,1) (2,1) (2,0) (11.38193636382742,0) (11.38193636382742,1) (700,1)
rd_1.idle:
[0]: (0,0) (0,1) (700,1)
[2K
Verifying formula 8 at /nta/queries/query[8]/formula
 -- Formula: Pr[<=700](<>!rm_1.idle || !rf_1.idle || !rp_1.idle || !rd_1.idle)
[2K -- Formula is satisfied.
(72/72 runs) Pr(<> …) in [0.950056,1] (95% CI)
Values in [0,0] mean=0 steps=2.22045e-16: 72
[2K
Verifying formula 9 at /nta/queries/query[9]/formula
 -- Formula: Pr[<=700]([] (user_guided_transport.end imply (rm_1.idle && rf_1.idle && rp_1.idle && rd_1.idle)))
 -- Throughput: 635766 runs/sec, Load: 328 runs[K
[2K -- Formula is satisfied.
(72/72 runs) Pr([] …) in [0.950056,1] (95% CI)
[2K
Verifying formula 10 at /nta/queries/query[10]/formula
 -- Formula: Pr[<=700] (<> pow(humanPositionX[0] - kitchen[0], 2) + pow(humanPositionY[0] - kitchen[1], 2) <= 900 )
[2K -- Formula is satisfied.
(72/72 runs) Pr(<> …) in [0.950056,1] (95% CI)
Values in [192.043,196.954] mean=194.469 steps=0.545624: 11 8 8 9 0 11 5 9 11
[2K
Verifying formula 11 at /nta/queries/query[11]/formula
 -- Formula: Pr[<=700] (<> pow(humanPositionX[0] - bedroom[0], 2) + pow(humanPositionY[0] - bedroom[1], 2) <= 900 )
[2K -- Formula is satisfied.
(72/72 runs) Pr(<> …) in [0.950056,1] (95% CI)
Values in [1,1] mean=1 steps=2.22045e-16: 72
[2K
Verifying formula 12 at /nta/queries/query[12]/formula
 -- Formula: Pr[<=700] (<> pow(robPositionX[0] - bedroom[0], 2) + pow(robPositionY[0] - bedroom[1], 2) <= 900 )
[2K -- Formula is satisfied.
(72/72 runs) Pr(<> …) in [0.950056,1] (95% CI)
Values in [2,2] mean=2 steps=2.22045e-16: 72
[2K
Verifying formula 13 at /nta/queries/query[13]/formula
 -- Formula: Pr[<=700] (<> !isValidPosition(humanPositionX[0], humanPositionY[0]))
[2K -- Formula is satisfied.
(72/72 runs) Pr(<> …) in [0.950056,1] (95% CI)
Values in [0,0] mean=0 steps=2.22045e-16: 72
[2K
Verifying formula 14 at /nta/queries/query[14]/formula
 -- Formula: Pr[<=700] (<> !isValidPosition(robPositionX[0], robPositionY[0]))
[2K -- Formula is satisfied.
(72/72 runs) Pr(<> …) in [0.950056,1] (95% CI)
Values in [0,0] mean=0 steps=2.22045e-16: 72
[2K
Verifying formula 15 at /nta/queries/query[15]/formula
 -- Formula: Pr[<=700] (<> currP > 2)
 -- Throughput: 638613 runs/sec, Load: 328 runs[K
[2K -- Formula is satisfied.
(0/72 runs) Pr(<> …) in [0,0.0499441] (95% CI)
