Options for the verification:
  Generating no trace
  Search order is breadth first
  Using conservative space optimisation
  Seed is 1783174471
  State space representation uses minimal constraint systems with future testing
  Using HashMap + Compress integers for discrete state storage
[2K
Verifying formula 1 at /nta/queries/query[1]/formula
 -- Formula: simulate[<=700]{Coffee_Delivery_robot1_def.s1_start, Coffee_Delivery_robot1_def.s1_end, Coffee_Delivery_robot1_def.s2_start, Coffee_Delivery_robot1_def.s2_end, Coffee_Delivery_robot1_def.s3_start, Coffee_Delivery_robot1_def.s3_end, Coffee_Delivery_robot1_def.s4_start, Coffee_Delivery_robot1_def.s4_end, Coffee_Delivery.end}
[2K -- Formula is satisfied.
Coffee_Delivery_robot1_def.s1_start:
[0]: (0,0) (0,1) (0,0) (700.000002,0)
Coffee_Delivery_robot1_def.s1_end:
[0]: (0,0) (67.5767397931244,0) (67.5767397931244,1) (67.5767397931244,0) (700.000002,0)
Coffee_Delivery_robot1_def.s2_start:
[0]: (0,0) (67.5767397931244,0) (67.5767397931244,1) (67.5767397931244,0) (700.000002,0)
Coffee_Delivery_robot1_def.s2_end:
[0]: (0,0) (76.06456756656665,0) (76.06456756656665,1) (76.06456756656665,0) (700.000002,0)
Coffee_Delivery_robot1_def.s3_start:
[0]: (0,0) (76.06456756656665,0) (76.06456756656665,1) (76.06456756656665,0) (700.000002,0)
Coffee_Delivery_robot1_def.s3_end:
[0]: (0,0) (144.7440225950886,0) (144.7440225950886,1) (144.7440225950886,0) (700.000002,0)
Coffee_Delivery_robot1_def.s4_start:
[0]: (0,0) (144.7440225950886,0) (144.7440225950886,1) (144.7440225950886,0) (700.000002,0)
Coffee_Delivery_robot1_def.s4_end:
[0]: (0,0) (149.7440225950887,0) (149.7440225950887,1) (149.7440225950887,0) (700.000002,0)
Coffee_Delivery.end:
[0]: (0,0) (151.7440225950887,0) (151.7440225950887,1) (700.000002,1)
[2K
Verifying formula 2 at /nta/queries/query[2]/formula
 -- Formula: Pr[<=700] (<> Coffee_Delivery.end)
[2K -- Formula is satisfied.
(72/72 runs) Pr(<> …) in [0.950056,1] (95% CI)
Values in [148.28,153.236] mean=150.882 steps=0.550624: 6 11 9 5 7 5 7 10 12
[2K
Verifying formula 3 at /nta/queries/query[3]/formula
 -- Formula: simulate[<=700]{humanPositionX[0], humanPositionY[0], robPositionX[0], robPositionY[0], batteryCharge[0], Coffee_Delivery.end}
[2K -- Formula is satisfied.
humanPositionX[0]:
[0]: (0,0) (0,92.5) (700.000002,92.5)
humanPositionY[0]:
[0]: (0,0) (0,163.5) (700.000002,163.5)
robPositionX[0]:
[0]: (0,0) (0,92.5) (2,92.5) (2,118.5) (3,118.5) (3,144.5) (4,144.5) (4,170.5) (5,170.5) (5,196.5) (6,196.5) (6,222.5) (7,222.5) (7,248.5) (8,248.5) (8,274.5) (9,274.5) (9,300.5) (10,300.5) (10,326.5) (11,326.5) (11,352.5) (12,352.5) (12,378.5) (13,378.5) (13,404.5) (14,404.5) (14,430.5) (15,430.5) (15,456.5) (16,456.5) (16,482.5) (17,482.5) (17,508.5) (18,508.5) (18,534.5) (19,534.5) (19,560.5) (20,560.5) (20,586.5) (21,586.5) (21,612.5) (22,612.5) (22,638.5) (23,638.5) (23,664.5) (24,664.5) (24,690.5) (25,690.5) (25,716.5) (26,716.5) (26,742.5) (27,742.5) (27,768.5) (28,768.5) (28,794.5) (29,794.5) (29,820.5) (30,820.5) (30,846.5) (31,846.5) (31,872.5) (32,872.5) (32,898.5) (33,898.5) (33,924.5) (34,924.5) (34,950.5) (35,950.5) (35,976.5) (36,976.5) (36,1002.5) (37,1002.5) (37,1028.5) (38,1028.5) (38,1054.5) (39,1054.5) (39,1080.5) (40,1080.5) (40,1106.5) (41,1106.5) (41,1132.5) (42,1132.5) (42,1158.5) (43,1158.5) (43,1184.5) (44,1184.5) (44,1210.5) (45,1210.5) (45,1236.5) (46,1236.5) (46,1262.5) (47,1262.5) (47,1288.5) (48,1288.5) (48,1314.5) (49,1314.5) (49,1340.5) (50,1340.5) (50,1366.5) (51,1366.5) (51,1392.5) (52,1392.5) (52,1418.5) (53,1418.5) (53,1444.5) (54,1444.5) (54,1452) (56.57673979312436,1452) (56.57673979312436,1451.845470785223) (57.57673979312436,1451.845470785223) (57.57673979312436,1451.690941570446) (58.57673979312436,1451.690941570446) (58.57673979312436,1451.536412355669) (59.57673979312436,1451.536412355669) (59.57673979312436,1451.381883140892) (60.57673979312436,1451.381883140892) (60.57673979312436,1451.227353926115) (61.57673979312436,1451.227353926115) (61.57673979312436,1451.072824711337) (62.57673979312436,1451.072824711337) (62.57673979312436,1450.91829549656) (63.57673979312436,1450.91829549656) (63.57673979312436,1450.763766281783) (64.5767397931244,1450.763766281783) (64.5767397931244,1450.609237067006) (65.5767397931244,1450.609237067006) (65.5767397931244,1450.454707852229) (66.5767397931244,1450.454707852229) (66.5767397931244,1450.300178637452) (67.5767397931244,1450.300178637452) (67.5767397931244,1450.145649422675) (74.78453072516562,1450.145649422675) (74.78453072516562,1450.300178637452) (77.34938358563106,1450.300178637452) (77.34938358563106,1450.454707852229) (78.34938358563107,1450.454707852229) (78.34938358563107,1450.609237067006) (79.34938358563106,1450.609237067006) (79.34938358563106,1450.763766281783) (80.34938358563107,1450.763766281783) (80.34938358563107,1450.91829549656) (81.34938358563106,1450.91829549656) (81.34938358563106,1451.072824711337) (82.34938358563106,1451.072824711337) (82.34938358563106,1451.227353926115) (83.34938358563106,1451.227353926115) (83.34938358563106,1451.381883140892) (84.34938358563106,1451.381883140892) (84.34938358563106,1451.536412355669) (85.34938358563106,1451.536412355669) (85.34938358563106,1451.690941570446) (86.34938358563106,1451.690941570446) (86.34938358563106,1451.845470785223) (87.34938358563106,1451.845470785223) (87.34938358563106,1452) (91.46398575368765,1452) (91.46398575368765,1426.009469747118) (92.46398575368765,1426.009469747118) (92.46398575368765,1400.018939494237) (93.46398575368765,1400.018939494237) (93.46398575368765,1374.028409241355) (94.46398575368765,1374.028409241355) (94.46398575368765,1348.037878988473) (95.46398575368765,1348.037878988473) (95.46398575368765,1322.047348735592) (96.46398575368765,1322.047348735592) (96.46398575368765,1296.05681848271) (97.46398575368765,1296.05681848271) (97.46398575368765,1270.066288229829) (98.46398575368765,1270.066288229829) (98.46398575368765,1244.075757976947) (99.46398575368765,1244.075757976947) (99.46398575368765,1218.085227724065) (100.4639857536877,1218.085227724065) (100.4639857536877,1192.094697471184) (101.4639857536877,1192.094697471184) (101.4639857536877,1166.104167218302) (102.4639857536877,1166.104167218302) (102.4639857536877,1140.11363696542) (103.4639857536877,1140.11363696542) (103.4639857536877,1114.123106712539) (104.4639857536877,1114.123106712539) (104.4639857536877,1088.132576459657) (105.4639857536877,1088.132576459657) (105.4639857536877,1062.142046206776) (106.4639857536877,1062.142046206776) (106.4639857536877,1036.151515953894) (107.4639857536877,1036.151515953894) (107.4639857536877,1010.160985701012) (108.4639857536877,1010.160985701012) (108.4639857536877,984.1704554481307) (109.4639857536877,984.1704554481307) (109.4639857536877,958.1799251952491) (110.4639857536877,958.1799251952491) (110.4639857536877,932.1893949423675) (111.4639857536877,932.1893949423675) (111.4639857536877,906.1988646894858) (112.4639857536877,906.1988646894858) (112.4639857536877,880.2083344366042) (113.4639857536877,880.2083344366042) (113.4639857536877,854.2178041837226) (114.4639857536877,854.2178041837226) (114.4639857536877,828.227273930841) (115.4639857536877,828.227273930841) (115.4639857536877,802.2367436779593) (116.4639857536877,802.2367436779593) (116.4639857536877,776.2462134250777) (117.4639857536877,776.2462134250777) (117.4639857536877,750.2556831721961) (118.4639857536877,750.2556831721961) (118.4639857536877,724.2651529193145) (119.4639857536877,724.2651529193145) (119.4639857536877,698.2746226664328) (120.4639857536877,698.2746226664328) (120.4639857536877,672.2840924135512) (121.4639857536877,672.2840924135512) (121.4639857536877,646.2935621606696) (122.4639857536877,646.2935621606696) (122.4639857536877,620.303031907788) (123.4639857536877,620.303031907788) (123.4639857536877,594.3125016549063) (124.4639857536877,594.3125016549063) (124.4639857536877,568.3219714020247) (125.4639857536877,568.3219714020247) (125.4639857536877,542.3314411491431) (126.4639857536877,542.3314411491431) (126.4639857536877,516.3409108962614) (127.4639857536877,516.3409108962614) (127.4639857536877,490.3503806433799) (128.4639857536876,490.3503806433799) (128.4639857536876,464.3598503904983) (129.4639857536876,464.3598503904983) (129.4639857536876,438.3693201376167) (130.4639857536876,438.3693201376167) (130.4639857536876,412.3787898847352) (131.4639857536876,412.3787898847352) (131.4639857536876,386.3882596318536) (132.4639857536876,386.3882596318536) (132.4639857536876,360.397729378972) (133.4639857536876,360.397729378972) (133.4639857536876,334.4071991260905) (134.4639857536876,334.4071991260905) (134.4639857536876,308.4166688732089) (135.4639857536876,308.4166688732089) (135.4639857536876,282.4261386203273) (136.4639857536876,282.4261386203273) (136.4639857536876,256.4356083674458) (137.4639857536876,256.4356083674458) (137.4639857536876,230.4450781145642) (138.4639857536876,230.4450781145642) (138.4639857536876,204.4545478616826) (139.4639857536876,204.4545478616826) (139.4639857536876,178.464017608801) (140.4639857536876,178.464017608801) (140.4639857536876,152.4734873559195) (141.4639857536876,152.4734873559195) (141.4639857536876,126.4829571030379) (700.000002,126.4829571030379)
robPositionY[0]:
[0]: (0,0) (0,163.5) (56.57673979312436,163.5) (56.57673979312436,189.4995407790557) (57.57673979312436,189.4995407790557) (57.57673979312436,215.4990815581114) (58.57673979312436,215.4990815581114) (58.57673979312436,241.4986223371671) (59.57673979312436,241.4986223371671) (59.57673979312436,267.4981631162228) (60.57673979312436,267.4981631162228) (60.57673979312436,293.4977038952785) (61.57673979312436,293.4977038952785) (61.57673979312436,319.4972446743342) (62.57673979312436,319.4972446743342) (62.57673979312436,345.4967854533899) (63.57673979312436,345.4967854533899) (63.57673979312436,371.4963262324455) (64.5767397931244,371.4963262324455) (64.5767397931244,397.4958670115012) (65.5767397931244,397.4958670115012) (65.5767397931244,423.4954077905569) (66.5767397931244,423.4954077905569) (66.5767397931244,449.4949485696126) (67.5767397931244,449.4949485696126) (67.5767397931244,475.4944893486683) (74.78453072516562,475.4944893486683) (74.78453072516562,449.4949485696126) (77.34938358563106,449.4949485696126) (77.34938358563106,423.4954077905569) (78.34938358563107,423.4954077905569) (78.34938358563107,397.4958670115012) (79.34938358563106,397.4958670115012) (79.34938358563106,371.4963262324455) (80.34938358563107,371.4963262324455) (80.34938358563107,345.4967854533899) (81.34938358563106,345.4967854533899) (81.34938358563106,319.4972446743342) (82.34938358563106,319.4972446743342) (82.34938358563106,293.4977038952785) (83.34938358563106,293.4977038952785) (83.34938358563106,267.4981631162228) (84.34938358563106,267.4981631162228) (84.34938358563106,241.4986223371671) (85.34938358563106,241.4986223371671) (85.34938358563106,215.4990815581114) (86.34938358563106,215.4990815581114) (86.34938358563106,189.4995407790557) (87.34938358563106,189.4995407790557) (87.34938358563106,163.5) (91.46398575368765,163.5) (91.46398575368765,164.2016674241034) (92.46398575368765,164.2016674241034) (92.46398575368765,164.9033348482068) (93.46398575368765,164.9033348482068) (93.46398575368765,165.6050022723103) (94.46398575368765,165.6050022723103) (94.46398575368765,166.3066696964137) (95.46398575368765,166.3066696964137) (95.46398575368765,167.0083371205171) (96.46398575368765,167.0083371205171) (96.46398575368765,167.7100045446205) (97.46398575368765,167.7100045446205) (97.46398575368765,168.4116719687239) (98.46398575368765,168.4116719687239) (98.46398575368765,169.1133393928274) (99.46398575368765,169.1133393928274) (99.46398575368765,169.8150068169308) (100.4639857536877,169.8150068169308) (100.4639857536877,170.5166742410342) (101.4639857536877,170.5166742410342) (101.4639857536877,171.2183416651376) (102.4639857536877,171.2183416651376) (102.4639857536877,171.920009089241) (103.4639857536877,171.920009089241) (103.4639857536877,172.6216765133445) (104.4639857536877,172.6216765133445) (104.4639857536877,173.3233439374479) (105.4639857536877,173.3233439374479) (105.4639857536877,174.0250113615513) (106.4639857536877,174.0250113615513) (106.4639857536877,174.7266787856547) (107.4639857536877,174.7266787856547) (107.4639857536877,175.4283462097581) (108.4639857536877,175.4283462097581) (108.4639857536877,176.1300136338616) (109.4639857536877,176.1300136338616) (109.4639857536877,176.831681057965) (110.4639857536877,176.831681057965) (110.4639857536877,177.5333484820684) (111.4639857536877,177.5333484820684) (111.4639857536877,178.2350159061718) (112.4639857536877,178.2350159061718) (112.4639857536877,178.9366833302752) (113.4639857536877,178.9366833302752) (113.4639857536877,179.6383507543786) (114.4639857536877,179.6383507543786) (114.4639857536877,180.3400181784821) (115.4639857536877,180.3400181784821) (115.4639857536877,181.0416856025855) (116.4639857536877,181.0416856025855) (116.4639857536877,181.7433530266889) (117.4639857536877,181.7433530266889) (117.4639857536877,182.4450204507923) (118.4639857536877,182.4450204507923) (118.4639857536877,183.1466878748957) (119.4639857536877,183.1466878748957) (119.4639857536877,183.8483552989992) (120.4639857536877,183.8483552989992) (120.4639857536877,184.5500227231026) (121.4639857536877,184.5500227231026) (121.4639857536877,185.251690147206) (122.4639857536877,185.251690147206) (122.4639857536877,185.9533575713094) (123.4639857536877,185.9533575713094) (123.4639857536877,186.6550249954128) (124.4639857536877,186.6550249954128) (124.4639857536877,187.3566924195163) (125.4639857536877,187.3566924195163) (125.4639857536877,188.0583598436197) (126.4639857536877,188.0583598436197) (126.4639857536877,188.7600272677231) (127.4639857536877,188.7600272677231) (127.4639857536877,189.4616946918265) (128.4639857536876,189.4616946918265) (128.4639857536876,190.1633621159299) (129.4639857536876,190.1633621159299) (129.4639857536876,190.8650295400334) (130.4639857536876,190.8650295400334) (130.4639857536876,191.5666969641368) (131.4639857536876,191.5666969641368) (131.4639857536876,192.2683643882402) (132.4639857536876,192.2683643882402) (132.4639857536876,192.9700318123436) (133.4639857536876,192.9700318123436) (133.4639857536876,193.671699236447) (134.4639857536876,193.671699236447) (134.4639857536876,194.3733666605505) (135.4639857536876,194.3733666605505) (135.4639857536876,195.0750340846539) (136.4639857536876,195.0750340846539) (136.4639857536876,195.7767015087573) (137.4639857536876,195.7767015087573) (137.4639857536876,196.4783689328607) (138.4639857536876,196.4783689328607) (138.4639857536876,197.1800363569641) (139.4639857536876,197.1800363569641) (139.4639857536876,197.8817037810676) (140.4639857536876,197.8817037810676) (140.4639857536876,198.583371205171) (141.4639857536876,198.583371205171) (141.4639857536876,199.2850386292744) (700.000002,199.2850386292744)
batteryCharge[0]:
[0]: (0,100) (700.000002,100)
Coffee_Delivery.end:
[0]: (0,0) (148.4639857536877,0) (148.4639857536877,1) (700.000002,1)
[2K
Verifying formula 4 at /nta/queries/query[4]/formula
 -- Formula: simulate[<=700]{robot_inventory[0][0], Coffee_Delivery.end*2}
[2K -- Formula is satisfied.
robot_inventory[0][0]:
[0]: (0,0) (72.68991923308511,0) (72.68991923308511,1) (146.3693742616071,1) (146.3693742616071,0) (700,0)
Coffee_Delivery.end * 2:
[0]: (0,0) (148.3693742616071,0) (148.3693742616071,2) (700,2)
[2K
Verifying formula 5 at /nta/queries/query[5]/formula
 -- Formula: simulate[<=700]{coffee_room[0], coffee_room[1], office001[0], office001[1]}
[2K -- Formula is satisfied.
coffee_room[0]:
[0]: (0,1450) (700.000002,1450)
coffee_room[1]:
[0]: (0,500) (700.000002,500)
office001[0]:
[0]: (0,100) (700.000002,100)
office001[1]:
[0]: (0,200) (700.000002,200)
[2K
Verifying formula 6 at /nta/queries/query[6]/formula
 -- Formula: simulate[<=700]{rm_1.idle, rf_1.idle, rp_1.idle, rd_1.idle}
[2K -- Formula is satisfied.
rm_1.idle:
[0]: (0,0) (0,1) (0,0) (68.57673979312466,0) (68.57673979312466,1) (73.02544687234132,1) (73.02544687234132,0) (142.7049019008627,0) (142.7049019008627,1) (700.000002,1)
rf_1.idle:
[0]: (0,0) (0,1) (700.000002,1)
rp_1.idle:
[0]: (0,0) (0,1) (67.5767397931244,1) (67.5767397931244,0) (73.02544687234132,0) (73.02544687234132,1) (700.000002,1)
rd_1.idle:
[0]: (0,0) (0,1) (141.7049019008634,1) (141.7049019008634,0) (146.7049019008633,0) (146.7049019008633,1) (700.000002,1)
[2K
Verifying formula 7 at /nta/queries/query[7]/formula
 -- Formula: Pr[<=700](<>!rm_1.idle || !rf_1.idle || !rp_1.idle || !rd_1.idle)
[2K -- Formula is satisfied.
(72/72 runs) Pr(<> …) in [0.950056,1] (95% CI)
Values in [0,0] mean=0 steps=2.22045e-16: 72
[2K
Verifying formula 8 at /nta/queries/query[8]/formula
 -- Formula: Pr[<=700]([] (Coffee_Delivery.end imply (rm_1.idle && rf_1.idle && rp_1.idle && rd_1.idle)))
[2K -- Formula is satisfied.
(72/72 runs) Pr([] …) in [0.950056,1] (95% CI)
[2K
Verifying formula 9 at /nta/queries/query[9]/formula
 -- Formula: Pr[<=700] (<> pow(robPositionX[0] - coffee_room[0], 2) + pow(robPositionY[0] - coffee_room[1], 2) <= 900 )
[2K -- Formula is satisfied.
(72/72 runs) Pr(<> …) in [0.950056,1] (95% CI)
Values in [67.5767,67.5767] mean=67.5767 steps=4.73695e-15: 1 0 0 0 0 0 0 0 71
[2K
Verifying formula 10 at /nta/queries/query[10]/formula
 -- Formula: Pr[<=700] (<> pow(robPositionX[0] - office001[0], 2) + pow(robPositionY[0] - office001[1], 2) <= 900 )
[2K -- Formula is satisfied.
(72/72 runs) Pr(<> …) in [0.950056,1] (95% CI)
Values in [141.275,146.154] mean=143.975 steps=0.542109: 10 6 2 9 8 6 8 2 21
[2K
Verifying formula 11 at /nta/queries/query[11]/formula
 -- Formula: Pr[<=700] (<> !isValidPosition(humanPositionX[0], humanPositionY[0]))
[2K -- Formula is satisfied.
(72/72 runs) Pr(<> …) in [0.950056,1] (95% CI)
Values in [0,0] mean=0 steps=2.22045e-16: 72
[2K
Verifying formula 12 at /nta/queries/query[12]/formula
 -- Formula: Pr[<=700] (<> !isValidPosition(robPositionX[0], robPositionY[0]))
[2K -- Formula is satisfied.
(72/72 runs) Pr(<> …) in [0.950056,1] (95% CI)
Values in [0,0] mean=0 steps=2.22045e-16: 72
[2K
Verifying formula 13 at /nta/queries/query[13]/formula
 -- Formula: Pr[<=700] (<> currP > 2)
[2K -- Formula is satisfied.
(0/72 runs) Pr(<> …) in [0,0.0499441] (95% CI)
