Options for the verification:
  Generating no trace
  Search order is breadth first
  Using conservative space optimisation
  Seed is 1784380455
  State space representation uses minimal constraint systems with future testing
  Using HashMap + Compress integers for discrete state storage
[2K
Verifying formula 1 at /nta/queries/query[1]/formula
 -- Formula: simulate[<=700]{user_guided_transport_h1_def.s1_start, user_guided_transport_h1_def.s1_end, user_guided_transport_h1_def.s2_start, user_guided_transport_h1_def.s2_idle, user_guided_transport_h1_def.s3_start, user_guided_transport_h1_def.s3_end, user_guided_transport.end}
[2K -- Formula is satisfied.
user_guided_transport_h1_def.s1_start:
[0]: (0,0) (0,1) (0,0) (700,0)
user_guided_transport_h1_def.s1_end:
[0]: (0,0) (1,0) (1,1) (2,1) (2,0) (700,0)
user_guided_transport_h1_def.s2_start:
[0]: (0,0) (2,0) (2,1) (2,0) (700,0)
user_guided_transport_h1_def.s2_idle:
[0]: (0,0) (2,0) (2,1) (7.809288511389879,1) (7.809288511389879,0) (700,0)
user_guided_transport_h1_def.s3_start:
[0]: (0,0) (7.809288511389879,0) (7.809288511389879,1) (7.809288511389879,0) (12.80928851138986,0) (12.80928851138986,1) (12.80928851138986,0) (17.80928851138985,0) (17.80928851138985,1) (17.80928851138985,0) (22.80928851138985,0) (22.80928851138985,1) (22.80928851138985,0) (27.80928851138987,0) (27.80928851138987,1) (27.80928851138987,0) (32.80928851138984,0) (32.80928851138984,1) (32.80928851138984,0) (37.80928851138969,0) (37.80928851138969,1) (37.80928851138969,0) (42.80928851138951,0) (42.80928851138951,1) (42.80928851138951,0) (47.80928851138958,0) (47.80928851138958,1) (47.80928851138958,0) (52.80928851138972,0) (52.80928851138972,1) (52.80928851138972,0) (57.80928851138986,0) (57.80928851138986,1) (57.80928851138986,0) (62.80928851138999,0) (62.80928851138999,1) (62.80928851138999,0) (67.80928851139014,0) (67.80928851139014,1) (67.80928851139014,0) (72.80928851139026,0) (72.80928851139026,1) (72.80928851139026,0) (77.80928851139001,0) (77.80928851139001,1) (77.80928851139001,0) (82.80928851138971,0) (82.80928851138971,1) (82.80928851138971,0) (87.80928851138944,0) (87.80928851138944,1) (87.80928851138944,0) (92.80928851138914,0) (92.80928851138914,1) (92.80928851138914,0) (97.80928851138884,0) (97.80928851138884,1) (97.80928851138884,0) (102.8092885113886,0) (102.8092885113886,1) (102.8092885113886,0) (107.8092885113883,0) (107.8092885113883,1) (107.8092885113883,0) (112.809288511388,0) (112.809288511388,1) (112.809288511388,0) (117.8092885113877,0) (117.8092885113877,1) (117.8092885113877,0) (122.8092885113874,0) (122.8092885113874,1) (122.8092885113874,0) (127.8092885113871,0) (127.8092885113871,1) (127.8092885113871,0) (132.8092885113875,0) (132.8092885113875,1) (132.8092885113875,0) (137.809288511388,0) (137.809288511388,1) (137.809288511388,0) (142.8092885113884,0) (142.8092885113884,1) (142.8092885113884,0) (147.8092885113888,0) (147.8092885113888,1) (147.8092885113888,0) (152.8092885113892,0) (152.8092885113892,1) (152.8092885113892,0) (157.8092885113897,0) (157.8092885113897,1) (157.8092885113897,0) (162.80928851139,0) (162.80928851139,1) (162.80928851139,0) (167.8092885113903,0) (167.8092885113903,1) (167.8092885113903,0) (172.8092885113905,0) (172.8092885113905,1) (172.8092885113905,0) (177.809288511391,0) (177.809288511391,1) (177.809288511391,0) (182.8092885113913,0) (182.8092885113913,1) (182.8092885113913,0) (187.8092885113917,0) (187.8092885113917,1) (187.8092885113917,0) (700,0)
user_guided_transport_h1_def.s3_end:
[0]: (0,0) (192.8092885113921,0) (192.8092885113921,1) (229.0369586526139,1) (229.0369586526139,0) (700,0)
user_guided_transport.end:
[0]: (0,0) (231.036958652613,0) (231.036958652613,1) (700,1)
[2K
Verifying formula 2 at /nta/queries/query[2]/formula
 -- Formula: simulate[<=700]{user_guided_transport_r1_def.s1_start, user_guided_transport_r1_def.s1_end, user_guided_transport_r1_def.s2_start, user_guided_transport_r1_def.s2_end, user_guided_transport_r1_def.s3_start, user_guided_transport_r1_def.s3_end, user_guided_transport.end}
[2K -- Formula is satisfied.
user_guided_transport_r1_def.s1_start:
[0]: (0,0) (0,1) (0,0) (700,0)
user_guided_transport_r1_def.s1_end:
[0]: (0,0) (2,0) (2,1) (2,0) (700,0)
user_guided_transport_r1_def.s2_start:
[0]: (0,0) (2,0) (2,1) (2,0) (700,0)
user_guided_transport_r1_def.s2_end:
[0]: (0,0) (11.1447374709646,0) (11.1447374709646,1) (11.1447374709646,0) (700,0)
user_guided_transport_r1_def.s3_start:
[0]: (0,0) (11.1447374709646,0) (11.1447374709646,1) (11.1447374709646,0) (700,0)
user_guided_transport_r1_def.s3_end:
[0]: (0,0) (232.3536041497067,0) (232.3536041497067,1) (232.3536041497067,0) (700,0)
user_guided_transport.end:
[0]: (0,0) (234.3536041497058,0) (234.3536041497058,1) (700,1)
[2K
Verifying formula 3 at /nta/queries/query[3]/formula
 -- Formula: Pr[<=700] (<> user_guided_transport.end)
[2K -- Formula is satisfied.
(72/72 runs) Pr(<> …) in [0.950056,1] (95% CI)
Values in [230.247,235.161] mean=232.678 steps=0.545991: 8 11 7 6 9 7 8 9 7
[2K
Verifying formula 4 at /nta/queries/query[4]/formula
 -- Formula: simulate[<=700]{humanPositionX[0], humanPositionY[0], robPositionX[0], robPositionY[0], batteryCharge[0], user_guided_transport.end}
[2K -- Formula is satisfied.
humanPositionX[0]:
[0]: (0,0) (0,92.5) (1,92.5) (1,97.73313175708738) (8.073078464483819,97.73313175708738) (8.073078464483819,123.7285354798977) (9.073078464483817,123.7285354798977) (9.073078464483817,149.723939202708) (10.07307846448382,149.723939202708) (10.07307846448382,175.7193429255182) (11.07307846448382,175.7193429255182) (11.07307846448382,201.7147466483285) (12.07307846448382,201.7147466483285) (12.07307846448382,227.7101503711388) (13.07307846448382,227.7101503711388) (13.07307846448382,253.7055540939491) (14.07307846448382,253.7055540939491) (14.07307846448382,279.7009578167594) (15.07307846448382,279.7009578167594) (15.07307846448382,305.6963615395697) (16.07307846448382,305.6963615395697) (16.07307846448382,331.69176526238) (17.07307846448381,331.69176526238) (17.07307846448381,357.6871689851903) (18.07307846448381,357.6871689851903) (18.07307846448381,383.6825727080006) (19.0730784644838,383.6825727080006) (19.0730784644838,409.6779764308109) (20.07307846448379,409.6779764308109) (20.07307846448379,435.6733801536212) (21.07307846448379,435.6733801536212) (21.07307846448379,461.6687838764315) (22.07307846448378,461.6687838764315) (22.07307846448378,487.6641875992418) (23.07307846448377,487.6641875992418) (23.07307846448377,513.6595913220521) (24.07307846448376,513.6595913220521) (24.07307846448376,539.6549950448623) (25.07307846448376,539.6549950448623) (25.07307846448376,565.6503987676725) (26.07307846448375,565.6503987676725) (26.07307846448375,591.6458024904828) (27.07307846448374,591.6458024904828) (27.07307846448374,617.641206213293) (28.07307846448374,617.641206213293) (28.07307846448374,643.6366099361032) (29.07307846448373,643.6366099361032) (29.07307846448373,669.6320136589135) (30.07307846448372,669.6320136589135) (30.07307846448372,695.6274173817237) (31.07307846448371,695.6274173817237) (31.07307846448371,721.622821104534) (32.07307846448371,721.622821104534) (32.07307846448371,747.6182248273442) (33.0730784644837,747.6182248273442) (33.0730784644837,773.6136285501544) (34.07307846448369,773.6136285501544) (34.07307846448369,799.6090322729647) (35.07307846448369,799.6090322729647) (35.07307846448369,825.6044359957749) (36.07307846448368,825.6044359957749) (36.07307846448368,851.5998397185851) (37.07307846448367,851.5998397185851) (37.07307846448367,877.5952434413954) (38.07307846448366,877.5952434413954) (38.07307846448366,903.5906471642056) (39.07307846448366,903.5906471642056) (39.07307846448366,929.5860508870159) (40.07307846448365,929.5860508870159) (40.07307846448365,955.5814546098261) (41.07307846448364,955.5814546098261) (41.07307846448364,981.5768583326363) (42.07307846448364,981.5768583326363) (42.07307846448364,1007.572262055447) (43.07307846448363,1007.572262055447) (43.07307846448363,1033.567665778257) (44.07307846448362,1033.567665778257) (44.07307846448362,1059.563069501067) (45.07307846448361,1059.563069501067) (45.07307846448361,1085.558473223878) (46.07307846448361,1085.558473223878) (46.07307846448361,1111.553876946688) (47.0730784644836,1111.553876946688) (47.0730784644836,1137.549280669498) (48.07307846448359,1137.549280669498) (48.07307846448359,1163.544684392309) (49.07307846448359,1163.544684392309) (49.07307846448359,1189.540088115119) (50.07307846448358,1189.540088115119) (50.07307846448358,1215.535491837929) (51.07307846448357,1215.535491837929) (51.07307846448357,1241.53089556074) (52.07307846448357,1241.53089556074) (52.07307846448357,1267.52629928355) (53.07307846448356,1267.52629928355) (53.07307846448356,1293.52170300636) (54.07307846448355,1293.52170300636) (54.07307846448355,1319.517106729171) (55.07307846448354,1319.517106729171) (55.07307846448354,1345.512510451981) (56.07307846448354,1345.512510451981) (56.07307846448354,1371.507914174791) (57.07307846448353,1371.507914174791) (57.07307846448353,1397.503317897602) (58.07307846448352,1397.503317897602) (58.07307846448352,1423.498721620412) (59.07307846448352,1423.498721620412) (59.07307846448352,1478) (60.07307846448352,1478) (60.07307846448352,1504) (61.07307846448352,1504) (61.07307846448352,1530) (62.07307846448351,1530) (62.07307846448351,1556) (63.0730784644835,1556) (63.0730784644835,1582) (64.0730784644835,1582) (64.0730784644835,1608) (65.0730784644835,1608) (65.0730784644835,1634) (66.0730784644835,1634) (66.0730784644835,1660) (67.0730784644835,1660) (67.0730784644835,1686) (68.0730784644835,1686) (68.0730784644835,1712) (69.0730784644835,1712) (69.0730784644835,1738) (70.07307846448349,1738) (70.07307846448349,1764) (71.07307846448349,1764) (71.07307846448349,1790) (72.07307846448352,1790) (72.07307846448352,1816) (73.07307846448349,1816) (73.07307846448349,1842) (74.07307846448343,1842) (74.07307846448343,1868) (75.07307846448337,1868) (75.07307846448337,1894) (76.07307846448333,1894) (76.07307846448333,1920) (77.07307846448329,1920) (77.07307846448329,1946) (78.07307846448323,1946) (78.07307846448323,1972) (79.07307846448317,1972) (79.07307846448317,1998) (80.07307846448312,1998) (80.07307846448312,2024) (81.07307846448306,2024) (81.07307846448306,2050) (82.073078464483,2050) (82.073078464483,2076) (83.07307846448295,2076) (83.07307846448295,2102) (84.07307846448289,2102) (84.07307846448289,2128) (85.07307846448283,2128) (85.07307846448283,2154) (86.07307846448278,2154) (86.07307846448278,2180) (87.07307846448272,2180) (87.07307846448272,2206) (88.07307846448266,2206) (88.07307846448266,2232) (89.07307846448261,2232) (89.07307846448261,2258) (90.07307846448255,2258) (90.07307846448255,2284) (91.07307846448249,2284) (91.07307846448249,2310) (92.07307846448242,2310) (92.07307846448242,2336) (93.07307846448236,2336) (93.07307846448236,2362) (94.07307846448231,2362) (94.07307846448231,2388) (95.07307846448225,2388) (95.07307846448225,2414) (96.07307846448219,2414) (96.07307846448219,2440) (97.07307846448214,2440) (97.07307846448214,2466) (98.07307846448208,2466) (98.07307846448208,2492) (99.07307846448202,2492) (99.07307846448202,2518) (100.073078464482,2518) (100.073078464482,2544) (101.0730784644819,2544) (101.0730784644819,2570) (102.0730784644819,2570) (102.0730784644819,2596) (103.0730784644818,2596) (103.0730784644818,2622) (104.0730784644817,2622) (104.0730784644817,2648) (105.0730784644817,2648) (105.0730784644817,2674) (106.0730784644816,2674) (106.0730784644816,2700) (107.0730784644816,2700) (107.0730784644816,2726) (108.0730784644815,2726) (108.0730784644815,2752) (109.0730784644815,2752) (109.0730784644815,2778) (110.0730784644814,2778) (110.0730784644814,2804) (111.0730784644813,2804) (111.0730784644813,2830) (112.0730784644813,2830) (112.0730784644813,2856) (113.0730784644812,2856) (113.0730784644812,2882) (114.0730784644812,2882) (114.0730784644812,2908) (115.0730784644811,2908) (115.0730784644811,2934) (116.0730784644811,2934) (116.0730784644811,2960) (117.073078464481,2960) (117.073078464481,2986) (118.0730784644809,2986) (118.0730784644809,3012) (119.0730784644809,3012) (119.0730784644809,3038) (120.0730784644808,3038) (120.0730784644808,3088.5) (121.0730784644808,3088.5) (121.0730784644808,3114.5) (122.0730784644807,3114.5) (122.0730784644807,3140.5) (123.0730784644807,3140.5) (123.0730784644807,3166.5) (124.0730784644806,3166.5) (124.0730784644806,3192.5) (125.0730784644805,3192.5) (125.0730784644805,3218.5) (126.0730784644805,3218.5) (126.0730784644805,3244.5) (127.0730784644804,3244.5) (127.0730784644804,3270.5) (128.0730784644804,3270.5) (128.0730784644804,3296.5) (129.0730784644804,3296.5) (129.0730784644804,3322.5) (130.0730784644805,3322.5) (130.0730784644805,3348.5) (131.0730784644805,3348.5) (131.0730784644805,3374.5) (132.0730784644806,3374.5) (132.0730784644806,3400.5) (133.0730784644807,3400.5) (133.0730784644807,3426.5) (134.0730784644807,3426.5) (134.0730784644807,3452.5) (135.0730784644808,3452.5) (135.0730784644808,3478.5) (136.0730784644808,3478.5) (136.0730784644808,3504.5) (137.0730784644809,3504.5) (137.0730784644809,3530.5) (138.0730784644809,3530.5) (138.0730784644809,3556.5) (139.073078464481,3556.5) (139.073078464481,3582.5) (140.0730784644811,3582.5) (140.0730784644811,3608.5) (141.0730784644811,3608.5) (141.0730784644811,3634.5) (142.0730784644812,3634.5) (142.0730784644812,3660.5) (143.0730784644812,3660.5) (143.0730784644812,3686.5) (144.0730784644813,3686.5) (144.0730784644813,3712.5) (145.0730784644813,3712.5) (145.0730784644813,3738.5) (146.0730784644814,3738.5) (146.0730784644814,3764.5) (147.0730784644815,3764.5) (147.0730784644815,3790.5) (148.0730784644815,3790.5) (148.0730784644815,3816.5) (149.0730784644816,3816.5) (149.0730784644816,3842.5) (150.0730784644816,3842.5) (150.0730784644816,3868.5) (151.0730784644817,3868.5) (151.0730784644817,3894.5) (152.0730784644817,3894.5) (152.0730784644817,3920.5) (153.0730784644818,3920.5) (153.0730784644818,3946.5) (154.0730784644819,3946.5) (154.0730784644819,3972.5) (155.0730784644819,3972.5) (155.0730784644819,3998.5) (156.073078464482,3998.5) (156.073078464482,4024.5) (157.073078464482,4024.5) (157.073078464482,4050.5) (158.0730784644821,4050.5) (158.0730784644821,4076.5) (159.0730784644821,4076.5) (159.0730784644821,4102.5) (160.0730784644822,4102.5) (160.0730784644822,4128.5) (161.0730784644823,4128.5) (161.0730784644823,4154.5) (162.0730784644823,4154.5) (162.0730784644823,4180.5) (163.0730784644824,4180.5) (163.0730784644824,4206.5) (164.0730784644824,4206.5) (164.0730784644824,4232.5) (165.0730784644825,4232.5) (165.0730784644825,4258.5) (166.0730784644825,4258.5) (166.0730784644825,4284.5) (167.0730784644826,4284.5) (167.0730784644826,4310.5) (168.0730784644826,4310.5) (168.0730784644826,4336.5) (169.0730784644827,4336.5) (169.0730784644827,4362.5) (170.0730784644828,4362.5) (170.0730784644828,4388.5) (171.0730784644828,4388.5) (171.0730784644828,4416.265463717128) (172.0730784644829,4416.265463717128) (172.0730784644829,4415.530927434256) (173.0730784644829,4415.530927434256) (173.0730784644829,4414.796391151384) (174.073078464483,4414.796391151384) (174.073078464483,4414.061854868512) (175.0730784644831,4414.061854868512) (175.0730784644831,4413.327318585641) (176.0730784644832,4413.327318585641) (176.0730784644832,4412.592782302769) (177.0730784644832,4412.592782302769) (177.0730784644832,4411.858246019897) (178.0730784644833,4411.858246019897) (178.0730784644833,4411.123709737025) (179.0730784644834,4411.123709737025) (179.0730784644834,4410.389173454153) (180.0730784644834,4410.389173454153) (180.0730784644834,4409.654637171281) (181.0730784644835,4409.654637171281) (181.0730784644835,4408.920100888409) (182.0730784644836,4408.920100888409) (182.0730784644836,4408.185564605537) (183.0730784644837,4408.185564605537) (183.0730784644837,4407.451028322665) (184.0730784644838,4407.451028322665) (184.0730784644838,4406.716492039794) (185.0730784644839,4406.716492039794) (185.0730784644839,4405.981955756922) (186.073078464484,4405.981955756922) (186.073078464484,4405.24741947405) (187.073078464484,4405.24741947405) (187.073078464484,4404.512883191178) (188.0730784644841,4404.512883191178) (188.0730784644841,4403.778346908306) (189.0730784644842,4403.778346908306) (189.0730784644842,4403.043810625434) (190.0730784644842,4403.043810625434) (190.0730784644842,4402.309274342562) (191.0730784644843,4402.309274342562) (191.0730784644843,4401.57473805969) (192.0730784644844,4401.57473805969) (192.0730784644844,4400.840201776819) (700,4400.840201776819)
humanPositionY[0]:
[0]: (0,0) (0,163.5) (1,163.5) (1,188.9679078844919) (8.073078464483819,188.9679078844919) (8.073078464483819,188.479046668909) (9.073078464483817,188.479046668909) (9.073078464483817,187.9901854533261) (10.07307846448382,187.9901854533261) (10.07307846448382,187.5013242377432) (11.07307846448382,187.5013242377432) (11.07307846448382,187.0124630221603) (12.07307846448382,187.0124630221603) (12.07307846448382,186.5236018065774) (13.07307846448382,186.5236018065774) (13.07307846448382,186.0347405909945) (14.07307846448382,186.0347405909945) (14.07307846448382,185.5458793754117) (15.07307846448382,185.5458793754117) (15.07307846448382,185.0570181598288) (16.07307846448382,185.0570181598288) (16.07307846448382,184.5681569442459) (17.07307846448381,184.5681569442459) (17.07307846448381,184.079295728663) (18.07307846448381,184.079295728663) (18.07307846448381,183.5904345130801) (19.0730784644838,183.5904345130801) (19.0730784644838,183.1015732974972) (20.07307846448379,183.1015732974972) (20.07307846448379,182.6127120819143) (21.07307846448379,182.6127120819143) (21.07307846448379,182.1238508663315) (22.07307846448378,182.1238508663315) (22.07307846448378,181.6349896507486) (23.07307846448377,181.6349896507486) (23.07307846448377,181.1461284351657) (24.07307846448376,181.1461284351657) (24.07307846448376,180.6572672195828) (25.07307846448376,180.6572672195828) (25.07307846448376,180.1684060039999) (26.07307846448375,180.1684060039999) (26.07307846448375,179.679544788417) (27.07307846448374,179.679544788417) (27.07307846448374,179.1906835728341) (28.07307846448374,179.1906835728341) (28.07307846448374,178.7018223572512) (29.07307846448373,178.7018223572512) (29.07307846448373,178.2129611416684) (30.07307846448372,178.2129611416684) (30.07307846448372,177.7240999260855) (31.07307846448371,177.7240999260855) (31.07307846448371,177.2352387105026) (32.07307846448371,177.2352387105026) (32.07307846448371,176.7463774949197) (33.0730784644837,176.7463774949197) (33.0730784644837,176.2575162793368) (34.07307846448369,176.2575162793368) (34.07307846448369,175.7686550637539) (35.07307846448369,175.7686550637539) (35.07307846448369,175.279793848171) (36.07307846448368,175.279793848171) (36.07307846448368,174.7909326325882) (37.07307846448367,174.7909326325882) (37.07307846448367,174.3020714170053) (38.07307846448366,174.3020714170053) (38.07307846448366,173.8132102014224) (39.07307846448366,173.8132102014224) (39.07307846448366,173.3243489858395) (40.07307846448365,173.3243489858395) (40.07307846448365,172.8354877702566) (41.07307846448364,172.8354877702566) (41.07307846448364,172.3466265546737) (42.07307846448364,172.3466265546737) (42.07307846448364,171.8577653390908) (43.07307846448363,171.8577653390908) (43.07307846448363,171.3689041235079) (44.07307846448362,171.3689041235079) (44.07307846448362,170.8800429079251) (45.07307846448361,170.8800429079251) (45.07307846448361,170.3911816923422) (46.07307846448361,170.3911816923422) (46.07307846448361,169.9023204767593) (47.0730784644836,169.9023204767593) (47.0730784644836,169.4134592611764) (48.07307846448359,169.4134592611764) (48.07307846448359,168.9245980455935) (49.07307846448359,168.9245980455935) (49.07307846448359,168.4357368300106) (50.07307846448358,168.4357368300106) (50.07307846448358,167.9468756144277) (51.07307846448357,167.9468756144277) (51.07307846448357,167.4580143988449) (52.07307846448357,167.4580143988449) (52.07307846448357,166.969153183262) (53.07307846448356,166.969153183262) (53.07307846448356,166.4802919676791) (54.07307846448355,166.4802919676791) (54.07307846448355,165.9914307520962) (55.07307846448354,165.9914307520962) (55.07307846448354,165.5025695365133) (56.07307846448354,165.5025695365133) (56.07307846448354,165.0137083209304) (57.07307846448353,165.0137083209304) (57.07307846448353,164.5248471053475) (58.07307846448352,164.5248471053475) (58.07307846448352,164.0359858897646) (59.07307846448352,164.0359858897646) (59.07307846448352,163.5) (171.0730784644828,163.5) (171.0730784644828,189.4896220913107) (172.0730784644829,189.4896220913107) (172.0730784644829,215.4792441826214) (173.0730784644829,215.4792441826214) (173.0730784644829,241.4688662739321) (174.073078464483,241.4688662739321) (174.073078464483,267.4584883652428) (175.0730784644831,267.4584883652428) (175.0730784644831,293.4481104565535) (176.0730784644832,293.4481104565535) (176.0730784644832,319.4377325478642) (177.0730784644832,319.4377325478642) (177.0730784644832,345.427354639175) (178.0730784644833,345.427354639175) (178.0730784644833,371.4169767304857) (179.0730784644834,371.4169767304857) (179.0730784644834,397.4065988217964) (180.0730784644834,397.4065988217964) (180.0730784644834,423.3962209131071) (181.0730784644835,423.3962209131071) (181.0730784644835,449.3858430044178) (182.0730784644836,449.3858430044178) (182.0730784644836,475.3754650957285) (183.0730784644837,475.3754650957285) (183.0730784644837,501.3650871870392) (184.0730784644838,501.3650871870392) (184.0730784644838,527.3547092783499) (185.0730784644839,527.3547092783499) (185.0730784644839,553.3443313696606) (186.073078464484,553.3443313696606) (186.073078464484,579.3339534609713) (187.073078464484,579.3339534609713) (187.073078464484,605.323575552282) (188.0730784644841,605.323575552282) (188.0730784644841,631.3131976435927) (189.0730784644842,631.3131976435927) (189.0730784644842,657.3028197349034) (190.0730784644842,657.3028197349034) (190.0730784644842,683.2924418262141) (191.0730784644843,683.2924418262141) (191.0730784644843,709.2820639175249) (192.0730784644844,709.2820639175249) (192.0730784644844,735.2716860088356) (700,735.2716860088356)
robPositionX[0]:
[0]: (0,0) (0,92.5) (2,92.5) (2,97.73313175708738) (10.07307846448382,97.73313175708738) (10.07307846448382,123.7285354798977) (11.07307846448382,123.7285354798977) (11.07307846448382,149.723939202708) (12.07307846448382,149.723939202708) (12.07307846448382,175.7193429255182) (13.09188192696707,175.7193429255182) (13.09188192696707,201.7147466483285) (14.09188192696706,201.7147466483285) (14.09188192696706,227.7101503711388) (15.09188192696706,227.7101503711388) (15.09188192696706,253.7055540939491) (16.09188192696706,253.7055540939491) (16.09188192696706,279.7009578167594) (17.09188192696705,279.7009578167594) (17.09188192696705,305.6963615395697) (18.09188192696705,305.6963615395697) (18.09188192696705,331.69176526238) (19.09188192696704,331.69176526238) (19.09188192696704,357.6871689851903) (20.09188192696703,357.6871689851903) (20.09188192696703,383.6825727080006) (21.09188192696703,383.6825727080006) (21.09188192696703,409.6779764308109) (22.09188192696702,409.6779764308109) (22.09188192696702,435.6733801536212) (23.09188192696701,435.6733801536212) (23.09188192696701,461.6687838764315) (24.09188192696701,461.6687838764315) (24.09188192696701,487.6641875992418) (25.091881926967,487.6641875992418) (25.091881926967,513.6595913220521) (26.09188192696699,513.6595913220521) (26.09188192696699,539.6549950448623) (27.09188192696698,539.6549950448623) (27.09188192696698,565.6503987676725) (28.09188192696698,565.6503987676725) (28.09188192696698,591.6458024904828) (29.09188192696697,591.6458024904828) (29.09188192696697,617.641206213293) (30.09188192696696,617.641206213293) (30.09188192696696,643.6366099361032) (31.09188192696696,643.6366099361032) (31.09188192696696,669.6320136589135) (32.09188192696695,669.6320136589135) (32.09188192696695,695.6274173817237) (33.09188192696694,695.6274173817237) (33.09188192696694,721.622821104534) (34.09188192696693,721.622821104534) (34.09188192696693,747.6182248273442) (35.09188192696693,747.6182248273442) (35.09188192696693,773.6136285501544) (36.09188192696692,773.6136285501544) (36.09188192696692,799.6090322729647) (37.09188192696691,799.6090322729647) (37.09188192696691,825.6044359957749) (38.09188192696691,825.6044359957749) (38.09188192696691,851.5998397185851) (39.0918819269669,851.5998397185851) (39.0918819269669,877.5952434413954) (40.09188192696689,877.5952434413954) (40.09188192696689,903.5906471642056) (41.09188192696688,903.5906471642056) (41.09188192696688,929.5860508870159) (42.09188192696688,929.5860508870159) (42.09188192696688,955.5814546098261) (43.09188192696687,955.5814546098261) (43.09188192696687,981.5768583326363) (44.09188192696686,981.5768583326363) (44.09188192696686,1007.572262055447) (45.09188192696686,1007.572262055447) (45.09188192696686,1033.567665778257) (46.09188192696685,1033.567665778257) (46.09188192696685,1059.563069501067) (47.09188192696684,1059.563069501067) (47.09188192696684,1085.558473223878) (48.09188192696683,1085.558473223878) (48.09188192696683,1111.553876946688) (49.09188192696683,1111.553876946688) (49.09188192696683,1137.549280669498) (50.09188192696682,1137.549280669498) (50.09188192696682,1163.544684392309) (51.09188192696681,1163.544684392309) (51.09188192696681,1189.540088115119) (52.09188192696681,1189.540088115119) (52.09188192696681,1215.535491837929) (53.0918819269668,1215.535491837929) (53.0918819269668,1241.53089556074) (54.09188192696679,1241.53089556074) (54.09188192696679,1267.52629928355) (55.09188192696678,1267.52629928355) (55.09188192696678,1293.52170300636) (56.09188192696678,1293.52170300636) (56.09188192696678,1319.517106729171) (57.09188192696677,1319.517106729171) (57.09188192696677,1345.512510451981) (58.09188192696676,1345.512510451981) (58.09188192696676,1371.507914174791) (59.09188192696676,1371.507914174791) (59.09188192696676,1397.503317897602) (60.10461278382591,1397.503317897602) (60.10461278382591,1423.501210954746) (61.1132320015051,1423.501210954746) (61.1132320015051,1449.500245178851) (62.11906744227299,1449.500245178851) (62.11906744227299,1475.499802499311) (63.12301817332125,1475.499802499311) (63.12301817332125,1501.499599591989) (64.12569290574139,1501.499599591989) (64.12569290574139,1527.499506587529) (65.12750375706362,1527.499506587529) (65.12750375706362,1553.499463958168) (66.12872974177182,1553.499463958168) (66.12872974177182,1579.49944441867) (67.12955975922178,1579.49944441867) (67.12955975922178,1605.499435462594) (68.1301216984515,1605.499435462594) (68.1301216984515,1631.49943135751) (69.13050214308481,1631.49943135751) (69.13050214308481,1657.499429475914) (70.13075971206798,1657.499429475914) (70.13075971206798,1683.499428613471) (71.1309340916616,1683.499428613471) (71.1309340916616,1709.499428218164) (72.13105215029587,1709.499428218164) (72.13105215029587,1735.499428036972) (73.13113207846325,1735.499428036972) (73.13113207846325,1761.499427953921) (74.13118619150434,1761.499427953921) (74.13118619150434,1787.499427915854) (75.13122282716597,1787.499427915854) (75.13122282716597,1813.499427898406) (76.13124763027743,1813.499427898406) (76.13124763027743,1839.499427890409) (77.1312644225043,1839.499427890409) (77.1312644225043,1865.499427886743) (78.13127579118206,1865.499427886743) (78.13127579118206,1891.499427885063) (79.13128348801763,1891.499427885063) (79.13128348801763,1917.499427884293) (80.13128869893042,1917.499427884293) (80.13128869893042,1943.499427883939) (81.13129222682551,1943.499427883939) (81.13129222682551,1969.499427883778) (82.13129461529148,1969.499427883778) (82.13129461529148,1995.499427883703) (83.1312962323249,1995.499427883703) (83.1312962323249,2021.499427883669) (84.13129732712929,2021.499427883669) (84.13129732712929,2047.499427883654) (85.13129806830287,2047.499427883654) (85.13129806830287,2073.499427883647) (86.13129857009817,2073.499427883647) (86.13129857009817,2099.499427883643) (87.13129890989687,2099.499427883643) (87.13129890989687,2125.499427883642) (88.13129914026318,2125.499427883642) (88.13129914026318,2151.499427883641) (89.13129929512053,2151.499427883641) (89.13129929512053,2177.499427883641) (90.1312993994286,2177.499427883641) (90.1312993994286,2203.499427883641) (91.13129947242902,2203.499427883641) (91.13129947242902,2229.499427883641) (92.13129952185052,2229.499427883641) (92.13129952185052,2255.499427883641) (93.13129955517047,2255.499427883641) (93.13129955517047,2281.499427883641) (94.13129957624383,2281.499427883641) (94.13129957624383,2307.499427883641) (95.13129957624378,2307.499427883641) (95.13129957624378,2333.499427883641) (96.13129957624372,2333.499427883641) (96.13129957624372,2359.499427883641) (97.13129957624366,2359.499427883641) (97.13129957624366,2385.499427883641) (98.13129957624361,2385.499427883641) (98.13129957624361,2411.499427883641) (99.13129957624355,2411.499427883641) (99.13129957624355,2437.499427883641) (100.1312995762435,2437.499427883641) (100.1312995762435,2463.499427883641) (101.1312995762434,2463.499427883641) (101.1312995762434,2489.499427883641) (102.1312995762434,2489.499427883641) (102.1312995762434,2515.499427883641) (103.1312995762433,2515.499427883641) (103.1312995762433,2541.499427883641) (104.1312995762433,2541.499427883641) (104.1312995762433,2567.499427883641) (105.1312995762432,2567.499427883641) (105.1312995762432,2593.499427883641) (106.1312995762432,2593.499427883641) (106.1312995762432,2619.499427883641) (107.1312995762431,2619.499427883641) (107.1312995762431,2645.499427883641) (108.131299576243,2645.499427883641) (108.131299576243,2671.499427883641) (109.131299576243,2671.499427883641) (109.131299576243,2697.499427883641) (110.1312995762429,2697.499427883641) (110.1312995762429,2723.499427883641) (111.1312995762429,2723.499427883641) (111.1312995762429,2749.499427883641) (112.1312995762428,2749.499427883641) (112.1312995762428,2775.499427883641) (113.1312995762428,2775.499427883641) (113.1312995762428,2801.499427883641) (114.1312995762427,2801.499427883641) (114.1312995762427,2827.499427883641) (115.1312995762426,2827.499427883641) (115.1312995762426,2853.499427883641) (116.1312995762426,2853.499427883641) (116.1312995762426,2879.499427883641) (117.1312995762425,2879.499427883641) (117.1312995762425,2905.499427883641) (118.1312995762425,2905.499427883641) (118.1312995762425,2931.499427883641) (119.1312995762424,2931.499427883641) (119.1312995762424,2957.499427883641) (120.1312995762424,2957.499427883641) (120.1312995762424,2983.499427883641) (121.1312995762423,2983.499427883641) (121.1312995762423,3009.499427883641) (122.1312995762422,3009.499427883641) (122.1312995762422,3035.499427883641) (123.1312995762422,3035.499427883641) (123.1312995762422,3061.499427883641) (124.1312995762421,3061.499427883641) (124.1312995762421,3087.499427883641) (125.1312995762421,3087.499427883641) (125.1312995762421,3113.499427883641) (126.131299576242,3113.499427883641) (126.131299576242,3139.499427883641) (127.131299576242,3139.499427883641) (127.131299576242,3165.499427883641) (128.1312995762419,3165.499427883641) (128.1312995762419,3191.499427883641) (129.131299576242,3191.499427883641) (129.131299576242,3217.499427883641) (130.131299576242,3217.499427883641) (130.131299576242,3243.499427883641) (131.1312995762421,3243.499427883641) (131.1312995762421,3269.499427883641) (132.1312995762421,3269.499427883641) (132.1312995762421,3295.499427883641) (133.1312995762422,3295.499427883641) (133.1312995762422,3321.499427883641) (134.1312995762422,3321.499427883641) (134.1312995762422,3347.499427883641) (135.1312995762423,3347.499427883641) (135.1312995762423,3373.499427883641) (136.1312995762424,3373.499427883641) (136.1312995762424,3399.499427883641) (137.1312995762424,3399.499427883641) (137.1312995762424,3425.499427883641) (138.1312995762425,3425.499427883641) (138.1312995762425,3451.499427883641) (139.1312995762425,3451.499427883641) (139.1312995762425,3477.499427883641) (140.1312995762426,3477.499427883641) (140.1312995762426,3503.499427883641) (141.1312995762426,3503.499427883641) (141.1312995762426,3529.499427883641) (142.1312995762427,3529.499427883641) (142.1312995762427,3555.499427883641) (143.1312995762428,3555.499427883641) (143.1312995762428,3581.499427883641) (144.1312995762428,3581.499427883641) (144.1312995762428,3607.499427883641) (145.1312995762429,3607.499427883641) (145.1312995762429,3633.499427883641) (146.1312995762429,3633.499427883641) (146.1312995762429,3659.499427883641) (147.131299576243,3659.499427883641) (147.131299576243,3685.499427883641) (148.131299576243,3685.499427883641) (148.131299576243,3711.499427883641) (149.1312995762431,3711.499427883641) (149.1312995762431,3737.499427883641) (150.1312995762432,3737.499427883641) (150.1312995762432,3763.499427883641) (151.1312995762432,3763.499427883641) (151.1312995762432,3789.499427883641) (152.1312995762433,3789.499427883641) (152.1312995762433,3815.499427883641) (153.1312995762433,3815.499427883641) (153.1312995762433,3841.499427883641) (154.1312995762434,3841.499427883641) (154.1312995762434,3867.499427883641) (155.1312995762434,3867.499427883641) (155.1312995762434,3893.499427883641) (156.1312995762435,3893.499427883641) (156.1312995762435,3919.499427883641) (157.1312995762435,3919.499427883641) (157.1312995762435,3945.499427883641) (158.1312995762436,3945.499427883641) (158.1312995762436,3971.499427883641) (159.1312995762437,3971.499427883641) (159.1312995762437,3997.499427883641) (160.1312995762437,3997.499427883641) (160.1312995762437,4023.499427883641) (161.1312995762438,4023.499427883641) (161.1312995762438,4049.499427883641) (162.1312995762438,4049.499427883641) (162.1312995762438,4075.499427883641) (163.1312995762439,4075.499427883641) (163.1312995762439,4101.49942788364) (164.1312995762439,4101.49942788364) (164.1312995762439,4127.49942788364) (165.131299576244,4127.49942788364) (165.131299576244,4153.49942788364) (166.1312995762441,4153.49942788364) (166.1312995762441,4179.49942788364) (167.1312995762441,4179.49942788364) (167.1312995762441,4205.49942788364) (168.1312995762442,4205.49942788364) (168.1312995762442,4231.49942788364) (169.1312995762442,4231.49942788364) (169.1312995762442,4257.49942788364) (170.1312995762443,4257.49942788364) (170.1312995762443,4283.49942788364) (171.1312995762443,4283.49942788364) (171.1312995762443,4309.49942788364) (172.3700813719993,4309.49942788364) (172.3700813719993,4334.761725317672) (173.8861974689128,4334.761725317672) (173.8861974689128,4357.375029374853) (175.6850546480861,4357.375029374853) (175.6850546480861,4371.80338971305) (177.8207622913797,4371.80338971305) (177.8207622913797,4380.472858151295) (180.1290607502843,4380.472858151295) (180.1290607502843,4385.010512952947) (182.5552007980307,4385.010512952947) (182.5552007980307,4388.172157803916) (185.0239020260534,4388.172157803916) (185.0239020260534,4390.428283375573) (187.5212690615813,4390.428283375573) (187.5212690615813,4391.835488330516) (190.045734224034,4391.835488330516) (190.045734224034,4392.871718959358) (192.5825720621559,4392.871718959358) (192.5825720621559,4393.515439372457) (195.1325272822322,4393.515439372457) (195.1325272822322,4394.057268921059) (197.6824825023084,4394.057268921059) (197.6824825023084,4394.599098469662) (200.2324377223846,4394.599098469662) (200.2324377223846,4395.140928018264) (202.7823929424608,4395.140928018264) (202.7823929424608,4395.682757566867) (205.332348162537,4395.682757566867) (205.332348162537,4396.224587115469) (207.8823033826133,4396.224587115469) (207.8823033826133,4396.766416664072) (210.4322586026895,4396.766416664072) (210.4322586026895,4397.308246212675) (212.9822138227657,4397.308246212675) (212.9822138227657,4397.850075761278) (215.5321690428419,4397.850075761278) (215.5321690428419,4398.391905309881) (218.0821242629181,4398.391905309881) (218.0821242629181,4398.933734858484) (220.6320794829943,4398.933734858484) (220.6320794829943,4399.475564407086) (223.1820347030705,4399.475564407086) (223.1820347030705,4400.01739395569) (225.7319899231467,4400.01739395569) (225.7319899231467,4400.559223504292) (228.2819451432229,4400.559223504292) (228.2819451432229,4400.840201776819) (700,4400.840201776819)
robPositionY[0]:
[0]: (0,0) (0,163.5) (2,163.5) (2,188.9679078844919) (10.07307846448382,188.9679078844919) (10.07307846448382,188.479046668909) (11.07307846448382,188.479046668909) (11.07307846448382,187.9901854533261) (12.07307846448382,187.9901854533261) (12.07307846448382,187.5013242377433) (13.09188192696707,187.5013242377433) (13.09188192696707,187.0124630221605) (14.09188192696706,187.0124630221605) (14.09188192696706,186.5236018065776) (15.09188192696706,186.5236018065776) (15.09188192696706,186.0347405909947) (16.09188192696706,186.0347405909947) (16.09188192696706,185.5458793754118) (17.09188192696705,185.5458793754118) (17.09188192696705,185.0570181598289) (18.09188192696705,185.0570181598289) (18.09188192696705,184.568156944246) (19.09188192696704,184.568156944246) (19.09188192696704,184.0792957286631) (20.09188192696703,184.0792957286631) (20.09188192696703,183.5904345130803) (21.09188192696703,183.5904345130803) (21.09188192696703,183.1015732974974) (22.09188192696702,183.1015732974974) (22.09188192696702,182.6127120819145) (23.09188192696701,182.6127120819145) (23.09188192696701,182.1238508663316) (24.09188192696701,182.1238508663316) (24.09188192696701,181.6349896507487) (25.091881926967,181.6349896507487) (25.091881926967,181.1461284351658) (26.09188192696699,181.1461284351658) (26.09188192696699,180.6572672195829) (27.09188192696698,180.6572672195829) (27.09188192696698,180.168406004) (28.09188192696698,180.168406004) (28.09188192696698,179.6795447884172) (29.09188192696697,179.6795447884172) (29.09188192696697,179.1906835728343) (30.09188192696696,179.1906835728343) (30.09188192696696,178.7018223572514) (31.09188192696696,178.7018223572514) (31.09188192696696,178.2129611416685) (32.09188192696695,178.2129611416685) (32.09188192696695,177.7240999260856) (33.09188192696694,177.7240999260856) (33.09188192696694,177.2352387105027) (34.09188192696693,177.2352387105027) (34.09188192696693,176.7463774949198) (35.09188192696693,176.7463774949198) (35.09188192696693,176.257516279337) (36.09188192696692,176.257516279337) (36.09188192696692,175.7686550637541) (37.09188192696691,175.7686550637541) (37.09188192696691,175.2797938481712) (38.09188192696691,175.2797938481712) (38.09188192696691,174.7909326325883) (39.0918819269669,174.7909326325883) (39.0918819269669,174.3020714170054) (40.09188192696689,174.3020714170054) (40.09188192696689,173.8132102014225) (41.09188192696688,173.8132102014225) (41.09188192696688,173.3243489858396) (42.09188192696688,173.3243489858396) (42.09188192696688,172.8354877702567) (43.09188192696687,172.8354877702567) (43.09188192696687,172.3466265546739) (44.09188192696686,172.3466265546739) (44.09188192696686,171.857765339091) (45.09188192696686,171.857765339091) (45.09188192696686,171.3689041235081) (46.09188192696685,171.3689041235081) (46.09188192696685,170.8800429079252) (47.09188192696684,170.8800429079252) (47.09188192696684,170.3911816923423) (48.09188192696683,170.3911816923423) (48.09188192696683,169.9023204767594) (49.09188192696683,169.9023204767594) (49.09188192696683,169.4134592611765) (50.09188192696682,169.4134592611765) (50.09188192696682,168.9245980455937) (51.09188192696681,168.9245980455937) (51.09188192696681,168.4357368300108) (52.09188192696681,168.4357368300108) (52.09188192696681,167.9468756144279) (53.0918819269668,167.9468756144279) (53.0918819269668,167.458014398845) (54.09188192696679,167.458014398845) (54.09188192696679,166.9691531832621) (55.09188192696678,166.9691531832621) (55.09188192696678,166.4802919676792) (56.09188192696678,166.4802919676792) (56.09188192696678,165.9914307520963) (57.09188192696677,165.9914307520963) (57.09188192696677,165.5025695365134) (58.09188192696676,165.5025695365134) (58.09188192696676,165.0137083209306) (59.09188192696676,165.0137083209306) (59.09188192696676,164.5248471053477) (60.10461278382591,164.5248471053477) (60.10461278382591,164.1938537681208) (61.1132320015051,164.1938537681208) (61.1132320015051,163.969756883213) (62.11906744227299,163.969756883213) (62.11906744227299,163.8180362843253) (63.12301817332125,163.8180362843253) (63.12301817332125,163.7153175442811) (64.12569290574139,163.7153175442811) (64.12569290574139,163.6457745842783) (65.12750375706362,163.6457745842783) (65.12750375706362,163.5986924756321) (66.12872974177182,163.5986924756321) (66.12872974177182,163.566816881204) (67.12955975922178,163.566816881204) (67.12955975922178,163.545236429983) (68.1301216984515,163.545236429983) (68.1301216984515,163.5306260107791) (69.13050214308481,163.5306260107791) (69.13050214308481,163.5207344505516) (70.13075971206798,163.5207344505516) (70.13075971206798,163.5140376570627) (71.1309340916616,163.5140376570627) (71.1309340916616,163.5095037876518) (72.13105215029587,163.5095037876518) (72.13105215029587,163.5064342631685) (73.13113207846325,163.5064342631685) (73.13113207846325,163.5043561308182) (74.13118619150434,163.5043561308182) (74.13118619150434,163.5029491917491) (75.13122282716597,163.5029491917491) (75.13122282716597,163.5019966645455) (76.13124763027743,163.5019966645455) (76.13124763027743,163.5013517836466) (77.1312644225043,163.5013517836466) (77.1312644225043,163.5009151857469) (78.13127579118206,163.5009151857469) (78.13127579118206,163.5006196001235) (79.13128348801763,163.5006196001235) (79.13128348801763,163.5004194823974) (80.13128869893042,163.5004194823974) (80.13128869893042,163.5002839986634) (81.13129222682551,163.5002839986634) (81.13129222682551,163.5001922733894) (82.13129461529148,163.5001922733894) (82.13129461529148,163.5001301732726) (83.1312962323249,163.5001301732726) (83.1312962323249,163.5000881304022) (84.13129732712929,163.5000881304022) (84.13129732712929,163.5000596654866) (85.13129806830287,163.5000596654866) (85.13129806830287,163.5000403949721) (86.13129857009817,163.5000403949721) (86.13129857009817,163.5000273482928) (87.13129890989687,163.5000273482928) (87.13129890989687,163.5000185135251) (88.13129914026318,163.5000185135251) (88.13129914026318,163.5000125239997) (89.13129929512053,163.5000125239997) (89.13129929512053,163.5000084977071) (90.1312993994286,163.5000084977071) (90.1312993994286,163.5000057856957) (91.13129947242902,163.5000057856957) (91.13129947242902,163.5000038876832) (92.13129952185052,163.5000038876832) (92.13129952185052,163.5000026027226) (93.13129955517047,163.5000026027226) (93.13129955517047,163.5000017364024) (94.13129957624383,163.5000017364024) (94.13129957624383,163.5000011884933) (95.13129957624378,163.5000011884933) (95.13129957624378,163.5000006405843) (172.3700813719993,163.5000006405843) (172.3700813719993,169.6494988603188) (173.8861974689128,169.6494988603188) (173.8861974689128,182.4806515605829) (175.6850546480861,182.4806515605829) (175.6850546480861,204.1098544573876) (177.8207622913797,204.1098544573876) (177.8207622913797,228.6218987825405) (180.1290607502843,228.6218987825405) (180.1290607502843,254.2228692504944) (182.5552007980307,254.2228692504944) (182.5552007980307,280.0299225855101) (185.0239020260534,280.0299225855101) (185.0239020260534,305.9318510350467) (187.5212690615813,305.9318510350467) (187.5212690615813,331.8937418408948) (190.045734224034,331.8937418408948) (190.045734224034,357.873084135954) (192.5825720621559,357.873084135954) (192.5825720621559,383.8651141457428) (195.1325272822322,383.8651141457428) (195.1325272822322,409.8594677776426) (197.6824825023084,409.8594677776426) (197.6824825023084,435.8538214095424) (200.2324377223846,435.8538214095424) (200.2324377223846,461.8481750414421) (202.7823929424608,461.8481750414421) (202.7823929424608,487.8425286733419) (205.332348162537,487.8425286733419) (205.332348162537,513.8368823052417) (207.8823033826133,513.8368823052417) (207.8823033826133,539.8312359371415) (210.4322586026895,539.8312359371415) (210.4322586026895,565.8255895690413) (212.9822138227657,565.8255895690413) (212.9822138227657,591.8199432009411) (215.5321690428419,591.8199432009411) (215.5321690428419,617.8142968328409) (218.0821242629181,617.8142968328409) (218.0821242629181,643.8086504647407) (220.6320794829943,643.8086504647407) (220.6320794829943,669.8030040966405) (223.1820347030705,669.8030040966405) (223.1820347030705,695.7973577285403) (225.7319899231467,695.7973577285403) (225.7319899231467,721.7917113604401) (228.2819451432229,721.7917113604401) (228.2819451432229,735.2716860088356) (700,735.2716860088356)
batteryCharge[0]:
[0]: (0,100) (700,100)
user_guided_transport.end:
[0]: (0,0) (230.2819451432219,0) (230.2819451432219,1) (700,1)
[2K
Verifying formula 5 at /nta/queries/query[5]/formula
 -- Formula: simulate[<=700]{robot_inventory[0][0], user_guided_transport.end*2}
[2K -- Formula is satisfied.
robot_inventory[0][0]:
[0]: (0,0) (8.182300661239635,0) (8.182300661239635,1) (700,1)
user_guided_transport.end * 2:
[0]: (0,0) (231.391167339979,0) (231.391167339979,2) (700,2)
[2K
Verifying formula 6 at /nta/queries/query[6]/formula
 -- Formula: simulate[<=700]{bedroom[0], bedroom[1], kitchen[0], kitchen[1]}
[2K -- Formula is satisfied.
bedroom[0]:
[0]: (0,100) (700,100)
bedroom[1]:
[0]: (0,200) (700,200)
kitchen[0]:
[0]: (0,4400) (700,4400)
kitchen[1]:
[0]: (0,765) (700,765)
[2K
Verifying formula 7 at /nta/queries/query[7]/formula
 -- Formula: simulate[<=700]{rm_1.idle, rf_1.idle, rp_1.idle, rd_1.idle}
[2K -- Formula is satisfied.
rm_1.idle:
[0]: (0,0) (0,1) (0,0) (3,0) (3,1) (700,1)
rf_1.idle:
[0]: (0,0) (0,1) (11.75832478503007,1) (11.75832478503007,0) (233.9859949262548,0) (233.9859949262548,1) (700,1)
rp_1.idle:
[0]: (0,0) (0,1) (2,1) (2,0) (11.75832478503007,0) (11.75832478503007,1) (700,1)
rd_1.idle:
[0]: (0,0) (0,1) (700,1)
[2K
Verifying formula 8 at /nta/queries/query[8]/formula
 -- Formula: Pr[<=700](<>!rm_1.idle || !rf_1.idle || !rp_1.idle || !rd_1.idle)
[2K -- Formula is satisfied.
(72/72 runs) Pr(<> …) in [0.950056,1] (95% CI)
Values in [0,0] mean=0 steps=2.22045e-16: 72
[2K
Verifying formula 9 at /nta/queries/query[9]/formula
 -- Formula: Pr[<=700]([] (user_guided_transport.end imply (rm_1.idle && rf_1.idle && rp_1.idle && rd_1.idle)))
 -- Throughput: 621229 runs/sec, Load: 329 runs[K
[2K -- Formula is satisfied.
(72/72 runs) Pr([] …) in [0.950056,1] (95% CI)
[2K
Verifying formula 10 at /nta/queries/query[10]/formula
 -- Formula: Pr[<=700] (<> pow(humanPositionX[0] - kitchen[0], 2) + pow(humanPositionY[0] - kitchen[1], 2) <= 900 )
[2K -- Formula is satisfied.
(72/72 runs) Pr(<> …) in [0.950056,1] (95% CI)
Values in [192.045,197] mean=194.587 steps=0.550538: 8 7 9 6 6 9 9 11 6 1
[2K
Verifying formula 11 at /nta/queries/query[11]/formula
 -- Formula: Pr[<=700] (<> pow(humanPositionX[0] - bedroom[0], 2) + pow(humanPositionY[0] - bedroom[1], 2) <= 900 )
[2K -- Formula is satisfied.
(72/72 runs) Pr(<> …) in [0.950056,1] (95% CI)
Values in [1,1] mean=1 steps=2.22045e-16: 72
[2K
Verifying formula 12 at /nta/queries/query[12]/formula
 -- Formula: Pr[<=700] (<> pow(robPositionX[0] - bedroom[0], 2) + pow(robPositionY[0] - bedroom[1], 2) <= 900 )
[2K -- Formula is satisfied.
(72/72 runs) Pr(<> …) in [0.950056,1] (95% CI)
Values in [2,2] mean=2 steps=2.22045e-16: 72
[2K
Verifying formula 13 at /nta/queries/query[13]/formula
 -- Formula: Pr[<=700] (<> !isValidPosition(humanPositionX[0], humanPositionY[0]))
[2K -- Formula is satisfied.
(72/72 runs) Pr(<> …) in [0.950056,1] (95% CI)
Values in [0,0] mean=0 steps=2.22045e-16: 72
[2K
Verifying formula 14 at /nta/queries/query[14]/formula
 -- Formula: Pr[<=700] (<> !isValidPosition(robPositionX[0], robPositionY[0]))
[2K -- Formula is satisfied.
(72/72 runs) Pr(<> …) in [0.950056,1] (95% CI)
Values in [0,0] mean=0 steps=2.22045e-16: 72
[2K
Verifying formula 15 at /nta/queries/query[15]/formula
 -- Formula: Pr[<=700] (<> currP > 2)
 -- Throughput: 619740 runs/sec, Load: 330 runs[K
[2K -- Formula is satisfied.
(0/72 runs) Pr(<> …) in [0,0.0499441] (95% CI)
