Options for the verification:
  Generating no trace
  Search order is breadth first
  Using conservative space optimisation
  Seed is 1784961755
  State space representation uses minimal constraint systems with future testing
  Using HashMap + Compress integers for discrete state storage
[2K
Verifying formula 1 at /nta/queries/query[1]/formula
 -- Formula: simulate[<=700]{Coffee_Delivery_robot_def.s1_start, Coffee_Delivery_robot_def.s1_end, Coffee_Delivery_robot_def.s2_start, Coffee_Delivery_robot_def.s2_end, Coffee_Delivery_robot_def.s3_start, Coffee_Delivery_robot_def.s3_end, Coffee_Delivery_robot_def.s4_start, Coffee_Delivery_robot_def.s4_end, Coffee_Delivery.end}
[2K -- Formula is satisfied.
Coffee_Delivery_robot_def.s1_start:
[0]: (0,0) (0,1) (0,0) (700,0)
Coffee_Delivery_robot_def.s1_end:
[0]: (0,0) (67.57673979312437,0) (67.57673979312437,1) (67.57673979312437,0) (700,0)
Coffee_Delivery_robot_def.s2_start:
[0]: (0,0) (67.57673979312437,0) (67.57673979312437,1) (67.57673979312437,0) (700,0)
Coffee_Delivery_robot_def.s2_end:
[0]: (0,0) (77.57673979312437,0) (77.57673979312437,1) (77.57673979312437,0) (700,0)
Coffee_Delivery_robot_def.s3_start:
[0]: (0,0) (77.57673979312437,0) (77.57673979312437,1) (77.57673979312437,0) (700,0)
Coffee_Delivery_robot_def.s3_end:
[0]: (0,0) (141.2113457545011,0) (141.2113457545011,1) (141.2113457545011,0) (700,0)
Coffee_Delivery_robot_def.s4_start:
[0]: (0,0) (141.2113457545011,0) (141.2113457545011,1) (141.2113457545011,0) (700,0)
Coffee_Delivery_robot_def.s4_end:
[0]: (0,0) (146.2113457545011,0) (146.2113457545011,1) (146.2113457545011,0) (700,0)
Coffee_Delivery.end:
[0]: (0,0) (148.2113457545011,0) (148.2113457545011,1) (700,1)
[2K
Verifying formula 2 at /nta/queries/query[2]/formula
 -- Formula: Pr[<=700] (<> Coffee_Delivery.end)
[2K -- Formula is satisfied.
(72/72 runs) Pr(<> …) in [0.950056,1] (95% CI)
Values in [148.211,148.211] mean=148.211 steps=2.22045e-16: 72
[2K
Verifying formula 3 at /nta/queries/query[3]/formula
 -- Formula: simulate[<=700]{robPositionX[0], robPositionY[0], batteryCharge[0], Coffee_Delivery.end}
[2K -- Formula is satisfied.
robPositionX[0]:
[0]: (0,0) (0,92.5) (2,92.5) (2,118.5) (3,118.5) (3,144.5) (4,144.5) (4,170.5) (5,170.5) (5,196.5) (6,196.5) (6,222.5) (7,222.5) (7,248.5) (8,248.5) (8,274.5) (9,274.5) (9,300.5) (10,300.5) (10,326.5) (11,326.5) (11,352.5) (12,352.5) (12,378.5) (13,378.5) (13,404.5) (14,404.5) (14,430.5) (15,430.5) (15,456.5) (16,456.5) (16,482.5) (17,482.5) (17,508.5) (18,508.5) (18,534.5) (19,534.5) (19,560.5) (20,560.5) (20,586.5) (21,586.5) (21,612.5) (22,612.5) (22,638.5) (23,638.5) (23,664.5) (24,664.5) (24,690.5) (25,690.5) (25,716.5) (26,716.5) (26,742.5) (27,742.5) (27,768.5) (28,768.5) (28,794.5) (29,794.5) (29,820.5) (30,820.5) (30,846.5) (31,846.5) (31,872.5) (32,872.5) (32,898.5) (33,898.5) (33,924.5) (34,924.5) (34,950.5) (35,950.5) (35,976.5) (36,976.5) (36,1002.5) (37,1002.5) (37,1028.5) (38,1028.5) (38,1054.5) (39,1054.5) (39,1080.5) (40,1080.5) (40,1106.5) (41,1106.5) (41,1132.5) (42,1132.5) (42,1158.5) (43,1158.5) (43,1184.5) (44,1184.5) (44,1210.5) (45,1210.5) (45,1236.5) (46,1236.5) (46,1262.5) (47,1262.5) (47,1288.5) (48,1288.5) (48,1314.5) (49,1314.5) (49,1340.5) (50,1340.5) (50,1366.5) (51,1366.5) (51,1392.5) (52,1392.5) (52,1418.5) (53,1418.5) (53,1444.5) (54,1444.5) (54,1452) (56.57673979312437,1452) (56.57673979312437,1451.845470785223) (57.57673979312437,1451.845470785223) (57.57673979312437,1451.690941570446) (58.57673979312437,1451.690941570446) (58.57673979312437,1451.536412355669) (59.57673979312437,1451.536412355669) (59.57673979312437,1451.381883140892) (60.57673979312437,1451.381883140892) (60.57673979312437,1451.227353926115) (61.57673979312437,1451.227353926115) (61.57673979312437,1451.072824711337) (62.57673979312437,1451.072824711337) (62.57673979312437,1450.91829549656) (63.57673979312437,1450.91829549656) (63.57673979312437,1450.763766281783) (64.57673979312437,1450.763766281783) (64.57673979312437,1450.609237067006) (65.57673979312437,1450.609237067006) (65.57673979312437,1450.454707852229) (66.57673979312437,1450.454707852229) (66.57673979312437,1450.300178637452) (67.57673979312437,1450.300178637452) (67.57673979312437,1450.145649422675) (79.57673979312437,1450.145649422675) (79.57673979312437,1450.300178637452) (82.1415926535898,1450.300178637452) (82.1415926535898,1450.454707852229) (83.1415926535898,1450.454707852229) (83.1415926535898,1450.609237067006) (84.1415926535898,1450.609237067006) (84.1415926535898,1450.763766281783) (85.1415926535898,1450.763766281783) (85.1415926535898,1450.91829549656) (86.1415926535898,1450.91829549656) (86.1415926535898,1451.072824711337) (87.1415926535898,1451.072824711337) (87.1415926535898,1451.227353926115) (88.1415926535898,1451.227353926115) (88.1415926535898,1451.381883140892) (89.1415926535898,1451.381883140892) (89.1415926535898,1451.536412355669) (90.1415926535898,1451.536412355669) (90.1415926535898,1451.690941570446) (91.1415926535898,1451.690941570446) (91.1415926535898,1451.845470785223) (92.1415926535898,1451.845470785223) (92.1415926535898,1452) (96.21134575450111,1452) (96.21134575450111,1426.06706312754) (97.21134575450111,1426.06706312754) (97.21134575450111,1400.134126255079) (98.21134575450111,1400.134126255079) (98.21134575450111,1374.201189382619) (99.21134575450111,1374.201189382619) (99.21134575450111,1348.268252510158) (100.2113457545011,1348.268252510158) (100.2113457545011,1322.335315637698) (101.2113457545011,1322.335315637698) (101.2113457545011,1296.402378765237) (102.2113457545011,1296.402378765237) (102.2113457545011,1270.469441892777) (103.2113457545011,1270.469441892777) (103.2113457545011,1244.536505020316) (104.2113457545011,1244.536505020316) (104.2113457545011,1218.603568147856) (105.2113457545011,1218.603568147856) (105.2113457545011,1192.670631275395) (106.2113457545011,1192.670631275395) (106.2113457545011,1166.737694402935) (107.2113457545011,1166.737694402935) (107.2113457545011,1140.804757530474) (108.2113457545011,1140.804757530474) (108.2113457545011,1114.871820658014) (109.2113457545011,1114.871820658014) (109.2113457545011,1088.938883785554) (110.2113457545011,1088.938883785554) (110.2113457545011,1063.005946913093) (111.2113457545011,1063.005946913093) (111.2113457545011,1037.073010040633) (112.2113457545011,1037.073010040633) (112.2113457545011,1011.140073168172) (113.2113457545011,1011.140073168172) (113.2113457545011,985.207136295712) (114.2113457545011,985.207136295712) (114.2113457545011,959.2741994232516) (115.2113457545011,959.2741994232516) (115.2113457545011,933.3412625507913) (116.2113457545011,933.3412625507913) (116.2113457545011,907.4083256783309) (117.2113457545011,907.4083256783309) (117.2113457545011,881.4753888058706) (118.2113457545011,881.4753888058706) (118.2113457545011,855.5424519334102) (119.2113457545011,855.5424519334102) (119.2113457545011,829.6095150609499) (120.2113457545011,829.6095150609499) (120.2113457545011,803.6765781884895) (121.2113457545011,803.6765781884895) (121.2113457545011,777.7436413160292) (122.2113457545011,777.7436413160292) (122.2113457545011,751.8107044435689) (123.2113457545011,751.8107044435689) (123.2113457545011,725.8777675711085) (124.2113457545011,725.8777675711085) (124.2113457545011,699.9448306986482) (125.2113457545011,699.9448306986482) (125.2113457545011,674.0118938261878) (126.2113457545011,674.0118938261878) (126.2113457545011,648.0789569537275) (127.2113457545011,648.0789569537275) (127.2113457545011,622.1460200812671) (128.2113457545011,622.1460200812671) (128.2113457545011,596.2130832088068) (129.2113457545011,596.2130832088068) (129.2113457545011,570.2801463363464) (130.2113457545011,570.2801463363464) (130.2113457545011,544.3472094638861) (131.2113457545011,544.3472094638861) (131.2113457545011,518.4142725914257) (132.2113457545011,518.4142725914257) (132.2113457545011,492.4813357189654) (133.2113457545011,492.4813357189654) (133.2113457545011,466.5483988465051) (134.2113457545011,466.5483988465051) (134.2113457545011,440.6154619740447) (135.2113457545011,440.6154619740447) (135.2113457545011,414.6825251015844) (136.2113457545011,414.6825251015844) (136.2113457545011,388.749588229124) (137.2113457545011,388.749588229124) (137.2113457545011,362.8166513566637) (138.2113457545011,362.8166513566637) (138.2113457545011,336.8837144842033) (139.2113457545011,336.8837144842033) (139.2113457545011,310.950777611743) (140.2113457545011,310.950777611743) (140.2113457545011,285.0178407392826) (141.2113457545011,285.0178407392826) (141.2113457545011,259.0849038668223) (700,259.0849038668223)
robPositionY[0]:
[0]: (0,0) (0,163.5) (56.57673979312437,163.5) (56.57673979312437,189.4995407790557) (57.57673979312437,189.4995407790557) (57.57673979312437,215.4990815581114) (58.57673979312437,215.4990815581114) (58.57673979312437,241.4986223371671) (59.57673979312437,241.4986223371671) (59.57673979312437,267.4981631162228) (60.57673979312437,267.4981631162228) (60.57673979312437,293.4977038952785) (61.57673979312437,293.4977038952785) (61.57673979312437,319.4972446743342) (62.57673979312437,319.4972446743342) (62.57673979312437,345.4967854533899) (63.57673979312437,345.4967854533899) (63.57673979312437,371.4963262324455) (64.57673979312437,371.4963262324455) (64.57673979312437,397.4958670115012) (65.57673979312437,397.4958670115012) (65.57673979312437,423.4954077905569) (66.57673979312437,423.4954077905569) (66.57673979312437,449.4949485696126) (67.57673979312437,449.4949485696126) (67.57673979312437,475.4944893486683) (79.57673979312437,475.4944893486683) (79.57673979312437,449.4949485696126) (82.1415926535898,449.4949485696126) (82.1415926535898,423.4954077905569) (83.1415926535898,423.4954077905569) (83.1415926535898,397.4958670115012) (84.1415926535898,397.4958670115012) (84.1415926535898,371.4963262324455) (85.1415926535898,371.4963262324455) (85.1415926535898,345.4967854533899) (86.1415926535898,345.4967854533899) (86.1415926535898,319.4972446743342) (87.1415926535898,319.4972446743342) (87.1415926535898,293.4977038952785) (88.1415926535898,293.4977038952785) (88.1415926535898,267.4981631162228) (89.1415926535898,267.4981631162228) (89.1415926535898,241.4986223371671) (90.1415926535898,241.4986223371671) (90.1415926535898,215.4990815581114) (91.1415926535898,215.4990815581114) (91.1415926535898,189.4995407790557) (92.1415926535898,189.4995407790557) (92.1415926535898,163.5) (96.21134575450111,163.5) (96.21134575450111,165.3662221649595) (97.21134575450111,165.3662221649595) (97.21134575450111,167.232444329919) (98.21134575450111,167.232444329919) (98.21134575450111,169.0986664948784) (99.21134575450111,169.0986664948784) (99.21134575450111,170.9648886598379) (100.2113457545011,170.9648886598379) (100.2113457545011,172.8311108247974) (101.2113457545011,172.8311108247974) (101.2113457545011,174.6973329897569) (102.2113457545011,174.6973329897569) (102.2113457545011,176.5635551547164) (103.2113457545011,176.5635551547164) (103.2113457545011,178.4297773196758) (104.2113457545011,178.4297773196758) (104.2113457545011,180.2959994846353) (105.2113457545011,180.2959994846353) (105.2113457545011,182.1622216495948) (106.2113457545011,182.1622216495948) (106.2113457545011,184.0284438145543) (107.2113457545011,184.0284438145543) (107.2113457545011,185.8946659795138) (108.2113457545011,185.8946659795138) (108.2113457545011,187.7608881444733) (109.2113457545011,187.7608881444733) (109.2113457545011,189.6271103094327) (110.2113457545011,189.6271103094327) (110.2113457545011,191.4933324743922) (111.2113457545011,191.4933324743922) (111.2113457545011,193.3595546393517) (112.2113457545011,193.3595546393517) (112.2113457545011,195.2257768043112) (113.2113457545011,195.2257768043112) (113.2113457545011,197.0919989692707) (114.2113457545011,197.0919989692707) (114.2113457545011,198.9582211342301) (115.2113457545011,198.9582211342301) (115.2113457545011,200.8244432991896) (116.2113457545011,200.8244432991896) (116.2113457545011,202.6906654641491) (117.2113457545011,202.6906654641491) (117.2113457545011,204.5568876291086) (118.2113457545011,204.5568876291086) (118.2113457545011,206.4231097940681) (119.2113457545011,206.4231097940681) (119.2113457545011,208.2893319590275) (120.2113457545011,208.2893319590275) (120.2113457545011,210.155554123987) (121.2113457545011,210.155554123987) (121.2113457545011,212.0217762889465) (122.2113457545011,212.0217762889465) (122.2113457545011,213.887998453906) (123.2113457545011,213.887998453906) (123.2113457545011,215.7542206188655) (124.2113457545011,215.7542206188655) (124.2113457545011,217.620442783825) (125.2113457545011,217.620442783825) (125.2113457545011,219.4866649487844) (126.2113457545011,219.4866649487844) (126.2113457545011,221.3528871137439) (127.2113457545011,221.3528871137439) (127.2113457545011,223.2191092787034) (128.2113457545011,223.2191092787034) (128.2113457545011,225.0853314436629) (129.2113457545011,225.0853314436629) (129.2113457545011,226.9515536086224) (130.2113457545011,226.9515536086224) (130.2113457545011,228.8177757735818) (131.2113457545011,228.8177757735818) (131.2113457545011,230.6839979385413) (132.2113457545011,230.6839979385413) (132.2113457545011,232.5502201035008) (133.2113457545011,232.5502201035008) (133.2113457545011,234.4164422684603) (134.2113457545011,234.4164422684603) (134.2113457545011,236.2826644334198) (135.2113457545011,236.2826644334198) (135.2113457545011,238.1488865983792) (136.2113457545011,238.1488865983792) (136.2113457545011,240.0151087633387) (137.2113457545011,240.0151087633387) (137.2113457545011,241.8813309282982) (138.2113457545011,241.8813309282982) (138.2113457545011,243.7475530932577) (139.2113457545011,243.7475530932577) (139.2113457545011,245.6137752582172) (140.2113457545011,245.6137752582172) (140.2113457545011,247.4799974231767) (141.2113457545011,247.4799974231767) (141.2113457545011,249.3462195881361) (700,249.3462195881361)
batteryCharge[0]:
[0]: (0,100) (700,100)
Coffee_Delivery.end:
[0]: (0,0) (148.2113457545011,0) (148.2113457545011,1) (700,1)
[2K
Verifying formula 4 at /nta/queries/query[4]/formula
 -- Formula: simulate[<=700]{robot_inventory[0][0], Coffee_Delivery.end*2}
[2K -- Formula is satisfied.
robot_inventory[0][0]:
[0]: (0,0) (77.57673979312437,0) (77.57673979312437,1) (146.2113457545011,1) (146.2113457545011,0) (700,0)
Coffee_Delivery.end * 2:
[0]: (0,0) (148.2113457545011,0) (148.2113457545011,2) (700,2)
[2K
Verifying formula 5 at /nta/queries/query[5]/formula
 -- Formula: simulate[<=700]{coffee_room[0], coffee_room[1], loading_area[0], loading_area[1]}
[2K -- Formula is satisfied.
coffee_room[0]:
[0]: (0,1450) (700,1450)
coffee_room[1]:
[0]: (0,500) (700,500)
loading_area[0]:
[0]: (0,250) (700,250)
loading_area[1]:
[0]: (0,250) (700,250)
[2K
Verifying formula 6 at /nta/queries/query[6]/formula
 -- Formula: simulate[<=700]{rm_1.idle, rf_1.idle, rp_1.idle, rd_1.idle}
[2K -- Formula is satisfied.
rm_1.idle:
[0]: (0,0) (0,1) (0,0) (68.57673979312437,0) (68.57673979312437,1) (77.57673979312437,1) (77.57673979312437,0) (142.2113457545011,0) (142.2113457545011,1) (700,1)
rf_1.idle:
[0]: (0,0) (0,1) (700,1)
rp_1.idle:
[0]: (0,0) (0,1) (67.57673979312437,1) (67.57673979312437,0) (77.57673979312437,0) (77.57673979312437,1) (700,1)
rd_1.idle:
[0]: (0,0) (0,1) (141.2113457545011,1) (141.2113457545011,0) (146.2113457545011,0) (146.2113457545011,1) (700,1)
[2K
Verifying formula 7 at /nta/queries/query[7]/formula
 -- Formula: Pr[<=700](<>!rm_1.idle || !rf_1.idle || !rp_1.idle || !rd_1.idle)
[2K -- Formula is satisfied.
(72/72 runs) Pr(<> …) in [0.950056,1] (95% CI)
Values in [0,0] mean=0 steps=2.22045e-16: 72
[2K
Verifying formula 8 at /nta/queries/query[8]/formula
 -- Formula: Pr[<=700]([] (Coffee_Delivery.end imply (rm_1.idle && rf_1.idle && rp_1.idle && rd_1.idle)))
[2K -- Formula is satisfied.
(72/72 runs) Pr([] …) in [0.950056,1] (95% CI)
[2K
Verifying formula 9 at /nta/queries/query[9]/formula
 -- Formula: Pr[<=700] (<> pow(robPositionX[0] - coffee_room[0], 2) + pow(robPositionY[0] - coffee_room[1], 2) <= 900 )
[2K -- Formula is satisfied.
(72/72 runs) Pr(<> …) in [0.950056,1] (95% CI)
Values in [67.5767,67.5767] mean=67.5767 steps=2.22045e-16: 72
[2K
Verifying formula 10 at /nta/queries/query[10]/formula
 -- Formula: Pr[<=700] (<> pow(robPositionX[0] - loading_area[0], 2) + pow(robPositionY[0] - loading_area[1], 2) <= 900 )
[2K -- Formula is satisfied.
(72/72 runs) Pr(<> …) in [0.950056,1] (95% CI)
Values in [141.211,141.211] mean=141.211 steps=2.22045e-16: 72
[2K
Verifying formula 11 at /nta/queries/query[11]/formula
 -- Formula: Pr[<=700] (<> !isValidPosition(robPositionX[0], robPositionY[0]))
[2K -- Formula is satisfied.
(72/72 runs) Pr(<> …) in [0.950056,1] (95% CI)
Values in [0,0] mean=0 steps=2.22045e-16: 72
[2K
Verifying formula 12 at /nta/queries/query[12]/formula
 -- Formula: Pr[<=700] (<> currP > 2)
[2K -- Formula is satisfied.
(0/72 runs) Pr(<> …) in [0,0.0499441] (95% CI)
