Options for the verification:
  Generating no trace
  Search order is breadth first
  Using conservative space optimisation
  Seed is 1784900966
  State space representation uses minimal constraint systems with future testing
  Using HashMap + Compress integers for discrete state storage
[2K
Verifying formula 1 at /nta/queries/query[1]/formula
 -- Formula: simulate[<=700]{user_guided_transport_robot_def.s1_start, user_guided_transport_robot_def.s1_end, user_guided_transport_robot_def.s2_start, user_guided_transport_robot_def.s2_end, user_guided_transport_robot_def.s3_start, user_guided_transport_robot_def.s3_end, user_guided_transport_robot_def.s4_start, user_guided_transport_robot_def.s4_idle, user_guided_transport_robot_def.s5_start, user_guided_transport_robot_def.s5_idle, user_guided_transport.end}
[2K -- Formula is satisfied.
user_guided_transport_robot_def.s1_start:
[0]: (0,0) (0,1) (0,0) (700,0)
user_guided_transport_robot_def.s1_end:
[0]: (0,0) (2,0) (2,1) (2,0) (700,0)
user_guided_transport_robot_def.s2_start:
[0]: (0,0) (2,0) (2,1) (2,0) (700,0)
user_guided_transport_robot_def.s2_end:
[0]: (0,0) (7.100042270852094,0) (7.100042270852094,1) (7.100042270852094,0) (700,0)
user_guided_transport_robot_def.s3_start:
[0]: (0,0) (7.100042270852094,0) (7.100042270852094,1) (7.100042270852094,0) (700,0)
user_guided_transport_robot_def.s3_end:
[0]: (0,0) (197.7178972150769,0) (197.7178972150769,1) (197.7178972150769,0) (700,0)
user_guided_transport_robot_def.s4_start:
[0]: (0,0) (197.7178972150769,0) (197.7178972150769,1) (197.7178972150769,0) (700,0)
user_guided_transport_robot_def.s4_idle:
[0]: (0,0) (197.7178972150769,0) (197.7178972150769,1) (382.7178972150566,1) (382.7178972150566,0) (700,0)
user_guided_transport_robot_def.s5_start:
[0]: (0,0) (382.7178972150566,0) (382.7178972150566,1) (382.7178972150566,0) (700,0)
user_guided_transport_robot_def.s5_idle:
[0]: (0,0) (382.7178972150566,0) (382.7178972150566,1) (382.7178972150566,0) (700,0)
user_guided_transport.end:
[0]: (0,0) (384.7178972150563,0) (384.7178972150563,1) (700,1)
[2K
Verifying formula 2 at /nta/queries/query[2]/formula
 -- Formula: simulate[<=700]{user_guided_transport_human_def.s1_start, user_guided_transport_human_def.s1_end, user_guided_transport_human_def.s2_start, user_guided_transport_human_def.s2_idle, user_guided_transport_human_def.s3_start, user_guided_transport_human_def.s3_idle, user_guided_transport_human_def.s4_start, user_guided_transport_human_def.s4_end, user_guided_transport_human_def.s5_start, user_guided_transport_human_def.s5_idle, user_guided_transport.end}
[2K -- Formula is satisfied.
user_guided_transport_human_def.s1_start:
[0]: (0,0) (0,1) (0,0) (700,0)
user_guided_transport_human_def.s1_end:
[0]: (0,0) (1,0) (1,1) (2,1) (2,0) (700,0)
user_guided_transport_human_def.s2_start:
[0]: (0,0) (2,0) (2,1) (2,0) (700,0)
user_guided_transport_human_def.s2_idle:
[0]: (0,0) (2,0) (2,1) (10.8503336734517,1) (10.8503336734517,0) (700,0)
user_guided_transport_human_def.s3_start:
[0]: (0,0) (10.8503336734517,0) (10.8503336734517,1) (10.8503336734517,0) (700,0)
user_guided_transport_human_def.s3_idle:
[0]: (0,0) (10.8503336734517,0) (10.8503336734517,1) (201.4681886176765,1) (201.4681886176765,0) (700,0)
user_guided_transport_human_def.s4_start:
[0]: (0,0) (201.4681886176765,0) (201.4681886176765,1) (201.4681886176765,0) (206.4681886176757,0) (206.4681886176757,1) (206.4681886176757,0) (211.4681886176755,0) (211.4681886176755,1) (211.4681886176755,0) (216.4681886176751,0) (216.4681886176751,1) (216.4681886176751,0) (221.4681886176747,0) (221.4681886176747,1) (221.4681886176747,0) (226.4681886176743,0) (226.4681886176743,1) (226.4681886176743,0) (231.4681886176738,0) (231.4681886176738,1) (231.4681886176738,0) (236.4681886176734,0) (236.4681886176734,1) (236.4681886176734,0) (241.468188617673,0) (241.468188617673,1) (241.468188617673,0) (246.4681886176726,0) (246.4681886176726,1) (246.4681886176726,0) (251.4681886176721,0) (251.4681886176721,1) (251.4681886176721,0) (256.4681886176717,0) (256.4681886176717,1) (256.4681886176717,0) (261.4681886176724,0) (261.4681886176724,1) (261.4681886176724,0) (266.4681886176735,0) (266.4681886176735,1) (266.4681886176735,0) (271.4681886176747,0) (271.4681886176747,1) (271.4681886176747,0) (276.4681886176758,0) (276.4681886176758,1) (276.4681886176758,0) (281.468188617677,0) (281.468188617677,1) (281.468188617677,0) (286.4681886176781,0) (286.4681886176781,1) (286.4681886176781,0) (291.4681886176792,0) (291.4681886176792,1) (291.4681886176792,0) (296.4681886176804,0) (296.4681886176804,1) (296.4681886176804,0) (301.4681886176815,0) (301.4681886176815,1) (301.4681886176815,0) (306.4681886176826,0) (306.4681886176826,1) (306.4681886176826,0) (311.4681886176838,0) (311.4681886176838,1) (311.4681886176838,0) (316.4681886176849,0) (316.4681886176849,1) (316.4681886176849,0) (321.4681886176861,0) (321.4681886176861,1) (321.4681886176861,0) (326.4681886176872,0) (326.4681886176872,1) (326.4681886176872,0) (331.4681886176883,0) (331.4681886176883,1) (331.4681886176883,0) (336.4681886176895,0) (336.4681886176895,1) (336.4681886176895,0) (341.4681886176906,0) (341.4681886176906,1) (341.4681886176906,0) (346.4681886176917,0) (346.4681886176917,1) (346.4681886176917,0) (351.4681886176929,0) (351.4681886176929,1) (351.4681886176929,0) (356.468188617694,0) (356.468188617694,1) (356.468188617694,0) (361.4681886176951,0) (361.4681886176951,1) (361.4681886176951,0) (366.4681886176963,0) (366.4681886176963,1) (366.4681886176963,0) (371.4681886176974,0) (371.4681886176974,1) (371.4681886176974,0) (376.4681886176986,0) (376.4681886176986,1) (376.4681886176986,0) (381.4681886176997,0) (381.4681886176997,1) (381.4681886176997,0) (386.4681886177008,0) (386.4681886177008,1) (386.4681886177008,0) (700,0)
user_guided_transport_human_def.s4_end:
[0]: (0,0) (386.4681886177008,0) (386.4681886177008,1) (386.4681886177008,0) (700,0)
user_guided_transport_human_def.s5_start:
[0]: (0,0) (386.4681886177008,0) (386.4681886177008,1) (386.4681886177008,0) (700,0)
user_guided_transport_human_def.s5_idle:
[0]: (0,0) (386.4681886177008,0) (386.4681886177008,1) (386.4681886177008,0) (700,0)
user_guided_transport.end:
[0]: (0,0) (388.4681886177013,0) (388.4681886177013,1) (700,1)
[2K
Verifying formula 3 at /nta/queries/query[3]/formula
 -- Formula: Pr[<=700] (<> user_guided_transport.end)
[2K -- Formula is satisfied.
(72/72 runs) Pr(<> …) in [0.950056,1] (95% CI)
Values in [384.667,389.615] mean=387.312 steps=0.54977: 4 7 8 12 8 10 4 8 11
[2K
Verifying formula 4 at /nta/queries/query[4]/formula
 -- Formula: simulate[<=700]{humanPositionX[0], humanPositionY[0], robPositionX[0], robPositionY[0], batteryCharge[0], user_guided_transport.end}
[2K -- Formula is satisfied.
humanPositionX[0]:
[0]: (0,0) (0,92.5) (1,92.5) (1,97.73313175708738) (202.8297590862418,97.73313175708738) (202.8297590862418,123.7285354798977) (203.8297590862418,123.7285354798977) (203.8297590862418,149.723939202708) (204.8297590862418,149.723939202708) (204.8297590862418,175.7193429255182) (205.8297590862418,175.7193429255182) (205.8297590862418,201.7147466483285) (206.8297590862418,201.7147466483285) (206.8297590862418,227.7101503711388) (207.8297590862418,227.7101503711388) (207.8297590862418,253.7055540939491) (208.8297590862418,253.7055540939491) (208.8297590862418,279.7009578167594) (209.8297590862418,279.7009578167594) (209.8297590862418,305.6963615395697) (210.8297590862418,305.6963615395697) (210.8297590862418,331.69176526238) (211.8297590862417,331.69176526238) (211.8297590862417,357.6871689851903) (212.8297590862416,357.6871689851903) (212.8297590862416,383.6825727080006) (213.8297590862415,383.6825727080006) (213.8297590862415,409.6779764308109) (214.8297590862414,409.6779764308109) (214.8297590862414,435.6733801536212) (215.8297590862412,435.6733801536212) (215.8297590862412,461.6687838764315) (216.8297590862411,461.6687838764315) (216.8297590862411,487.6641875992418) (217.829759086241,487.6641875992418) (217.829759086241,513.6595913220521) (218.8297590862409,513.6595913220521) (218.8297590862409,539.6549950448623) (219.8297590862408,539.6549950448623) (219.8297590862408,565.6503987676725) (220.8297590862407,565.6503987676725) (220.8297590862407,591.6458024904828) (221.8297590862406,591.6458024904828) (221.8297590862406,617.641206213293) (222.8297590862404,617.641206213293) (222.8297590862404,643.6366099361032) (223.8297590862403,643.6366099361032) (223.8297590862403,669.6320136589135) (224.8297590862402,669.6320136589135) (224.8297590862402,695.6274173817237) (225.8297590862401,695.6274173817237) (225.8297590862401,721.622821104534) (226.82975908624,721.622821104534) (226.82975908624,747.6182248273442) (227.8297590862399,747.6182248273442) (227.8297590862399,773.6136285501544) (228.8297590862398,773.6136285501544) (228.8297590862398,799.6090322729647) (229.8297590862396,799.6090322729647) (229.8297590862396,825.6044359957749) (230.8297590862395,825.6044359957749) (230.8297590862395,851.5998397185851) (231.8297590862394,851.5998397185851) (231.8297590862394,877.5952434413954) (232.8297590862393,877.5952434413954) (232.8297590862393,903.5906471642056) (233.8297590862392,903.5906471642056) (233.8297590862392,929.5860508870159) (234.8297590862391,929.5860508870159) (234.8297590862391,955.5814546098261) (235.829759086239,955.5814546098261) (235.829759086239,981.5768583326363) (236.8297590862389,981.5768583326363) (236.8297590862389,1007.572262055447) (237.8297590862387,1007.572262055447) (237.8297590862387,1033.567665778257) (238.8297590862386,1033.567665778257) (238.8297590862386,1059.563069501067) (239.8297590862385,1059.563069501067) (239.8297590862385,1085.558473223878) (240.8297590862384,1085.558473223878) (240.8297590862384,1111.553876946688) (241.8297590862383,1111.553876946688) (241.8297590862383,1137.549280669498) (242.8297590862382,1137.549280669498) (242.8297590862382,1163.544684392309) (243.8297590862381,1163.544684392309) (243.8297590862381,1189.540088115119) (244.8297590862379,1189.540088115119) (244.8297590862379,1215.535491837929) (245.8297590862378,1215.535491837929) (245.8297590862378,1241.53089556074) (246.8297590862377,1241.53089556074) (246.8297590862377,1267.52629928355) (247.8297590862376,1267.52629928355) (247.8297590862376,1293.52170300636) (248.8297590862375,1293.52170300636) (248.8297590862375,1319.517106729171) (249.8297590862374,1319.517106729171) (249.8297590862374,1345.512510451981) (250.8297590862373,1345.512510451981) (250.8297590862373,1371.507914174791) (251.8297590862371,1371.507914174791) (251.8297590862371,1397.503317897602) (252.829759086237,1397.503317897602) (252.829759086237,1423.498721620412) (253.8297590862369,1423.498721620412) (253.8297590862369,1478) (254.8297590862368,1478) (254.8297590862368,1504) (255.8297590862367,1504) (255.8297590862367,1530) (256.8297590862368,1530) (256.8297590862368,1556) (257.829759086237,1556) (257.829759086237,1582) (258.8297590862369,1582) (258.8297590862369,1608) (259.8297590862367,1608) (259.8297590862367,1634) (260.8297590862365,1634) (260.8297590862365,1660) (261.8297590862364,1660) (261.8297590862364,1686) (262.8297590862362,1686) (262.8297590862362,1712) (263.829759086236,1712) (263.829759086236,1738) (264.8297590862359,1738) (264.8297590862359,1764) (265.8297590862357,1764) (265.8297590862357,1790) (266.8297590862355,1790) (266.8297590862355,1816) (267.8297590862354,1816) (267.8297590862354,1842) (268.8297590862352,1842) (268.8297590862352,1868) (269.829759086235,1868) (269.829759086235,1894) (270.8297590862348,1894) (270.8297590862348,1920) (271.8297590862347,1920) (271.8297590862347,1946) (272.8297590862345,1946) (272.8297590862345,1972) (273.8297590862343,1972) (273.8297590862343,1998) (274.8297590862342,1998) (274.8297590862342,2024) (275.829759086234,2024) (275.829759086234,2050) (276.8297590862338,2050) (276.8297590862338,2076) (277.8297590862337,2076) (277.8297590862337,2102) (278.8297590862335,2102) (278.8297590862335,2128) (279.8297590862333,2128) (279.8297590862333,2154) (280.8297590862331,2154) (280.8297590862331,2180) (281.829759086233,2180) (281.829759086233,2206) (282.8297590862328,2206) (282.8297590862328,2232) (283.8297590862326,2232) (283.8297590862326,2258) (284.8297590862325,2258) (284.8297590862325,2284) (285.8297590862323,2284) (285.8297590862323,2310) (286.8297590862321,2310) (286.8297590862321,2336) (287.8297590862319,2336) (287.8297590862319,2362) (288.8297590862318,2362) (288.8297590862318,2388) (289.8297590862316,2388) (289.8297590862316,2414) (290.8297590862314,2414) (290.8297590862314,2440) (291.8297590862313,2440) (291.8297590862313,2466) (292.8297590862311,2466) (292.8297590862311,2492) (293.8297590862309,2492) (293.8297590862309,2518) (294.8297590862308,2518) (294.8297590862308,2544) (295.8297590862306,2544) (295.8297590862306,2570) (296.8297590862304,2570) (296.8297590862304,2596) (297.8297590862302,2596) (297.8297590862302,2622) (298.8297590862301,2622) (298.8297590862301,2648) (299.8297590862299,2648) (299.8297590862299,2674) (300.8297590862297,2674) (300.8297590862297,2700) (301.8297590862296,2700) (301.8297590862296,2726) (302.8297590862294,2726) (302.8297590862294,2752) (303.8297590862292,2752) (303.8297590862292,2778) (304.829759086229,2778) (304.829759086229,2804) (305.8297590862289,2804) (305.8297590862289,2830) (306.8297590862287,2830) (306.8297590862287,2856) (307.8297590862285,2856) (307.8297590862285,2882) (308.8297590862284,2882) (308.8297590862284,2908) (309.8297590862282,2908) (309.8297590862282,2934) (310.829759086228,2934) (310.829759086228,2960) (311.8297590862279,2960) (311.8297590862279,2986) (312.8297590862277,2986) (312.8297590862277,3012) (313.8297590862275,3012) (313.8297590862275,3038) (314.8297590862273,3038) (314.8297590862273,3088.5) (315.8297590862272,3088.5) (315.8297590862272,3114.5) (316.829759086227,3114.5) (316.829759086227,3140.5) (317.8297590862268,3140.5) (317.8297590862268,3166.5) (318.8297590862267,3166.5) (318.8297590862267,3192.5) (319.8297590862265,3192.5) (319.8297590862265,3218.5) (320.8297590862263,3218.5) (320.8297590862263,3244.5) (321.8297590862261,3244.5) (321.8297590862261,3270.5) (322.829759086226,3270.5) (322.829759086226,3296.5) (323.8297590862258,3296.5) (323.8297590862258,3322.5) (324.8297590862256,3322.5) (324.8297590862256,3348.5) (325.8297590862255,3348.5) (325.8297590862255,3374.5) (326.8297590862253,3374.5) (326.8297590862253,3400.5) (327.8297590862251,3400.5) (327.8297590862251,3426.5) (328.829759086225,3426.5) (328.829759086225,3452.5) (329.8297590862248,3452.5) (329.8297590862248,3478.5) (330.8297590862246,3478.5) (330.8297590862246,3504.5) (331.8297590862244,3504.5) (331.8297590862244,3530.5) (332.8297590862243,3530.5) (332.8297590862243,3556.5) (333.8297590862241,3556.5) (333.8297590862241,3582.5) (334.8297590862239,3582.5) (334.8297590862239,3608.5) (335.8297590862238,3608.5) (335.8297590862238,3634.5) (336.8297590862236,3634.5) (336.8297590862236,3660.5) (337.8297590862234,3660.5) (337.8297590862234,3686.5) (338.8297590862232,3686.5) (338.8297590862232,3712.5) (339.8297590862231,3712.5) (339.8297590862231,3738.5) (340.8297590862229,3738.5) (340.8297590862229,3764.5) (341.8297590862227,3764.5) (341.8297590862227,3790.5) (342.8297590862226,3790.5) (342.8297590862226,3816.5) (343.8297590862224,3816.5) (343.8297590862224,3842.5) (344.8297590862222,3842.5) (344.8297590862222,3868.5) (345.8297590862221,3868.5) (345.8297590862221,3894.5) (346.8297590862219,3894.5) (346.8297590862219,3920.5) (347.8297590862217,3920.5) (347.8297590862217,3946.5) (348.8297590862215,3946.5) (348.8297590862215,3972.5) (349.8297590862214,3972.5) (349.8297590862214,3998.5) (350.8297590862212,3998.5) (350.8297590862212,4024.5) (351.829759086221,4024.5) (351.829759086221,4050.5) (352.8297590862209,4050.5) (352.8297590862209,4076.5) (353.8297590862207,4076.5) (353.8297590862207,4102.5) (354.8297590862205,4102.5) (354.8297590862205,4128.5) (355.8297590862203,4128.5) (355.8297590862203,4154.5) (356.8297590862202,4154.5) (356.8297590862202,4180.5) (357.82975908622,4180.5) (357.82975908622,4206.5) (358.8297590862198,4206.5) (358.8297590862198,4232.5) (359.8297590862197,4232.5) (359.8297590862197,4258.5) (360.8297590862195,4258.5) (360.8297590862195,4284.5) (361.8297590862193,4284.5) (361.8297590862193,4310.5) (362.8297590862192,4310.5) (362.8297590862192,4336.5) (363.829759086219,4336.5) (363.829759086219,4362.5) (364.8297590862188,4362.5) (364.8297590862188,4388.5) (365.8297590862186,4388.5) (365.8297590862186,4416.265463717128) (366.8297590862185,4416.265463717128) (366.8297590862185,4415.530927434256) (367.8297590862183,4415.530927434256) (367.8297590862183,4414.796391151384) (368.8297590862181,4414.796391151384) (368.8297590862181,4414.061854868512) (369.829759086218,4414.061854868512) (369.829759086218,4413.327318585641) (370.8297590862178,4413.327318585641) (370.8297590862178,4412.592782302769) (371.8297590862176,4412.592782302769) (371.8297590862176,4411.858246019897) (372.8297590862175,4411.858246019897) (372.8297590862175,4411.123709737025) (373.8297590862173,4411.123709737025) (373.8297590862173,4410.389173454153) (374.8297590862171,4410.389173454153) (374.8297590862171,4409.654637171281) (375.8297590862169,4409.654637171281) (375.8297590862169,4408.920100888409) (376.8297590862168,4408.920100888409) (376.8297590862168,4408.185564605537) (377.8297590862166,4408.185564605537) (377.8297590862166,4407.451028322665) (378.8297590862164,4407.451028322665) (378.8297590862164,4406.716492039794) (379.8297590862163,4406.716492039794) (379.8297590862163,4405.981955756922) (380.8297590862161,4405.981955756922) (380.8297590862161,4405.24741947405) (381.8297590862159,4405.24741947405) (381.8297590862159,4404.512883191178) (382.8297590862157,4404.512883191178) (382.8297590862157,4403.778346908306) (383.8297590862156,4403.778346908306) (383.8297590862156,4403.043810625434) (384.8297590862154,4403.043810625434) (384.8297590862154,4402.309274342562) (385.8297590862152,4402.309274342562) (385.8297590862152,4401.57473805969) (386.8297590862151,4401.57473805969) (386.8297590862151,4400.840201776819) (700,4400.840201776819)
humanPositionY[0]:
[0]: (0,0) (0,163.5) (1,163.5) (1,188.9679078844919) (202.8297590862418,188.9679078844919) (202.8297590862418,188.479046668909) (203.8297590862418,188.479046668909) (203.8297590862418,187.9901854533261) (204.8297590862418,187.9901854533261) (204.8297590862418,187.5013242377432) (205.8297590862418,187.5013242377432) (205.8297590862418,187.0124630221603) (206.8297590862418,187.0124630221603) (206.8297590862418,186.5236018065774) (207.8297590862418,186.5236018065774) (207.8297590862418,186.0347405909945) (208.8297590862418,186.0347405909945) (208.8297590862418,185.5458793754117) (209.8297590862418,185.5458793754117) (209.8297590862418,185.0570181598288) (210.8297590862418,185.0570181598288) (210.8297590862418,184.5681569442459) (211.8297590862417,184.5681569442459) (211.8297590862417,184.079295728663) (212.8297590862416,184.079295728663) (212.8297590862416,183.5904345130801) (213.8297590862415,183.5904345130801) (213.8297590862415,183.1015732974972) (214.8297590862414,183.1015732974972) (214.8297590862414,182.6127120819143) (215.8297590862412,182.6127120819143) (215.8297590862412,182.1238508663315) (216.8297590862411,182.1238508663315) (216.8297590862411,181.6349896507486) (217.829759086241,181.6349896507486) (217.829759086241,181.1461284351657) (218.8297590862409,181.1461284351657) (218.8297590862409,180.6572672195828) (219.8297590862408,180.6572672195828) (219.8297590862408,180.1684060039999) (220.8297590862407,180.1684060039999) (220.8297590862407,179.679544788417) (221.8297590862406,179.679544788417) (221.8297590862406,179.1906835728341) (222.8297590862404,179.1906835728341) (222.8297590862404,178.7018223572512) (223.8297590862403,178.7018223572512) (223.8297590862403,178.2129611416684) (224.8297590862402,178.2129611416684) (224.8297590862402,177.7240999260855) (225.8297590862401,177.7240999260855) (225.8297590862401,177.2352387105026) (226.82975908624,177.2352387105026) (226.82975908624,176.7463774949197) (227.8297590862399,176.7463774949197) (227.8297590862399,176.2575162793368) (228.8297590862398,176.2575162793368) (228.8297590862398,175.7686550637539) (229.8297590862396,175.7686550637539) (229.8297590862396,175.279793848171) (230.8297590862395,175.279793848171) (230.8297590862395,174.7909326325882) (231.8297590862394,174.7909326325882) (231.8297590862394,174.3020714170053) (232.8297590862393,174.3020714170053) (232.8297590862393,173.8132102014224) (233.8297590862392,173.8132102014224) (233.8297590862392,173.3243489858395) (234.8297590862391,173.3243489858395) (234.8297590862391,172.8354877702566) (235.829759086239,172.8354877702566) (235.829759086239,172.3466265546737) (236.8297590862389,172.3466265546737) (236.8297590862389,171.8577653390908) (237.8297590862387,171.8577653390908) (237.8297590862387,171.3689041235079) (238.8297590862386,171.3689041235079) (238.8297590862386,170.8800429079251) (239.8297590862385,170.8800429079251) (239.8297590862385,170.3911816923422) (240.8297590862384,170.3911816923422) (240.8297590862384,169.9023204767593) (241.8297590862383,169.9023204767593) (241.8297590862383,169.4134592611764) (242.8297590862382,169.4134592611764) (242.8297590862382,168.9245980455935) (243.8297590862381,168.9245980455935) (243.8297590862381,168.4357368300106) (244.8297590862379,168.4357368300106) (244.8297590862379,167.9468756144277) (245.8297590862378,167.9468756144277) (245.8297590862378,167.4580143988449) (246.8297590862377,167.4580143988449) (246.8297590862377,166.969153183262) (247.8297590862376,166.969153183262) (247.8297590862376,166.4802919676791) (248.8297590862375,166.4802919676791) (248.8297590862375,165.9914307520962) (249.8297590862374,165.9914307520962) (249.8297590862374,165.5025695365133) (250.8297590862373,165.5025695365133) (250.8297590862373,165.0137083209304) (251.8297590862371,165.0137083209304) (251.8297590862371,164.5248471053475) (252.829759086237,164.5248471053475) (252.829759086237,164.0359858897646) (253.8297590862369,164.0359858897646) (253.8297590862369,163.5) (365.8297590862186,163.5) (365.8297590862186,189.4896220913107) (366.8297590862185,189.4896220913107) (366.8297590862185,215.4792441826214) (367.8297590862183,215.4792441826214) (367.8297590862183,241.4688662739321) (368.8297590862181,241.4688662739321) (368.8297590862181,267.4584883652428) (369.829759086218,267.4584883652428) (369.829759086218,293.4481104565535) (370.8297590862178,293.4481104565535) (370.8297590862178,319.4377325478642) (371.8297590862176,319.4377325478642) (371.8297590862176,345.427354639175) (372.8297590862175,345.427354639175) (372.8297590862175,371.4169767304857) (373.8297590862173,371.4169767304857) (373.8297590862173,397.4065988217964) (374.8297590862171,397.4065988217964) (374.8297590862171,423.3962209131071) (375.8297590862169,423.3962209131071) (375.8297590862169,449.3858430044178) (376.8297590862168,449.3858430044178) (376.8297590862168,475.3754650957285) (377.8297590862166,475.3754650957285) (377.8297590862166,501.3650871870392) (378.8297590862164,501.3650871870392) (378.8297590862164,527.3547092783499) (379.8297590862163,527.3547092783499) (379.8297590862163,553.3443313696606) (380.8297590862161,553.3443313696606) (380.8297590862161,579.3339534609713) (381.8297590862159,579.3339534609713) (381.8297590862159,605.323575552282) (382.8297590862157,605.323575552282) (382.8297590862157,631.3131976435927) (383.8297590862156,631.3131976435927) (383.8297590862156,657.3028197349034) (384.8297590862154,657.3028197349034) (384.8297590862154,683.2924418262141) (385.8297590862152,683.2924418262141) (385.8297590862152,709.2820639175249) (386.8297590862151,709.2820639175249) (386.8297590862151,735.2716860088356) (700,735.2716860088356)
robPositionX[0]:
[0]: (0,0) (0,92.5) (2,92.5) (2,97.73313175708738) (13.21190414201798,97.73313175708738) (13.21190414201798,123.7285354798977) (14.23070760450122,123.7285354798977) (14.23070760450122,149.723939202708) (15.23070760450122,149.723939202708) (15.23070760450122,175.7193429255182) (16.23070760450122,175.7193429255182) (16.23070760450122,201.7147466483285) (17.23070760450122,201.7147466483285) (17.23070760450122,227.7101503711388) (18.23070760450122,227.7101503711388) (18.23070760450122,253.7055540939491) (19.23070760450122,253.7055540939491) (19.23070760450122,279.7009578167594) (20.23070760450122,279.7009578167594) (20.23070760450122,305.6963615395697) (21.23070760450122,305.6963615395697) (21.23070760450122,331.69176526238) (22.23070760450122,331.69176526238) (22.23070760450122,357.6871689851903) (23.23070760450122,357.6871689851903) (23.23070760450122,383.6825727080006) (24.23070760450122,383.6825727080006) (24.23070760450122,409.6779764308109) (25.23070760450122,409.6779764308109) (25.23070760450122,435.6733801536212) (26.23070760450122,435.6733801536212) (26.23070760450122,461.6687838764315) (27.23070760450122,461.6687838764315) (27.23070760450122,487.6641875992418) (28.23070760450122,487.6641875992418) (28.23070760450122,513.6595913220521) (29.23070760450122,513.6595913220521) (29.23070760450122,539.6549950448623) (30.23070760450122,539.6549950448623) (30.23070760450122,565.6503987676725) (31.23070760450122,565.6503987676725) (31.23070760450122,591.6458024904828) (32.23070760450122,591.6458024904828) (32.23070760450122,617.641206213293) (33.23070760450122,617.641206213293) (33.23070760450122,643.6366099361032) (34.23070760450122,643.6366099361032) (34.23070760450122,669.6320136589135) (35.23070760450122,669.6320136589135) (35.23070760450122,695.6274173817237) (36.23070760450122,695.6274173817237) (36.23070760450122,721.622821104534) (37.23070760450122,721.622821104534) (37.23070760450122,747.6182248273442) (38.23070760450122,747.6182248273442) (38.23070760450122,773.6136285501544) (39.23070760450122,773.6136285501544) (39.23070760450122,799.6090322729647) (40.23070760450122,799.6090322729647) (40.23070760450122,825.6044359957749) (41.23070760450122,825.6044359957749) (41.23070760450122,851.5998397185851) (42.23070760450122,851.5998397185851) (42.23070760450122,877.5952434413954) (43.23070760450122,877.5952434413954) (43.23070760450122,903.5906471642056) (44.23070760450122,903.5906471642056) (44.23070760450122,929.5860508870159) (45.23070760450122,929.5860508870159) (45.23070760450122,955.5814546098261) (46.23070760450123,955.5814546098261) (46.23070760450123,981.5768583326363) (47.23070760450123,981.5768583326363) (47.23070760450123,1007.572262055447) (48.23070760450123,1007.572262055447) (48.23070760450123,1033.567665778257) (49.23070760450123,1033.567665778257) (49.23070760450123,1059.563069501067) (50.23070760450123,1059.563069501067) (50.23070760450123,1085.558473223878) (51.23070760450123,1085.558473223878) (51.23070760450123,1111.553876946688) (52.23070760450123,1111.553876946688) (52.23070760450123,1137.549280669498) (53.23070760450123,1137.549280669498) (53.23070760450123,1163.544684392309) (54.23070760450123,1163.544684392309) (54.23070760450123,1189.540088115119) (55.23070760450123,1189.540088115119) (55.23070760450123,1215.535491837929) (56.23070760450123,1215.535491837929) (56.23070760450123,1241.53089556074) (57.23070760450123,1241.53089556074) (57.23070760450123,1267.52629928355) (58.23070760450123,1267.52629928355) (58.23070760450123,1293.52170300636) (59.23070760450123,1293.52170300636) (59.23070760450123,1319.517106729171) (60.23070760450123,1319.517106729171) (60.23070760450123,1345.512510451981) (61.23070760450123,1345.512510451981) (61.23070760450123,1371.507914174791) (62.23070760450123,1371.507914174791) (62.23070760450123,1397.503317897602) (63.23070760450123,1397.503317897602) (63.23070760450123,1423.498721620412) (64.23070760450121,1423.498721620412) (64.23070760450121,1452) (65.23070760450121,1452) (65.23070760450121,1478) (66.23070760450121,1478) (66.23070760450121,1504) (67.23070760450121,1504) (67.23070760450121,1530) (68.23070760450121,1530) (68.23070760450121,1556) (69.23070760450121,1556) (69.23070760450121,1582) (70.23070760450121,1582) (70.23070760450121,1608) (71.23070760450121,1608) (71.23070760450121,1634) (72.23070760450121,1634) (72.23070760450121,1660) (73.23070760450121,1660) (73.23070760450121,1686) (74.23070760450121,1686) (74.23070760450121,1712) (75.23070760450121,1712) (75.23070760450121,1738) (76.23070760450121,1738) (76.23070760450121,1764) (77.23070760450121,1764) (77.23070760450121,1790) (78.23070760450121,1790) (78.23070760450121,1816) (79.23070760450121,1816) (79.23070760450121,1842) (80.23070760450121,1842) (80.23070760450121,1868) (81.23070760450121,1868) (81.23070760450121,1894) (82.23070760450121,1894) (82.23070760450121,1920) (83.23070760450121,1920) (83.23070760450121,1946) (84.23070760450121,1946) (84.23070760450121,1972) (85.23070760450121,1972) (85.23070760450121,1998) (86.23070760450121,1998) (86.23070760450121,2024) (87.23070760450121,2024) (87.23070760450121,2050) (88.23070760450121,2050) (88.23070760450121,2076) (89.23070760450121,2076) (89.23070760450121,2102) (90.23070760450121,2102) (90.23070760450121,2128) (91.23070760450121,2128) (91.23070760450121,2154) (92.23070760450121,2154) (92.23070760450121,2180) (93.23070760450121,2180) (93.23070760450121,2206) (94.23070760450121,2206) (94.23070760450121,2232) (95.23070760450121,2232) (95.23070760450121,2258) (96.23070760450121,2258) (96.23070760450121,2284) (97.23070760450121,2284) (97.23070760450121,2310) (98.23070760450121,2310) (98.23070760450121,2336) (99.23070760450121,2336) (99.23070760450121,2362) (100.2307076045012,2362) (100.2307076045012,2388) (101.2307076045012,2388) (101.2307076045012,2414) (102.2307076045012,2414) (102.2307076045012,2440) (103.2307076045012,2440) (103.2307076045012,2466) (104.2307076045012,2466) (104.2307076045012,2492) (105.2307076045012,2492) (105.2307076045012,2518) (106.2307076045012,2518) (106.2307076045012,2544) (107.2307076045012,2544) (107.2307076045012,2570) (108.2307076045012,2570) (108.2307076045012,2596) (109.2307076045012,2596) (109.2307076045012,2622) (110.2307076045012,2622) (110.2307076045012,2648) (111.2307076045012,2648) (111.2307076045012,2674) (112.2307076045012,2674) (112.2307076045012,2700) (113.2307076045012,2700) (113.2307076045012,2726) (114.2307076045012,2726) (114.2307076045012,2752) (115.2307076045012,2752) (115.2307076045012,2778) (116.2307076045012,2778) (116.2307076045012,2804) (117.2307076045012,2804) (117.2307076045012,2830) (118.2307076045012,2830) (118.2307076045012,2856) (119.2307076045012,2856) (119.2307076045012,2882) (120.2307076045012,2882) (120.2307076045012,2908) (121.2307076045012,2908) (121.2307076045012,2934) (122.2307076045012,2934) (122.2307076045012,2960) (123.2307076045012,2960) (123.2307076045012,2986) (124.2307076045012,2986) (124.2307076045012,3012) (125.2307076045012,3012) (125.2307076045012,3038) (126.2307076045012,3038) (126.2307076045012,3062.5) (127.2307076045012,3062.5) (127.2307076045012,3088.5) (128.2307076045012,3088.5) (128.2307076045012,3114.5) (129.2307076045012,3114.5) (129.2307076045012,3140.5) (130.2307076045012,3140.5) (130.2307076045012,3166.5) (131.2307076045012,3166.5) (131.2307076045012,3192.5) (132.2307076045012,3192.5) (132.2307076045012,3218.5) (133.2307076045012,3218.5) (133.2307076045012,3244.5) (134.2307076045012,3244.5) (134.2307076045012,3270.5) (135.2307076045012,3270.5) (135.2307076045012,3296.5) (136.2307076045012,3296.5) (136.2307076045012,3322.5) (137.2307076045012,3322.5) (137.2307076045012,3348.5) (138.2307076045012,3348.5) (138.2307076045012,3374.5) (139.2307076045012,3374.5) (139.2307076045012,3400.5) (140.2307076045012,3400.5) (140.2307076045012,3426.5) (141.2307076045012,3426.5) (141.2307076045012,3452.5) (142.2307076045012,3452.5) (142.2307076045012,3478.5) (143.2307076045012,3478.5) (143.2307076045012,3504.5) (144.2307076045012,3504.5) (144.2307076045012,3530.5) (145.2307076045012,3530.5) (145.2307076045012,3556.5) (146.2307076045012,3556.5) (146.2307076045012,3582.5) (147.2307076045012,3582.5) (147.2307076045012,3608.5) (148.2307076045012,3608.5) (148.2307076045012,3634.5) (149.2307076045012,3634.5) (149.2307076045012,3660.5) (150.2307076045012,3660.5) (150.2307076045012,3686.5) (151.2307076045012,3686.5) (151.2307076045012,3712.5) (152.2307076045012,3712.5) (152.2307076045012,3738.5) (153.2307076045012,3738.5) (153.2307076045012,3764.5) (154.2307076045012,3764.5) (154.2307076045012,3790.5) (155.2307076045012,3790.5) (155.2307076045012,3816.5) (156.2307076045012,3816.5) (156.2307076045012,3842.5) (157.2307076045012,3842.5) (157.2307076045012,3868.5) (158.2307076045012,3868.5) (158.2307076045012,3894.5) (159.2307076045012,3894.5) (159.2307076045012,3920.5) (160.2307076045012,3920.5) (160.2307076045012,3946.5) (161.2307076045012,3946.5) (161.2307076045012,3972.5) (162.2307076045012,3972.5) (162.2307076045012,3998.5) (163.2307076045012,3998.5) (163.2307076045012,4024.5) (164.2307076045012,4024.5) (164.2307076045012,4050.5) (165.2307076045012,4050.5) (165.2307076045012,4076.5) (166.2307076045012,4076.5) (166.2307076045012,4102.5) (167.2307076045012,4102.5) (167.2307076045012,4128.5) (168.2307076045012,4128.5) (168.2307076045012,4154.5) (169.2307076045012,4154.5) (169.2307076045012,4180.5) (170.2307076045012,4180.5) (170.2307076045012,4206.5) (171.2307076045012,4206.5) (171.2307076045012,4232.5) (172.2307076045012,4232.5) (172.2307076045012,4258.5) (173.2307076045012,4258.5) (173.2307076045012,4284.5) (174.2307076045012,4284.5) (174.2307076045012,4310.5) (175.2307076045012,4310.5) (175.2307076045012,4336.5) (176.2307076045012,4336.5) (176.2307076045012,4362.5) (177.2307076045012,4362.5) (177.2307076045012,4388.5) (178.2307076045012,4388.5) (178.2307076045012,4417) (180.8297590862427,4417) (180.8297590862427,4416.265463717128) (181.8297590862427,4416.265463717128) (181.8297590862427,4415.530927434256) (182.8297590862427,4415.530927434256) (182.8297590862427,4414.796391151384) (183.8297590862427,4414.796391151384) (183.8297590862427,4414.061854868512) (184.8297590862427,4414.061854868512) (184.8297590862427,4413.327318585641) (185.8297590862427,4413.327318585641) (185.8297590862427,4412.592782302769) (186.8297590862427,4412.592782302769) (186.8297590862427,4411.858246019897) (187.8297590862427,4411.858246019897) (187.8297590862427,4411.123709737025) (188.8297590862427,4411.123709737025) (188.8297590862427,4410.389173454153) (189.8297590862427,4410.389173454153) (189.8297590862427,4409.654637171281) (190.8297590862427,4409.654637171281) (190.8297590862427,4408.920100888409) (191.8297590862427,4408.920100888409) (191.8297590862427,4408.185564605537) (192.8297590862427,4408.185564605537) (192.8297590862427,4407.451028322665) (193.8297590862427,4407.451028322665) (193.8297590862427,4406.716492039794) (194.8297590862427,4406.716492039794) (194.8297590862427,4405.981955756922) (195.8297590862427,4405.981955756922) (195.8297590862427,4405.24741947405) (196.8297590862427,4405.24741947405) (196.8297590862427,4404.512883191178) (197.8297590862427,4404.512883191178) (197.8297590862427,4403.778346908306) (198.8297590862427,4403.778346908306) (198.8297590862427,4403.043810625434) (199.8297590862427,4403.043810625434) (199.8297590862427,4402.309274342562) (200.8297590862427,4402.309274342562) (200.8297590862427,4401.57473805969) (201.8297590862427,4401.57473805969) (201.8297590862427,4400.840201776819) (700,4400.840201776819)
robPositionY[0]:
[0]: (0,0) (0,163.5) (2,163.5) (2,188.9679078844919) (13.21190414201798,188.9679078844919) (13.21190414201798,188.479046668909) (14.23070760450122,188.479046668909) (14.23070760450122,187.9901854533261) (15.23070760450122,187.9901854533261) (15.23070760450122,187.5013242377432) (16.23070760450122,187.5013242377432) (16.23070760450122,187.0124630221603) (17.23070760450122,187.0124630221603) (17.23070760450122,186.5236018065774) (18.23070760450122,186.5236018065774) (18.23070760450122,186.0347405909945) (19.23070760450122,186.0347405909945) (19.23070760450122,185.5458793754117) (20.23070760450122,185.5458793754117) (20.23070760450122,185.0570181598288) (21.23070760450122,185.0570181598288) (21.23070760450122,184.5681569442459) (22.23070760450122,184.5681569442459) (22.23070760450122,184.079295728663) (23.23070760450122,184.079295728663) (23.23070760450122,183.5904345130801) (24.23070760450122,183.5904345130801) (24.23070760450122,183.1015732974972) (25.23070760450122,183.1015732974972) (25.23070760450122,182.6127120819143) (26.23070760450122,182.6127120819143) (26.23070760450122,182.1238508663315) (27.23070760450122,182.1238508663315) (27.23070760450122,181.6349896507486) (28.23070760450122,181.6349896507486) (28.23070760450122,181.1461284351657) (29.23070760450122,181.1461284351657) (29.23070760450122,180.6572672195828) (30.23070760450122,180.6572672195828) (30.23070760450122,180.1684060039999) (31.23070760450122,180.1684060039999) (31.23070760450122,179.679544788417) (32.23070760450122,179.679544788417) (32.23070760450122,179.1906835728341) (33.23070760450122,179.1906835728341) (33.23070760450122,178.7018223572512) (34.23070760450122,178.7018223572512) (34.23070760450122,178.2129611416684) (35.23070760450122,178.2129611416684) (35.23070760450122,177.7240999260855) (36.23070760450122,177.7240999260855) (36.23070760450122,177.2352387105026) (37.23070760450122,177.2352387105026) (37.23070760450122,176.7463774949197) (38.23070760450122,176.7463774949197) (38.23070760450122,176.2575162793368) (39.23070760450122,176.2575162793368) (39.23070760450122,175.7686550637539) (40.23070760450122,175.7686550637539) (40.23070760450122,175.279793848171) (41.23070760450122,175.279793848171) (41.23070760450122,174.7909326325882) (42.23070760450122,174.7909326325882) (42.23070760450122,174.3020714170053) (43.23070760450122,174.3020714170053) (43.23070760450122,173.8132102014224) (44.23070760450122,173.8132102014224) (44.23070760450122,173.3243489858395) (45.23070760450122,173.3243489858395) (45.23070760450122,172.8354877702566) (46.23070760450123,172.8354877702566) (46.23070760450123,172.3466265546737) (47.23070760450123,172.3466265546737) (47.23070760450123,171.8577653390908) (48.23070760450123,171.8577653390908) (48.23070760450123,171.3689041235079) (49.23070760450123,171.3689041235079) (49.23070760450123,170.8800429079251) (50.23070760450123,170.8800429079251) (50.23070760450123,170.3911816923422) (51.23070760450123,170.3911816923422) (51.23070760450123,169.9023204767593) (52.23070760450123,169.9023204767593) (52.23070760450123,169.4134592611764) (53.23070760450123,169.4134592611764) (53.23070760450123,168.9245980455935) (54.23070760450123,168.9245980455935) (54.23070760450123,168.4357368300106) (55.23070760450123,168.4357368300106) (55.23070760450123,167.9468756144277) (56.23070760450123,167.9468756144277) (56.23070760450123,167.4580143988449) (57.23070760450123,167.4580143988449) (57.23070760450123,166.969153183262) (58.23070760450123,166.969153183262) (58.23070760450123,166.4802919676791) (59.23070760450123,166.4802919676791) (59.23070760450123,165.9914307520962) (60.23070760450123,165.9914307520962) (60.23070760450123,165.5025695365133) (61.23070760450123,165.5025695365133) (61.23070760450123,165.0137083209304) (62.23070760450123,165.0137083209304) (62.23070760450123,164.5248471053475) (63.23070760450123,164.5248471053475) (63.23070760450123,164.0359858897646) (64.23070760450121,164.0359858897646) (64.23070760450121,163.5) (180.8297590862427,163.5) (180.8297590862427,189.4896220913107) (181.8297590862427,189.4896220913107) (181.8297590862427,215.4792441826214) (182.8297590862427,215.4792441826214) (182.8297590862427,241.4688662739321) (183.8297590862427,241.4688662739321) (183.8297590862427,267.4584883652428) (184.8297590862427,267.4584883652428) (184.8297590862427,293.4481104565535) (185.8297590862427,293.4481104565535) (185.8297590862427,319.4377325478642) (186.8297590862427,319.4377325478642) (186.8297590862427,345.427354639175) (187.8297590862427,345.427354639175) (187.8297590862427,371.4169767304857) (188.8297590862427,371.4169767304857) (188.8297590862427,397.4065988217964) (189.8297590862427,397.4065988217964) (189.8297590862427,423.3962209131071) (190.8297590862427,423.3962209131071) (190.8297590862427,449.3858430044178) (191.8297590862427,449.3858430044178) (191.8297590862427,475.3754650957285) (192.8297590862427,475.3754650957285) (192.8297590862427,501.3650871870392) (193.8297590862427,501.3650871870392) (193.8297590862427,527.3547092783499) (194.8297590862427,527.3547092783499) (194.8297590862427,553.3443313696606) (195.8297590862427,553.3443313696606) (195.8297590862427,579.3339534609713) (196.8297590862427,579.3339534609713) (196.8297590862427,605.323575552282) (197.8297590862427,605.323575552282) (197.8297590862427,631.3131976435927) (198.8297590862427,631.3131976435927) (198.8297590862427,657.3028197349034) (199.8297590862427,657.3028197349034) (199.8297590862427,683.2924418262141) (200.8297590862427,683.2924418262141) (200.8297590862427,709.2820639175249) (201.8297590862427,709.2820639175249) (201.8297590862427,735.2716860088356) (700,735.2716860088356)
batteryCharge[0]:
[0]: (0,100) (700,100)
user_guided_transport.end:
[0]: (0,0) (388.8297590862147,0) (388.8297590862147,1) (700,1)
[2K
Verifying formula 5 at /nta/queries/query[5]/formula
 -- Formula: simulate[<=700]{robot_inventory[0][0], user_guided_transport.end*2}
[2K -- Formula is satisfied.
robot_inventory[0][0]:
[0]: (0,0) (9.056101344292983,0) (9.056101344292983,1) (700,1)
user_guided_transport.end * 2:
[0]: (0,0) (386.6739562885409,0) (386.6739562885409,2) (700,2)
[2K
Verifying formula 6 at /nta/queries/query[6]/formula
 -- Formula: simulate[<=700]{bedroom[0], bedroom[1], kitchen[0], kitchen[1]}
[2K -- Formula is satisfied.
bedroom[0]:
[0]: (0,100) (700,100)
bedroom[1]:
[0]: (0,200) (700,200)
kitchen[0]:
[0]: (0,4400) (700,4400)
kitchen[1]:
[0]: (0,765) (700,765)
[2K
Verifying formula 7 at /nta/queries/query[7]/formula
 -- Formula: simulate[<=700]{rm_1.idle, rf_1.idle, rp_1.idle, rd_1.idle}
[2K -- Formula is satisfied.
rm_1.idle:
[0]: (0,0) (0,1) (0,0) (3,0) (3,1) (8.205453677216612,1) (8.205453677216612,0) (199.8233086214405,0) (199.8233086214405,1) (700,1)
rf_1.idle:
[0]: (0,0) (0,1) (700,1)
rp_1.idle:
[0]: (0,0) (0,1) (2,1) (2,0) (8.205453677216612,0) (8.205453677216612,1) (700,1)
rd_1.idle:
[0]: (0,0) (0,1) (700,1)
[2K
Verifying formula 8 at /nta/queries/query[8]/formula
 -- Formula: Pr[<=700](<>!rm_1.idle || !rf_1.idle || !rp_1.idle || !rd_1.idle)
[2K -- Formula is satisfied.
(72/72 runs) Pr(<> …) in [0.950056,1] (95% CI)
Values in [0,0] mean=0 steps=2.22045e-16: 72
[2K
Verifying formula 9 at /nta/queries/query[9]/formula
 -- Formula: Pr[<=700]([] (user_guided_transport.end imply (rm_1.idle && rf_1.idle && rp_1.idle && rd_1.idle)))
 -- Throughput: 679384 runs/sec, Load: 324 runs[K
[2K -- Formula is satisfied.
(72/72 runs) Pr([] …) in [0.950056,1] (95% CI)
[2K
Verifying formula 10 at /nta/queries/query[10]/formula
 -- Formula: Pr[<=700] (<> pow(robPositionX[0] - kitchen[0], 2) + pow(robPositionY[0] - kitchen[1], 2) <= 900 )
[2K -- Formula is satisfied.
(72/72 runs) Pr(<> …) in [0.950056,1] (95% CI)
Values in [197.621,202.398] mean=199.797 steps=0.53085: 10 10 13 4 6 8 9 6 6
[2K
Verifying formula 11 at /nta/queries/query[11]/formula
 -- Formula: Pr[<=700] (<> pow(robPositionX[0] - bedroom[0], 2) + pow(robPositionY[0] - bedroom[1], 2) <= 900 )
[2K -- Formula is satisfied.
(72/72 runs) Pr(<> …) in [0.950056,1] (95% CI)
Values in [2,2] mean=2 steps=2.22045e-16: 72
[2K
Verifying formula 12 at /nta/queries/query[12]/formula
 -- Formula: Pr[<=700] (<> pow(humanPositionX[0] - kitchen[0], 2) + pow(humanPositionY[0] - kitchen[1], 2) <= 900 )
[2K -- Formula is satisfied.
(72/72 runs) Pr(<> …) in [0.950056,1] (95% CI)
Values in [382.622,387.587] mean=385.057 steps=0.55163: 9 7 11 7 9 6 7 6 10
[2K
Verifying formula 13 at /nta/queries/query[13]/formula
 -- Formula: Pr[<=700] (<> pow(humanPositionX[0] - bedroom[0], 2) + pow(humanPositionY[0] - bedroom[1], 2) <= 900 )
[2K -- Formula is satisfied.
(72/72 runs) Pr(<> …) in [0.950056,1] (95% CI)
Values in [1,1] mean=1 steps=2.22045e-16: 72
[2K
Verifying formula 14 at /nta/queries/query[14]/formula
 -- Formula: Pr[<=700] (<> !isValidPosition(humanPositionX[0], humanPositionY[0]))
[2K -- Formula is satisfied.
(72/72 runs) Pr(<> …) in [0.950056,1] (95% CI)
Values in [0,0] mean=0 steps=2.22045e-16: 72
[2K
Verifying formula 15 at /nta/queries/query[15]/formula
 -- Formula: Pr[<=700] (<> !isValidPosition(robPositionX[0], robPositionY[0]))
[2K -- Formula is satisfied.
(72/72 runs) Pr(<> …) in [0.950056,1] (95% CI)
Values in [0,0] mean=0 steps=2.22045e-16: 72
[2K
Verifying formula 16 at /nta/queries/query[16]/formula
 -- Formula: Pr[<=700] (<> currP > 2)
 -- Throughput: 678983 runs/sec, Load: 324 runs[K
[2K -- Formula is satisfied.
(0/72 runs) Pr(<> …) in [0,0.0499441] (95% CI)
