Options for the verification:
  Generating no trace
  Search order is breadth first
  Using conservative space optimisation
  Seed is 1784948932
  State space representation uses minimal constraint systems with future testing
  Using HashMap + Compress integers for discrete state storage
[2K
Verifying formula 1 at /nta/queries/query[1]/formula
 -- Formula: simulate[<=700]{user_guided_transport_human_def.s1_start, user_guided_transport_human_def.s1_end, user_guided_transport_human_def.s2_start, user_guided_transport_human_def.s2_idle, user_guided_transport_human_def.s3_start, user_guided_transport_human_def.s3_end, user_guided_transport.end}
[2K -- Formula is satisfied.
user_guided_transport_human_def.s1_start:
[0]: (0,0) (0,1) (0,0) (700,0)
user_guided_transport_human_def.s1_end:
[0]: (0,0) (1,0) (1,1) (2,1) (2,0) (700,0)
user_guided_transport_human_def.s2_start:
[0]: (0,0) (2,0) (2,1) (2,0) (700,0)
user_guided_transport_human_def.s2_idle:
[0]: (0,0) (2,0) (2,1) (9.596393431537077,1) (9.596393431537077,0) (700,0)
user_guided_transport_human_def.s3_start:
[0]: (0,0) (9.596393431537077,0) (9.596393431537077,1) (9.596393431537077,0) (14.59639343153705,0) (14.59639343153705,1) (14.59639343153705,0) (19.59639343153704,0) (19.59639343153704,1) (19.59639343153704,0) (24.59639343153704,0) (24.59639343153704,1) (24.59639343153704,0) (29.59639343153704,0) (29.59639343153704,1) (29.59639343153704,0) (34.59639343153695,0) (34.59639343153695,1) (34.59639343153695,0) (39.59639343153677,0) (39.59639343153677,1) (39.59639343153677,0) (44.59639343153661,0) (44.59639343153661,1) (44.59639343153661,0) (49.59639343153654,0) (49.59639343153654,1) (49.59639343153654,0) (54.59639343153647,0) (54.59639343153647,1) (54.59639343153647,0) (59.5963934315364,0) (59.5963934315364,1) (59.5963934315364,0) (64.59639343153633,0) (64.59639343153633,1) (64.59639343153633,0) (69.59639343153626,0) (69.59639343153626,1) (69.59639343153626,0) (74.59639343153624,0) (74.59639343153624,1) (74.59639343153624,0) (79.59639343153646,0) (79.59639343153646,1) (79.59639343153646,0) (84.59639343153667,0) (84.59639343153667,1) (84.59639343153667,0) (89.59639343153688,0) (89.59639343153688,1) (89.59639343153688,0) (94.59639343153709,0) (94.59639343153709,1) (94.59639343153709,0) (99.59639343153682,0) (99.59639343153682,1) (99.59639343153682,0) (104.5963934315365,0) (104.5963934315365,1) (104.5963934315365,0) (109.5963934315363,0) (109.5963934315363,1) (109.5963934315363,0) (114.596393431536,0) (114.596393431536,1) (114.596393431536,0) (119.5963934315357,0) (119.5963934315357,1) (119.5963934315357,0) (124.5963934315354,0) (124.5963934315354,1) (124.5963934315354,0) (129.5963934315353,0) (129.5963934315353,1) (129.5963934315353,0) (134.5963934315356,0) (134.5963934315356,1) (134.5963934315356,0) (139.5963934315359,0) (139.5963934315359,1) (139.5963934315359,0) (144.5963934315361,0) (144.5963934315361,1) (144.5963934315361,0) (149.5963934315364,0) (149.5963934315364,1) (149.5963934315364,0) (154.5963934315367,0) (154.5963934315367,1) (154.5963934315367,0) (159.596393431537,0) (159.596393431537,1) (159.596393431537,0) (164.5963934315373,0) (164.5963934315373,1) (164.5963934315373,0) (169.5963934315376,0) (169.5963934315376,1) (169.5963934315376,0) (174.5963934315378,0) (174.5963934315378,1) (174.5963934315378,0) (179.5963934315382,0) (179.5963934315382,1) (179.5963934315382,0) (184.5963934315386,0) (184.5963934315386,1) (184.5963934315386,0) (189.596393431539,0) (189.596393431539,1) (189.596393431539,0) (700,0)
user_guided_transport_human_def.s3_end:
[0]: (0,0) (194.5963934315395,0) (194.5963934315395,1) (200.2142483757647,1) (200.2142483757647,0) (700,0)
user_guided_transport.end:
[0]: (0,0) (202.2142483757638,0) (202.2142483757638,1) (700,1)
[2K
Verifying formula 2 at /nta/queries/query[2]/formula
 -- Formula: simulate[<=700]{user_guided_transport_robot_def.s1_start, user_guided_transport_robot_def.s1_end, user_guided_transport_robot_def.s2_start, user_guided_transport_robot_def.s2_end, user_guided_transport_robot_def.s3_start, user_guided_transport_robot_def.s3_end, user_guided_transport.end}
[2K -- Formula is satisfied.
user_guided_transport_robot_def.s1_start:
[0]: (0,0) (0,1) (0,0) (700,0)
user_guided_transport_robot_def.s1_end:
[0]: (0,0) (2,0) (2,1) (2,0) (700,0)
user_guided_transport_robot_def.s2_start:
[0]: (0,0) (2,0) (2,1) (2,0) (700,0)
user_guided_transport_robot_def.s2_end:
[0]: (0,0) (11.14688586299867,0) (11.14688586299867,1) (11.14688586299867,0) (700,0)
user_guided_transport_robot_def.s3_start:
[0]: (0,0) (11.14688586299867,0) (11.14688586299867,1) (11.14688586299867,0) (700,0)
user_guided_transport_robot_def.s3_end:
[0]: (0,0) (201.764740807228,0) (201.764740807228,1) (201.764740807228,0) (700,0)
user_guided_transport.end:
[0]: (0,0) (203.7647408072272,0) (203.7647408072272,1) (700,1)
[2K
Verifying formula 3 at /nta/queries/query[3]/formula
 -- Formula: Pr[<=700] (<> user_guided_transport.end)
[2K -- Formula is satisfied.
(72/72 runs) Pr(<> …) in [0.950056,1] (95% CI)
Values in [199.754,204.583] mean=202.191 steps=0.536549: 13 5 6 6 7 9 7 12 7
[2K
Verifying formula 4 at /nta/queries/query[4]/formula
 -- Formula: simulate[<=700]{humanPositionX[0], humanPositionY[0], robPositionX[0], robPositionY[0], batteryCharge[0], user_guided_transport.end}
[2K -- Formula is satisfied.
humanPositionX[0]:
[0]: (0,0) (0,92.5) (1,92.5) (1,97.73313175708738) (11.0377299999818,97.73313175708738) (11.0377299999818,123.7285354798977) (12.0377299999818,123.7285354798977) (12.0377299999818,149.723939202708) (13.0377299999818,149.723939202708) (13.0377299999818,175.7193429255182) (14.0377299999818,175.7193429255182) (14.0377299999818,201.7147466483285) (15.0377299999818,201.7147466483285) (15.0377299999818,227.7101503711388) (16.0377299999818,227.7101503711388) (16.0377299999818,253.7055540939491) (17.0377299999818,253.7055540939491) (17.0377299999818,279.7009578167594) (18.0377299999818,279.7009578167594) (18.0377299999818,305.6963615395697) (19.0377299999818,305.6963615395697) (19.0377299999818,331.69176526238) (20.03772999998181,331.69176526238) (20.03772999998181,357.6871689851903) (21.03772999998182,357.6871689851903) (21.03772999998182,383.6825727080006) (22.03772999998183,383.6825727080006) (22.03772999998183,409.6779764308109) (23.03772999998184,409.6779764308109) (23.03772999998184,435.6733801536212) (24.03772999998185,435.6733801536212) (24.03772999998185,461.6687838764315) (25.03772999998186,461.6687838764315) (25.03772999998186,487.6641875992418) (26.03772999998187,487.6641875992418) (26.03772999998187,513.6595913220521) (27.03772999998188,513.6595913220521) (27.03772999998188,539.6549950448623) (28.0377299999819,539.6549950448623) (28.0377299999819,565.6503987676725) (29.03772999998189,565.6503987676725) (29.03772999998189,591.6458024904828) (30.03772999998188,591.6458024904828) (30.03772999998188,617.641206213293) (31.03772999998188,617.641206213293) (31.03772999998188,643.6366099361032) (32.03772999998187,643.6366099361032) (32.03772999998187,669.6320136589135) (33.0377299999819,669.6320136589135) (33.0377299999819,695.6274173817237) (34.03772999998193,695.6274173817237) (34.03772999998193,721.622821104534) (35.03772999998195,721.622821104534) (35.03772999998195,747.6182248273442) (36.03772999998198,747.6182248273442) (36.03772999998198,773.6136285501544) (37.03772999998201,773.6136285501544) (37.03772999998201,799.6090322729647) (38.03772999998203,799.6090322729647) (38.03772999998203,825.6044359957749) (39.03772999998206,825.6044359957749) (39.03772999998206,851.5998397185851) (40.03772999998209,851.5998397185851) (40.03772999998209,877.5952434413954) (41.03772999998212,877.5952434413954) (41.03772999998212,903.5906471642056) (42.03772999998215,903.5906471642056) (42.03772999998215,929.5860508870159) (43.03772999998218,929.5860508870159) (43.03772999998218,955.5814546098261) (44.0377299999822,955.5814546098261) (44.0377299999822,981.5768583326363) (45.03772999998218,981.5768583326363) (45.03772999998218,1007.572262055447) (46.0377299999822,1007.572262055447) (46.0377299999822,1033.567665778257) (47.03772999998221,1033.567665778257) (47.03772999998221,1059.563069501067) (48.03772999998223,1059.563069501067) (48.03772999998223,1085.558473223878) (49.03772999998224,1085.558473223878) (49.03772999998224,1111.553876946688) (50.03772999998225,1111.553876946688) (50.03772999998225,1137.549280669498) (51.03772999998225,1137.549280669498) (51.03772999998225,1163.544684392309) (52.03772999998225,1163.544684392309) (52.03772999998225,1189.540088115119) (53.03772999998225,1189.540088115119) (53.03772999998225,1215.535491837929) (54.03772999998225,1215.535491837929) (54.03772999998225,1241.53089556074) (55.03772999998225,1241.53089556074) (55.03772999998225,1267.52629928355) (56.03772999998225,1267.52629928355) (56.03772999998225,1293.52170300636) (57.03772999998225,1293.52170300636) (57.03772999998225,1319.517106729171) (58.03772999998225,1319.517106729171) (58.03772999998225,1345.512510451981) (59.03772999998225,1345.512510451981) (59.03772999998225,1371.507914174791) (60.03772999998225,1371.507914174791) (60.03772999998225,1397.503317897602) (61.03772999998225,1397.503317897602) (61.03772999998225,1423.498721620412) (62.03772999998225,1423.498721620412) (62.03772999998225,1478) (63.03772999998225,1478) (63.03772999998225,1504) (64.03772999998225,1504) (64.03772999998225,1530) (65.03772999998232,1530) (65.03772999998232,1556) (66.03772999998239,1556) (66.03772999998239,1582) (67.03772999998246,1582) (67.03772999998246,1608) (68.03772999998253,1608) (68.03772999998253,1634) (69.0377299999826,1634) (69.0377299999826,1660) (70.03772999998267,1660) (70.03772999998267,1686) (71.03772999998274,1686) (71.03772999998274,1712) (72.03772999998282,1712) (72.03772999998282,1738) (73.03772999998289,1738) (73.03772999998289,1764) (74.03772999998296,1764) (74.03772999998296,1790) (75.03772999998303,1790) (75.03772999998303,1816) (76.0377299999831,1816) (76.0377299999831,1842) (77.03772999998317,1842) (77.03772999998317,1868) (78.03772999998324,1868) (78.03772999998324,1894) (79.03772999998331,1894) (79.03772999998331,1920) (80.03772999998338,1920) (80.03772999998338,1946) (81.03772999998345,1946) (81.03772999998345,1972) (82.03772999998353,1972) (82.03772999998353,1998) (83.0377299999836,1998) (83.0377299999836,2024) (84.03772999998367,2024) (84.03772999998367,2050) (85.03772999998374,2050) (85.03772999998374,2076) (86.03772999998381,2076) (86.03772999998381,2102) (87.03772999998388,2102) (87.03772999998388,2128) (88.03772999998395,2128) (88.03772999998395,2154) (89.03772999998402,2154) (89.03772999998402,2180) (90.03772999998409,2180) (90.03772999998409,2206) (91.03772999998417,2206) (91.03772999998417,2232) (92.03772999998424,2232) (92.03772999998424,2258) (93.03772999998431,2258) (93.03772999998431,2284) (94.03772999998438,2284) (94.03772999998438,2310) (95.03772999998445,2310) (95.03772999998445,2336) (96.03772999998452,2336) (96.03772999998452,2362) (97.03772999998459,2362) (97.03772999998459,2388) (98.03772999998466,2388) (98.03772999998466,2414) (99.03772999998473,2414) (99.03772999998473,2440) (100.0377299999848,2440) (100.0377299999848,2466) (101.0377299999849,2466) (101.0377299999849,2492) (102.0377299999849,2492) (102.0377299999849,2518) (103.037729999985,2518) (103.037729999985,2544) (104.0377299999851,2544) (104.0377299999851,2570) (105.0377299999852,2570) (105.0377299999852,2596) (106.0377299999852,2596) (106.0377299999852,2622) (107.0377299999853,2622) (107.0377299999853,2648) (108.0377299999854,2648) (108.0377299999854,2674) (109.0377299999854,2674) (109.0377299999854,2700) (110.0377299999855,2700) (110.0377299999855,2726) (111.0377299999856,2726) (111.0377299999856,2752) (112.0377299999857,2752) (112.0377299999857,2778) (113.0377299999857,2778) (113.0377299999857,2804) (114.0377299999858,2804) (114.0377299999858,2830) (115.0377299999859,2830) (115.0377299999859,2856) (116.0377299999859,2856) (116.0377299999859,2882) (117.037729999986,2882) (117.037729999986,2908) (118.0377299999861,2908) (118.0377299999861,2934) (119.0377299999862,2934) (119.0377299999862,2960) (120.0377299999862,2960) (120.0377299999862,2986) (121.0377299999863,2986) (121.0377299999863,3012) (122.0377299999864,3012) (122.0377299999864,3038) (123.0377299999864,3038) (123.0377299999864,3088.5) (124.0377299999865,3088.5) (124.0377299999865,3114.5) (125.0377299999866,3114.5) (125.0377299999866,3140.5) (126.0377299999867,3140.5) (126.0377299999867,3166.5) (127.0377299999867,3166.5) (127.0377299999867,3192.5) (128.0377299999868,3192.5) (128.0377299999868,3218.5) (129.0377299999869,3218.5) (129.0377299999869,3244.5) (130.0377299999869,3244.5) (130.0377299999869,3270.5) (131.037729999987,3270.5) (131.037729999987,3296.5) (132.037729999987,3296.5) (132.037729999987,3322.5) (133.0377299999871,3322.5) (133.0377299999871,3348.5) (134.0377299999871,3348.5) (134.0377299999871,3374.5) (135.0377299999872,3374.5) (135.0377299999872,3400.5) (136.0377299999872,3400.5) (136.0377299999872,3426.5) (137.0377299999873,3426.5) (137.0377299999873,3452.5) (138.0377299999874,3452.5) (138.0377299999874,3478.5) (139.0377299999874,3478.5) (139.0377299999874,3504.5) (140.0377299999875,3504.5) (140.0377299999875,3530.5) (141.0377299999875,3530.5) (141.0377299999875,3556.5) (142.0377299999876,3556.5) (142.0377299999876,3582.5) (143.0377299999876,3582.5) (143.0377299999876,3608.5) (144.0377299999877,3608.5) (144.0377299999877,3634.5) (145.0377299999878,3634.5) (145.0377299999878,3660.5) (146.0377299999878,3660.5) (146.0377299999878,3686.5) (147.0377299999879,3686.5) (147.0377299999879,3712.5) (148.0377299999879,3712.5) (148.0377299999879,3738.5) (149.037729999988,3738.5) (149.037729999988,3764.5) (150.037729999988,3764.5) (150.037729999988,3790.5) (151.0377299999881,3790.5) (151.0377299999881,3816.5) (152.0377299999882,3816.5) (152.0377299999882,3842.5) (153.0377299999882,3842.5) (153.0377299999882,3868.5) (154.0377299999883,3868.5) (154.0377299999883,3894.5) (155.0377299999883,3894.5) (155.0377299999883,3920.5) (156.0377299999884,3920.5) (156.0377299999884,3946.5) (157.0377299999884,3946.5) (157.0377299999884,3972.5) (158.0377299999885,3972.5) (158.0377299999885,3998.5) (159.0377299999886,3998.5) (159.0377299999886,4024.5) (160.0377299999886,4024.5) (160.0377299999886,4050.5) (161.0377299999887,4050.5) (161.0377299999887,4076.5) (162.0377299999887,4076.5) (162.0377299999887,4102.5) (163.0377299999888,4102.5) (163.0377299999888,4128.5) (164.0377299999888,4128.5) (164.0377299999888,4154.5) (165.0377299999889,4154.5) (165.0377299999889,4180.5) (166.037729999989,4180.5) (166.037729999989,4206.5) (167.037729999989,4206.5) (167.037729999989,4232.5) (168.0377299999891,4232.5) (168.0377299999891,4258.5) (169.0377299999891,4258.5) (169.0377299999891,4284.5) (170.0377299999892,4284.5) (170.0377299999892,4310.5) (171.0377299999892,4310.5) (171.0377299999892,4336.5) (172.0377299999893,4336.5) (172.0377299999893,4362.5) (173.0377299999894,4362.5) (173.0377299999894,4388.5) (174.0377299999894,4388.5) (174.0377299999894,4416.265463717128) (175.0377299999895,4416.265463717128) (175.0377299999895,4415.530927434256) (176.0377299999895,4415.530927434256) (176.0377299999895,4414.796391151384) (177.0377299999896,4414.796391151384) (177.0377299999896,4414.061854868512) (178.0377299999896,4414.061854868512) (178.0377299999896,4413.327318585641) (179.0377299999897,4413.327318585641) (179.0377299999897,4412.592782302769) (180.0377299999898,4412.592782302769) (180.0377299999898,4411.858246019897) (181.0377299999899,4411.858246019897) (181.0377299999899,4411.123709737025) (182.03772999999,4411.123709737025) (182.03772999999,4410.389173454153) (183.0377299999901,4410.389173454153) (183.0377299999901,4409.654637171281) (184.0377299999901,4409.654637171281) (184.0377299999901,4408.920100888409) (185.0377299999902,4408.920100888409) (185.0377299999902,4408.185564605537) (186.0377299999903,4408.185564605537) (186.0377299999903,4407.451028322665) (187.0377299999904,4407.451028322665) (187.0377299999904,4406.716492039794) (188.0377299999905,4406.716492039794) (188.0377299999905,4405.981955756922) (189.0377299999906,4405.981955756922) (189.0377299999906,4405.24741947405) (190.0377299999907,4405.24741947405) (190.0377299999907,4404.512883191178) (191.0377299999907,4404.512883191178) (191.0377299999907,4403.778346908306) (192.0377299999908,4403.778346908306) (192.0377299999908,4403.043810625434) (193.0377299999909,4403.043810625434) (193.0377299999909,4402.309274342562) (194.037729999991,4402.309274342562) (194.037729999991,4401.57473805969) (195.0377299999911,4401.57473805969) (195.0377299999911,4400.840201776819) (700,4400.840201776819)
humanPositionY[0]:
[0]: (0,0) (0,163.5) (1,163.5) (1,188.9679078844919) (11.0377299999818,188.9679078844919) (11.0377299999818,188.479046668909) (12.0377299999818,188.479046668909) (12.0377299999818,187.9901854533261) (13.0377299999818,187.9901854533261) (13.0377299999818,187.5013242377432) (14.0377299999818,187.5013242377432) (14.0377299999818,187.0124630221603) (15.0377299999818,187.0124630221603) (15.0377299999818,186.5236018065774) (16.0377299999818,186.5236018065774) (16.0377299999818,186.0347405909945) (17.0377299999818,186.0347405909945) (17.0377299999818,185.5458793754117) (18.0377299999818,185.5458793754117) (18.0377299999818,185.0570181598288) (19.0377299999818,185.0570181598288) (19.0377299999818,184.5681569442459) (20.03772999998181,184.5681569442459) (20.03772999998181,184.079295728663) (21.03772999998182,184.079295728663) (21.03772999998182,183.5904345130801) (22.03772999998183,183.5904345130801) (22.03772999998183,183.1015732974972) (23.03772999998184,183.1015732974972) (23.03772999998184,182.6127120819143) (24.03772999998185,182.6127120819143) (24.03772999998185,182.1238508663315) (25.03772999998186,182.1238508663315) (25.03772999998186,181.6349896507486) (26.03772999998187,181.6349896507486) (26.03772999998187,181.1461284351657) (27.03772999998188,181.1461284351657) (27.03772999998188,180.6572672195828) (28.0377299999819,180.6572672195828) (28.0377299999819,180.1684060039999) (29.03772999998189,180.1684060039999) (29.03772999998189,179.679544788417) (30.03772999998188,179.679544788417) (30.03772999998188,179.1906835728341) (31.03772999998188,179.1906835728341) (31.03772999998188,178.7018223572512) (32.03772999998187,178.7018223572512) (32.03772999998187,178.2129611416684) (33.0377299999819,178.2129611416684) (33.0377299999819,177.7240999260855) (34.03772999998193,177.7240999260855) (34.03772999998193,177.2352387105026) (35.03772999998195,177.2352387105026) (35.03772999998195,176.7463774949197) (36.03772999998198,176.7463774949197) (36.03772999998198,176.2575162793368) (37.03772999998201,176.2575162793368) (37.03772999998201,175.7686550637539) (38.03772999998203,175.7686550637539) (38.03772999998203,175.279793848171) (39.03772999998206,175.279793848171) (39.03772999998206,174.7909326325882) (40.03772999998209,174.7909326325882) (40.03772999998209,174.3020714170053) (41.03772999998212,174.3020714170053) (41.03772999998212,173.8132102014224) (42.03772999998215,173.8132102014224) (42.03772999998215,173.3243489858395) (43.03772999998218,173.3243489858395) (43.03772999998218,172.8354877702566) (44.0377299999822,172.8354877702566) (44.0377299999822,172.3466265546737) (45.03772999998218,172.3466265546737) (45.03772999998218,171.8577653390908) (46.0377299999822,171.8577653390908) (46.0377299999822,171.3689041235079) (47.03772999998221,171.3689041235079) (47.03772999998221,170.8800429079251) (48.03772999998223,170.8800429079251) (48.03772999998223,170.3911816923422) (49.03772999998224,170.3911816923422) (49.03772999998224,169.9023204767593) (50.03772999998225,169.9023204767593) (50.03772999998225,169.4134592611764) (51.03772999998225,169.4134592611764) (51.03772999998225,168.9245980455935) (52.03772999998225,168.9245980455935) (52.03772999998225,168.4357368300106) (53.03772999998225,168.4357368300106) (53.03772999998225,167.9468756144277) (54.03772999998225,167.9468756144277) (54.03772999998225,167.4580143988449) (55.03772999998225,167.4580143988449) (55.03772999998225,166.969153183262) (56.03772999998225,166.969153183262) (56.03772999998225,166.4802919676791) (57.03772999998225,166.4802919676791) (57.03772999998225,165.9914307520962) (58.03772999998225,165.9914307520962) (58.03772999998225,165.5025695365133) (59.03772999998225,165.5025695365133) (59.03772999998225,165.0137083209304) (60.03772999998225,165.0137083209304) (60.03772999998225,164.5248471053475) (61.03772999998225,164.5248471053475) (61.03772999998225,164.0359858897646) (62.03772999998225,164.0359858897646) (62.03772999998225,163.5) (174.0377299999894,163.5) (174.0377299999894,189.4896220913107) (175.0377299999895,189.4896220913107) (175.0377299999895,215.4792441826214) (176.0377299999895,215.4792441826214) (176.0377299999895,241.4688662739321) (177.0377299999896,241.4688662739321) (177.0377299999896,267.4584883652428) (178.0377299999896,267.4584883652428) (178.0377299999896,293.4481104565535) (179.0377299999897,293.4481104565535) (179.0377299999897,319.4377325478642) (180.0377299999898,319.4377325478642) (180.0377299999898,345.427354639175) (181.0377299999899,345.427354639175) (181.0377299999899,371.4169767304857) (182.03772999999,371.4169767304857) (182.03772999999,397.4065988217964) (183.0377299999901,397.4065988217964) (183.0377299999901,423.3962209131071) (184.0377299999901,423.3962209131071) (184.0377299999901,449.3858430044178) (185.0377299999902,449.3858430044178) (185.0377299999902,475.3754650957285) (186.0377299999903,475.3754650957285) (186.0377299999903,501.3650871870392) (187.0377299999904,501.3650871870392) (187.0377299999904,527.3547092783499) (188.0377299999905,527.3547092783499) (188.0377299999905,553.3443313696606) (189.0377299999906,553.3443313696606) (189.0377299999906,579.3339534609713) (190.0377299999907,579.3339534609713) (190.0377299999907,605.323575552282) (191.0377299999907,605.323575552282) (191.0377299999907,631.3131976435927) (192.0377299999908,631.3131976435927) (192.0377299999908,657.3028197349034) (193.0377299999909,657.3028197349034) (193.0377299999909,683.2924418262141) (194.037729999991,683.2924418262141) (194.037729999991,709.2820639175249) (195.0377299999911,709.2820639175249) (195.0377299999911,735.2716860088356) (700,735.2716860088356)
robPositionX[0]:
[0]: (0,0) (0,92.5) (2,92.5) (2,97.73313175708738) (12.0377299999818,97.73313175708738) (12.0377299999818,123.7285354798977) (13.05653346246504,123.7285354798977) (13.05653346246504,149.723939202708) (14.05653346246504,149.723939202708) (14.05653346246504,175.7193429255182) (15.05653346246504,175.7193429255182) (15.05653346246504,201.7147466483285) (16.05653346246504,201.7147466483285) (16.05653346246504,227.7101503711388) (17.05653346246504,227.7101503711388) (17.05653346246504,253.7055540939491) (18.05653346246504,253.7055540939491) (18.05653346246504,279.7009578167594) (19.05653346246504,279.7009578167594) (19.05653346246504,305.6963615395697) (20.05653346246505,305.6963615395697) (20.05653346246505,331.69176526238) (21.05653346246506,331.69176526238) (21.05653346246506,357.6871689851903) (22.05653346246507,357.6871689851903) (22.05653346246507,383.6825727080006) (23.05653346246508,383.6825727080006) (23.05653346246508,409.6779764308109) (24.05653346246509,409.6779764308109) (24.05653346246509,435.6733801536212) (25.0565334624651,435.6733801536212) (25.0565334624651,461.6687838764315) (26.05653346246512,461.6687838764315) (26.05653346246512,487.6641875992418) (27.05653346246513,487.6641875992418) (27.05653346246513,513.6595913220521) (28.05653346246515,513.6595913220521) (28.05653346246515,539.6549950448623) (29.05653346246514,539.6549950448623) (29.05653346246514,565.6503987676725) (30.05653346246513,565.6503987676725) (30.05653346246513,591.6458024904828) (31.05653346246513,591.6458024904828) (31.05653346246513,617.641206213293) (32.05653346246512,617.641206213293) (32.05653346246512,643.6366099361032) (33.05653346246515,643.6366099361032) (33.05653346246515,669.6320136589135) (34.05653346246518,669.6320136589135) (34.05653346246518,695.6274173817237) (35.0565334624652,695.6274173817237) (35.0565334624652,721.622821104534) (36.05653346246523,721.622821104534) (36.05653346246523,747.6182248273442) (37.05653346246526,747.6182248273442) (37.05653346246526,773.6136285501544) (38.05653346246529,773.6136285501544) (38.05653346246529,799.6090322729647) (39.05653346246532,799.6090322729647) (39.05653346246532,825.6044359957749) (40.05653346246535,825.6044359957749) (40.05653346246535,851.5998397185851) (41.05653346246537,851.5998397185851) (41.05653346246537,877.5952434413954) (42.0565334624654,877.5952434413954) (42.0565334624654,903.5906471642056) (43.05653346246543,903.5906471642056) (43.05653346246543,929.5860508870159) (44.05653346246546,929.5860508870159) (44.05653346246546,955.5814546098261) (45.05653346246544,955.5814546098261) (45.05653346246544,981.5768583326363) (46.05653346246545,981.5768583326363) (46.05653346246545,1007.572262055447) (47.05653346246547,1007.572262055447) (47.05653346246547,1033.567665778257) (48.05653346246548,1033.567665778257) (48.05653346246548,1059.563069501067) (49.0565334624655,1059.563069501067) (49.0565334624655,1085.558473223878) (50.0565334624655,1085.558473223878) (50.0565334624655,1111.553876946688) (51.05653346246551,1111.553876946688) (51.05653346246551,1137.549280669498) (52.05653346246551,1137.549280669498) (52.05653346246551,1163.544684392309) (53.05653346246551,1163.544684392309) (53.05653346246551,1189.540088115119) (54.05653346246551,1189.540088115119) (54.05653346246551,1215.535491837929) (55.05653346246551,1215.535491837929) (55.05653346246551,1241.53089556074) (56.05653346246551,1241.53089556074) (56.05653346246551,1267.52629928355) (57.05653346246551,1267.52629928355) (57.05653346246551,1293.52170300636) (58.05653346246551,1293.52170300636) (58.05653346246551,1319.517106729171) (59.05653346246551,1319.517106729171) (59.05653346246551,1345.512510451981) (60.05653346246551,1345.512510451981) (60.05653346246551,1371.507914174791) (61.05653346246551,1371.507914174791) (61.05653346246551,1397.503317897602) (62.05653346246551,1397.503317897602) (62.05653346246551,1423.498721620412) (63.05653346246551,1423.498721620412) (63.05653346246551,1452) (64.05653346246551,1452) (64.05653346246551,1478) (65.05653346246558,1478) (65.05653346246558,1504) (66.05653346246565,1504) (66.05653346246565,1530) (67.05653346246572,1530) (67.05653346246572,1556) (68.05653346246579,1556) (68.05653346246579,1582) (69.05653346246586,1582) (69.05653346246586,1608) (70.05653346246594,1608) (70.05653346246594,1634) (71.05653346246601,1634) (71.05653346246601,1660) (72.05653346246608,1660) (72.05653346246608,1686) (73.05653346246615,1686) (73.05653346246615,1712) (74.05653346246622,1712) (74.05653346246622,1738) (75.05653346246629,1738) (75.05653346246629,1764) (76.05653346246636,1764) (76.05653346246636,1790) (77.05653346246643,1790) (77.05653346246643,1816) (78.0565334624665,1816) (78.0565334624665,1842) (79.05653346246658,1842) (79.05653346246658,1868) (80.05653346246665,1868) (80.05653346246665,1894) (81.05653346246672,1894) (81.05653346246672,1920) (82.05653346246679,1920) (82.05653346246679,1946) (83.05653346246686,1946) (83.05653346246686,1972) (84.05653346246693,1972) (84.05653346246693,1998) (85.056533462467,1998) (85.056533462467,2024) (86.05653346246707,2024) (86.05653346246707,2050) (87.05653346246714,2050) (87.05653346246714,2076) (88.05653346246721,2076) (88.05653346246721,2102) (89.05653346246729,2102) (89.05653346246729,2128) (90.05653346246736,2128) (90.05653346246736,2154) (91.05653346246743,2154) (91.05653346246743,2180) (92.0565334624675,2180) (92.0565334624675,2206) (93.05653346246757,2206) (93.05653346246757,2232) (94.05653346246764,2232) (94.05653346246764,2258) (95.05653346246771,2258) (95.05653346246771,2284) (96.05653346246778,2284) (96.05653346246778,2310) (97.05653346246785,2310) (97.05653346246785,2336) (98.05653346246793,2336) (98.05653346246793,2362) (99.056533462468,2362) (99.056533462468,2388) (100.0565334624681,2388) (100.0565334624681,2414) (101.0565334624681,2414) (101.0565334624681,2440) (102.0565334624682,2440) (102.0565334624682,2466) (103.0565334624683,2466) (103.0565334624683,2492) (104.0565334624684,2492) (104.0565334624684,2518) (105.0565334624684,2518) (105.0565334624684,2544) (106.0565334624685,2544) (106.0565334624685,2570) (107.0565334624686,2570) (107.0565334624686,2596) (108.0565334624686,2596) (108.0565334624686,2622) (109.0565334624687,2622) (109.0565334624687,2648) (110.0565334624688,2648) (110.0565334624688,2674) (111.0565334624688,2674) (111.0565334624688,2700) (112.0565334624689,2700) (112.0565334624689,2726) (113.056533462469,2726) (113.056533462469,2752) (114.0565334624691,2752) (114.0565334624691,2778) (115.0565334624691,2778) (115.0565334624691,2804) (116.0565334624692,2804) (116.0565334624692,2830) (117.0565334624693,2830) (117.0565334624693,2856) (118.0565334624693,2856) (118.0565334624693,2882) (119.0565334624694,2882) (119.0565334624694,2908) (120.0565334624695,2908) (120.0565334624695,2934) (121.0565334624696,2934) (121.0565334624696,2960) (122.0565334624696,2960) (122.0565334624696,2986) (123.0565334624697,2986) (123.0565334624697,3012) (124.0565334624698,3012) (124.0565334624698,3038) (125.0565334624698,3038) (125.0565334624698,3062.5) (126.0565334624699,3062.5) (126.0565334624699,3088.5) (127.05653346247,3088.5) (127.05653346247,3114.5) (128.05653346247,3114.5) (128.05653346247,3140.5) (129.0565334624701,3140.5) (129.0565334624701,3166.5) (130.0565334624702,3166.5) (130.0565334624702,3192.5) (131.0565334624702,3192.5) (131.0565334624702,3218.5) (132.0565334624703,3218.5) (132.0565334624703,3244.5) (133.0565334624703,3244.5) (133.0565334624703,3270.5) (134.0565334624704,3270.5) (134.0565334624704,3296.5) (135.0565334624704,3296.5) (135.0565334624704,3322.5) (136.0565334624705,3322.5) (136.0565334624705,3348.5) (137.0565334624706,3348.5) (137.0565334624706,3374.5) (138.0565334624706,3374.5) (138.0565334624706,3400.5) (139.0565334624707,3400.5) (139.0565334624707,3426.5) (140.0565334624707,3426.5) (140.0565334624707,3452.5) (141.0565334624708,3452.5) (141.0565334624708,3478.5) (142.0565334624708,3478.5) (142.0565334624708,3504.5) (143.0565334624709,3504.5) (143.0565334624709,3530.5) (144.056533462471,3530.5) (144.056533462471,3556.5) (145.056533462471,3556.5) (145.056533462471,3582.5) (146.0565334624711,3582.5) (146.0565334624711,3608.5) (147.0565334624711,3608.5) (147.0565334624711,3634.5) (148.0565334624712,3634.5) (148.0565334624712,3660.5) (149.0565334624712,3660.5) (149.0565334624712,3686.5) (150.0565334624713,3686.5) (150.0565334624713,3712.5) (151.0565334624714,3712.5) (151.0565334624714,3738.5) (152.0565334624714,3738.5) (152.0565334624714,3764.5) (153.0565334624715,3764.5) (153.0565334624715,3790.5) (154.0565334624715,3790.5) (154.0565334624715,3816.5) (155.0565334624716,3816.5) (155.0565334624716,3842.5) (156.0565334624716,3842.5) (156.0565334624716,3868.5) (157.0565334624717,3868.5) (157.0565334624717,3894.5) (158.0565334624717,3894.5) (158.0565334624717,3920.5) (159.0565334624718,3920.5) (159.0565334624718,3946.5) (160.0565334624719,3946.5) (160.0565334624719,3972.5) (161.0565334624719,3972.5) (161.0565334624719,3998.5) (162.056533462472,3998.5) (162.056533462472,4024.5) (163.056533462472,4024.5) (163.056533462472,4050.5) (164.0565334624721,4050.5) (164.0565334624721,4076.5) (165.0565334624721,4076.5) (165.0565334624721,4102.5) (166.0565334624722,4102.5) (166.0565334624722,4128.5) (167.0565334624723,4128.5) (167.0565334624723,4154.5) (168.0565334624723,4154.5) (168.0565334624723,4180.5) (169.0565334624724,4180.5) (169.0565334624724,4206.5) (170.0565334624724,4206.5) (170.0565334624724,4232.5) (171.0565334624725,4232.5) (171.0565334624725,4258.5) (172.0565334624725,4258.5) (172.0565334624725,4284.5) (173.0565334624726,4284.5) (173.0565334624726,4310.5) (174.0565334624727,4310.5) (174.0565334624727,4336.5) (175.0565334624727,4336.5) (175.0565334624727,4362.5) (176.0565334624728,4362.5) (176.0565334624728,4388.5) (177.0565334624728,4388.5) (177.0565334624728,4417) (179.6555849442146,4417) (179.6555849442146,4416.265463717128) (180.6555849442146,4416.265463717128) (180.6555849442146,4415.530927434256) (181.6555849442147,4415.530927434256) (181.6555849442147,4414.796391151384) (182.6555849442148,4414.796391151384) (182.6555849442148,4414.061854868512) (183.6555849442149,4414.061854868512) (183.6555849442149,4413.327318585641) (184.655584944215,4413.327318585641) (184.655584944215,4412.592782302769) (185.6555849442151,4412.592782302769) (185.6555849442151,4411.858246019897) (186.6555849442151,4411.858246019897) (186.6555849442151,4411.123709737025) (187.6555849442152,4411.123709737025) (187.6555849442152,4410.389173454153) (188.6555849442153,4410.389173454153) (188.6555849442153,4409.654637171281) (189.6555849442154,4409.654637171281) (189.6555849442154,4408.920100888409) (190.6555849442155,4408.920100888409) (190.6555849442155,4408.185564605537) (191.6555849442156,4408.185564605537) (191.6555849442156,4407.451028322665) (192.6555849442157,4407.451028322665) (192.6555849442157,4406.716492039794) (193.6555849442157,4406.716492039794) (193.6555849442157,4405.981955756922) (194.6555849442158,4405.981955756922) (194.6555849442158,4405.24741947405) (195.6555849442159,4405.24741947405) (195.6555849442159,4404.512883191178) (196.655584944216,4404.512883191178) (196.655584944216,4403.778346908306) (197.6555849442161,4403.778346908306) (197.6555849442161,4403.043810625434) (198.6555849442162,4403.043810625434) (198.6555849442162,4402.309274342562) (199.6555849442163,4402.309274342562) (199.6555849442163,4401.57473805969) (200.6555849442163,4401.57473805969) (200.6555849442163,4400.840201776819) (700,4400.840201776819)
robPositionY[0]:
[0]: (0,0) (0,163.5) (2,163.5) (2,188.9679078844919) (12.0377299999818,188.9679078844919) (12.0377299999818,188.479046668909) (13.05653346246504,188.479046668909) (13.05653346246504,187.9901854533261) (14.05653346246504,187.9901854533261) (14.05653346246504,187.5013242377432) (15.05653346246504,187.5013242377432) (15.05653346246504,187.0124630221603) (16.05653346246504,187.0124630221603) (16.05653346246504,186.5236018065774) (17.05653346246504,186.5236018065774) (17.05653346246504,186.0347405909945) (18.05653346246504,186.0347405909945) (18.05653346246504,185.5458793754117) (19.05653346246504,185.5458793754117) (19.05653346246504,185.0570181598288) (20.05653346246505,185.0570181598288) (20.05653346246505,184.5681569442459) (21.05653346246506,184.5681569442459) (21.05653346246506,184.079295728663) (22.05653346246507,184.079295728663) (22.05653346246507,183.5904345130801) (23.05653346246508,183.5904345130801) (23.05653346246508,183.1015732974972) (24.05653346246509,183.1015732974972) (24.05653346246509,182.6127120819143) (25.0565334624651,182.6127120819143) (25.0565334624651,182.1238508663315) (26.05653346246512,182.1238508663315) (26.05653346246512,181.6349896507486) (27.05653346246513,181.6349896507486) (27.05653346246513,181.1461284351657) (28.05653346246515,181.1461284351657) (28.05653346246515,180.6572672195828) (29.05653346246514,180.6572672195828) (29.05653346246514,180.1684060039999) (30.05653346246513,180.1684060039999) (30.05653346246513,179.679544788417) (31.05653346246513,179.679544788417) (31.05653346246513,179.1906835728341) (32.05653346246512,179.1906835728341) (32.05653346246512,178.7018223572512) (33.05653346246515,178.7018223572512) (33.05653346246515,178.2129611416684) (34.05653346246518,178.2129611416684) (34.05653346246518,177.7240999260855) (35.0565334624652,177.7240999260855) (35.0565334624652,177.2352387105026) (36.05653346246523,177.2352387105026) (36.05653346246523,176.7463774949197) (37.05653346246526,176.7463774949197) (37.05653346246526,176.2575162793368) (38.05653346246529,176.2575162793368) (38.05653346246529,175.7686550637539) (39.05653346246532,175.7686550637539) (39.05653346246532,175.279793848171) (40.05653346246535,175.279793848171) (40.05653346246535,174.7909326325882) (41.05653346246537,174.7909326325882) (41.05653346246537,174.3020714170053) (42.0565334624654,174.3020714170053) (42.0565334624654,173.8132102014224) (43.05653346246543,173.8132102014224) (43.05653346246543,173.3243489858395) (44.05653346246546,173.3243489858395) (44.05653346246546,172.8354877702566) (45.05653346246544,172.8354877702566) (45.05653346246544,172.3466265546737) (46.05653346246545,172.3466265546737) (46.05653346246545,171.8577653390908) (47.05653346246547,171.8577653390908) (47.05653346246547,171.3689041235079) (48.05653346246548,171.3689041235079) (48.05653346246548,170.8800429079251) (49.0565334624655,170.8800429079251) (49.0565334624655,170.3911816923422) (50.0565334624655,170.3911816923422) (50.0565334624655,169.9023204767593) (51.05653346246551,169.9023204767593) (51.05653346246551,169.4134592611764) (52.05653346246551,169.4134592611764) (52.05653346246551,168.9245980455935) (53.05653346246551,168.9245980455935) (53.05653346246551,168.4357368300106) (54.05653346246551,168.4357368300106) (54.05653346246551,167.9468756144277) (55.05653346246551,167.9468756144277) (55.05653346246551,167.4580143988449) (56.05653346246551,167.4580143988449) (56.05653346246551,166.969153183262) (57.05653346246551,166.969153183262) (57.05653346246551,166.4802919676791) (58.05653346246551,166.4802919676791) (58.05653346246551,165.9914307520962) (59.05653346246551,165.9914307520962) (59.05653346246551,165.5025695365133) (60.05653346246551,165.5025695365133) (60.05653346246551,165.0137083209304) (61.05653346246551,165.0137083209304) (61.05653346246551,164.5248471053475) (62.05653346246551,164.5248471053475) (62.05653346246551,164.0359858897646) (63.05653346246551,164.0359858897646) (63.05653346246551,163.5) (179.6555849442146,163.5) (179.6555849442146,189.4896220913107) (180.6555849442146,189.4896220913107) (180.6555849442146,215.4792441826214) (181.6555849442147,215.4792441826214) (181.6555849442147,241.4688662739321) (182.6555849442148,241.4688662739321) (182.6555849442148,267.4584883652428) (183.6555849442149,267.4584883652428) (183.6555849442149,293.4481104565535) (184.655584944215,293.4481104565535) (184.655584944215,319.4377325478642) (185.6555849442151,319.4377325478642) (185.6555849442151,345.427354639175) (186.6555849442151,345.427354639175) (186.6555849442151,371.4169767304857) (187.6555849442152,371.4169767304857) (187.6555849442152,397.4065988217964) (188.6555849442153,397.4065988217964) (188.6555849442153,423.3962209131071) (189.6555849442154,423.3962209131071) (189.6555849442154,449.3858430044178) (190.6555849442155,449.3858430044178) (190.6555849442155,475.3754650957285) (191.6555849442156,475.3754650957285) (191.6555849442156,501.3650871870392) (192.6555849442157,501.3650871870392) (192.6555849442157,527.3547092783499) (193.6555849442157,527.3547092783499) (193.6555849442157,553.3443313696606) (194.6555849442158,553.3443313696606) (194.6555849442158,579.3339534609713) (195.6555849442159,579.3339534609713) (195.6555849442159,605.323575552282) (196.655584944216,605.323575552282) (196.655584944216,631.3131976435927) (197.6555849442161,631.3131976435927) (197.6555849442161,657.3028197349034) (198.6555849442162,657.3028197349034) (198.6555849442162,683.2924418262141) (199.6555849442163,683.2924418262141) (199.6555849442163,709.2820639175249) (200.6555849442163,709.2820639175249) (200.6555849442163,735.2716860088356) (700,735.2716860088356)
batteryCharge[0]:
[0]: (0,100) (700,100)
user_guided_transport.end:
[0]: (0,0) (202.6555849442155,0) (202.6555849442155,1) (700,1)
[2K
Verifying formula 5 at /nta/queries/query[5]/formula
 -- Formula: simulate[<=700]{robot_inventory[0][0], user_guided_transport.end*2}
[2K -- Formula is satisfied.
robot_inventory[0][0]:
[0]: (0,0) (9.858396417793614,0) (9.858396417793614,1) (700,1)
user_guided_transport.end * 2:
[0]: (0,0) (202.4762513620215,0) (202.4762513620215,2) (700,2)
[2K
Verifying formula 6 at /nta/queries/query[6]/formula
 -- Formula: simulate[<=700]{bedroom[0], bedroom[1], kitchen[0], kitchen[1]}
[2K -- Formula is satisfied.
bedroom[0]:
[0]: (0,100) (700,100)
bedroom[1]:
[0]: (0,200) (700,200)
kitchen[0]:
[0]: (0,4400) (700,4400)
kitchen[1]:
[0]: (0,765) (700,765)
[2K
Verifying formula 7 at /nta/queries/query[7]/formula
 -- Formula: simulate[<=700]{rm_1.idle, rf_1.idle, rp_1.idle, rd_1.idle}
[2K -- Formula is satisfied.
rm_1.idle:
[0]: (0,0) (0,1) (0,0) (3,0) (3,1) (9.550652346646567,1) (9.550652346646567,0) (201.1685072908716,0) (201.1685072908716,1) (700,1)
rf_1.idle:
[0]: (0,0) (0,1) (700,1)
rp_1.idle:
[0]: (0,0) (0,1) (2,1) (2,0) (9.550652346646567,0) (9.550652346646567,1) (700,1)
rd_1.idle:
[0]: (0,0) (0,1) (700,1)
[2K
Verifying formula 8 at /nta/queries/query[8]/formula
 -- Formula: Pr[<=700](<>!rm_1.idle || !rf_1.idle || !rp_1.idle || !rd_1.idle)
[2K -- Formula is satisfied.
(72/72 runs) Pr(<> …) in [0.950056,1] (95% CI)
Values in [0,0] mean=0 steps=2.22045e-16: 72
[2K
Verifying formula 9 at /nta/queries/query[9]/formula
 -- Formula: Pr[<=700]([] (user_guided_transport.end imply (rm_1.idle && rf_1.idle && rp_1.idle && rd_1.idle)))
 -- Throughput: 662165 runs/sec, Load: 327 runs[K
[2K -- Formula is satisfied.
(72/72 runs) Pr([] …) in [0.950056,1] (95% CI)
[2K
Verifying formula 10 at /nta/queries/query[10]/formula
 -- Formula: Pr[<=700] (<> pow(humanPositionX[0] - kitchen[0], 2) + pow(humanPositionY[0] - kitchen[1], 2) <= 900 )
[2K -- Formula is satisfied.
(72/72 runs) Pr(<> …) in [0.950056,1] (95% CI)
Values in [192.02,196.941] mean=194.682 steps=0.546813: 5 2 8 10 8 16 8 13 2
[2K
Verifying formula 11 at /nta/queries/query[11]/formula
 -- Formula: Pr[<=700] (<> pow(humanPositionX[0] - bedroom[0], 2) + pow(humanPositionY[0] - bedroom[1], 2) <= 900 )
[2K -- Formula is satisfied.
(72/72 runs) Pr(<> …) in [0.950056,1] (95% CI)
Values in [1,1] mean=1 steps=2.22045e-16: 72
[2K
Verifying formula 12 at /nta/queries/query[12]/formula
 -- Formula: Pr[<=700] (<> pow(robPositionX[0] - kitchen[0], 2) + pow(robPositionY[0] - kitchen[1], 2) <= 900 )
[2K -- Formula is satisfied.
(72/72 runs) Pr(<> …) in [0.950056,1] (95% CI)
Values in [197.637,202.608] mean=200.157 steps=0.552319: 11 9 5 6 3 14 4 9 11
[2K
Verifying formula 13 at /nta/queries/query[13]/formula
 -- Formula: Pr[<=700] (<> pow(robPositionX[0] - bedroom[0], 2) + pow(robPositionY[0] - bedroom[1], 2) <= 900 )
[2K -- Formula is satisfied.
(72/72 runs) Pr(<> …) in [0.950056,1] (95% CI)
Values in [2,2] mean=2 steps=2.22045e-16: 72
[2K
Verifying formula 14 at /nta/queries/query[14]/formula
 -- Formula: Pr[<=700] (<> !isValidPosition(humanPositionX[0], humanPositionY[0]))
[2K -- Formula is satisfied.
(72/72 runs) Pr(<> …) in [0.950056,1] (95% CI)
Values in [0,0] mean=0 steps=2.22045e-16: 72
[2K
Verifying formula 15 at /nta/queries/query[15]/formula
 -- Formula: Pr[<=700] (<> !isValidPosition(robPositionX[0], robPositionY[0]))
[2K -- Formula is satisfied.
(72/72 runs) Pr(<> …) in [0.950056,1] (95% CI)
Values in [0,0] mean=0 steps=2.22045e-16: 72
[2K
Verifying formula 16 at /nta/queries/query[16]/formula
 -- Formula: Pr[<=700] (<> currP > 2)
 -- Throughput: 653702 runs/sec, Load: 327 runs[K
[2K -- Formula is satisfied.
(0/72 runs) Pr(<> …) in [0,0.0499441] (95% CI)
