Options for the verification:
  Generating no trace
  Search order is breadth first
  Using conservative space optimisation
  Seed is 1783329223
  State space representation uses minimal constraint systems with future testing
  Using HashMap + Compress integers for discrete state storage
[2K
Verifying formula 1 at /nta/queries/query[1]/formula
 -- Formula: simulate[<=700]{user_guided_transport_human1_def.s1_start, user_guided_transport_human1_def.s1_end, user_guided_transport_human1_def.s2_start, user_guided_transport_human1_def.s2_idle, user_guided_transport_human1_def.s3_start, user_guided_transport_human1_def.s3_end, user_guided_transport.end}
[2K -- Formula is satisfied.
user_guided_transport_human1_def.s1_start:
[0]: (0,0) (0,1) (0,0) (700,0)
user_guided_transport_human1_def.s1_end:
[0]: (0,0) (1,0) (1,1) (2,1) (2,0) (700,0)
user_guided_transport_human1_def.s2_start:
[0]: (0,0) (2,0) (2,1) (2,0) (700,0)
user_guided_transport_human1_def.s2_idle:
[0]: (0,0) (2,0) (2,1) (10.65500897870439,1) (10.65500897870439,0) (700,0)
user_guided_transport_human1_def.s3_start:
[0]: (0,0) (10.65500897870439,0) (10.65500897870439,1) (10.65500897870439,0) (15.65500897870437,0) (15.65500897870437,1) (15.65500897870437,0) (20.65500897870438,0) (20.65500897870438,1) (20.65500897870438,0) (25.65500897870441,0) (25.65500897870441,1) (25.65500897870441,0) (30.65500897870445,0) (30.65500897870445,1) (30.65500897870445,0) (35.65500897870436,0) (35.65500897870436,1) (35.65500897870436,0) (40.65500897870422,0) (40.65500897870422,1) (40.65500897870422,0) (45.65500897870407,0) (45.65500897870407,1) (45.65500897870407,0) (50.65500897870416,0) (50.65500897870416,1) (50.65500897870416,0) (55.65500897870429,0) (55.65500897870429,1) (55.65500897870429,0) (60.65500897870444,0) (60.65500897870444,1) (60.65500897870444,0) (65.65500897870459,0) (65.65500897870459,1) (65.65500897870459,0) (70.65500897870473,0) (70.65500897870473,1) (70.65500897870473,0) (75.65500897870481,0) (75.65500897870481,1) (75.65500897870481,0) (80.65500897870454,0) (80.65500897870454,1) (80.65500897870454,0) (85.65500897870426,0) (85.65500897870426,1) (85.65500897870426,0) (90.65500897870398,0) (90.65500897870398,1) (90.65500897870398,0) (95.65500897870368,0) (95.65500897870368,1) (95.65500897870368,0) (100.6550089787034,0) (100.6550089787034,1) (100.6550089787034,0) (105.6550089787031,0) (105.6550089787031,1) (105.6550089787031,0) (110.6550089787028,0) (110.6550089787028,1) (110.6550089787028,0) (115.6550089787025,0) (115.6550089787025,1) (115.6550089787025,0) (120.6550089787023,0) (120.6550089787023,1) (120.6550089787023,0) (125.655008978702,0) (125.655008978702,1) (125.655008978702,0) (130.655008978702,0) (130.655008978702,1) (130.655008978702,0) (135.6550089787023,0) (135.6550089787023,1) (135.6550089787023,0) (140.6550089787026,0) (140.6550089787026,1) (140.6550089787026,0) (145.655008978703,0) (145.655008978703,1) (145.655008978703,0) (150.6550089787034,0) (150.6550089787034,1) (150.6550089787034,0) (155.6550089787038,0) (155.6550089787038,1) (155.6550089787038,0) (160.6550089787043,0) (160.6550089787043,1) (160.6550089787043,0) (165.6550089787047,0) (165.6550089787047,1) (165.6550089787047,0) (170.6550089787051,0) (170.6550089787051,1) (170.6550089787051,0) (175.6550089787056,0) (175.6550089787056,1) (175.6550089787056,0) (180.6550089787059,0) (180.6550089787059,1) (180.6550089787059,0) (185.6550089787063,0) (185.6550089787063,1) (185.6550089787063,0) (190.6550089787067,0) (190.6550089787067,1) (190.6550089787067,0) (700,0)
user_guided_transport_human1_def.s3_end:
[0]: (0,0) (195.6550089787071,0) (195.6550089787071,1) (231.8638756574455,1) (231.8638756574455,0) (700,0)
user_guided_transport.end:
[0]: (0,0) (233.8638756574446,0) (233.8638756574446,1) (700,1)
[2K
Verifying formula 2 at /nta/queries/query[2]/formula
 -- Formula: simulate[<=700]{user_guided_transport_robot1_def.s1_start, user_guided_transport_robot1_def.s1_end, user_guided_transport_robot1_def.s2_start, user_guided_transport_robot1_def.s2_end, user_guided_transport_robot1_def.s3_start, user_guided_transport_robot1_def.s3_end, user_guided_transport.end}
[2K -- Formula is satisfied.
user_guided_transport_robot1_def.s1_start:
[0]: (0,0) (0,1) (0,0) (700,0)
user_guided_transport_robot1_def.s1_end:
[0]: (0,0) (2,0) (2,1) (2,0) (700,0)
user_guided_transport_robot1_def.s2_start:
[0]: (0,0) (2,0) (2,1) (2,0) (700,0)
user_guided_transport_robot1_def.s2_end:
[0]: (0,0) (10.72989933811245,0) (10.72989933811245,1) (10.72989933811245,0) (700,0)
user_guided_transport_robot1_def.s3_start:
[0]: (0,0) (10.72989933811245,0) (10.72989933811245,1) (10.72989933811245,0) (700,0)
user_guided_transport_robot1_def.s3_end:
[0]: (0,0) (231.9575694793357,0) (231.9575694793357,1) (231.9575694793357,0) (700,0)
user_guided_transport.end:
[0]: (0,0) (233.9575694793348,0) (233.9575694793348,1) (700,1)
[2K
Verifying formula 3 at /nta/queries/query[3]/formula
 -- Formula: Pr[<=700] (<> user_guided_transport.end)
[2K -- Formula is satisfied.
(88/89 runs) Pr(<> …) in [0.938982,0.999716] (95% CI)
Values in [230.31,234.939] mean=232.608 steps=0.462967: 7 7 11 9 12 10 10 6 5 11
[2K
Verifying formula 4 at /nta/queries/query[4]/formula
 -- Formula: simulate[<=700]{humanPositionX[0], humanPositionY[0], robPositionX[0], robPositionY[0], batteryCharge[0], user_guided_transport.end}
[2K -- Formula is satisfied.
humanPositionX[0]:
[0]: (0,0) (0,92.5) (1,92.5) (1,97.73313175708738) (8.98901000239672,97.73313175708738) (8.98901000239672,123.7285354798977) (9.989010002396718,123.7285354798977) (9.989010002396718,149.723939202708) (10.98901000239672,149.723939202708) (10.98901000239672,175.7193429255182) (11.98901000239672,175.7193429255182) (11.98901000239672,201.7147466483285) (12.98901000239671,201.7147466483285) (12.98901000239671,227.7101503711388) (13.98901000239671,227.7101503711388) (13.98901000239671,253.7055540939491) (14.98901000239671,253.7055540939491) (14.98901000239671,279.7009578167594) (15.98901000239671,279.7009578167594) (15.98901000239671,305.6963615395697) (16.98901000239671,305.6963615395697) (16.98901000239671,331.69176526238) (17.98901000239671,331.69176526238) (17.98901000239671,357.6871689851903) (18.98901000239671,357.6871689851903) (18.98901000239671,383.6825727080006) (19.98901000239671,383.6825727080006) (19.98901000239671,409.6779764308109) (20.9890100023967,409.6779764308109) (20.9890100023967,435.6733801536212) (21.98901000239669,435.6733801536212) (21.98901000239669,461.6687838764315) (22.98901000239668,461.6687838764315) (22.98901000239668,487.6641875992418) (23.98901000239667,487.6641875992418) (23.98901000239667,513.6595913220521) (24.98901000239666,513.6595913220521) (24.98901000239666,539.6549950448623) (25.98901000239665,539.6549950448623) (25.98901000239665,565.6503987676725) (26.98901000239664,565.6503987676725) (26.98901000239664,591.6458024904828) (27.98901000239663,591.6458024904828) (27.98901000239663,617.641206213293) (28.98901000239662,617.641206213293) (28.98901000239662,643.6366099361032) (29.98901000239661,643.6366099361032) (29.98901000239661,669.6320136589135) (30.9890100023966,669.6320136589135) (30.9890100023966,695.6274173817237) (31.98901000239659,695.6274173817237) (31.98901000239659,721.622821104534) (32.98901000239661,721.622821104534) (32.98901000239661,747.6182248273442) (33.98901000239663,747.6182248273442) (33.98901000239663,773.6136285501544) (34.98901000239665,773.6136285501544) (34.98901000239665,799.6090322729647) (35.98901000239668,799.6090322729647) (35.98901000239668,825.6044359957749) (36.9890100023967,825.6044359957749) (36.9890100023967,851.5998397185851) (37.98901000239672,851.5998397185851) (37.98901000239672,877.5952434413954) (38.98901000239674,877.5952434413954) (38.98901000239674,903.5906471642056) (39.98901000239676,903.5906471642056) (39.98901000239676,929.5860508870159) (40.98901000239678,929.5860508870159) (40.98901000239678,955.5814546098261) (41.9890100023968,955.5814546098261) (41.9890100023968,981.5768583326363) (42.98901000239682,981.5768583326363) (42.98901000239682,1007.572262055447) (43.98901000239685,1007.572262055447) (43.98901000239685,1033.567665778257) (44.98901000239685,1033.567665778257) (44.98901000239685,1059.563069501067) (45.98901000239688,1059.563069501067) (45.98901000239688,1085.558473223878) (46.98901000239691,1085.558473223878) (46.98901000239691,1111.553876946688) (47.98901000239692,1111.553876946688) (47.98901000239692,1137.549280669498) (48.98901000239692,1137.549280669498) (48.98901000239692,1163.544684392309) (49.98901000239693,1163.544684392309) (49.98901000239693,1189.540088115119) (50.98901000239693,1189.540088115119) (50.98901000239693,1215.535491837929) (51.98901000239693,1215.535491837929) (51.98901000239693,1241.53089556074) (52.98901000239693,1241.53089556074) (52.98901000239693,1267.52629928355) (53.98901000239693,1267.52629928355) (53.98901000239693,1293.52170300636) (54.98901000239692,1293.52170300636) (54.98901000239692,1319.517106729171) (55.98901000239692,1319.517106729171) (55.98901000239692,1345.512510451981) (56.98901000239691,1345.512510451981) (56.98901000239691,1371.507914174791) (57.9890100023969,1371.507914174791) (57.9890100023969,1397.503317897602) (58.9890100023969,1397.503317897602) (58.9890100023969,1423.498721620412) (59.98901000239689,1423.498721620412) (59.98901000239689,1478) (60.98901000239689,1478) (60.98901000239689,1504) (61.98901000239689,1504) (61.98901000239689,1530) (62.98901000239689,1530) (62.98901000239689,1556) (63.98901000239688,1556) (63.98901000239688,1582) (64.98901000239695,1582) (64.98901000239695,1608) (65.98901000239702,1608) (65.98901000239702,1634) (66.98901000239709,1634) (66.98901000239709,1660) (67.98901000239717,1660) (67.98901000239717,1686) (68.98901000239724,1686) (68.98901000239724,1712) (69.98901000239729,1712) (69.98901000239729,1738) (70.98901000239735,1738) (70.98901000239735,1764) (71.98901000239742,1764) (71.98901000239742,1790) (72.98901000239748,1790) (72.98901000239748,1816) (73.98901000239755,1816) (73.98901000239755,1842) (74.98901000239762,1842) (74.98901000239762,1868) (75.98901000239769,1868) (75.98901000239769,1894) (76.98901000239776,1894) (76.98901000239776,1920) (77.98901000239783,1920) (77.98901000239783,1946) (78.98901000239789,1946) (78.98901000239789,1972) (79.98901000239796,1972) (79.98901000239796,1998) (80.98901000239802,1998) (80.98901000239802,2024) (81.98901000239808,2024) (81.98901000239808,2050) (82.98901000239813,2050) (82.98901000239813,2076) (83.98901000239819,2076) (83.98901000239819,2102) (84.98901000239825,2102) (84.98901000239825,2128) (85.98901000239832,2128) (85.98901000239832,2154) (86.98901000239837,2154) (86.98901000239837,2180) (87.98901000239844,2180) (87.98901000239844,2206) (88.98901000239852,2206) (88.98901000239852,2232) (89.98901000239857,2232) (89.98901000239857,2258) (90.98901000239864,2258) (90.98901000239864,2284) (91.9890100023987,2284) (91.9890100023987,2310) (92.98901000239876,2310) (92.98901000239876,2336) (93.98901000239881,2336) (93.98901000239881,2362) (94.98901000239887,2362) (94.98901000239887,2388) (95.98901000239894,2388) (95.98901000239894,2414) (96.98901000239901,2414) (96.98901000239901,2440) (97.98901000239908,2440) (97.98901000239908,2466) (98.98901000239916,2466) (98.98901000239916,2492) (99.98901000239923,2492) (99.98901000239923,2518) (100.9890100023993,2518) (100.9890100023993,2544) (101.9890100023994,2544) (101.9890100023994,2570) (102.9890100023994,2570) (102.9890100023994,2596) (103.9890100023995,2596) (103.9890100023995,2622) (104.9890100023996,2622) (104.9890100023996,2648) (105.9890100023997,2648) (105.9890100023997,2674) (106.9890100023997,2674) (106.9890100023997,2700) (107.9890100023998,2700) (107.9890100023998,2726) (108.9890100023999,2726) (108.9890100023999,2752) (109.9890100023999,2752) (109.9890100023999,2778) (110.9890100024,2778) (110.9890100024,2804) (111.9890100024001,2804) (111.9890100024001,2830) (112.9890100024001,2830) (112.9890100024001,2856) (113.9890100024002,2856) (113.9890100024002,2882) (114.9890100024003,2882) (114.9890100024003,2908) (115.9890100024003,2908) (115.9890100024003,2934) (116.9890100024004,2934) (116.9890100024004,2960) (117.9890100024005,2960) (117.9890100024005,2986) (118.9890100024005,2986) (118.9890100024005,3012) (119.9890100024006,3012) (119.9890100024006,3038) (120.9890100024006,3038) (120.9890100024006,3088.5) (121.9890100024007,3088.5) (121.9890100024007,3114.5) (122.9890100024007,3114.5) (122.9890100024007,3140.5) (123.9890100024008,3140.5) (123.9890100024008,3166.5) (124.9890100024009,3166.5) (124.9890100024009,3192.5) (125.9890100024009,3192.5) (125.9890100024009,3218.5) (126.989010002401,3218.5) (126.989010002401,3244.5) (127.989010002401,3244.5) (127.989010002401,3270.5) (128.9890100024011,3270.5) (128.9890100024011,3296.5) (129.9890100024012,3296.5) (129.9890100024012,3322.5) (130.9890100024013,3322.5) (130.9890100024013,3348.5) (131.9890100024014,3348.5) (131.9890100024014,3374.5) (132.9890100024014,3374.5) (132.9890100024014,3400.5) (133.9890100024015,3400.5) (133.9890100024015,3426.5) (134.9890100024016,3426.5) (134.9890100024016,3452.5) (135.9890100024017,3452.5) (135.9890100024017,3478.5) (136.9890100024018,3478.5) (136.9890100024018,3504.5) (137.9890100024019,3504.5) (137.9890100024019,3530.5) (138.989010002402,3530.5) (138.989010002402,3556.5) (139.989010002402,3556.5) (139.989010002402,3582.5) (140.9890100024021,3582.5) (140.9890100024021,3608.5) (141.9890100024022,3608.5) (141.9890100024022,3634.5) (142.9890100024023,3634.5) (142.9890100024023,3660.5) (143.9890100024024,3660.5) (143.9890100024024,3686.5) (144.9890100024025,3686.5) (144.9890100024025,3712.5) (145.9890100024026,3712.5) (145.9890100024026,3738.5) (146.9890100024026,3738.5) (146.9890100024026,3764.5) (147.9890100024027,3764.5) (147.9890100024027,3790.5) (148.9890100024028,3790.5) (148.9890100024028,3816.5) (149.9890100024028,3816.5) (149.9890100024028,3842.5) (150.9890100024029,3842.5) (150.9890100024029,3868.5) (151.9890100024029,3868.5) (151.9890100024029,3894.5) (152.989010002403,3894.5) (152.989010002403,3920.5) (153.9890100024031,3920.5) (153.9890100024031,3946.5) (154.9890100024031,3946.5) (154.9890100024031,3972.5) (155.9890100024032,3972.5) (155.9890100024032,3998.5) (156.9890100024032,3998.5) (156.9890100024032,4024.5) (157.9890100024033,4024.5) (157.9890100024033,4050.5) (158.9890100024033,4050.5) (158.9890100024033,4076.5) (159.9890100024034,4076.5) (159.9890100024034,4102.5) (160.9890100024035,4102.5) (160.9890100024035,4128.5) (161.9890100024035,4128.5) (161.9890100024035,4154.5) (162.9890100024036,4154.5) (162.9890100024036,4180.5) (163.9890100024036,4180.5) (163.9890100024036,4206.5) (164.9890100024037,4206.5) (164.9890100024037,4232.5) (165.9890100024037,4232.5) (165.9890100024037,4258.5) (166.9890100024038,4258.5) (166.9890100024038,4284.5) (167.9890100024039,4284.5) (167.9890100024039,4310.5) (168.9890100024039,4310.5) (168.9890100024039,4336.5) (169.989010002404,4336.5) (169.989010002404,4362.5) (170.989010002404,4362.5) (170.989010002404,4388.5) (171.9890100024041,4388.5) (171.9890100024041,4416.265463717128) (172.9890100024041,4416.265463717128) (172.9890100024041,4415.530927434256) (173.9890100024042,4415.530927434256) (173.9890100024042,4414.796391151384) (174.9890100024043,4414.796391151384) (174.9890100024043,4414.061854868512) (175.9890100024043,4414.061854868512) (175.9890100024043,4413.327318585641) (176.9890100024044,4413.327318585641) (176.9890100024044,4412.592782302769) (177.9890100024045,4412.592782302769) (177.9890100024045,4411.858246019897) (178.9890100024045,4411.858246019897) (178.9890100024045,4411.123709737025) (179.9890100024046,4411.123709737025) (179.9890100024046,4410.389173454153) (180.9890100024046,4410.389173454153) (180.9890100024046,4409.654637171281) (181.9890100024047,4409.654637171281) (181.9890100024047,4408.920100888409) (182.9890100024047,4408.920100888409) (182.9890100024047,4408.185564605537) (183.9890100024048,4408.185564605537) (183.9890100024048,4407.451028322665) (184.9890100024049,4407.451028322665) (184.9890100024049,4406.716492039794) (185.989010002405,4406.716492039794) (185.989010002405,4405.981955756922) (186.989010002405,4405.981955756922) (186.989010002405,4405.24741947405) (187.9890100024051,4405.24741947405) (187.9890100024051,4404.512883191178) (188.9890100024051,4404.512883191178) (188.9890100024051,4403.778346908306) (189.9890100024052,4403.778346908306) (189.9890100024052,4403.043810625434) (190.9890100024053,4403.043810625434) (190.9890100024053,4402.309274342562) (191.9890100024054,4402.309274342562) (191.9890100024054,4401.57473805969) (192.9890100024055,4401.57473805969) (192.9890100024055,4400.840201776819) (700,4400.840201776819)
humanPositionY[0]:
[0]: (0,0) (0,163.5) (1,163.5) (1,188.9679078844919) (8.98901000239672,188.9679078844919) (8.98901000239672,188.479046668909) (9.989010002396718,188.479046668909) (9.989010002396718,187.9901854533261) (10.98901000239672,187.9901854533261) (10.98901000239672,187.5013242377432) (11.98901000239672,187.5013242377432) (11.98901000239672,187.0124630221603) (12.98901000239671,187.0124630221603) (12.98901000239671,186.5236018065774) (13.98901000239671,186.5236018065774) (13.98901000239671,186.0347405909945) (14.98901000239671,186.0347405909945) (14.98901000239671,185.5458793754117) (15.98901000239671,185.5458793754117) (15.98901000239671,185.0570181598288) (16.98901000239671,185.0570181598288) (16.98901000239671,184.5681569442459) (17.98901000239671,184.5681569442459) (17.98901000239671,184.079295728663) (18.98901000239671,184.079295728663) (18.98901000239671,183.5904345130801) (19.98901000239671,183.5904345130801) (19.98901000239671,183.1015732974972) (20.9890100023967,183.1015732974972) (20.9890100023967,182.6127120819143) (21.98901000239669,182.6127120819143) (21.98901000239669,182.1238508663315) (22.98901000239668,182.1238508663315) (22.98901000239668,181.6349896507486) (23.98901000239667,181.6349896507486) (23.98901000239667,181.1461284351657) (24.98901000239666,181.1461284351657) (24.98901000239666,180.6572672195828) (25.98901000239665,180.6572672195828) (25.98901000239665,180.1684060039999) (26.98901000239664,180.1684060039999) (26.98901000239664,179.679544788417) (27.98901000239663,179.679544788417) (27.98901000239663,179.1906835728341) (28.98901000239662,179.1906835728341) (28.98901000239662,178.7018223572512) (29.98901000239661,178.7018223572512) (29.98901000239661,178.2129611416684) (30.9890100023966,178.2129611416684) (30.9890100023966,177.7240999260855) (31.98901000239659,177.7240999260855) (31.98901000239659,177.2352387105026) (32.98901000239661,177.2352387105026) (32.98901000239661,176.7463774949197) (33.98901000239663,176.7463774949197) (33.98901000239663,176.2575162793368) (34.98901000239665,176.2575162793368) (34.98901000239665,175.7686550637539) (35.98901000239668,175.7686550637539) (35.98901000239668,175.279793848171) (36.9890100023967,175.279793848171) (36.9890100023967,174.7909326325882) (37.98901000239672,174.7909326325882) (37.98901000239672,174.3020714170053) (38.98901000239674,174.3020714170053) (38.98901000239674,173.8132102014224) (39.98901000239676,173.8132102014224) (39.98901000239676,173.3243489858395) (40.98901000239678,173.3243489858395) (40.98901000239678,172.8354877702566) (41.9890100023968,172.8354877702566) (41.9890100023968,172.3466265546737) (42.98901000239682,172.3466265546737) (42.98901000239682,171.8577653390908) (43.98901000239685,171.8577653390908) (43.98901000239685,171.3689041235079) (44.98901000239685,171.3689041235079) (44.98901000239685,170.8800429079251) (45.98901000239688,170.8800429079251) (45.98901000239688,170.3911816923422) (46.98901000239691,170.3911816923422) (46.98901000239691,169.9023204767593) (47.98901000239692,169.9023204767593) (47.98901000239692,169.4134592611764) (48.98901000239692,169.4134592611764) (48.98901000239692,168.9245980455935) (49.98901000239693,168.9245980455935) (49.98901000239693,168.4357368300106) (50.98901000239693,168.4357368300106) (50.98901000239693,167.9468756144277) (51.98901000239693,167.9468756144277) (51.98901000239693,167.4580143988449) (52.98901000239693,167.4580143988449) (52.98901000239693,166.969153183262) (53.98901000239693,166.969153183262) (53.98901000239693,166.4802919676791) (54.98901000239692,166.4802919676791) (54.98901000239692,165.9914307520962) (55.98901000239692,165.9914307520962) (55.98901000239692,165.5025695365133) (56.98901000239691,165.5025695365133) (56.98901000239691,165.0137083209304) (57.9890100023969,165.0137083209304) (57.9890100023969,164.5248471053475) (58.9890100023969,164.5248471053475) (58.9890100023969,164.0359858897646) (59.98901000239689,164.0359858897646) (59.98901000239689,163.5) (171.9890100024041,163.5) (171.9890100024041,189.4896220913107) (172.9890100024041,189.4896220913107) (172.9890100024041,215.4792441826214) (173.9890100024042,215.4792441826214) (173.9890100024042,241.4688662739321) (174.9890100024043,241.4688662739321) (174.9890100024043,267.4584883652428) (175.9890100024043,267.4584883652428) (175.9890100024043,293.4481104565535) (176.9890100024044,293.4481104565535) (176.9890100024044,319.4377325478642) (177.9890100024045,319.4377325478642) (177.9890100024045,345.427354639175) (178.9890100024045,345.427354639175) (178.9890100024045,371.4169767304857) (179.9890100024046,371.4169767304857) (179.9890100024046,397.4065988217964) (180.9890100024046,397.4065988217964) (180.9890100024046,423.3962209131071) (181.9890100024047,423.3962209131071) (181.9890100024047,449.3858430044178) (182.9890100024047,449.3858430044178) (182.9890100024047,475.3754650957285) (183.9890100024048,475.3754650957285) (183.9890100024048,501.3650871870392) (184.9890100024049,501.3650871870392) (184.9890100024049,527.3547092783499) (185.989010002405,527.3547092783499) (185.989010002405,553.3443313696606) (186.989010002405,553.3443313696606) (186.989010002405,579.3339534609713) (187.9890100024051,579.3339534609713) (187.9890100024051,605.323575552282) (188.9890100024051,605.323575552282) (188.9890100024051,631.3131976435927) (189.9890100024052,631.3131976435927) (189.9890100024052,657.3028197349034) (190.9890100024053,657.3028197349034) (190.9890100024053,683.2924418262141) (191.9890100024054,683.2924418262141) (191.9890100024054,709.2820639175249) (192.9890100024055,709.2820639175249) (192.9890100024055,735.2716860088356) (700,735.2716860088356)
robPositionX[0]:
[0]: (0,0) (0,92.5) (2,92.5) (2,97.73313175708738) (10.98901000239672,97.73313175708738) (10.98901000239672,123.7285354798977) (11.98901000239672,123.7285354798977) (11.98901000239672,149.723939202708) (13.00781346487996,149.723939202708) (13.00781346487996,175.7193429255182) (14.00781346487996,175.7193429255182) (14.00781346487996,201.7147466483285) (15.00781346487996,201.7147466483285) (15.00781346487996,227.7101503711388) (16.00781346487996,227.7101503711388) (16.00781346487996,253.7055540939491) (17.00781346487995,253.7055540939491) (17.00781346487995,279.7009578167594) (18.00781346487995,279.7009578167594) (18.00781346487995,305.6963615395697) (19.00781346487996,305.6963615395697) (19.00781346487996,331.69176526238) (20.00781346487996,331.69176526238) (20.00781346487996,357.6871689851903) (21.00781346487995,357.6871689851903) (21.00781346487995,383.6825727080006) (22.00781346487994,383.6825727080006) (22.00781346487994,409.6779764308109) (23.00781346487993,409.6779764308109) (23.00781346487993,435.6733801536212) (24.00781346487992,435.6733801536212) (24.00781346487992,461.6687838764315) (25.00781346487991,461.6687838764315) (25.00781346487991,487.6641875992418) (26.0078134648799,487.6641875992418) (26.0078134648799,513.6595913220521) (27.00781346487988,513.6595913220521) (27.00781346487988,539.6549950448623) (28.00781346487987,539.6549950448623) (28.00781346487987,565.6503987676725) (29.00781346487986,565.6503987676725) (29.00781346487986,591.6458024904828) (30.00781346487985,591.6458024904828) (30.00781346487985,617.641206213293) (31.00781346487984,617.641206213293) (31.00781346487984,643.6366099361032) (32.00781346487983,643.6366099361032) (32.00781346487983,669.6320136589135) (33.00781346487985,669.6320136589135) (33.00781346487985,695.6274173817237) (34.00781346487987,695.6274173817237) (34.00781346487987,721.622821104534) (35.0078134648799,721.622821104534) (35.0078134648799,747.6182248273442) (36.00781346487992,747.6182248273442) (36.00781346487992,773.6136285501544) (37.00781346487994,773.6136285501544) (37.00781346487994,799.6090322729647) (38.00781346487996,799.6090322729647) (38.00781346487996,825.6044359957749) (39.00781346487998,825.6044359957749) (39.00781346487998,851.5998397185851) (40.00781346488,851.5998397185851) (40.00781346488,877.5952434413954) (41.00781346488002,877.5952434413954) (41.00781346488002,903.5906471642056) (42.00781346488004,903.5906471642056) (42.00781346488004,929.5860508870159) (43.00781346488007,929.5860508870159) (43.00781346488007,955.5814546098261) (44.00781346488009,955.5814546098261) (44.00781346488009,981.5768583326363) (45.00781346488009,981.5768583326363) (45.00781346488009,1007.572262055447) (46.00781346488012,1007.572262055447) (46.00781346488012,1033.567665778257) (47.00781346488015,1033.567665778257) (47.00781346488015,1059.563069501067) (48.00781346488016,1059.563069501067) (48.00781346488016,1085.558473223878) (49.00781346488017,1085.558473223878) (49.00781346488017,1111.553876946688) (50.00781346488017,1111.553876946688) (50.00781346488017,1137.549280669498) (51.00781346488017,1137.549280669498) (51.00781346488017,1163.544684392309) (52.00781346488017,1163.544684392309) (52.00781346488017,1189.540088115119) (53.00781346488017,1189.540088115119) (53.00781346488017,1215.535491837929) (54.00781346488017,1215.535491837929) (54.00781346488017,1241.53089556074) (55.00781346488017,1241.53089556074) (55.00781346488017,1267.52629928355) (56.00781346488016,1267.52629928355) (56.00781346488016,1293.52170300636) (57.00781346488015,1293.52170300636) (57.00781346488015,1319.517106729171) (58.00781346488014,1319.517106729171) (58.00781346488014,1345.512510451981) (59.00781346488014,1345.512510451981) (59.00781346488014,1371.507914174791) (60.00781346488013,1371.507914174791) (60.00781346488013,1397.503317897602) (61.02054432173928,1397.503317897602) (61.02054432173928,1423.501210954746) (62.02916353941847,1423.501210954746) (62.02916353941847,1449.500245178851) (63.03499898018637,1449.500245178851) (63.03499898018637,1475.499802499311) (64.03894971123464,1475.499802499311) (64.03894971123464,1501.499599591989) (65.04162444365484,1501.499599591989) (65.04162444365484,1527.499506587529) (66.04343529497714,1527.499506587529) (66.04343529497714,1553.499463958168) (67.04466127968541,1553.499463958168) (67.04466127968541,1579.49944441867) (68.04549129713544,1579.49944441867) (68.04549129713544,1605.499435462594) (69.04605323636524,1605.499435462594) (69.04605323636524,1631.49943135751) (70.0464336809986,1631.49943135751) (70.0464336809986,1657.499429475914) (71.04669124998185,1657.499429475914) (71.04669124998185,1683.499428613471) (72.04686562957554,1683.499428613471) (72.04686562957554,1709.499428218164) (73.04698368820983,1709.499428218164) (73.04698368820983,1735.499428036972) (74.04706361637732,1735.499428036972) (74.04706361637732,1761.499427953921) (75.04711772941853,1761.499427953921) (75.04711772941853,1787.499427915854) (76.04715436508029,1787.499427915854) (76.04715436508029,1813.499427898406) (77.04717916819186,1813.499427898406) (77.04717916819186,1839.499427890409) (78.04719596041883,1839.499427890409) (78.04719596041883,1865.499427886743) (79.04720732909672,1865.499427886743) (79.04720732909672,1891.499427885063) (80.0472150259324,1891.499427885063) (80.0472150259324,1917.499427884293) (81.04722023684531,1917.499427884293) (81.04722023684531,1943.499427883939) (82.04722376474052,1943.499427883939) (82.04722376474052,1969.499427883778) (83.04722615320661,1969.499427883778) (83.04722615320661,1995.499427883703) (84.04722777024014,1995.499427883703) (84.04722777024014,2021.499427883669) (85.04722886504464,2021.499427883669) (85.04722886504464,2047.499427883654) (86.04722960621835,2047.499427883654) (86.04722960621835,2073.499427883647) (87.04723010801376,2073.499427883647) (87.04723010801376,2099.499427883643) (88.04723044781259,2099.499427883643) (88.04723044781259,2125.499427883642) (89.04723067817902,2125.499427883642) (89.04723067817902,2151.499427883641) (90.04723083303649,2151.499427883641) (90.04723083303649,2177.499427883641) (91.04723093734469,2177.499427883641) (91.04723093734469,2203.499427883641) (92.04723101034523,2203.499427883641) (92.04723101034523,2229.499427883641) (93.04723105976684,2229.499427883641) (93.04723105976684,2255.499427883641) (94.04723109308691,2255.499427883641) (94.04723109308691,2281.499427883641) (95.0472311141604,2281.499427883641) (95.0472311141604,2307.499427883641) (96.04723111416047,2307.499427883641) (96.04723111416047,2333.499427883641) (97.04723111416054,2333.499427883641) (97.04723111416054,2359.499427883641) (98.04723111416061,2359.499427883641) (98.04723111416061,2385.499427883641) (99.04723111416068,2385.499427883641) (99.04723111416068,2411.499427883641) (100.0472311141608,2411.499427883641) (100.0472311141608,2437.499427883641) (101.0472311141608,2437.499427883641) (101.0472311141608,2463.499427883641) (102.0472311141609,2463.499427883641) (102.0472311141609,2489.499427883641) (103.047231114161,2489.499427883641) (103.047231114161,2515.499427883641) (104.047231114161,2515.499427883641) (104.047231114161,2541.499427883641) (105.0472311141611,2541.499427883641) (105.0472311141611,2567.499427883641) (106.0472311141612,2567.499427883641) (106.0472311141612,2593.499427883641) (107.0472311141612,2593.499427883641) (107.0472311141612,2619.499427883641) (108.0472311141613,2619.499427883641) (108.0472311141613,2645.499427883641) (109.0472311141614,2645.499427883641) (109.0472311141614,2671.499427883641) (110.0472311141615,2671.499427883641) (110.0472311141615,2697.499427883641) (111.0472311141615,2697.499427883641) (111.0472311141615,2723.499427883641) (112.0472311141616,2723.499427883641) (112.0472311141616,2749.499427883641) (113.0472311141617,2749.499427883641) (113.0472311141617,2775.499427883641) (114.0472311141617,2775.499427883641) (114.0472311141617,2801.499427883641) (115.0472311141618,2801.499427883641) (115.0472311141618,2827.499427883641) (116.0472311141619,2827.499427883641) (116.0472311141619,2853.499427883641) (117.0472311141619,2853.499427883641) (117.0472311141619,2879.499427883641) (118.047231114162,2879.499427883641) (118.047231114162,2905.499427883641) (119.047231114162,2905.499427883641) (119.047231114162,2931.499427883641) (120.0472311141621,2931.499427883641) (120.0472311141621,2957.499427883641) (121.0472311141621,2957.499427883641) (121.0472311141621,2983.499427883641) (122.0472311141622,2983.499427883641) (122.0472311141622,3009.499427883641) (123.0472311141623,3009.499427883641) (123.0472311141623,3035.499427883641) (124.0472311141623,3035.499427883641) (124.0472311141623,3061.499427883641) (125.0472311141624,3061.499427883641) (125.0472311141624,3087.499427883641) (126.0472311141624,3087.499427883641) (126.0472311141624,3113.499427883641) (127.0472311141625,3113.499427883641) (127.0472311141625,3139.499427883641) (128.0472311141625,3139.499427883641) (128.0472311141625,3165.499427883641) (129.0472311141626,3165.499427883641) (129.0472311141626,3191.499427883641) (130.0472311141627,3191.499427883641) (130.0472311141627,3217.499427883641) (131.0472311141628,3217.499427883641) (131.0472311141628,3243.499427883641) (132.0472311141629,3243.499427883641) (132.0472311141629,3269.499427883641) (133.047231114163,3269.499427883641) (133.047231114163,3295.499427883641) (134.0472311141631,3295.499427883641) (134.0472311141631,3321.499427883641) (135.0472311141631,3321.499427883641) (135.0472311141631,3347.499427883641) (136.0472311141632,3347.499427883641) (136.0472311141632,3373.499427883641) (137.0472311141633,3373.499427883641) (137.0472311141633,3399.499427883641) (138.0472311141634,3399.499427883641) (138.0472311141634,3425.499427883641) (139.0472311141635,3425.499427883641) (139.0472311141635,3451.499427883641) (140.0472311141636,3451.499427883641) (140.0472311141636,3477.499427883641) (141.0472311141637,3477.499427883641) (141.0472311141637,3503.499427883641) (142.0472311141637,3503.499427883641) (142.0472311141637,3529.499427883641) (143.0472311141638,3529.499427883641) (143.0472311141638,3555.499427883641) (144.0472311141639,3555.499427883641) (144.0472311141639,3581.499427883641) (145.047231114164,3581.499427883641) (145.047231114164,3607.499427883641) (146.0472311141641,3607.499427883641) (146.0472311141641,3633.499427883641) (147.0472311141642,3633.499427883641) (147.0472311141642,3659.499427883641) (148.0472311141642,3659.499427883641) (148.0472311141642,3685.499427883641) (149.0472311141643,3685.499427883641) (149.0472311141643,3711.499427883641) (150.0472311141643,3711.499427883641) (150.0472311141643,3737.499427883641) (151.0472311141644,3737.499427883641) (151.0472311141644,3763.499427883641) (152.0472311141644,3763.499427883641) (152.0472311141644,3789.499427883641) (153.0472311141645,3789.499427883641) (153.0472311141645,3815.499427883641) (154.0472311141646,3815.499427883641) (154.0472311141646,3841.499427883641) (155.0472311141646,3841.499427883641) (155.0472311141646,3867.499427883641) (156.0472311141647,3867.499427883641) (156.0472311141647,3893.499427883641) (157.0472311141647,3893.499427883641) (157.0472311141647,3919.499427883641) (158.0472311141648,3919.499427883641) (158.0472311141648,3945.499427883641) (159.0472311141648,3945.499427883641) (159.0472311141648,3971.499427883641) (160.0472311141649,3971.499427883641) (160.0472311141649,3997.499427883641) (161.047231114165,3997.499427883641) (161.047231114165,4023.499427883641) (162.047231114165,4023.499427883641) (162.047231114165,4049.499427883641) (163.0472311141651,4049.499427883641) (163.0472311141651,4075.499427883641) (164.0472311141651,4075.499427883641) (164.0472311141651,4101.49942788364) (165.0472311141652,4101.49942788364) (165.0472311141652,4127.49942788364) (166.0472311141652,4127.49942788364) (166.0472311141652,4153.49942788364) (167.0472311141653,4153.49942788364) (167.0472311141653,4179.49942788364) (168.0472311141654,4179.49942788364) (168.0472311141654,4205.49942788364) (169.0472311141654,4205.49942788364) (169.0472311141654,4231.49942788364) (170.0472311141655,4231.49942788364) (170.0472311141655,4257.49942788364) (171.0472311141655,4257.49942788364) (171.0472311141655,4283.49942788364) (172.0472311141656,4283.49942788364) (172.0472311141656,4309.49942788364) (173.2860129099205,4309.49942788364) (173.2860129099205,4334.761725317672) (174.802129006834,4334.761725317672) (174.802129006834,4357.375029374853) (176.6009861860074,4357.375029374853) (176.6009861860074,4371.80338971305) (178.7366938293009,4371.80338971305) (178.7366938293009,4380.472858151295) (181.0449922882055,4380.472858151295) (181.0449922882055,4385.010512952947) (183.4711323359518,4385.010512952947) (183.4711323359518,4388.172157803916) (185.9398335639744,4388.172157803916) (185.9398335639744,4390.428283375573) (188.4372005995023,4390.428283375573) (188.4372005995023,4391.835488330516) (190.9616657619551,4391.835488330516) (190.9616657619551,4392.871718959358) (193.4985036000769,4392.871718959358) (193.4985036000769,4393.515439372457) (196.0484588201531,4393.515439372457) (196.0484588201531,4394.057268921059) (198.5984140402293,4394.057268921059) (198.5984140402293,4394.599098469662) (201.1483692603055,4394.599098469662) (201.1483692603055,4395.140928018264) (203.6983244803817,4395.140928018264) (203.6983244803817,4395.682757566867) (206.2482797004579,4395.682757566867) (206.2482797004579,4396.224587115469) (208.7982349205341,4396.224587115469) (208.7982349205341,4396.766416664072) (211.3481901406103,4396.766416664072) (211.3481901406103,4397.308246212675) (213.8981453606864,4397.308246212675) (213.8981453606864,4397.850075761278) (216.4481005807626,4397.850075761278) (216.4481005807626,4398.391905309881) (218.9980558008388,4398.391905309881) (218.9980558008388,4398.933734858484) (221.548011020915,4398.933734858484) (221.548011020915,4399.475564407086) (224.0979662409911,4399.475564407086) (224.0979662409911,4400.01739395569) (226.6479214610673,4400.01739395569) (226.6479214610673,4400.559223504292) (229.1978766811435,4400.559223504292) (229.1978766811435,4400.840201776819) (700,4400.840201776819)
robPositionY[0]:
[0]: (0,0) (0,163.5) (2,163.5) (2,188.9679078844919) (10.98901000239672,188.9679078844919) (10.98901000239672,188.479046668909) (11.98901000239672,188.479046668909) (11.98901000239672,187.9901854533262) (13.00781346487996,187.9901854533262) (13.00781346487996,187.5013242377433) (14.00781346487996,187.5013242377433) (14.00781346487996,187.0124630221605) (15.00781346487996,187.0124630221605) (15.00781346487996,186.5236018065776) (16.00781346487996,186.5236018065776) (16.00781346487996,186.0347405909947) (17.00781346487995,186.0347405909947) (17.00781346487995,185.5458793754118) (18.00781346487995,185.5458793754118) (18.00781346487995,185.0570181598289) (19.00781346487996,185.0570181598289) (19.00781346487996,184.568156944246) (20.00781346487996,184.568156944246) (20.00781346487996,184.0792957286631) (21.00781346487995,184.0792957286631) (21.00781346487995,183.5904345130803) (22.00781346487994,183.5904345130803) (22.00781346487994,183.1015732974974) (23.00781346487993,183.1015732974974) (23.00781346487993,182.6127120819145) (24.00781346487992,182.6127120819145) (24.00781346487992,182.1238508663316) (25.00781346487991,182.1238508663316) (25.00781346487991,181.6349896507487) (26.0078134648799,181.6349896507487) (26.0078134648799,181.1461284351658) (27.00781346487988,181.1461284351658) (27.00781346487988,180.6572672195829) (28.00781346487987,180.6572672195829) (28.00781346487987,180.168406004) (29.00781346487986,180.168406004) (29.00781346487986,179.6795447884172) (30.00781346487985,179.6795447884172) (30.00781346487985,179.1906835728343) (31.00781346487984,179.1906835728343) (31.00781346487984,178.7018223572514) (32.00781346487983,178.7018223572514) (32.00781346487983,178.2129611416685) (33.00781346487985,178.2129611416685) (33.00781346487985,177.7240999260856) (34.00781346487987,177.7240999260856) (34.00781346487987,177.2352387105027) (35.0078134648799,177.2352387105027) (35.0078134648799,176.7463774949198) (36.00781346487992,176.7463774949198) (36.00781346487992,176.257516279337) (37.00781346487994,176.257516279337) (37.00781346487994,175.7686550637541) (38.00781346487996,175.7686550637541) (38.00781346487996,175.2797938481712) (39.00781346487998,175.2797938481712) (39.00781346487998,174.7909326325883) (40.00781346488,174.7909326325883) (40.00781346488,174.3020714170054) (41.00781346488002,174.3020714170054) (41.00781346488002,173.8132102014225) (42.00781346488004,173.8132102014225) (42.00781346488004,173.3243489858396) (43.00781346488007,173.3243489858396) (43.00781346488007,172.8354877702567) (44.00781346488009,172.8354877702567) (44.00781346488009,172.3466265546739) (45.00781346488009,172.3466265546739) (45.00781346488009,171.857765339091) (46.00781346488012,171.857765339091) (46.00781346488012,171.3689041235081) (47.00781346488015,171.3689041235081) (47.00781346488015,170.8800429079252) (48.00781346488016,170.8800429079252) (48.00781346488016,170.3911816923423) (49.00781346488017,170.3911816923423) (49.00781346488017,169.9023204767594) (50.00781346488017,169.9023204767594) (50.00781346488017,169.4134592611765) (51.00781346488017,169.4134592611765) (51.00781346488017,168.9245980455937) (52.00781346488017,168.9245980455937) (52.00781346488017,168.4357368300108) (53.00781346488017,168.4357368300108) (53.00781346488017,167.9468756144279) (54.00781346488017,167.9468756144279) (54.00781346488017,167.458014398845) (55.00781346488017,167.458014398845) (55.00781346488017,166.9691531832621) (56.00781346488016,166.9691531832621) (56.00781346488016,166.4802919676792) (57.00781346488015,166.4802919676792) (57.00781346488015,165.9914307520963) (58.00781346488014,165.9914307520963) (58.00781346488014,165.5025695365134) (59.00781346488014,165.5025695365134) (59.00781346488014,165.0137083209306) (60.00781346488013,165.0137083209306) (60.00781346488013,164.5248471053477) (61.02054432173928,164.5248471053477) (61.02054432173928,164.1938537681208) (62.02916353941847,164.1938537681208) (62.02916353941847,163.969756883213) (63.03499898018637,163.969756883213) (63.03499898018637,163.8180362843253) (64.03894971123464,163.8180362843253) (64.03894971123464,163.7153175442811) (65.04162444365484,163.7153175442811) (65.04162444365484,163.6457745842783) (66.04343529497714,163.6457745842783) (66.04343529497714,163.5986924756321) (67.04466127968541,163.5986924756321) (67.04466127968541,163.566816881204) (68.04549129713544,163.566816881204) (68.04549129713544,163.545236429983) (69.04605323636524,163.545236429983) (69.04605323636524,163.5306260107791) (70.0464336809986,163.5306260107791) (70.0464336809986,163.5207344505516) (71.04669124998185,163.5207344505516) (71.04669124998185,163.5140376570627) (72.04686562957554,163.5140376570627) (72.04686562957554,163.5095037876518) (73.04698368820983,163.5095037876518) (73.04698368820983,163.5064342631685) (74.04706361637732,163.5064342631685) (74.04706361637732,163.5043561308182) (75.04711772941853,163.5043561308182) (75.04711772941853,163.5029491917491) (76.04715436508029,163.5029491917491) (76.04715436508029,163.5019966645455) (77.04717916819186,163.5019966645455) (77.04717916819186,163.5013517836466) (78.04719596041883,163.5013517836466) (78.04719596041883,163.5009151857469) (79.04720732909672,163.5009151857469) (79.04720732909672,163.5006196001235) (80.0472150259324,163.5006196001235) (80.0472150259324,163.5004194823974) (81.04722023684531,163.5004194823974) (81.04722023684531,163.5002839986634) (82.04722376474052,163.5002839986634) (82.04722376474052,163.5001922733894) (83.04722615320661,163.5001922733894) (83.04722615320661,163.5001301732726) (84.04722777024014,163.5001301732726) (84.04722777024014,163.5000881304022) (85.04722886504464,163.5000881304022) (85.04722886504464,163.5000596654866) (86.04722960621835,163.5000596654866) (86.04722960621835,163.5000403949721) (87.04723010801376,163.5000403949721) (87.04723010801376,163.5000273482928) (88.04723044781259,163.5000273482928) (88.04723044781259,163.5000185135251) (89.04723067817902,163.5000185135251) (89.04723067817902,163.5000125239997) (90.04723083303649,163.5000125239997) (90.04723083303649,163.5000084977071) (91.04723093734469,163.5000084977071) (91.04723093734469,163.5000057856957) (92.04723101034523,163.5000057856957) (92.04723101034523,163.5000038876832) (93.04723105976684,163.5000038876832) (93.04723105976684,163.5000026027226) (94.04723109308691,163.5000026027226) (94.04723109308691,163.5000017364024) (95.0472311141604,163.5000017364024) (95.0472311141604,163.5000011884933) (96.04723111416047,163.5000011884933) (96.04723111416047,163.5000006405843) (173.2860129099205,163.5000006405843) (173.2860129099205,169.6494988603188) (174.802129006834,169.6494988603188) (174.802129006834,182.4806515605829) (176.6009861860074,182.4806515605829) (176.6009861860074,204.1098544573876) (178.7366938293009,204.1098544573876) (178.7366938293009,228.6218987825405) (181.0449922882055,228.6218987825405) (181.0449922882055,254.2228692504944) (183.4711323359518,254.2228692504944) (183.4711323359518,280.0299225855101) (185.9398335639744,280.0299225855101) (185.9398335639744,305.9318510350467) (188.4372005995023,305.9318510350467) (188.4372005995023,331.8937418408948) (190.9616657619551,331.8937418408948) (190.9616657619551,357.873084135954) (193.4985036000769,357.873084135954) (193.4985036000769,383.8651141457428) (196.0484588201531,383.8651141457428) (196.0484588201531,409.8594677776426) (198.5984140402293,409.8594677776426) (198.5984140402293,435.8538214095424) (201.1483692603055,435.8538214095424) (201.1483692603055,461.8481750414421) (203.6983244803817,461.8481750414421) (203.6983244803817,487.8425286733419) (206.2482797004579,487.8425286733419) (206.2482797004579,513.8368823052417) (208.7982349205341,513.8368823052417) (208.7982349205341,539.8312359371415) (211.3481901406103,539.8312359371415) (211.3481901406103,565.8255895690413) (213.8981453606864,565.8255895690413) (213.8981453606864,591.8199432009411) (216.4481005807626,591.8199432009411) (216.4481005807626,617.8142968328409) (218.9980558008388,617.8142968328409) (218.9980558008388,643.8086504647407) (221.548011020915,643.8086504647407) (221.548011020915,669.8030040966405) (224.0979662409911,669.8030040966405) (224.0979662409911,695.7973577285403) (226.6479214610673,695.7973577285403) (226.6479214610673,721.7917113604401) (229.1978766811435,721.7917113604401) (229.1978766811435,735.2716860088356) (700,735.2716860088356)
batteryCharge[0]:
[0]: (0,100) (700,100)
user_guided_transport.end:
[0]: (0,0) (231.1978766811426,0) (231.1978766811426,1) (700,1)
[2K
Verifying formula 5 at /nta/queries/query[5]/formula
 -- Formula: simulate[<=700]{robot_inventory[0][0], user_guided_transport.end*2}
[2K -- Formula is satisfied.
robot_inventory[0][0]:
[0]: (0,0) (7.451354961873923,0) (7.451354961873923,1) (700,1)
user_guided_transport.end * 2:
[0]: (0,0) (230.6790251030972,0) (230.6790251030972,2) (700,2)
[2K
Verifying formula 6 at /nta/queries/query[6]/formula
 -- Formula: simulate[<=700]{bedroom[0], bedroom[1], kitchen[0], kitchen[1]}
[2K -- Formula is satisfied.
bedroom[0]:
[0]: (0,100) (700,100)
bedroom[1]:
[0]: (0,200) (700,200)
kitchen[0]:
[0]: (0,4400) (700,4400)
kitchen[1]:
[0]: (0,765) (700,765)
[2K
Verifying formula 7 at /nta/queries/query[7]/formula
 -- Formula: simulate[<=700]{rm_1.idle, rf_1.idle, rp_1.idle, rd_1.idle}
[2K -- Formula is satisfied.
rm_1.idle:
[0]: (0,0) (0,1) (0,0) (3,0) (3,1) (700,1)
rf_1.idle:
[0]: (0,0) (0,1) (8.470347419765453,1) (8.470347419765453,0) (230.6792140985049,0) (230.6792140985049,1) (700,1)
rp_1.idle:
[0]: (0,0) (0,1) (2,1) (2,0) (8.470347419765453,0) (8.470347419765453,1) (700,1)
rd_1.idle:
[0]: (0,0) (0,1) (700,1)
[2K
Verifying formula 8 at /nta/queries/query[8]/formula
 -- Formula: Pr[<=700](<>!rm_1.idle || !rf_1.idle || !rp_1.idle || !rd_1.idle)
[2K -- Formula is satisfied.
(72/72 runs) Pr(<> …) in [0.950056,1] (95% CI)
Values in [0,0] mean=0 steps=2.22045e-16: 72
[2K
Verifying formula 9 at /nta/queries/query[9]/formula
 -- Formula: Pr[<=700]([] (user_guided_transport.end imply (rm_1.idle && rf_1.idle && rp_1.idle && rd_1.idle)))
 -- Throughput: 614414 runs/sec, Load: 330 runs[K
[2K -- Formula is satisfied.
(72/72 runs) Pr([] …) in [0.950056,1] (95% CI)
[2K
Verifying formula 10 at /nta/queries/query[10]/formula
 -- Formula: Pr[<=700] (<> pow(humanPositionX[0] - kitchen[0], 2) + pow(humanPositionY[0] - kitchen[1], 2) <= 900 )
[2K -- Formula is satisfied.
(72/72 runs) Pr(<> …) in [0.950056,1] (95% CI)
Values in [192.087,196.936] mean=194.369 steps=0.538758: 12 12 4 6 9 6 5 9 9
[2K
Verifying formula 11 at /nta/queries/query[11]/formula
 -- Formula: Pr[<=700] (<> pow(humanPositionX[0] - bedroom[0], 2) + pow(humanPositionY[0] - bedroom[1], 2) <= 900 )
[2K -- Formula is satisfied.
(72/72 runs) Pr(<> …) in [0.950056,1] (95% CI)
Values in [1,1] mean=1 steps=2.22045e-16: 72
[2K
Verifying formula 12 at /nta/queries/query[12]/formula
 -- Formula: Pr[<=700] (<> pow(robPositionX[0] - bedroom[0], 2) + pow(robPositionY[0] - bedroom[1], 2) <= 900 )
[2K -- Formula is satisfied.
(72/72 runs) Pr(<> …) in [0.950056,1] (95% CI)
Values in [2,2] mean=2 steps=2.22045e-16: 72
[2K
Verifying formula 13 at /nta/queries/query[13]/formula
 -- Formula: Pr[<=700] (<> !isValidPosition(humanPositionX[0], humanPositionY[0]))
[2K -- Formula is satisfied.
(72/72 runs) Pr(<> …) in [0.950056,1] (95% CI)
Values in [0,0] mean=0 steps=2.22045e-16: 72
[2K
Verifying formula 14 at /nta/queries/query[14]/formula
 -- Formula: Pr[<=700] (<> !isValidPosition(robPositionX[0], robPositionY[0]))
[2K -- Formula is satisfied.
(72/72 runs) Pr(<> …) in [0.950056,1] (95% CI)
Values in [0,0] mean=0 steps=2.22045e-16: 72
[2K
Verifying formula 15 at /nta/queries/query[15]/formula
 -- Formula: Pr[<=700] (<> currP > 2)
 -- Throughput: 621355 runs/sec, Load: 329 runs[K
[2K -- Formula is satisfied.
(0/72 runs) Pr(<> …) in [0,0.0499441] (95% CI)
