Options for the verification:
  Generating no trace
  Search order is breadth first
  Using conservative space optimisation
  Seed is 1784369997
  State space representation uses minimal constraint systems with future testing
  Using HashMap + Compress integers for discrete state storage
[2K
Verifying formula 1 at /nta/queries/query[1]/formula
 -- Formula: simulate[<=700]{Coffee_Delivery_robot1_def.s1_start, Coffee_Delivery_robot1_def.s1_end, Coffee_Delivery_robot1_def.s2_start, Coffee_Delivery_robot1_def.s2_end, Coffee_Delivery_robot1_def.s3_start, Coffee_Delivery_robot1_def.s3_end, Coffee_Delivery_robot1_def.s4_start, Coffee_Delivery_robot1_def.s4_end, Coffee_Delivery_robot1_def.s5_start, Coffee_Delivery_robot1_def.s5_end, Coffee_Delivery.end}
[2K -- Aborted.
Coffee_Delivery_robot1_def.s1_start:
[0]: (0,0) (0,1) (0,0) (193.1626230464722,0)
Coffee_Delivery_robot1_def.s1_end:
[0]: (0,0) (7.5022336779057,0) (7.5022336779057,1) (7.5022336779057,0) (193.1626230464722,0)
Coffee_Delivery_robot1_def.s2_start:
[0]: (0,0) (7.5022336779057,0) (7.5022336779057,1) (7.5022336779057,0) (193.1626230464722,0)
Coffee_Delivery_robot1_def.s2_end:
[0]: (0,0) (193.1626230464722,0) (193.1626230464722,1)
Coffee_Delivery_robot1_def.s3_start:
[0]: (0,0) (193.1626230464722,0) (193.1626230464722,1)
Coffee_Delivery_robot1_def.s3_end:
[0]: (0,0) (193.1626230464722,0)
Coffee_Delivery_robot1_def.s4_start:
[0]: (0,0) (193.1626230464722,0)
Coffee_Delivery_robot1_def.s4_end:
[0]: (0,0) (193.1626230464722,0)
Coffee_Delivery_robot1_def.s5_start:
[0]: (0,0) (193.1626230464722,0)
Coffee_Delivery_robot1_def.s5_end:
[0]: (0,0) (193.1626230464722,0)
Coffee_Delivery.end:
[0]: (0,0) (193.1626230464722,0)
[2K
Verifying formula 2 at /nta/queries/query[2]/formula
 -- Formula: Pr[<=700] (<> Coffee_Delivery.end)
[2K -- Aborted.
[2K
Verifying formula 3 at /nta/queries/query[3]/formula
 -- Formula: simulate[<=700]{robPositionX[0], robPositionY[0], batteryCharge[0], Coffee_Delivery.end}
[2K -- Aborted.
robPositionX[0]:
[0]: (0,0) (0,92.5) (2,92.5) (2,115.2892467732794) (3.5022336779057,115.2892467732794) (3.5022336779057,138.0784935465588) (4.5022336779057,138.0784935465588) (4.5022336779057,160.8677403198382) (5.5022336779057,160.8677403198382) (5.5022336779057,183.6569870931177) (6.5022336779057,183.6569870931177) (6.5022336779057,206.4462338663971) (7.5022336779057,206.4462338663971) (7.5022336779057,229.2354806396765) (8.5022336779057,229.2354806396765) (8.5022336779057,255.1865855998443) (9.563571564730633,255.1865855998443) (9.563571564730633,281.1376905600122) (10.56357156473063,281.1376905600122) (10.56357156473063,307.08879552018) (11.56357156473063,307.08879552018) (11.56357156473063,333.0399004803479) (12.56357156473063,333.0399004803479) (12.56357156473063,358.9910054405158) (13.56357156473063,358.9910054405158) (13.56357156473063,384.9421104006836) (14.56357156473063,384.9421104006836) (14.56357156473063,410.8932153608515) (15.56357156473063,410.8932153608515) (15.56357156473063,436.8443203210194) (16.56357156473063,436.8443203210194) (16.56357156473063,462.7954252811872) (17.56357156473063,462.7954252811872) (17.56357156473063,488.7465302413551) (18.56357156473063,488.7465302413551) (18.56357156473063,514.697635201523) (19.56357156473063,514.697635201523) (19.56357156473063,540.6487401616909) (20.56357156473063,540.6487401616909) (20.56357156473063,566.5998451218587) (21.56357156473063,566.5998451218587) (21.56357156473063,592.5509500820266) (22.56357156473063,592.5509500820266) (22.56357156473063,618.5020550421945) (23.56357156473063,618.5020550421945) (23.56357156473063,644.4531600023623) (24.56357156473063,644.4531600023623) (24.56357156473063,670.4042649625302) (25.56357156473063,670.4042649625302) (25.56357156473063,696.3553699226981) (26.56357156473063,696.3553699226981) (26.56357156473063,722.3064748828659) (27.56357156473063,722.3064748828659) (27.56357156473063,748.2575798430338) (28.56357156473063,748.2575798430338) (28.56357156473063,774.2086848032017) (29.56357156473063,774.2086848032017) (29.56357156473063,800.1597897633695) (30.56357156473063,800.1597897633695) (30.56357156473063,826.1108947235374) (31.56357156473063,826.1108947235374) (31.56357156473063,852.0619996837053) (32.56357156473064,852.0619996837053) (32.56357156473064,878.0131046438731) (33.56357156473064,878.0131046438731) (33.56357156473064,903.964209604041) (34.56357156473064,903.964209604041) (34.56357156473064,929.9153145642089) (35.56357156473064,929.9153145642089) (35.56357156473064,955.8664195243767) (36.56357156473064,955.8664195243767) (36.56357156473064,981.8175244845446) (37.56357156473064,981.8175244845446) (37.56357156473064,1007.768629444712) (38.56357156473064,1007.768629444712) (38.56357156473064,1033.71973440488) (39.56357156473064,1033.71973440488) (39.56357156473064,1059.670839365048) (40.56357156473064,1059.670839365048) (40.56357156473064,1085.621944325216) (41.56357156473064,1085.621944325216) (41.56357156473064,1111.573049285384) (42.56357156473064,1111.573049285384) (42.56357156473064,1137.524154245552) (43.56357156473064,1137.524154245552) (43.56357156473064,1163.47525920572) (44.56357156473064,1163.47525920572) (44.56357156473064,1189.426364165887) (45.56357156473064,1189.426364165887) (45.56357156473064,1215.377469126055) (46.56357156473064,1215.377469126055) (46.56357156473064,1241.328574086223) (47.56357156473064,1241.328574086223) (47.56357156473064,1267.279679046391) (48.56357156473064,1267.279679046391) (48.56357156473064,1293.230784006559) (49.56357156473064,1293.230784006559) (49.56357156473064,1319.181888966727) (50.56357156473064,1319.181888966727) (50.56357156473064,1345.132993926895) (51.56357156473064,1345.132993926895) (51.56357156473064,1371.084098887063) (52.56357156473064,1371.084098887063) (52.56357156473064,1397.03520384723) (53.56357156473064,1397.03520384723) (53.56357156473064,1422.986308807398) (54.56357156473064,1422.986308807398) (54.56357156473064,1448.937413767566) (55.56357156473064,1448.937413767566) (55.56357156473064,1452) (56.56357156473064,1452) (56.56357156473064,1478) (57.56357156473064,1478) (57.56357156473064,1504) (58.56357156473064,1504) (58.56357156473064,1530) (59.56357156473064,1530) (59.56357156473064,1556) (60.56357156473064,1556) (60.56357156473064,1582) (61.56357156473064,1582) (61.56357156473064,1608) (62.56357156473064,1608) (62.56357156473064,1634) (63.56357156473064,1634) (63.56357156473064,1660) (64.56357156473064,1660) (64.56357156473064,1686) (65.56357156473064,1686) (65.56357156473064,1712) (66.56357156473064,1712) (66.56357156473064,1738) (67.56357156473064,1738) (67.56357156473064,1764) (68.56357156473064,1764) (68.56357156473064,1790) (69.56357156473064,1790) (69.56357156473064,1816) (70.56357156473064,1816) (70.56357156473064,1842) (71.56357156473064,1842) (71.56357156473064,1868) (72.56357156473064,1868) (72.56357156473064,1894) (73.56357156473064,1894) (73.56357156473064,1920) (74.56357156473064,1920) (74.56357156473064,1946) (75.56357156473064,1946) (75.56357156473064,1972) (76.56357156473064,1972) (76.56357156473064,1998) (77.56357156473064,1998) (77.56357156473064,2024) (78.56357156473064,2024) (78.56357156473064,2050) (79.56357156473064,2050) (79.56357156473064,2076) (80.56357156473064,2076) (80.56357156473064,2102) (81.56357156473064,2102) (81.56357156473064,2128) (82.56357156473064,2128) (82.56357156473064,2154) (83.56357156473064,2154) (83.56357156473064,2180) (84.56357156473064,2180) (84.56357156473064,2206) (85.56357156473064,2206) (85.56357156473064,2232) (86.56357156473064,2232) (86.56357156473064,2258) (87.56357156473064,2258) (87.56357156473064,2284) (88.56357156473064,2284) (88.56357156473064,2310) (89.56357156473064,2310) (89.56357156473064,2336) (90.56357156473064,2336) (90.56357156473064,2362) (91.56357156473064,2362) (91.56357156473064,2388) (92.56357156473064,2388) (92.56357156473064,2414) (93.56357156473064,2414) (93.56357156473064,2440) (94.56357156473064,2440) (94.56357156473064,2466) (95.56357156473064,2466) (95.56357156473064,2492) (96.56357156473064,2492) (96.56357156473064,2518) (97.56357156473064,2518) (97.56357156473064,2544) (98.56357156473064,2544) (98.56357156473064,2570) (99.56357156473064,2570) (99.56357156473064,2596) (100.5635715647306,2596) (100.5635715647306,2622) (101.5635715647306,2622) (101.5635715647306,2648) (102.5635715647306,2648) (102.5635715647306,2674) (103.5635715647306,2674) (103.5635715647306,2700) (104.5635715647306,2700) (104.5635715647306,2726) (105.5635715647306,2726) (105.5635715647306,2752) (106.5635715647306,2752) (106.5635715647306,2778) (107.5635715647306,2778) (107.5635715647306,2804) (108.5635715647306,2804) (108.5635715647306,2830) (109.5635715647306,2830) (109.5635715647306,2856) (110.5635715647306,2856) (110.5635715647306,2882) (111.5635715647306,2882) (111.5635715647306,2908) (112.5635715647306,2908) (112.5635715647306,2934) (113.5635715647306,2934) (113.5635715647306,2960) (114.5635715647306,2960) (114.5635715647306,2986) (115.5635715647306,2986) (115.5635715647306,3012) (116.5635715647306,3012) (116.5635715647306,3038) (117.5635715647306,3038) (117.5635715647306,3062.5) (118.5635715647306,3062.5) (118.5635715647306,3088.5) (119.5635715647306,3088.5) (119.5635715647306,3114.5) (120.5635715647306,3114.5) (120.5635715647306,3140.5) (121.5635715647306,3140.5) (121.5635715647306,3166.5) (122.5635715647306,3166.5) (122.5635715647306,3192.5) (123.5635715647306,3192.5) (123.5635715647306,3218.5) (124.5635715647306,3218.5) (124.5635715647306,3244.5) (125.5635715647306,3244.5) (125.5635715647306,3270.5) (126.5635715647306,3270.5) (126.5635715647306,3296.5) (127.5635715647306,3296.5) (127.5635715647306,3322.5) (128.5635715647306,3322.5) (128.5635715647306,3348.5) (129.5635715647306,3348.5) (129.5635715647306,3374.5) (130.5635715647306,3374.5) (130.5635715647306,3400.5) (131.5635715647306,3400.5) (131.5635715647306,3426.5) (132.5635715647306,3426.5) (132.5635715647306,3452.5) (133.5635715647306,3452.5) (133.5635715647306,3478.5) (134.5635715647306,3478.5) (134.5635715647306,3504.5) (135.5635715647306,3504.5) (135.5635715647306,3530.5) (136.5635715647306,3530.5) (136.5635715647306,3556.5) (137.5635715647306,3556.5) (137.5635715647306,3582.5) (138.5635715647306,3582.5) (138.5635715647306,3608.5) (139.5635715647306,3608.5) (139.5635715647306,3634.5) (140.5635715647306,3634.5) (140.5635715647306,3660.5) (141.5635715647306,3660.5) (141.5635715647306,3686.5) (142.5635715647306,3686.5) (142.5635715647306,3712.5) (143.5635715647306,3712.5) (143.5635715647306,3738.5) (144.5635715647306,3738.5) (144.5635715647306,3764.5) (145.5635715647306,3764.5) (145.5635715647306,3790.5) (146.5635715647306,3790.5) (146.5635715647306,3816.5) (147.5635715647306,3816.5) (147.5635715647306,3842.5) (148.5635715647306,3842.5) (148.5635715647306,3868.5) (149.5635715647306,3868.5) (149.5635715647306,3894.5) (150.5635715647306,3894.5) (150.5635715647306,3920.5) (151.5635715647306,3920.5) (151.5635715647306,3946.5) (152.5635715647306,3946.5) (152.5635715647306,3972.5) (153.5635715647306,3972.5) (153.5635715647306,3998.5) (154.5635715647306,3998.5) (154.5635715647306,4024.5) (155.5635715647306,4024.5) (155.5635715647306,4050.5) (156.5635715647306,4050.5) (156.5635715647306,4076.5) (157.5635715647306,4076.5) (157.5635715647306,4102.5) (158.5635715647306,4102.5) (158.5635715647306,4128.5) (159.5635715647306,4128.5) (159.5635715647306,4154.5) (160.5635715647306,4154.5) (160.5635715647306,4180.5) (161.5635715647306,4180.5) (161.5635715647306,4206.5) (162.5635715647306,4206.5) (162.5635715647306,4232.5) (163.5635715647306,4232.5) (163.5635715647306,4258.5) (164.5635715647306,4258.5) (164.5635715647306,4284.5) (165.5635715647306,4284.5) (165.5635715647306,4310.5) (166.5635715647306,4310.5) (166.5635715647306,4336.5) (167.5635715647306,4336.5) (167.5635715647306,4362.5) (168.5635715647306,4362.5) (168.5635715647306,4388.5) (169.5635715647306,4388.5) (169.5635715647306,4417) (172.1626230464722,4417) (172.1626230464722,4416.265463717128) (173.1626230464722,4416.265463717128) (173.1626230464722,4415.530927434256) (174.1626230464722,4415.530927434256) (174.1626230464722,4414.796391151384) (175.1626230464722,4414.796391151384) (175.1626230464722,4414.061854868512) (176.1626230464722,4414.061854868512) (176.1626230464722,4413.327318585641) (177.1626230464722,4413.327318585641) (177.1626230464722,4412.592782302769) (178.1626230464722,4412.592782302769) (178.1626230464722,4411.858246019897) (179.1626230464722,4411.858246019897) (179.1626230464722,4411.123709737025) (180.1626230464722,4411.123709737025) (180.1626230464722,4410.389173454153) (181.1626230464722,4410.389173454153) (181.1626230464722,4409.654637171281) (182.1626230464722,4409.654637171281) (182.1626230464722,4408.920100888409) (183.1626230464722,4408.920100888409) (183.1626230464722,4408.185564605537) (184.1626230464722,4408.185564605537) (184.1626230464722,4407.451028322665) (185.1626230464722,4407.451028322665) (185.1626230464722,4406.716492039794) (186.1626230464722,4406.716492039794) (186.1626230464722,4405.981955756922) (187.1626230464722,4405.981955756922) (187.1626230464722,4405.24741947405) (188.1626230464722,4405.24741947405) (188.1626230464722,4404.512883191178) (189.1626230464722,4404.512883191178) (189.1626230464722,4403.778346908306) (190.1626230464722,4403.778346908306) (190.1626230464722,4403.043810625434) (191.1626230464722,4403.043810625434) (191.1626230464722,4402.309274342562) (192.1626230464722,4402.309274342562) (192.1626230464722,4401.57473805969) (193.1626230464722,4401.57473805969) (193.1626230464722,4400.840201776819)
robPositionY[0]:
[0]: (0,0) (0,163.5) (2,163.5) (2,176.0159990215154) (3.5022336779057,176.0159990215154) (3.5022336779057,188.5319980430307) (4.5022336779057,188.5319980430307) (4.5022336779057,201.0479970645461) (5.5022336779057,201.0479970645461) (5.5022336779057,213.5639960860615) (6.5022336779057,213.5639960860615) (6.5022336779057,226.0799951075768) (7.5022336779057,226.0799951075768) (7.5022336779057,238.5959941290922) (8.5022336779057,238.5959941290922) (8.5022336779057,237.002208903175) (9.563571564730633,237.002208903175) (9.563571564730633,235.4084236772578) (10.56357156473063,235.4084236772578) (10.56357156473063,233.8146384513406) (11.56357156473063,233.8146384513406) (11.56357156473063,232.2208532254234) (12.56357156473063,232.2208532254234) (12.56357156473063,230.6270679995062) (13.56357156473063,230.6270679995062) (13.56357156473063,229.033282773589) (14.56357156473063,229.033282773589) (14.56357156473063,227.4394975476718) (15.56357156473063,227.4394975476718) (15.56357156473063,225.8457123217546) (16.56357156473063,225.8457123217546) (16.56357156473063,224.2519270958374) (17.56357156473063,224.2519270958374) (17.56357156473063,222.6581418699202) (18.56357156473063,222.6581418699202) (18.56357156473063,221.064356644003) (19.56357156473063,221.064356644003) (19.56357156473063,219.4705714180858) (20.56357156473063,219.4705714180858) (20.56357156473063,217.8767861921686) (21.56357156473063,217.8767861921686) (21.56357156473063,216.2830009662514) (22.56357156473063,216.2830009662514) (22.56357156473063,214.6892157403342) (23.56357156473063,214.6892157403342) (23.56357156473063,213.095430514417) (24.56357156473063,213.095430514417) (24.56357156473063,211.5016452884998) (25.56357156473063,211.5016452884998) (25.56357156473063,209.9078600625826) (26.56357156473063,209.9078600625826) (26.56357156473063,208.3140748366654) (27.56357156473063,208.3140748366654) (27.56357156473063,206.7202896107482) (28.56357156473063,206.7202896107482) (28.56357156473063,205.126504384831) (29.56357156473063,205.126504384831) (29.56357156473063,203.5327191589138) (30.56357156473063,203.5327191589138) (30.56357156473063,201.9389339329966) (31.56357156473063,201.9389339329966) (31.56357156473063,200.3451487070794) (32.56357156473064,200.3451487070794) (32.56357156473064,198.7513634811622) (33.56357156473064,198.7513634811622) (33.56357156473064,197.157578255245) (34.56357156473064,197.157578255245) (34.56357156473064,195.5637930293278) (35.56357156473064,195.5637930293278) (35.56357156473064,193.9700078034106) (36.56357156473064,193.9700078034106) (36.56357156473064,192.3762225774934) (37.56357156473064,192.3762225774934) (37.56357156473064,190.7824373515762) (38.56357156473064,190.7824373515762) (38.56357156473064,189.188652125659) (39.56357156473064,189.188652125659) (39.56357156473064,187.5948668997418) (40.56357156473064,187.5948668997418) (40.56357156473064,186.0010816738246) (41.56357156473064,186.0010816738246) (41.56357156473064,184.4072964479074) (42.56357156473064,184.4072964479074) (42.56357156473064,182.8135112219902) (43.56357156473064,182.8135112219902) (43.56357156473064,181.219725996073) (44.56357156473064,181.219725996073) (44.56357156473064,179.6259407701558) (45.56357156473064,179.6259407701558) (45.56357156473064,178.0321555442385) (46.56357156473064,178.0321555442385) (46.56357156473064,176.4383703183213) (47.56357156473064,176.4383703183213) (47.56357156473064,174.8445850924041) (48.56357156473064,174.8445850924041) (48.56357156473064,173.2507998664869) (49.56357156473064,173.2507998664869) (49.56357156473064,171.6570146405697) (50.56357156473064,171.6570146405697) (50.56357156473064,170.0632294146525) (51.56357156473064,170.0632294146525) (51.56357156473064,168.4694441887353) (52.56357156473064,168.4694441887353) (52.56357156473064,166.8756589628181) (53.56357156473064,166.8756589628181) (53.56357156473064,165.2818737369009) (54.56357156473064,165.2818737369009) (54.56357156473064,163.6880885109837) (55.56357156473064,163.6880885109837) (55.56357156473064,163.5) (172.1626230464722,163.5) (172.1626230464722,189.4896220913107) (173.1626230464722,189.4896220913107) (173.1626230464722,215.4792441826214) (174.1626230464722,215.4792441826214) (174.1626230464722,241.4688662739321) (175.1626230464722,241.4688662739321) (175.1626230464722,267.4584883652428) (176.1626230464722,267.4584883652428) (176.1626230464722,293.4481104565535) (177.1626230464722,293.4481104565535) (177.1626230464722,319.4377325478642) (178.1626230464722,319.4377325478642) (178.1626230464722,345.427354639175) (179.1626230464722,345.427354639175) (179.1626230464722,371.4169767304857) (180.1626230464722,371.4169767304857) (180.1626230464722,397.4065988217964) (181.1626230464722,397.4065988217964) (181.1626230464722,423.3962209131071) (182.1626230464722,423.3962209131071) (182.1626230464722,449.3858430044178) (183.1626230464722,449.3858430044178) (183.1626230464722,475.3754650957285) (184.1626230464722,475.3754650957285) (184.1626230464722,501.3650871870392) (185.1626230464722,501.3650871870392) (185.1626230464722,527.3547092783499) (186.1626230464722,527.3547092783499) (186.1626230464722,553.3443313696606) (187.1626230464722,553.3443313696606) (187.1626230464722,579.3339534609713) (188.1626230464722,579.3339534609713) (188.1626230464722,605.323575552282) (189.1626230464722,605.323575552282) (189.1626230464722,631.3131976435927) (190.1626230464722,631.3131976435927) (190.1626230464722,657.3028197349034) (191.1626230464722,657.3028197349034) (191.1626230464722,683.2924418262141) (192.1626230464722,683.2924418262141) (192.1626230464722,709.2820639175249) (193.1626230464722,709.2820639175249) (193.1626230464722,735.2716860088356)
batteryCharge[0]:
[0]: (0,100)
Coffee_Delivery.end:
[0]: (0,0) (193.1626230464722,0)
[2K
Verifying formula 4 at /nta/queries/query[4]/formula
 -- Formula: simulate[<=700]{robot_inventory[0][0], Coffee_Delivery.end*2}
[2K -- Aborted.
robot_inventory[0][0]:
[0]: (0,0)
Coffee_Delivery.end * 2:
[0]: (0,0) (193.1626230464722,0)
[2K
Verifying formula 5 at /nta/queries/query[5]/formula
 -- Formula: simulate[<=700]{loading_area[0], loading_area[1], kitchen[0], kitchen[1]}
[2K -- Aborted.
loading_area[0]:
[0]: (0,250)
loading_area[1]:
[0]: (0,250)
kitchen[0]:
[0]: (0,4400)
kitchen[1]:
[0]: (0,765)
[2K
Verifying formula 6 at /nta/queries/query[6]/formula
 -- Formula: simulate[<=700]{rm_1.idle, rf_1.idle, rp_1.idle, rd_1.idle}
[2K -- Aborted.
rm_1.idle:
[0]: (0,0) (0,1) (0,0) (194.1626230464722,0) (194.1626230464722,1)
rf_1.idle:
[0]: (0,0) (0,1)
rp_1.idle:
[0]: (0,0) (0,1) (193.1626230464722,1) (193.1626230464722,0)
rd_1.idle:
[0]: (0,0) (0,1)
[2K
Verifying formula 7 at /nta/queries/query[7]/formula
 -- Formula: Pr[<=700](<>!rm_1.idle || !rf_1.idle || !rp_1.idle || !rd_1.idle)
[2K -- Formula is satisfied.
(72/72 runs) Pr(<> …) in [0.950056,1] (95% CI)
Values in [0,0] mean=0 steps=2.22045e-16: 72
[2K
Verifying formula 8 at /nta/queries/query[8]/formula
 -- Formula: Pr[<=700]([] (Coffee_Delivery.end imply (rm_1.idle && rf_1.idle && rp_1.idle && rd_1.idle)))
[2K -- Aborted.
[2K
Verifying formula 9 at /nta/queries/query[9]/formula
 -- Formula: Pr[<=700] (<> pow(robPositionX[0] - kitchen[0], 2) + pow(robPositionY[0] - kitchen[1], 2) <= 900 )
[2K -- Formula is satisfied.
(72/72 runs) Pr(<> …) in [0.950056,1] (95% CI)
Values in [193.163,193.163] mean=193.163 steps=2.22045e-16: 72
[2K
Verifying formula 10 at /nta/queries/query[10]/formula
 -- Formula: Pr[<=700] (<> pow(robPositionX[0] - loading_area[0], 2) + pow(robPositionY[0] - loading_area[1], 2) <= 900 )
[2K -- Formula is satisfied.
(72/72 runs) Pr(<> …) in [0.950056,1] (95% CI)
Values in [7.50223,7.50223] mean=7.50223 steps=2.22045e-16: 72
[2K
Verifying formula 11 at /nta/queries/query[11]/formula
 -- Formula: Pr[<=700] (<> !isValidPosition(robPositionX[0], robPositionY[0]))
[2K -- Formula is satisfied.
(72/72 runs) Pr(<> …) in [0.950056,1] (95% CI)
Values in [0,0] mean=0 steps=2.22045e-16: 72
[2K
Verifying formula 12 at /nta/queries/query[12]/formula
 -- Formula: Pr[<=700] (<> currP > 2)
[2K -- Aborted.
