Options for the verification:
  Generating no trace
  Search order is breadth first
  Using conservative space optimisation
  Seed is 1783332139
  State space representation uses minimal constraint systems with future testing
  Using HashMap + Compress integers for discrete state storage
[2K
Verifying formula 1 at /nta/queries/query[1]/formula
 -- Formula: simulate[<=700]{user_guided_transport_human_def.s1_start, user_guided_transport_human_def.s1_end, user_guided_transport_human_def.s2_start, user_guided_transport_human_def.s2_idle, user_guided_transport_human_def.s3_start, user_guided_transport_human_def.s3_end, user_guided_transport.end}
[2K -- Formula is satisfied.
user_guided_transport_human_def.s1_start:
[0]: (0,0) (0,1) (0,0) (700,0)
user_guided_transport_human_def.s1_end:
[0]: (0,0) (1,0) (1,1) (2,1) (2,0) (700,0)
user_guided_transport_human_def.s2_start:
[0]: (0,0) (2,0) (2,1) (2,0) (700,0)
user_guided_transport_human_def.s2_idle:
[0]: (0,0) (2,0) (2,1) (10.2441965559353,1) (10.2441965559353,0) (700,0)
user_guided_transport_human_def.s3_start:
[0]: (0,0) (10.2441965559353,0) (10.2441965559353,1) (10.2441965559353,0) (15.24419655593527,0) (15.24419655593527,1) (15.24419655593527,0) (20.24419655593528,0) (20.24419655593528,1) (20.24419655593528,0) (25.24419655593524,0) (25.24419655593524,1) (25.24419655593524,0) (30.2441965559352,0) (30.2441965559352,1) (30.2441965559352,0) (35.24419655593528,0) (35.24419655593528,1) (35.24419655593528,0) (40.24419655593542,0) (40.24419655593542,1) (40.24419655593542,0) (45.24419655593556,0) (45.24419655593556,1) (45.24419655593556,0) (50.24419655593561,0) (50.24419655593561,1) (50.24419655593561,0) (55.24419655593562,0) (55.24419655593562,1) (55.24419655593562,0) (60.24419655593562,0) (60.24419655593562,1) (60.24419655593562,0) (65.2441965559357,0) (65.2441965559357,1) (65.2441965559357,0) (70.24419655593606,0) (70.24419655593606,1) (70.24419655593606,0) (75.24419655593641,0) (75.24419655593641,1) (75.24419655593641,0) (80.24419655593677,0) (80.24419655593677,1) (80.24419655593677,0) (85.24419655593712,0) (85.24419655593712,1) (85.24419655593712,0) (90.24419655593748,0) (90.24419655593748,1) (90.24419655593748,0) (95.24419655593783,0) (95.24419655593783,1) (95.24419655593783,0) (100.2441965559382,0) (100.2441965559382,1) (100.2441965559382,0) (105.2441965559385,0) (105.2441965559385,1) (105.2441965559385,0) (110.2441965559389,0) (110.2441965559389,1) (110.2441965559389,0) (115.2441965559393,0) (115.2441965559393,1) (115.2441965559393,0) (120.2441965559396,0) (120.2441965559396,1) (120.2441965559396,0) (125.24419655594,0) (125.24419655594,1) (125.24419655594,0) (130.2441965559403,0) (130.2441965559403,1) (130.2441965559403,0) (135.2441965559406,0) (135.2441965559406,1) (135.2441965559406,0) (140.2441965559408,0) (140.2441965559408,1) (140.2441965559408,0) (145.2441965559411,0) (145.2441965559411,1) (145.2441965559411,0) (150.2441965559414,0) (150.2441965559414,1) (150.2441965559414,0) (155.2441965559417,0) (155.2441965559417,1) (155.2441965559417,0) (160.244196555942,0) (160.244196555942,1) (160.244196555942,0) (165.2441965559423,0) (165.2441965559423,1) (165.2441965559423,0) (170.2441965559426,0) (170.2441965559426,1) (170.2441965559426,0) (175.2441965559428,0) (175.2441965559428,1) (175.2441965559428,0) (180.2441965559432,0) (180.2441965559432,1) (180.2441965559432,0) (185.2441965559436,0) (185.2441965559436,1) (185.2441965559436,0) (190.244196555944,0) (190.244196555944,1) (190.244196555944,0) (195.2441965559445,0) (195.2441965559445,1) (195.2441965559445,0) (700,0)
user_guided_transport_human_def.s3_end:
[0]: (0,0) (195.2441965559445,0) (195.2441965559445,1) (200.8620515001697,1) (200.8620515001697,0) (700,0)
user_guided_transport.end:
[0]: (0,0) (202.8620515001688,0) (202.8620515001688,1) (700,1)
[2K
Verifying formula 2 at /nta/queries/query[2]/formula
 -- Formula: simulate[<=700]{user_guided_transport_robot_def.s1_start, user_guided_transport_robot_def.s1_end, user_guided_transport_robot_def.s2_start, user_guided_transport_robot_def.s2_end, user_guided_transport_robot_def.s3_start, user_guided_transport_robot_def.s3_end, user_guided_transport.end}
[2K -- Formula is satisfied.
user_guided_transport_robot_def.s1_start:
[0]: (0,0) (0,1) (0,0) (700,0)
user_guided_transport_robot_def.s1_end:
[0]: (0,0) (2,0) (2,1) (2,0) (700,0)
user_guided_transport_robot_def.s2_start:
[0]: (0,0) (2,0) (2,1) (2,0) (700,0)
user_guided_transport_robot_def.s2_end:
[0]: (0,0) (10.06349322572351,0) (10.06349322572351,1) (10.06349322572351,0) (700,0)
user_guided_transport_robot_def.s3_start:
[0]: (0,0) (10.06349322572351,0) (10.06349322572351,1) (10.06349322572351,0) (700,0)
user_guided_transport_robot_def.s3_end:
[0]: (0,0) (200.6813481699513,0) (200.6813481699513,1) (200.6813481699513,0) (700,0)
user_guided_transport.end:
[0]: (0,0) (202.6813481699504,0) (202.6813481699504,1) (700,1)
[2K
Verifying formula 3 at /nta/queries/query[3]/formula
 -- Formula: Pr[<=700] (<> user_guided_transport.end)
[2K -- Formula is satisfied.
(72/72 runs) Pr(<> …) in [0.950056,1] (95% CI)
Values in [199.684,204.436] mean=201.85 steps=0.52803: 13 9 8 5 10 6 3 9 9
[2K
Verifying formula 4 at /nta/queries/query[4]/formula
 -- Formula: simulate[<=700]{humanPositionX[0], humanPositionY[0], robPositionX[0], robPositionY[0], batteryCharge[0], user_guided_transport.end}
[2K -- Formula is satisfied.
humanPositionX[0]:
[0]: (0,0) (0,92.5) (1,92.5) (1,97.73313175708738) (10.56628799497737,97.73313175708738) (10.56628799497737,123.7285354798977) (11.56628799497737,123.7285354798977) (11.56628799497737,149.723939202708) (12.56628799497737,149.723939202708) (12.56628799497737,175.7193429255182) (13.56628799497737,175.7193429255182) (13.56628799497737,201.7147466483285) (14.56628799497737,201.7147466483285) (14.56628799497737,227.7101503711388) (15.56628799497737,227.7101503711388) (15.56628799497737,253.7055540939491) (16.56628799497736,253.7055540939491) (16.56628799497736,279.7009578167594) (17.56628799497736,279.7009578167594) (17.56628799497736,305.6963615395697) (18.56628799497736,305.6963615395697) (18.56628799497736,331.69176526238) (19.56628799497736,331.69176526238) (19.56628799497736,357.6871689851903) (20.56628799497735,357.6871689851903) (20.56628799497735,383.6825727080006) (21.56628799497734,383.6825727080006) (21.56628799497734,409.6779764308109) (22.56628799497733,409.6779764308109) (22.56628799497733,435.6733801536212) (23.56628799497732,435.6733801536212) (23.56628799497732,461.6687838764315) (24.5662879949773,461.6687838764315) (24.5662879949773,487.6641875992418) (25.56628799497729,487.6641875992418) (25.56628799497729,513.6595913220521) (26.56628799497728,513.6595913220521) (26.56628799497728,539.6549950448623) (27.56628799497727,539.6549950448623) (27.56628799497727,565.6503987676725) (28.56628799497726,565.6503987676725) (28.56628799497726,591.6458024904828) (29.56628799497725,591.6458024904828) (29.56628799497725,617.641206213293) (30.56628799497724,617.641206213293) (30.56628799497724,643.6366099361032) (31.56628799497723,643.6366099361032) (31.56628799497723,669.6320136589135) (32.56628799497724,669.6320136589135) (32.56628799497724,695.6274173817237) (33.56628799497726,695.6274173817237) (33.56628799497726,721.622821104534) (34.56628799497728,721.622821104534) (34.56628799497728,747.6182248273442) (35.5662879949773,747.6182248273442) (35.5662879949773,773.6136285501544) (36.56628799497732,773.6136285501544) (36.56628799497732,799.6090322729647) (37.56628799497734,799.6090322729647) (37.56628799497734,825.6044359957749) (38.56628799497737,825.6044359957749) (38.56628799497737,851.5998397185851) (39.56628799497739,851.5998397185851) (39.56628799497739,877.5952434413954) (40.56628799497741,877.5952434413954) (40.56628799497741,903.5906471642056) (41.56628799497743,903.5906471642056) (41.56628799497743,929.5860508870159) (42.56628799497745,929.5860508870159) (42.56628799497745,955.5814546098261) (43.56628799497747,955.5814546098261) (43.56628799497747,981.5768583326363) (44.56628799497748,981.5768583326363) (44.56628799497748,1007.572262055447) (45.56628799497749,1007.572262055447) (45.56628799497749,1033.567665778257) (46.5662879949775,1033.567665778257) (46.5662879949775,1059.563069501067) (47.56628799497751,1059.563069501067) (47.56628799497751,1085.558473223878) (48.56628799497751,1085.558473223878) (48.56628799497751,1111.553876946688) (49.56628799497751,1111.553876946688) (49.56628799497751,1137.549280669498) (50.56628799497751,1137.549280669498) (50.56628799497751,1163.544684392309) (51.56628799497751,1163.544684392309) (51.56628799497751,1189.540088115119) (52.56628799497751,1189.540088115119) (52.56628799497751,1215.535491837929) (53.56628799497751,1215.535491837929) (53.56628799497751,1241.53089556074) (54.56628799497751,1241.53089556074) (54.56628799497751,1267.52629928355) (55.56628799497752,1267.52629928355) (55.56628799497752,1293.52170300636) (56.56628799497753,1293.52170300636) (56.56628799497753,1319.517106729171) (57.56628799497754,1319.517106729171) (57.56628799497754,1345.512510451981) (58.56628799497754,1345.512510451981) (58.56628799497754,1371.507914174791) (59.56628799497754,1371.507914174791) (59.56628799497754,1397.503317897602) (60.56628799497754,1397.503317897602) (60.56628799497754,1423.498721620412) (61.56628799497754,1423.498721620412) (61.56628799497754,1478) (62.56628799497754,1478) (62.56628799497754,1504) (63.56628799497754,1504) (63.56628799497754,1530) (64.5662879949775,1530) (64.5662879949775,1556) (65.56628799497743,1556) (65.56628799497743,1582) (66.56628799497736,1582) (66.56628799497736,1608) (67.56628799497729,1608) (67.56628799497729,1634) (68.56628799497722,1634) (68.56628799497722,1660) (69.56628799497715,1660) (69.56628799497715,1686) (70.56628799497707,1686) (70.56628799497707,1712) (71.566287994977,1712) (71.566287994977,1738) (72.56628799497693,1738) (72.56628799497693,1764) (73.56628799497686,1764) (73.56628799497686,1790) (74.56628799497679,1790) (74.56628799497679,1816) (75.56628799497672,1816) (75.56628799497672,1842) (76.56628799497665,1842) (76.56628799497665,1868) (77.56628799497658,1868) (77.56628799497658,1894) (78.56628799497651,1894) (78.56628799497651,1920) (79.56628799497643,1920) (79.56628799497643,1946) (80.56628799497638,1946) (80.56628799497638,1972) (81.56628799497632,1972) (81.56628799497632,1998) (82.56628799497626,1998) (82.56628799497626,2024) (83.56628799497621,2024) (83.56628799497621,2050) (84.56628799497614,2050) (84.56628799497614,2076) (85.56628799497607,2076) (85.56628799497607,2102) (86.56628799497599,2102) (86.56628799497599,2128) (87.56628799497592,2128) (87.56628799497592,2154) (88.56628799497585,2154) (88.56628799497585,2180) (89.56628799497578,2180) (89.56628799497578,2206) (90.56628799497571,2206) (90.56628799497571,2232) (91.56628799497564,2232) (91.56628799497564,2258) (92.56628799497557,2258) (92.56628799497557,2284) (93.5662879949755,2284) (93.5662879949755,2310) (94.56628799497543,2310) (94.56628799497543,2336) (95.56628799497535,2336) (95.56628799497535,2362) (96.56628799497528,2362) (96.56628799497528,2388) (97.56628799497521,2388) (97.56628799497521,2414) (98.56628799497514,2414) (98.56628799497514,2440) (99.56628799497507,2440) (99.56628799497507,2466) (100.566287994975,2466) (100.566287994975,2492) (101.566287994975,2492) (101.566287994975,2518) (102.5662879949749,2518) (102.5662879949749,2544) (103.5662879949748,2544) (103.5662879949748,2570) (104.5662879949748,2570) (104.5662879949748,2596) (105.5662879949747,2596) (105.5662879949747,2622) (106.5662879949746,2622) (106.5662879949746,2648) (107.5662879949746,2648) (107.5662879949746,2674) (108.5662879949745,2674) (108.5662879949745,2700) (109.5662879949744,2700) (109.5662879949744,2726) (110.5662879949743,2726) (110.5662879949743,2752) (111.5662879949743,2752) (111.5662879949743,2778) (112.5662879949742,2778) (112.5662879949742,2804) (113.5662879949741,2804) (113.5662879949741,2830) (114.5662879949741,2830) (114.5662879949741,2856) (115.566287994974,2856) (115.566287994974,2882) (116.5662879949739,2882) (116.5662879949739,2908) (117.5662879949738,2908) (117.5662879949738,2934) (118.5662879949738,2934) (118.5662879949738,2960) (119.5662879949737,2960) (119.5662879949737,2986) (120.5662879949736,2986) (120.5662879949736,3012) (121.5662879949736,3012) (121.5662879949736,3038) (122.5662879949735,3038) (122.5662879949735,3088.5) (123.5662879949735,3088.5) (123.5662879949735,3114.5) (124.5662879949734,3114.5) (124.5662879949734,3140.5) (125.5662879949733,3140.5) (125.5662879949733,3166.5) (126.5662879949733,3166.5) (126.5662879949733,3192.5) (127.5662879949732,3192.5) (127.5662879949732,3218.5) (128.5662879949732,3218.5) (128.5662879949732,3244.5) (129.5662879949733,3244.5) (129.5662879949733,3270.5) (130.5662879949734,3270.5) (130.5662879949734,3296.5) (131.5662879949735,3296.5) (131.5662879949735,3322.5) (132.5662879949735,3322.5) (132.5662879949735,3348.5) (133.5662879949736,3348.5) (133.5662879949736,3374.5) (134.5662879949737,3374.5) (134.5662879949737,3400.5) (135.5662879949737,3400.5) (135.5662879949737,3426.5) (136.5662879949738,3426.5) (136.5662879949738,3452.5) (137.5662879949739,3452.5) (137.5662879949739,3478.5) (138.5662879949739,3478.5) (138.5662879949739,3504.5) (139.566287994974,3504.5) (139.566287994974,3530.5) (140.566287994974,3530.5) (140.566287994974,3556.5) (141.5662879949741,3556.5) (141.5662879949741,3582.5) (142.5662879949741,3582.5) (142.5662879949741,3608.5) (143.5662879949742,3608.5) (143.5662879949742,3634.5) (144.5662879949743,3634.5) (144.5662879949743,3660.5) (145.5662879949743,3660.5) (145.5662879949743,3686.5) (146.5662879949744,3686.5) (146.5662879949744,3712.5) (147.5662879949744,3712.5) (147.5662879949744,3738.5) (148.5662879949745,3738.5) (148.5662879949745,3764.5) (149.5662879949745,3764.5) (149.5662879949745,3790.5) (150.5662879949746,3790.5) (150.5662879949746,3816.5) (151.5662879949747,3816.5) (151.5662879949747,3842.5) (152.5662879949748,3842.5) (152.5662879949748,3868.5) (153.5662879949749,3868.5) (153.5662879949749,3894.5) (154.566287994975,3894.5) (154.566287994975,3920.5) (155.5662879949751,3920.5) (155.5662879949751,3946.5) (156.5662879949751,3946.5) (156.5662879949751,3972.5) (157.5662879949752,3972.5) (157.5662879949752,3998.5) (158.5662879949753,3998.5) (158.5662879949753,4024.5) (159.5662879949754,4024.5) (159.5662879949754,4050.5) (160.5662879949755,4050.5) (160.5662879949755,4076.5) (161.5662879949756,4076.5) (161.5662879949756,4102.5) (162.5662879949757,4102.5) (162.5662879949757,4128.5) (163.5662879949757,4128.5) (163.5662879949757,4154.5) (164.5662879949758,4154.5) (164.5662879949758,4180.5) (165.5662879949759,4180.5) (165.5662879949759,4206.5) (166.566287994976,4206.5) (166.566287994976,4232.5) (167.5662879949761,4232.5) (167.5662879949761,4258.5) (168.5662879949762,4258.5) (168.5662879949762,4284.5) (169.5662879949762,4284.5) (169.5662879949762,4310.5) (170.5662879949763,4310.5) (170.5662879949763,4336.5) (171.5662879949764,4336.5) (171.5662879949764,4362.5) (172.5662879949765,4362.5) (172.5662879949765,4388.5) (173.5662879949766,4388.5) (173.5662879949766,4416.265463717128) (174.5662879949766,4416.265463717128) (174.5662879949766,4415.530927434256) (175.5662879949767,4415.530927434256) (175.5662879949767,4414.796391151384) (176.5662879949768,4414.796391151384) (176.5662879949768,4414.061854868512) (177.5662879949768,4414.061854868512) (177.5662879949768,4413.327318585641) (178.5662879949769,4413.327318585641) (178.5662879949769,4412.592782302769) (179.566287994977,4412.592782302769) (179.566287994977,4411.858246019897) (180.5662879949771,4411.858246019897) (180.5662879949771,4411.123709737025) (181.5662879949772,4411.123709737025) (181.5662879949772,4410.389173454153) (182.5662879949772,4410.389173454153) (182.5662879949772,4409.654637171281) (183.5662879949773,4409.654637171281) (183.5662879949773,4408.920100888409) (184.5662879949774,4408.920100888409) (184.5662879949774,4408.185564605537) (185.5662879949775,4408.185564605537) (185.5662879949775,4407.451028322665) (186.5662879949776,4407.451028322665) (186.5662879949776,4406.716492039794) (187.5662879949777,4406.716492039794) (187.5662879949777,4405.981955756922) (188.5662879949778,4405.981955756922) (188.5662879949778,4405.24741947405) (189.5662879949778,4405.24741947405) (189.5662879949778,4404.512883191178) (190.5662879949779,4404.512883191178) (190.5662879949779,4403.778346908306) (191.5662879949779,4403.778346908306) (191.5662879949779,4403.043810625434) (192.566287994978,4403.043810625434) (192.566287994978,4402.309274342562) (193.566287994978,4402.309274342562) (193.566287994978,4401.57473805969) (194.5662879949781,4401.57473805969) (194.5662879949781,4400.840201776819) (700,4400.840201776819)
humanPositionY[0]:
[0]: (0,0) (0,163.5) (1,163.5) (1,188.9679078844919) (10.56628799497737,188.9679078844919) (10.56628799497737,188.479046668909) (11.56628799497737,188.479046668909) (11.56628799497737,187.9901854533261) (12.56628799497737,187.9901854533261) (12.56628799497737,187.5013242377432) (13.56628799497737,187.5013242377432) (13.56628799497737,187.0124630221603) (14.56628799497737,187.0124630221603) (14.56628799497737,186.5236018065774) (15.56628799497737,186.5236018065774) (15.56628799497737,186.0347405909945) (16.56628799497736,186.0347405909945) (16.56628799497736,185.5458793754117) (17.56628799497736,185.5458793754117) (17.56628799497736,185.0570181598288) (18.56628799497736,185.0570181598288) (18.56628799497736,184.5681569442459) (19.56628799497736,184.5681569442459) (19.56628799497736,184.079295728663) (20.56628799497735,184.079295728663) (20.56628799497735,183.5904345130801) (21.56628799497734,183.5904345130801) (21.56628799497734,183.1015732974972) (22.56628799497733,183.1015732974972) (22.56628799497733,182.6127120819143) (23.56628799497732,182.6127120819143) (23.56628799497732,182.1238508663315) (24.5662879949773,182.1238508663315) (24.5662879949773,181.6349896507486) (25.56628799497729,181.6349896507486) (25.56628799497729,181.1461284351657) (26.56628799497728,181.1461284351657) (26.56628799497728,180.6572672195828) (27.56628799497727,180.6572672195828) (27.56628799497727,180.1684060039999) (28.56628799497726,180.1684060039999) (28.56628799497726,179.679544788417) (29.56628799497725,179.679544788417) (29.56628799497725,179.1906835728341) (30.56628799497724,179.1906835728341) (30.56628799497724,178.7018223572512) (31.56628799497723,178.7018223572512) (31.56628799497723,178.2129611416684) (32.56628799497724,178.2129611416684) (32.56628799497724,177.7240999260855) (33.56628799497726,177.7240999260855) (33.56628799497726,177.2352387105026) (34.56628799497728,177.2352387105026) (34.56628799497728,176.7463774949197) (35.5662879949773,176.7463774949197) (35.5662879949773,176.2575162793368) (36.56628799497732,176.2575162793368) (36.56628799497732,175.7686550637539) (37.56628799497734,175.7686550637539) (37.56628799497734,175.279793848171) (38.56628799497737,175.279793848171) (38.56628799497737,174.7909326325882) (39.56628799497739,174.7909326325882) (39.56628799497739,174.3020714170053) (40.56628799497741,174.3020714170053) (40.56628799497741,173.8132102014224) (41.56628799497743,173.8132102014224) (41.56628799497743,173.3243489858395) (42.56628799497745,173.3243489858395) (42.56628799497745,172.8354877702566) (43.56628799497747,172.8354877702566) (43.56628799497747,172.3466265546737) (44.56628799497748,172.3466265546737) (44.56628799497748,171.8577653390908) (45.56628799497749,171.8577653390908) (45.56628799497749,171.3689041235079) (46.5662879949775,171.3689041235079) (46.5662879949775,170.8800429079251) (47.56628799497751,170.8800429079251) (47.56628799497751,170.3911816923422) (48.56628799497751,170.3911816923422) (48.56628799497751,169.9023204767593) (49.56628799497751,169.9023204767593) (49.56628799497751,169.4134592611764) (50.56628799497751,169.4134592611764) (50.56628799497751,168.9245980455935) (51.56628799497751,168.9245980455935) (51.56628799497751,168.4357368300106) (52.56628799497751,168.4357368300106) (52.56628799497751,167.9468756144277) (53.56628799497751,167.9468756144277) (53.56628799497751,167.4580143988449) (54.56628799497751,167.4580143988449) (54.56628799497751,166.969153183262) (55.56628799497752,166.969153183262) (55.56628799497752,166.4802919676791) (56.56628799497753,166.4802919676791) (56.56628799497753,165.9914307520962) (57.56628799497754,165.9914307520962) (57.56628799497754,165.5025695365133) (58.56628799497754,165.5025695365133) (58.56628799497754,165.0137083209304) (59.56628799497754,165.0137083209304) (59.56628799497754,164.5248471053475) (60.56628799497754,164.5248471053475) (60.56628799497754,164.0359858897646) (61.56628799497754,164.0359858897646) (61.56628799497754,163.5) (173.5662879949766,163.5) (173.5662879949766,189.4896220913107) (174.5662879949766,189.4896220913107) (174.5662879949766,215.4792441826214) (175.5662879949767,215.4792441826214) (175.5662879949767,241.4688662739321) (176.5662879949768,241.4688662739321) (176.5662879949768,267.4584883652428) (177.5662879949768,267.4584883652428) (177.5662879949768,293.4481104565535) (178.5662879949769,293.4481104565535) (178.5662879949769,319.4377325478642) (179.566287994977,319.4377325478642) (179.566287994977,345.427354639175) (180.5662879949771,345.427354639175) (180.5662879949771,371.4169767304857) (181.5662879949772,371.4169767304857) (181.5662879949772,397.4065988217964) (182.5662879949772,397.4065988217964) (182.5662879949772,423.3962209131071) (183.5662879949773,423.3962209131071) (183.5662879949773,449.3858430044178) (184.5662879949774,449.3858430044178) (184.5662879949774,475.3754650957285) (185.5662879949775,475.3754650957285) (185.5662879949775,501.3650871870392) (186.5662879949776,501.3650871870392) (186.5662879949776,527.3547092783499) (187.5662879949777,527.3547092783499) (187.5662879949777,553.3443313696606) (188.5662879949778,553.3443313696606) (188.5662879949778,579.3339534609713) (189.5662879949778,579.3339534609713) (189.5662879949778,605.323575552282) (190.5662879949779,605.323575552282) (190.5662879949779,631.3131976435927) (191.5662879949779,631.3131976435927) (191.5662879949779,657.3028197349034) (192.566287994978,657.3028197349034) (192.566287994978,683.2924418262141) (193.566287994978,683.2924418262141) (193.566287994978,709.2820639175249) (194.5662879949781,709.2820639175249) (194.5662879949781,735.2716860088356) (700,735.2716860088356)
robPositionX[0]:
[0]: (0,0) (0,92.5) (2,92.5) (2,97.73313175708738) (11.56628799497737,97.73313175708738) (11.56628799497737,123.7285354798977) (12.58509145746062,123.7285354798977) (12.58509145746062,149.723939202708) (13.58509145746061,149.723939202708) (13.58509145746061,175.7193429255182) (14.58509145746061,175.7193429255182) (14.58509145746061,201.7147466483285) (15.58509145746061,201.7147466483285) (15.58509145746061,227.7101503711388) (16.58509145746061,227.7101503711388) (16.58509145746061,253.7055540939491) (17.5850914574606,253.7055540939491) (17.5850914574606,279.7009578167594) (18.5850914574606,279.7009578167594) (18.5850914574606,305.6963615395697) (19.5850914574606,305.6963615395697) (19.5850914574606,331.69176526238) (20.58509145746059,331.69176526238) (20.58509145746059,357.6871689851903) (21.58509145746058,357.6871689851903) (21.58509145746058,383.6825727080006) (22.58509145746057,383.6825727080006) (22.58509145746057,409.6779764308109) (23.58509145746056,409.6779764308109) (23.58509145746056,435.6733801536212) (24.58509145746055,435.6733801536212) (24.58509145746055,461.6687838764315) (25.58509145746054,461.6687838764315) (25.58509145746054,487.6641875992418) (26.58509145746053,487.6641875992418) (26.58509145746053,513.6595913220521) (27.58509145746052,513.6595913220521) (27.58509145746052,539.6549950448623) (28.58509145746051,539.6549950448623) (28.58509145746051,565.6503987676725) (29.5850914574605,565.6503987676725) (29.5850914574605,591.6458024904828) (30.58509145746049,591.6458024904828) (30.58509145746049,617.641206213293) (31.58509145746048,617.641206213293) (31.58509145746048,643.6366099361032) (32.58509145746048,643.6366099361032) (32.58509145746048,669.6320136589135) (33.5850914574605,669.6320136589135) (33.5850914574605,695.6274173817237) (34.58509145746052,695.6274173817237) (34.58509145746052,721.622821104534) (35.58509145746054,721.622821104534) (35.58509145746054,747.6182248273442) (36.58509145746056,747.6182248273442) (36.58509145746056,773.6136285501544) (37.58509145746059,773.6136285501544) (37.58509145746059,799.6090322729647) (38.58509145746061,799.6090322729647) (38.58509145746061,825.6044359957749) (39.58509145746063,825.6044359957749) (39.58509145746063,851.5998397185851) (40.58509145746065,851.5998397185851) (40.58509145746065,877.5952434413954) (41.58509145746067,877.5952434413954) (41.58509145746067,903.5906471642056) (42.58509145746069,903.5906471642056) (42.58509145746069,929.5860508870159) (43.58509145746071,929.5860508870159) (43.58509145746071,955.5814546098261) (44.58509145746073,955.5814546098261) (44.58509145746073,981.5768583326363) (45.58509145746074,981.5768583326363) (45.58509145746074,1007.572262055447) (46.58509145746075,1007.572262055447) (46.58509145746075,1033.567665778257) (47.58509145746076,1033.567665778257) (47.58509145746076,1059.563069501067) (48.58509145746076,1059.563069501067) (48.58509145746076,1085.558473223878) (49.58509145746076,1085.558473223878) (49.58509145746076,1111.553876946688) (50.58509145746076,1111.553876946688) (50.58509145746076,1137.549280669498) (51.58509145746076,1137.549280669498) (51.58509145746076,1163.544684392309) (52.58509145746076,1163.544684392309) (52.58509145746076,1189.540088115119) (53.58509145746076,1189.540088115119) (53.58509145746076,1215.535491837929) (54.58509145746077,1215.535491837929) (54.58509145746077,1241.53089556074) (55.58509145746078,1241.53089556074) (55.58509145746078,1267.52629928355) (56.58509145746078,1267.52629928355) (56.58509145746078,1293.52170300636) (57.58509145746079,1293.52170300636) (57.58509145746079,1319.517106729171) (58.5850914574608,1319.517106729171) (58.5850914574608,1345.512510451981) (59.5850914574608,1345.512510451981) (59.5850914574608,1371.507914174791) (60.5850914574608,1371.507914174791) (60.5850914574608,1397.503317897602) (61.5850914574608,1397.503317897602) (61.5850914574608,1423.498721620412) (62.5850914574608,1423.498721620412) (62.5850914574608,1452) (63.5850914574608,1452) (63.5850914574608,1478) (64.58509145746076,1478) (64.58509145746076,1504) (65.58509145746069,1504) (65.58509145746069,1530) (66.58509145746062,1530) (66.58509145746062,1556) (67.58509145746055,1556) (67.58509145746055,1582) (68.58509145746048,1582) (68.58509145746048,1608) (69.58509145746041,1608) (69.58509145746041,1634) (70.58509145746034,1634) (70.58509145746034,1660) (71.58509145746027,1660) (71.58509145746027,1686) (72.58509145746019,1686) (72.58509145746019,1712) (73.58509145746012,1712) (73.58509145746012,1738) (74.58509145746005,1738) (74.58509145746005,1764) (75.58509145745998,1764) (75.58509145745998,1790) (76.58509145745991,1790) (76.58509145745991,1816) (77.58509145745984,1816) (77.58509145745984,1842) (78.58509145745977,1842) (78.58509145745977,1868) (79.58509145745971,1868) (79.58509145745971,1894) (80.58509145745965,1894) (80.58509145745965,1920) (81.5850914574596,1920) (81.5850914574596,1946) (82.58509145745954,1946) (82.58509145745954,1972) (83.58509145745948,1972) (83.58509145745948,1998) (84.58509145745941,1998) (84.58509145745941,2024) (85.58509145745934,2024) (85.58509145745934,2050) (86.58509145745927,2050) (86.58509145745927,2076) (87.5850914574592,2076) (87.5850914574592,2102) (88.58509145745913,2102) (88.58509145745913,2128) (89.58509145745906,2128) (89.58509145745906,2154) (90.58509145745899,2154) (90.58509145745899,2180) (91.58509145745892,2180) (91.58509145745892,2206) (92.58509145745884,2206) (92.58509145745884,2232) (93.58509145745877,2232) (93.58509145745877,2258) (94.5850914574587,2258) (94.5850914574587,2284) (95.58509145745863,2284) (95.58509145745863,2310) (96.58509145745856,2310) (96.58509145745856,2336) (97.58509145745849,2336) (97.58509145745849,2362) (98.58509145745842,2362) (98.58509145745842,2388) (99.58509145745836,2388) (99.58509145745836,2414) (100.5850914574583,2414) (100.5850914574583,2440) (101.5850914574582,2440) (101.5850914574582,2466) (102.5850914574582,2466) (102.5850914574582,2492) (103.5850914574581,2492) (103.5850914574581,2518) (104.5850914574581,2518) (104.5850914574581,2544) (105.585091457458,2544) (105.585091457458,2570) (106.5850914574579,2570) (106.5850914574579,2596) (107.5850914574578,2596) (107.5850914574578,2622) (108.5850914574578,2622) (108.5850914574578,2648) (109.5850914574577,2648) (109.5850914574577,2674) (110.5850914574576,2674) (110.5850914574576,2700) (111.5850914574576,2700) (111.5850914574576,2726) (112.5850914574575,2726) (112.5850914574575,2752) (113.5850914574574,2752) (113.5850914574574,2778) (114.5850914574574,2778) (114.5850914574574,2804) (115.5850914574573,2804) (115.5850914574573,2830) (116.5850914574572,2830) (116.5850914574572,2856) (117.5850914574571,2856) (117.5850914574571,2882) (118.5850914574571,2882) (118.5850914574571,2908) (119.585091457457,2908) (119.585091457457,2934) (120.585091457457,2934) (120.585091457457,2960) (121.5850914574569,2960) (121.5850914574569,2986) (122.5850914574568,2986) (122.5850914574568,3012) (123.5850914574568,3012) (123.5850914574568,3038) (124.5850914574567,3038) (124.5850914574567,3062.5) (125.5850914574566,3062.5) (125.5850914574566,3088.5) (126.5850914574566,3088.5) (126.5850914574566,3114.5) (127.5850914574565,3114.5) (127.5850914574565,3140.5) (128.5850914574565,3140.5) (128.5850914574565,3166.5) (129.5850914574566,3166.5) (129.5850914574566,3192.5) (130.5850914574567,3192.5) (130.5850914574567,3218.5) (131.5850914574568,3218.5) (131.5850914574568,3244.5) (132.5850914574569,3244.5) (132.5850914574569,3270.5) (133.5850914574569,3270.5) (133.5850914574569,3296.5) (134.585091457457,3296.5) (134.585091457457,3322.5) (135.5850914574571,3322.5) (135.5850914574571,3348.5) (136.5850914574571,3348.5) (136.5850914574571,3374.5) (137.5850914574572,3374.5) (137.5850914574572,3400.5) (138.5850914574572,3400.5) (138.5850914574572,3426.5) (139.5850914574573,3426.5) (139.5850914574573,3452.5) (140.5850914574573,3452.5) (140.5850914574573,3478.5) (141.5850914574574,3478.5) (141.5850914574574,3504.5) (142.5850914574575,3504.5) (142.5850914574575,3530.5) (143.5850914574575,3530.5) (143.5850914574575,3556.5) (144.5850914574576,3556.5) (144.5850914574576,3582.5) (145.5850914574576,3582.5) (145.5850914574576,3608.5) (146.5850914574577,3608.5) (146.5850914574577,3634.5) (147.5850914574577,3634.5) (147.5850914574577,3660.5) (148.5850914574578,3660.5) (148.5850914574578,3686.5) (149.5850914574579,3686.5) (149.5850914574579,3712.5) (150.585091457458,3712.5) (150.585091457458,3738.5) (151.585091457458,3738.5) (151.585091457458,3764.5) (152.5850914574581,3764.5) (152.5850914574581,3790.5) (153.5850914574582,3790.5) (153.5850914574582,3816.5) (154.5850914574583,3816.5) (154.5850914574583,3842.5) (155.5850914574584,3842.5) (155.5850914574584,3868.5) (156.5850914574585,3868.5) (156.5850914574585,3894.5) (157.5850914574586,3894.5) (157.5850914574586,3920.5) (158.5850914574586,3920.5) (158.5850914574586,3946.5) (159.5850914574587,3946.5) (159.5850914574587,3972.5) (160.5850914574588,3972.5) (160.5850914574588,3998.5) (161.5850914574589,3998.5) (161.5850914574589,4024.5) (162.585091457459,4024.5) (162.585091457459,4050.5) (163.5850914574591,4050.5) (163.5850914574591,4076.5) (164.5850914574592,4076.5) (164.5850914574592,4102.5) (165.5850914574592,4102.5) (165.5850914574592,4128.5) (166.5850914574593,4128.5) (166.5850914574593,4154.5) (167.5850914574594,4154.5) (167.5850914574594,4180.5) (168.5850914574595,4180.5) (168.5850914574595,4206.5) (169.5850914574596,4206.5) (169.5850914574596,4232.5) (170.5850914574597,4232.5) (170.5850914574597,4258.5) (171.5850914574598,4258.5) (171.5850914574598,4284.5) (172.5850914574598,4284.5) (172.5850914574598,4310.5) (173.5850914574599,4310.5) (173.5850914574599,4336.5) (174.58509145746,4336.5) (174.58509145746,4362.5) (175.58509145746,4362.5) (175.58509145746,4388.5) (176.5850914574601,4388.5) (176.5850914574601,4417) (179.1841429392018,4417) (179.1841429392018,4416.265463717128) (180.1841429392019,4416.265463717128) (180.1841429392019,4415.530927434256) (181.184142939202,4415.530927434256) (181.184142939202,4414.796391151384) (182.1841429392021,4414.796391151384) (182.1841429392021,4414.061854868512) (183.1841429392022,4414.061854868512) (183.1841429392022,4413.327318585641) (184.1841429392022,4413.327318585641) (184.1841429392022,4412.592782302769) (185.1841429392023,4412.592782302769) (185.1841429392023,4411.858246019897) (186.1841429392024,4411.858246019897) (186.1841429392024,4411.123709737025) (187.1841429392025,4411.123709737025) (187.1841429392025,4410.389173454153) (188.1841429392026,4410.389173454153) (188.1841429392026,4409.654637171281) (189.1841429392027,4409.654637171281) (189.1841429392027,4408.920100888409) (190.1841429392027,4408.920100888409) (190.1841429392027,4408.185564605537) (191.1841429392028,4408.185564605537) (191.1841429392028,4407.451028322665) (192.1841429392028,4407.451028322665) (192.1841429392028,4406.716492039794) (193.1841429392029,4406.716492039794) (193.1841429392029,4405.981955756922) (194.184142939203,4405.981955756922) (194.184142939203,4405.24741947405) (195.184142939203,4405.24741947405) (195.184142939203,4404.512883191178) (196.1841429392031,4404.512883191178) (196.1841429392031,4403.778346908306) (197.1841429392031,4403.778346908306) (197.1841429392031,4403.043810625434) (198.1841429392032,4403.043810625434) (198.1841429392032,4402.309274342562) (199.1841429392032,4402.309274342562) (199.1841429392032,4401.57473805969) (200.1841429392033,4401.57473805969) (200.1841429392033,4400.840201776819) (700,4400.840201776819)
robPositionY[0]:
[0]: (0,0) (0,163.5) (2,163.5) (2,188.9679078844919) (11.56628799497737,188.9679078844919) (11.56628799497737,188.479046668909) (12.58509145746062,188.479046668909) (12.58509145746062,187.9901854533261) (13.58509145746061,187.9901854533261) (13.58509145746061,187.5013242377432) (14.58509145746061,187.5013242377432) (14.58509145746061,187.0124630221603) (15.58509145746061,187.0124630221603) (15.58509145746061,186.5236018065774) (16.58509145746061,186.5236018065774) (16.58509145746061,186.0347405909945) (17.5850914574606,186.0347405909945) (17.5850914574606,185.5458793754117) (18.5850914574606,185.5458793754117) (18.5850914574606,185.0570181598288) (19.5850914574606,185.0570181598288) (19.5850914574606,184.5681569442459) (20.58509145746059,184.5681569442459) (20.58509145746059,184.079295728663) (21.58509145746058,184.079295728663) (21.58509145746058,183.5904345130801) (22.58509145746057,183.5904345130801) (22.58509145746057,183.1015732974972) (23.58509145746056,183.1015732974972) (23.58509145746056,182.6127120819143) (24.58509145746055,182.6127120819143) (24.58509145746055,182.1238508663315) (25.58509145746054,182.1238508663315) (25.58509145746054,181.6349896507486) (26.58509145746053,181.6349896507486) (26.58509145746053,181.1461284351657) (27.58509145746052,181.1461284351657) (27.58509145746052,180.6572672195828) (28.58509145746051,180.6572672195828) (28.58509145746051,180.1684060039999) (29.5850914574605,180.1684060039999) (29.5850914574605,179.679544788417) (30.58509145746049,179.679544788417) (30.58509145746049,179.1906835728341) (31.58509145746048,179.1906835728341) (31.58509145746048,178.7018223572512) (32.58509145746048,178.7018223572512) (32.58509145746048,178.2129611416684) (33.5850914574605,178.2129611416684) (33.5850914574605,177.7240999260855) (34.58509145746052,177.7240999260855) (34.58509145746052,177.2352387105026) (35.58509145746054,177.2352387105026) (35.58509145746054,176.7463774949197) (36.58509145746056,176.7463774949197) (36.58509145746056,176.2575162793368) (37.58509145746059,176.2575162793368) (37.58509145746059,175.7686550637539) (38.58509145746061,175.7686550637539) (38.58509145746061,175.279793848171) (39.58509145746063,175.279793848171) (39.58509145746063,174.7909326325882) (40.58509145746065,174.7909326325882) (40.58509145746065,174.3020714170053) (41.58509145746067,174.3020714170053) (41.58509145746067,173.8132102014224) (42.58509145746069,173.8132102014224) (42.58509145746069,173.3243489858395) (43.58509145746071,173.3243489858395) (43.58509145746071,172.8354877702566) (44.58509145746073,172.8354877702566) (44.58509145746073,172.3466265546737) (45.58509145746074,172.3466265546737) (45.58509145746074,171.8577653390908) (46.58509145746075,171.8577653390908) (46.58509145746075,171.3689041235079) (47.58509145746076,171.3689041235079) (47.58509145746076,170.8800429079251) (48.58509145746076,170.8800429079251) (48.58509145746076,170.3911816923422) (49.58509145746076,170.3911816923422) (49.58509145746076,169.9023204767593) (50.58509145746076,169.9023204767593) (50.58509145746076,169.4134592611764) (51.58509145746076,169.4134592611764) (51.58509145746076,168.9245980455935) (52.58509145746076,168.9245980455935) (52.58509145746076,168.4357368300106) (53.58509145746076,168.4357368300106) (53.58509145746076,167.9468756144277) (54.58509145746077,167.9468756144277) (54.58509145746077,167.4580143988449) (55.58509145746078,167.4580143988449) (55.58509145746078,166.969153183262) (56.58509145746078,166.969153183262) (56.58509145746078,166.4802919676791) (57.58509145746079,166.4802919676791) (57.58509145746079,165.9914307520962) (58.5850914574608,165.9914307520962) (58.5850914574608,165.5025695365133) (59.5850914574608,165.5025695365133) (59.5850914574608,165.0137083209304) (60.5850914574608,165.0137083209304) (60.5850914574608,164.5248471053475) (61.5850914574608,164.5248471053475) (61.5850914574608,164.0359858897646) (62.5850914574608,164.0359858897646) (62.5850914574608,163.5) (179.1841429392018,163.5) (179.1841429392018,189.4896220913107) (180.1841429392019,189.4896220913107) (180.1841429392019,215.4792441826214) (181.184142939202,215.4792441826214) (181.184142939202,241.4688662739321) (182.1841429392021,241.4688662739321) (182.1841429392021,267.4584883652428) (183.1841429392022,267.4584883652428) (183.1841429392022,293.4481104565535) (184.1841429392022,293.4481104565535) (184.1841429392022,319.4377325478642) (185.1841429392023,319.4377325478642) (185.1841429392023,345.427354639175) (186.1841429392024,345.427354639175) (186.1841429392024,371.4169767304857) (187.1841429392025,371.4169767304857) (187.1841429392025,397.4065988217964) (188.1841429392026,397.4065988217964) (188.1841429392026,423.3962209131071) (189.1841429392027,423.3962209131071) (189.1841429392027,449.3858430044178) (190.1841429392027,449.3858430044178) (190.1841429392027,475.3754650957285) (191.1841429392028,475.3754650957285) (191.1841429392028,501.3650871870392) (192.1841429392028,501.3650871870392) (192.1841429392028,527.3547092783499) (193.1841429392029,527.3547092783499) (193.1841429392029,553.3443313696606) (194.184142939203,553.3443313696606) (194.184142939203,579.3339534609713) (195.184142939203,579.3339534609713) (195.184142939203,605.323575552282) (196.1841429392031,605.323575552282) (196.1841429392031,631.3131976435927) (197.1841429392031,631.3131976435927) (197.1841429392031,657.3028197349034) (198.1841429392032,657.3028197349034) (198.1841429392032,683.2924418262141) (199.1841429392032,683.2924418262141) (199.1841429392032,709.2820639175249) (200.1841429392033,709.2820639175249) (200.1841429392033,735.2716860088356) (700,735.2716860088356)
batteryCharge[0]:
[0]: (0,100) (700,100)
user_guided_transport.end:
[0]: (0,0) (202.1841429392024,0) (202.1841429392024,1) (700,1)
[2K
Verifying formula 5 at /nta/queries/query[5]/formula
 -- Formula: simulate[<=700]{robot_inventory[0][0], user_guided_transport.end*2}
[2K -- Formula is satisfied.
robot_inventory[0][0]:
[0]: (0,0) (7.780485192954698,0) (7.780485192954698,1) (700,1)
user_guided_transport.end * 2:
[0]: (0,0) (200.398340137182,0) (200.398340137182,2) (700,2)
[2K
Verifying formula 6 at /nta/queries/query[6]/formula
 -- Formula: simulate[<=700]{bedroom[0], bedroom[1], kitchen[0], kitchen[1]}
[2K -- Formula is satisfied.
bedroom[0]:
[0]: (0,100) (700,100)
bedroom[1]:
[0]: (0,200) (700,200)
kitchen[0]:
[0]: (0,4400) (700,4400)
kitchen[1]:
[0]: (0,765) (700,765)
[2K
Verifying formula 7 at /nta/queries/query[7]/formula
 -- Formula: simulate[<=700]{rm_1.idle, rf_1.idle, rp_1.idle, rd_1.idle}
[2K -- Formula is satisfied.
rm_1.idle:
[0]: (0,0) (0,1) (0,0) (3,0) (3,1) (11.01662971242331,1) (11.01662971242331,0) (202.6344846566561,0) (202.6344846566561,1) (700,1)
rf_1.idle:
[0]: (0,0) (0,1) (700,1)
rp_1.idle:
[0]: (0,0) (0,1) (2,1) (2,0) (11.01662971242331,0) (11.01662971242331,1) (700,1)
rd_1.idle:
[0]: (0,0) (0,1) (700,1)
[2K
Verifying formula 8 at /nta/queries/query[8]/formula
 -- Formula: Pr[<=700](<>!rm_1.idle || !rf_1.idle || !rp_1.idle || !rd_1.idle)
[2K -- Formula is satisfied.
(72/72 runs) Pr(<> …) in [0.950056,1] (95% CI)
Values in [0,0] mean=0 steps=2.22045e-16: 72
[2K
Verifying formula 9 at /nta/queries/query[9]/formula
 -- Formula: Pr[<=700]([] (user_guided_transport.end imply (rm_1.idle && rf_1.idle && rp_1.idle && rd_1.idle)))
 -- Throughput: 487938 runs/sec, Load: 343 runs[K
[2K -- Formula is satisfied.
(72/72 runs) Pr([] …) in [0.950056,1] (95% CI)
[2K
Verifying formula 10 at /nta/queries/query[10]/formula
 -- Formula: Pr[<=700] (<> pow(humanPositionX[0] - kitchen[0], 2) + pow(humanPositionY[0] - kitchen[1], 2) <= 900 )
[2K -- Formula is satisfied.
(72/72 runs) Pr(<> …) in [0.950056,1] (95% CI)
Values in [192.033,196.968] mean=194.564 steps=0.548389: 11 3 10 5 8 11 9 4 11
[2K
Verifying formula 11 at /nta/queries/query[11]/formula
 -- Formula: Pr[<=700] (<> pow(humanPositionX[0] - bedroom[0], 2) + pow(humanPositionY[0] - bedroom[1], 2) <= 900 )
[2K -- Formula is satisfied.
(72/72 runs) Pr(<> …) in [0.950056,1] (95% CI)
Values in [1,1] mean=1 steps=2.22045e-16: 72
[2K
Verifying formula 12 at /nta/queries/query[12]/formula
 -- Formula: Pr[<=700] (<> pow(robPositionX[0] - kitchen[0], 2) + pow(robPositionY[0] - kitchen[1], 2) <= 900 )
[2K -- Formula is satisfied.
(72/72 runs) Pr(<> …) in [0.950056,1] (95% CI)
Values in [197.653,202.539] mean=199.956 steps=0.54288: 9 8 11 8 8 6 10 2 10
[2K
Verifying formula 13 at /nta/queries/query[13]/formula
 -- Formula: Pr[<=700] (<> pow(robPositionX[0] - bedroom[0], 2) + pow(robPositionY[0] - bedroom[1], 2) <= 900 )
[2K -- Formula is satisfied.
(72/72 runs) Pr(<> …) in [0.950056,1] (95% CI)
Values in [2,2] mean=2 steps=2.22045e-16: 72
[2K
Verifying formula 14 at /nta/queries/query[14]/formula
 -- Formula: Pr[<=700] (<> !isValidPosition(humanPositionX[0], humanPositionY[0]))
[2K -- Formula is satisfied.
(72/72 runs) Pr(<> …) in [0.950056,1] (95% CI)
Values in [0,0] mean=0 steps=2.22045e-16: 72
[2K
Verifying formula 15 at /nta/queries/query[15]/formula
 -- Formula: Pr[<=700] (<> !isValidPosition(robPositionX[0], robPositionY[0]))
[2K -- Formula is satisfied.
(72/72 runs) Pr(<> …) in [0.950056,1] (95% CI)
Values in [0,0] mean=0 steps=2.22045e-16: 72
[2K
Verifying formula 16 at /nta/queries/query[16]/formula
 -- Formula: Pr[<=700] (<> currP > 2)
 -- Throughput: 595000 runs/sec, Load: 333 runs[K
[2K -- Formula is satisfied.
(0/72 runs) Pr(<> …) in [0,0.0499441] (95% CI)
