Options for the verification:
  Generating no trace
  Search order is breadth first
  Using conservative space optimisation
  Seed is 1782635136
  State space representation uses minimal constraint systems with future testing
  Using HashMap + Compress integers for discrete state storage
[2K
Verifying formula 1 at /nta/queries/query[1]/formula
 -- Formula: simulate[<=700]{Coffee_Delivery_robot1_def.s1_start, Coffee_Delivery_robot1_def.s1_end, Coffee_Delivery_robot1_def.s2_start, Coffee_Delivery_robot1_def.s2_end, Coffee_Delivery_robot1_def.s3_start, Coffee_Delivery_robot1_def.s3_end, Coffee_Delivery_robot1_def.s4_start, Coffee_Delivery_robot1_def.s4_end, Coffee_Delivery_robot1_def.s5_start, Coffee_Delivery_robot1_def.s5_end, Coffee_Delivery_robot1_def.s6_start, Coffee_Delivery_robot1_def.s6_end, Coffee_Delivery_robot1_def.s7_start, Coffee_Delivery_robot1_def.s7_end, Coffee_Delivery_robot1_def.s8_start, Coffee_Delivery_robot1_def.s8_end, Coffee_Delivery.end}
[2K -- Formula is satisfied.
Coffee_Delivery_robot1_def.s1_start:
[0]: (0,0) (0,1) (0,0) (700,0)
Coffee_Delivery_robot1_def.s1_end:
[0]: (0,0) (67.5767397931244,0) (67.5767397931244,1) (67.5767397931244,0) (700,0)
Coffee_Delivery_robot1_def.s2_start:
[0]: (0,0) (67.5767397931244,0) (67.5767397931244,1) (67.5767397931244,0) (700,0)
Coffee_Delivery_robot1_def.s2_end:
[0]: (0,0) (77.03160631262544,0) (77.03160631262544,1) (77.03160631262544,0) (700,0)
Coffee_Delivery_robot1_def.s3_start:
[0]: (0,0) (77.03160631262544,0) (77.03160631262544,1) (77.03160631262544,0) (700,0)
Coffee_Delivery_robot1_def.s3_end:
[0]: (0,0) (145.7110613411475,0) (145.7110613411475,1) (145.7110613411475,0) (700,0)
Coffee_Delivery_robot1_def.s4_start:
[0]: (0,0) (145.7110613411475,0) (145.7110613411475,1) (145.7110613411475,0) (700,0)
Coffee_Delivery_robot1_def.s4_end:
[0]: (0,0) (150.7110613411475,0) (150.7110613411475,1) (150.7110613411475,0) (700,0)
Coffee_Delivery_robot1_def.s5_start:
[0]: (0,0) (150.7110613411475,0) (150.7110613411475,1) (150.7110613411475,0) (700,0)
Coffee_Delivery_robot1_def.s5_end:
[0]: (0,0) (216.314791619805,0) (216.314791619805,1) (216.314791619805,0) (700,0)
Coffee_Delivery_robot1_def.s6_start:
[0]: (0,0) (216.314791619805,0) (216.314791619805,1) (216.314791619805,0) (700,0)
Coffee_Delivery_robot1_def.s6_end:
[0]: (0,0) (222.9600627936196,0) (222.9600627936196,1) (222.9600627936196,0) (700,0)
Coffee_Delivery_robot1_def.s7_start:
[0]: (0,0) (222.9600627936196,0) (222.9600627936196,1) (222.9600627936196,0) (700,0)
Coffee_Delivery_robot1_def.s7_end:
[0]: (0,0) (290.6631507952043,0) (290.6631507952043,1) (290.6631507952043,0) (700,0)
Coffee_Delivery_robot1_def.s8_start:
[0]: (0,0) (290.6631507952043,0) (290.6631507952043,1) (290.6631507952043,0) (700,0)
Coffee_Delivery_robot1_def.s8_end:
[0]: (0,0) (295.6631507952043,0) (295.6631507952043,1) (295.6631507952043,0) (700,0)
Coffee_Delivery.end:
[0]: (0,0) (295.6631507952043,0) (295.6631507952043,1) (700,1)
[2K
Verifying formula 2 at /nta/queries/query[2]/formula
 -- Formula: Pr[<=700] (<> Coffee_Delivery.end)
[2K -- Formula is satisfied.
(72/72 runs) Pr(<> …) in [0.950056,1] (95% CI)
Values in [290.345,298.546] mean=294.203 steps=0.911204: 5 6 4 19 15 8 8 5 2
[2K
Verifying formula 3 at /nta/queries/query[3]/formula
 -- Formula: simulate[<=700]{humanPositionX[0], humanPositionY[0], humanPositionX[1], humanPositionY[1], robPositionX[0], robPositionY[0], batteryCharge[0], Coffee_Delivery.end}
[2K -- Formula is satisfied.
humanPositionX[0]:
[0]: (0,0) (0,92.5) (700,92.5)
humanPositionY[0]:
[0]: (0,0) (0,163.5) (700,163.5)
humanPositionX[1]:
[0]: (0,0) (0,92.5) (700,92.5)
humanPositionY[1]:
[0]: (0,0) (0,761.2) (700,761.2)
robPositionX[0]:
[0]: (0,0) (0,92.5) (2,92.5) (2,118.5) (3,118.5) (3,144.5) (4,144.5) (4,170.5) (5,170.5) (5,196.5) (6,196.5) (6,222.5) (7,222.5) (7,248.5) (8,248.5) (8,274.5) (9,274.5) (9,300.5) (10,300.5) (10,326.5) (11,326.5) (11,352.5) (12,352.5) (12,378.5) (13,378.5) (13,404.5) (14,404.5) (14,430.5) (15,430.5) (15,456.5) (16,456.5) (16,482.5) (17,482.5) (17,508.5) (18,508.5) (18,534.5) (19,534.5) (19,560.5) (20,560.5) (20,586.5) (21,586.5) (21,612.5) (22,612.5) (22,638.5) (23,638.5) (23,664.5) (24,664.5) (24,690.5) (25,690.5) (25,716.5) (26,716.5) (26,742.5) (27,742.5) (27,768.5) (28,768.5) (28,794.5) (29,794.5) (29,820.5) (30,820.5) (30,846.5) (31,846.5) (31,872.5) (32,872.5) (32,898.5) (33,898.5) (33,924.5) (34,924.5) (34,950.5) (35,950.5) (35,976.5) (36,976.5) (36,1002.5) (37,1002.5) (37,1028.5) (38,1028.5) (38,1054.5) (39,1054.5) (39,1080.5) (40,1080.5) (40,1106.5) (41,1106.5) (41,1132.5) (42,1132.5) (42,1158.5) (43,1158.5) (43,1184.5) (44,1184.5) (44,1210.5) (45,1210.5) (45,1236.5) (46,1236.5) (46,1262.5) (47,1262.5) (47,1288.5) (48,1288.5) (48,1314.5) (49,1314.5) (49,1340.5) (50,1340.5) (50,1366.5) (51,1366.5) (51,1392.5) (52,1392.5) (52,1418.5) (53,1418.5) (53,1444.5) (54,1444.5) (54,1452) (56.57673979312437,1452) (56.57673979312437,1451.845470785223) (57.57673979312437,1451.845470785223) (57.57673979312437,1451.690941570446) (58.57673979312437,1451.690941570446) (58.57673979312437,1451.536412355669) (59.57673979312437,1451.536412355669) (59.57673979312437,1451.381883140892) (60.57673979312437,1451.381883140892) (60.57673979312437,1451.227353926115) (61.57673979312437,1451.227353926115) (61.57673979312437,1451.072824711337) (62.57673979312437,1451.072824711337) (62.57673979312437,1450.91829549656) (63.57673979312437,1450.91829549656) (63.57673979312437,1450.763766281783) (64.5767397931244,1450.763766281783) (64.5767397931244,1450.609237067006) (65.5767397931244,1450.609237067006) (65.5767397931244,1450.454707852229) (66.5767397931244,1450.454707852229) (66.5767397931244,1450.300178637452) (67.5767397931244,1450.300178637452) (67.5767397931244,1450.145649422675) (76.53753995552698,1450.145649422675) (76.53753995552698,1450.300178637452) (79.1023928159924,1450.300178637452) (79.1023928159924,1450.454707852229) (80.10239281599242,1450.454707852229) (80.10239281599242,1450.609237067006) (81.10239281599242,1450.609237067006) (81.10239281599242,1450.763766281783) (82.1023928159924,1450.763766281783) (82.1023928159924,1450.91829549656) (83.10239281599242,1450.91829549656) (83.10239281599242,1451.072824711337) (84.10239281599242,1451.072824711337) (84.10239281599242,1451.227353926115) (85.10239281599242,1451.227353926115) (85.10239281599242,1451.381883140892) (86.10239281599242,1451.381883140892) (86.10239281599242,1451.536412355669) (87.10239281599242,1451.536412355669) (87.10239281599242,1451.690941570446) (88.10239281599242,1451.690941570446) (88.10239281599242,1451.845470785223) (89.10239281599242,1451.845470785223) (89.10239281599242,1452) (93.21699498404901,1452) (93.21699498404901,1426.009469747118) (94.21699498404901,1426.009469747118) (94.21699498404901,1400.018939494237) (95.21699498404901,1400.018939494237) (95.21699498404901,1374.028409241355) (96.21699498404901,1374.028409241355) (96.21699498404901,1348.037878988473) (97.21699498404901,1348.037878988473) (97.21699498404901,1322.047348735592) (98.21699498404901,1322.047348735592) (98.21699498404901,1296.05681848271) (99.21699498404901,1296.05681848271) (99.21699498404901,1270.066288229829) (100.216994984049,1270.066288229829) (100.216994984049,1244.075757976947) (101.216994984049,1244.075757976947) (101.216994984049,1218.085227724065) (102.216994984049,1218.085227724065) (102.216994984049,1192.094697471184) (103.216994984049,1192.094697471184) (103.216994984049,1166.104167218302) (104.216994984049,1166.104167218302) (104.216994984049,1140.11363696542) (105.216994984049,1140.11363696542) (105.216994984049,1114.123106712539) (106.216994984049,1114.123106712539) (106.216994984049,1088.132576459657) (107.216994984049,1088.132576459657) (107.216994984049,1062.142046206776) (108.216994984049,1062.142046206776) (108.216994984049,1036.151515953894) (109.216994984049,1036.151515953894) (109.216994984049,1010.160985701012) (110.216994984049,1010.160985701012) (110.216994984049,984.1704554481307) (111.216994984049,984.1704554481307) (111.216994984049,958.1799251952491) (112.216994984049,958.1799251952491) (112.216994984049,932.1893949423675) (113.216994984049,932.1893949423675) (113.216994984049,906.1988646894858) (114.216994984049,906.1988646894858) (114.216994984049,880.2083344366042) (115.216994984049,880.2083344366042) (115.216994984049,854.2178041837226) (116.216994984049,854.2178041837226) (116.216994984049,828.227273930841) (117.216994984049,828.227273930841) (117.216994984049,802.2367436779593) (118.216994984049,802.2367436779593) (118.216994984049,776.2462134250777) (119.216994984049,776.2462134250777) (119.216994984049,750.2556831721961) (120.216994984049,750.2556831721961) (120.216994984049,724.2651529193145) (121.216994984049,724.2651529193145) (121.216994984049,698.2746226664328) (122.216994984049,698.2746226664328) (122.216994984049,672.2840924135512) (123.216994984049,672.2840924135512) (123.216994984049,646.2935621606696) (124.216994984049,646.2935621606696) (124.216994984049,620.303031907788) (125.216994984049,620.303031907788) (125.216994984049,594.3125016549063) (126.216994984049,594.3125016549063) (126.216994984049,568.3219714020247) (127.216994984049,568.3219714020247) (127.216994984049,542.3314411491431) (128.216994984049,542.3314411491431) (128.216994984049,516.3409108962614) (129.216994984049,516.3409108962614) (129.216994984049,490.3503806433799) (130.216994984049,490.3503806433799) (130.216994984049,464.3598503904983) (131.216994984049,464.3598503904983) (131.216994984049,438.3693201376167) (132.216994984049,438.3693201376167) (132.216994984049,412.3787898847352) (133.216994984049,412.3787898847352) (133.216994984049,386.3882596318536) (134.216994984049,386.3882596318536) (134.216994984049,360.397729378972) (135.216994984049,360.397729378972) (135.216994984049,334.4071991260905) (136.216994984049,334.4071991260905) (136.216994984049,308.4166688732089) (137.216994984049,308.4166688732089) (137.216994984049,282.4261386203273) (138.216994984049,282.4261386203273) (138.216994984049,256.4356083674458) (139.216994984049,256.4356083674458) (139.216994984049,230.4450781145642) (140.216994984049,230.4450781145642) (140.216994984049,204.4545478616826) (141.216994984049,204.4545478616826) (141.216994984049,178.464017608801) (142.216994984049,178.464017608801) (142.216994984049,152.4734873559195) (143.216994984049,152.4734873559195) (143.216994984049,126.4829571030379) (150.216994984049,126.4829571030379) (150.216994984049,152.4734873559195) (151.2439854695822,152.4734873559195) (151.2439854695822,178.464017608801) (152.2439854695822,178.464017608801) (152.2439854695822,204.4545478616826) (153.2439854695822,204.4545478616826) (153.2439854695822,230.4450781145642) (154.2439854695822,230.4450781145642) (154.2439854695822,256.4356083674458) (155.2439854695822,256.4356083674458) (155.2439854695822,282.4261386203273) (156.2439854695822,282.4261386203273) (156.2439854695822,308.4166688732089) (157.2439854695822,308.4166688732089) (157.2439854695822,334.4071991260905) (158.2439854695822,334.4071991260905) (158.2439854695822,360.397729378972) (159.2439854695822,360.397729378972) (159.2439854695822,386.3882596318536) (160.2439854695822,386.3882596318536) (160.2439854695822,412.3787898847352) (161.2439854695822,412.3787898847352) (161.2439854695822,438.3693201376167) (162.2439854695822,438.3693201376167) (162.2439854695822,464.3598503904983) (163.2439854695822,464.3598503904983) (163.2439854695822,490.3503806433799) (164.2439854695822,490.3503806433799) (164.2439854695822,516.3409108962614) (165.2439854695822,516.3409108962614) (165.2439854695822,542.3314411491431) (166.2439854695822,542.3314411491431) (166.2439854695822,568.3219714020247) (167.2439854695822,568.3219714020247) (167.2439854695822,594.3125016549063) (168.2439854695822,594.3125016549063) (168.2439854695822,620.303031907788) (169.2439854695822,620.303031907788) (169.2439854695822,646.2935621606696) (170.2439854695822,646.2935621606696) (170.2439854695822,672.2840924135512) (171.2439854695822,672.2840924135512) (171.2439854695822,698.2746226664328) (172.2439854695822,698.2746226664328) (172.2439854695822,724.2651529193145) (173.2439854695822,724.2651529193145) (173.2439854695822,750.2556831721961) (174.2439854695822,750.2556831721961) (174.2439854695822,776.2462134250777) (175.2439854695822,776.2462134250777) (175.2439854695822,802.2367436779593) (176.2439854695822,802.2367436779593) (176.2439854695822,828.227273930841) (177.2439854695822,828.227273930841) (177.2439854695822,854.2178041837226) (178.2439854695822,854.2178041837226) (178.2439854695822,880.2083344366042) (179.2439854695822,880.2083344366042) (179.2439854695822,906.1988646894858) (180.2439854695822,906.1988646894858) (180.2439854695822,932.1893949423675) (181.2439854695822,932.1893949423675) (181.2439854695822,958.1799251952491) (182.2439854695822,958.1799251952491) (182.2439854695822,984.1704554481307) (183.2439854695822,984.1704554481307) (183.2439854695822,1010.160985701012) (184.2439854695822,1010.160985701012) (184.2439854695822,1036.151515953894) (185.2439854695822,1036.151515953894) (185.2439854695822,1062.142046206776) (186.2439854695822,1062.142046206776) (186.2439854695822,1088.132576459657) (187.2439854695822,1088.132576459657) (187.2439854695822,1114.123106712539) (188.2439854695822,1114.123106712539) (188.2439854695822,1140.11363696542) (189.2439854695822,1140.11363696542) (189.2439854695822,1166.104167218302) (190.2439854695822,1166.104167218302) (190.2439854695822,1192.094697471184) (191.2439854695822,1192.094697471184) (191.2439854695822,1218.085227724065) (192.2439854695822,1218.085227724065) (192.2439854695822,1244.075757976947) (193.2439854695822,1244.075757976947) (193.2439854695822,1270.066288229829) (194.2439854695822,1270.066288229829) (194.2439854695822,1296.05681848271) (195.2439854695822,1296.05681848271) (195.2439854695822,1322.047348735592) (196.2439854695822,1322.047348735592) (196.2439854695822,1348.037878988473) (197.2439854695822,1348.037878988473) (197.2439854695822,1374.028409241355) (198.2439854695822,1374.028409241355) (198.2439854695822,1400.018939494237) (199.2439854695822,1400.018939494237) (199.2439854695822,1426.009469747118) (200.2439854695822,1426.009469747118) (200.2439854695822,1452) (202.8207252627066,1452) (202.8207252627066,1451.845470785223) (203.8207252627066,1451.845470785223) (203.8207252627066,1451.690941570446) (204.8207252627066,1451.690941570446) (204.8207252627066,1451.536412355669) (205.8207252627066,1451.536412355669) (205.8207252627066,1451.381883140892) (206.8207252627066,1451.381883140892) (206.8207252627066,1451.227353926115) (207.8207252627066,1451.227353926115) (207.8207252627066,1451.072824711337) (208.8207252627066,1451.072824711337) (208.8207252627066,1450.91829549656) (209.8207252627066,1450.91829549656) (209.8207252627066,1450.763766281783) (210.8207252627066,1450.763766281783) (210.8207252627066,1450.609237067006) (211.8207252627066,1450.609237067006) (211.8207252627066,1450.454707852229) (212.8207252627066,1450.454707852229) (212.8207252627066,1450.300178637452) (213.8207252627066,1450.300178637452) (213.8207252627066,1450.145649422675) (222.0472574606058,1450.145649422675) (222.0472574606058,1450.314396953755) (224.6115634521769,1450.314396953755) (224.6115634521769,1450.483144484836) (225.6115634521769,1450.483144484836) (225.6115634521769,1450.651892015916) (226.6115634521769,1450.651892015916) (226.6115634521769,1450.820639546997) (227.6115634521769,1450.820639546997) (227.6115634521769,1450.989387078077) (228.6115634521769,1450.989387078077) (228.6115634521769,1451.158134609158) (229.6115634521769,1451.158134609158) (229.6115634521769,1451.326882140238) (230.6115634521769,1451.326882140238) (230.6115634521769,1451.495629671319) (231.6115634521769,1451.495629671319) (231.6115634521769,1451.664377202399) (232.6115634521769,1451.664377202399) (232.6115634521769,1451.83312473348) (233.6115634521769,1451.83312473348) (233.6115634521769,1452) (237.7503454621905,1452) (237.7503454621905,1426.000102696257) (238.7503454621905,1426.000102696257) (238.7503454621905,1400.000205392515) (239.7503454621905,1400.000205392515) (239.7503454621905,1374.000308088772) (240.7503454621905,1374.000308088772) (240.7503454621905,1348.00041078503) (241.7503454621905,1348.00041078503) (241.7503454621905,1322.000513481287) (242.7503454621905,1322.000513481287) (242.7503454621905,1296.000616177545) (243.7503454621905,1296.000616177545) (243.7503454621905,1270.000718873802) (244.7503454621905,1270.000718873802) (244.7503454621905,1244.00082157006) (245.7503454621905,1244.00082157006) (245.7503454621905,1218.000924266317) (246.7503454621905,1218.000924266317) (246.7503454621905,1192.001026962575) (247.7503454621905,1192.001026962575) (247.7503454621905,1166.001129658832) (248.7503454621905,1166.001129658832) (248.7503454621905,1140.00123235509) (249.7503454621905,1140.00123235509) (249.7503454621905,1114.001335051347) (250.7503454621905,1114.001335051347) (250.7503454621905,1088.001437747605) (251.7503454621905,1088.001437747605) (251.7503454621905,1062.001540443862) (252.7503454621905,1062.001540443862) (252.7503454621905,1036.00164314012) (253.7503454621905,1036.00164314012) (253.7503454621905,1010.001745836377) (254.7503454621905,1010.001745836377) (254.7503454621905,984.001848532635) (255.7503454621905,984.001848532635) (255.7503454621905,958.0019512288925) (256.7503454621903,958.0019512288925) (256.7503454621903,932.00205392515) (257.7503454621902,932.00205392515) (257.7503454621902,906.0021566214075) (258.7503454621902,906.0021566214075) (258.7503454621902,880.002259317665) (259.7503454621902,880.002259317665) (259.7503454621902,854.0023620139225) (260.7503454621902,854.0023620139225) (260.7503454621902,828.00246471018) (261.7503454621902,828.00246471018) (261.7503454621902,802.0025674064375) (262.7503454621902,802.0025674064375) (262.7503454621902,776.002670102695) (263.7503454621902,776.002670102695) (263.7503454621902,750.0027727989525) (264.7503454621902,750.0027727989525) (264.7503454621902,724.00287549521) (265.7503454621902,724.00287549521) (265.7503454621902,698.0029781914675) (266.7503454621902,698.0029781914675) (266.7503454621902,672.003080887725) (267.7503454621902,672.003080887725) (267.7503454621902,646.0031835839825) (268.7503454621902,646.0031835839825) (268.7503454621902,620.00328628024) (269.7503454621902,620.00328628024) (269.7503454621902,594.0033889764975) (270.7503454621902,594.0033889764975) (270.7503454621902,568.003491672755) (271.7503454621902,568.003491672755) (271.7503454621902,542.0035943690125) (272.7503454621902,542.0035943690125) (272.7503454621902,516.00369706527) (273.7503454621902,516.00369706527) (273.7503454621902,490.0037997615274) (274.7503454621902,490.0037997615274) (274.7503454621902,464.0039024577849) (275.7503454621902,464.0039024577849) (275.7503454621902,438.0040051540423) (276.7503454621902,438.0040051540423) (276.7503454621902,412.0041078502998) (277.7503454621902,412.0041078502998) (277.7503454621902,386.0042105465572) (278.7503454621902,386.0042105465572) (278.7503454621902,360.0043132428146) (279.7503454621902,360.0043132428146) (279.7503454621902,334.0044159390721) (280.7503454621902,334.0044159390721) (280.7503454621902,308.0045186353295) (281.7503454621902,308.0045186353295) (281.7503454621902,282.004621331587) (282.7503454621902,282.004621331587) (282.7503454621902,256.0047240278444) (283.7503454621902,256.0047240278444) (283.7503454621902,230.0048267241019) (284.7503454621902,230.0048267241019) (284.7503454621902,204.0049294203594) (285.7503454621902,204.0049294203594) (285.7503454621902,178.0050321166168) (286.7503454621902,178.0050321166168) (286.7503454621902,152.0051348128743) (287.7503454621902,152.0051348128743) (287.7503454621902,126.0052375091318) (700,126.0052375091318)
robPositionY[0]:
[0]: (0,0) (0,163.5) (56.57673979312437,163.5) (56.57673979312437,189.4995407790557) (57.57673979312437,189.4995407790557) (57.57673979312437,215.4990815581114) (58.57673979312437,215.4990815581114) (58.57673979312437,241.4986223371671) (59.57673979312437,241.4986223371671) (59.57673979312437,267.4981631162228) (60.57673979312437,267.4981631162228) (60.57673979312437,293.4977038952785) (61.57673979312437,293.4977038952785) (61.57673979312437,319.4972446743342) (62.57673979312437,319.4972446743342) (62.57673979312437,345.4967854533899) (63.57673979312437,345.4967854533899) (63.57673979312437,371.4963262324455) (64.5767397931244,371.4963262324455) (64.5767397931244,397.4958670115012) (65.5767397931244,397.4958670115012) (65.5767397931244,423.4954077905569) (66.5767397931244,423.4954077905569) (66.5767397931244,449.4949485696126) (67.5767397931244,449.4949485696126) (67.5767397931244,475.4944893486683) (76.53753995552698,475.4944893486683) (76.53753995552698,449.4949485696126) (79.1023928159924,449.4949485696126) (79.1023928159924,423.4954077905569) (80.10239281599242,423.4954077905569) (80.10239281599242,397.4958670115012) (81.10239281599242,397.4958670115012) (81.10239281599242,371.4963262324455) (82.1023928159924,371.4963262324455) (82.1023928159924,345.4967854533899) (83.10239281599242,345.4967854533899) (83.10239281599242,319.4972446743342) (84.10239281599242,319.4972446743342) (84.10239281599242,293.4977038952785) (85.10239281599242,293.4977038952785) (85.10239281599242,267.4981631162228) (86.10239281599242,267.4981631162228) (86.10239281599242,241.4986223371671) (87.10239281599242,241.4986223371671) (87.10239281599242,215.4990815581114) (88.10239281599242,215.4990815581114) (88.10239281599242,189.4995407790557) (89.10239281599242,189.4995407790557) (89.10239281599242,163.5) (93.21699498404901,163.5) (93.21699498404901,164.2016674241034) (94.21699498404901,164.2016674241034) (94.21699498404901,164.9033348482068) (95.21699498404901,164.9033348482068) (95.21699498404901,165.6050022723103) (96.21699498404901,165.6050022723103) (96.21699498404901,166.3066696964137) (97.21699498404901,166.3066696964137) (97.21699498404901,167.0083371205171) (98.21699498404901,167.0083371205171) (98.21699498404901,167.7100045446205) (99.21699498404901,167.7100045446205) (99.21699498404901,168.4116719687239) (100.216994984049,168.4116719687239) (100.216994984049,169.1133393928274) (101.216994984049,169.1133393928274) (101.216994984049,169.8150068169308) (102.216994984049,169.8150068169308) (102.216994984049,170.5166742410342) (103.216994984049,170.5166742410342) (103.216994984049,171.2183416651376) (104.216994984049,171.2183416651376) (104.216994984049,171.920009089241) (105.216994984049,171.920009089241) (105.216994984049,172.6216765133445) (106.216994984049,172.6216765133445) (106.216994984049,173.3233439374479) (107.216994984049,173.3233439374479) (107.216994984049,174.0250113615513) (108.216994984049,174.0250113615513) (108.216994984049,174.7266787856547) (109.216994984049,174.7266787856547) (109.216994984049,175.4283462097581) (110.216994984049,175.4283462097581) (110.216994984049,176.1300136338616) (111.216994984049,176.1300136338616) (111.216994984049,176.831681057965) (112.216994984049,176.831681057965) (112.216994984049,177.5333484820684) (113.216994984049,177.5333484820684) (113.216994984049,178.2350159061718) (114.216994984049,178.2350159061718) (114.216994984049,178.9366833302752) (115.216994984049,178.9366833302752) (115.216994984049,179.6383507543786) (116.216994984049,179.6383507543786) (116.216994984049,180.3400181784821) (117.216994984049,180.3400181784821) (117.216994984049,181.0416856025855) (118.216994984049,181.0416856025855) (118.216994984049,181.7433530266889) (119.216994984049,181.7433530266889) (119.216994984049,182.4450204507923) (120.216994984049,182.4450204507923) (120.216994984049,183.1466878748957) (121.216994984049,183.1466878748957) (121.216994984049,183.8483552989992) (122.216994984049,183.8483552989992) (122.216994984049,184.5500227231026) (123.216994984049,184.5500227231026) (123.216994984049,185.251690147206) (124.216994984049,185.251690147206) (124.216994984049,185.9533575713094) (125.216994984049,185.9533575713094) (125.216994984049,186.6550249954128) (126.216994984049,186.6550249954128) (126.216994984049,187.3566924195163) (127.216994984049,187.3566924195163) (127.216994984049,188.0583598436197) (128.216994984049,188.0583598436197) (128.216994984049,188.7600272677231) (129.216994984049,188.7600272677231) (129.216994984049,189.4616946918265) (130.216994984049,189.4616946918265) (130.216994984049,190.1633621159299) (131.216994984049,190.1633621159299) (131.216994984049,190.8650295400334) (132.216994984049,190.8650295400334) (132.216994984049,191.5666969641368) (133.216994984049,191.5666969641368) (133.216994984049,192.2683643882402) (134.216994984049,192.2683643882402) (134.216994984049,192.9700318123436) (135.216994984049,192.9700318123436) (135.216994984049,193.671699236447) (136.216994984049,193.671699236447) (136.216994984049,194.3733666605505) (137.216994984049,194.3733666605505) (137.216994984049,195.0750340846539) (138.216994984049,195.0750340846539) (138.216994984049,195.7767015087573) (139.216994984049,195.7767015087573) (139.216994984049,196.4783689328607) (140.216994984049,196.4783689328607) (140.216994984049,197.1800363569641) (141.216994984049,197.1800363569641) (141.216994984049,197.8817037810676) (142.216994984049,197.8817037810676) (142.216994984049,198.583371205171) (143.216994984049,198.583371205171) (143.216994984049,199.2850386292744) (150.216994984049,199.2850386292744) (150.216994984049,198.5833712051709) (151.2439854695822,198.5833712051709) (151.2439854695822,197.8817037810675) (152.2439854695822,197.8817037810675) (152.2439854695822,197.1800363569641) (153.2439854695822,197.1800363569641) (153.2439854695822,196.4783689328606) (154.2439854695822,196.4783689328606) (154.2439854695822,195.7767015087572) (155.2439854695822,195.7767015087572) (155.2439854695822,195.0750340846537) (156.2439854695822,195.0750340846537) (156.2439854695822,194.3733666605503) (157.2439854695822,194.3733666605503) (157.2439854695822,193.6716992364468) (158.2439854695822,193.6716992364468) (158.2439854695822,192.9700318123434) (159.2439854695822,192.9700318123434) (159.2439854695822,192.2683643882399) (160.2439854695822,192.2683643882399) (160.2439854695822,191.5666969641365) (161.2439854695822,191.5666969641365) (161.2439854695822,190.865029540033) (162.2439854695822,190.865029540033) (162.2439854695822,190.1633621159296) (163.2439854695822,190.1633621159296) (163.2439854695822,189.4616946918261) (164.2439854695822,189.4616946918261) (164.2439854695822,188.7600272677227) (165.2439854695822,188.7600272677227) (165.2439854695822,188.0583598436192) (166.2439854695822,188.0583598436192) (166.2439854695822,187.3566924195158) (167.2439854695822,187.3566924195158) (167.2439854695822,186.6550249954123) (168.2439854695822,186.6550249954123) (168.2439854695822,185.9533575713089) (169.2439854695822,185.9533575713089) (169.2439854695822,185.2516901472054) (170.2439854695822,185.2516901472054) (170.2439854695822,184.550022723102) (171.2439854695822,184.550022723102) (171.2439854695822,183.8483552989985) (172.2439854695822,183.8483552989985) (172.2439854695822,183.1466878748951) (173.2439854695822,183.1466878748951) (173.2439854695822,182.4450204507916) (174.2439854695822,182.4450204507916) (174.2439854695822,181.7433530266882) (175.2439854695822,181.7433530266882) (175.2439854695822,181.0416856025847) (176.2439854695822,181.0416856025847) (176.2439854695822,180.3400181784813) (177.2439854695822,180.3400181784813) (177.2439854695822,179.6383507543779) (178.2439854695822,179.6383507543779) (178.2439854695822,178.9366833302744) (179.2439854695822,178.9366833302744) (179.2439854695822,178.235015906171) (180.2439854695822,178.235015906171) (180.2439854695822,177.5333484820675) (181.2439854695822,177.5333484820675) (181.2439854695822,176.8316810579641) (182.2439854695822,176.8316810579641) (182.2439854695822,176.1300136338606) (183.2439854695822,176.1300136338606) (183.2439854695822,175.4283462097572) (184.2439854695822,175.4283462097572) (184.2439854695822,174.7266787856537) (185.2439854695822,174.7266787856537) (185.2439854695822,174.0250113615503) (186.2439854695822,174.0250113615503) (186.2439854695822,173.3233439374468) (187.2439854695822,173.3233439374468) (187.2439854695822,172.6216765133434) (188.2439854695822,172.6216765133434) (188.2439854695822,171.9200090892399) (189.2439854695822,171.9200090892399) (189.2439854695822,171.2183416651365) (190.2439854695822,171.2183416651365) (190.2439854695822,170.516674241033) (191.2439854695822,170.516674241033) (191.2439854695822,169.8150068169296) (192.2439854695822,169.8150068169296) (192.2439854695822,169.1133393928261) (193.2439854695822,169.1133393928261) (193.2439854695822,168.4116719687227) (194.2439854695822,168.4116719687227) (194.2439854695822,167.7100045446192) (195.2439854695822,167.7100045446192) (195.2439854695822,167.0083371205158) (196.2439854695822,167.0083371205158) (196.2439854695822,166.3066696964123) (197.2439854695822,166.3066696964123) (197.2439854695822,165.6050022723089) (198.2439854695822,165.6050022723089) (198.2439854695822,164.9033348482054) (199.2439854695822,164.9033348482054) (199.2439854695822,164.201667424102) (200.2439854695822,164.201667424102) (200.2439854695822,163.5) (202.8207252627066,163.5) (202.8207252627066,189.4995407790557) (203.8207252627066,189.4995407790557) (203.8207252627066,215.4990815581114) (204.8207252627066,215.4990815581114) (204.8207252627066,241.4986223371671) (205.8207252627066,241.4986223371671) (205.8207252627066,267.4981631162228) (206.8207252627066,267.4981631162228) (206.8207252627066,293.4977038952785) (207.8207252627066,293.4977038952785) (207.8207252627066,319.4972446743342) (208.8207252627066,319.4972446743342) (208.8207252627066,345.4967854533899) (209.8207252627066,345.4967854533899) (209.8207252627066,371.4963262324455) (210.8207252627066,371.4963262324455) (210.8207252627066,397.4958670115012) (211.8207252627066,397.4958670115012) (211.8207252627066,423.4954077905569) (212.8207252627066,423.4954077905569) (212.8207252627066,449.4949485696126) (213.8207252627066,449.4949485696126) (213.8207252627066,475.4944893486683) (222.0472574606058,475.4944893486683) (222.0472574606058,501.4939417327234) (224.6115634521769,501.4939417327234) (224.6115634521769,527.4933941167786) (225.6115634521769,527.4933941167786) (225.6115634521769,553.4928465008338) (226.6115634521769,553.4928465008338) (226.6115634521769,579.492298884889) (227.6115634521769,579.492298884889) (227.6115634521769,605.4917512689442) (228.6115634521769,605.4917512689442) (228.6115634521769,631.4912036529994) (229.6115634521769,631.4912036529994) (229.6115634521769,657.4906560370546) (230.6115634521769,657.4906560370546) (230.6115634521769,683.4901084211098) (231.6115634521769,683.4901084211098) (231.6115634521769,709.489560805165) (232.6115634521769,709.489560805165) (232.6115634521769,735.4890131892201) (233.6115634521769,735.4890131892201) (233.6115634521769,761.2) (237.7503454621905,761.2) (237.7503454621905,761.2730766367685) (238.7503454621905,761.2730766367685) (238.7503454621905,761.3461532735369) (239.7503454621905,761.3461532735369) (239.7503454621905,761.4192299103053) (240.7503454621905,761.4192299103053) (240.7503454621905,761.4923065470737) (241.7503454621905,761.4923065470737) (241.7503454621905,761.5653831838421) (242.7503454621905,761.5653831838421) (242.7503454621905,761.6384598206105) (243.7503454621905,761.6384598206105) (243.7503454621905,761.7115364573789) (244.7503454621905,761.7115364573789) (244.7503454621905,761.7846130941473) (245.7503454621905,761.7846130941473) (245.7503454621905,761.8576897309157) (246.7503454621905,761.8576897309157) (246.7503454621905,761.9307663676841) (247.7503454621905,761.9307663676841) (247.7503454621905,762.0038430044525) (248.7503454621905,762.0038430044525) (248.7503454621905,762.0769196412209) (249.7503454621905,762.0769196412209) (249.7503454621905,762.1499962779893) (250.7503454621905,762.1499962779893) (250.7503454621905,762.2230729147577) (251.7503454621905,762.2230729147577) (251.7503454621905,762.2961495515261) (252.7503454621905,762.2961495515261) (252.7503454621905,762.3692261882945) (253.7503454621905,762.3692261882945) (253.7503454621905,762.4423028250629) (254.7503454621905,762.4423028250629) (254.7503454621905,762.5153794618313) (255.7503454621905,762.5153794618313) (255.7503454621905,762.5884560985997) (256.7503454621903,762.5884560985997) (256.7503454621903,762.6615327353682) (257.7503454621902,762.6615327353682) (257.7503454621902,762.7346093721366) (258.7503454621902,762.7346093721366) (258.7503454621902,762.807686008905) (259.7503454621902,762.807686008905) (259.7503454621902,762.8807626456734) (260.7503454621902,762.8807626456734) (260.7503454621902,762.9538392824418) (261.7503454621902,762.9538392824418) (261.7503454621902,763.0269159192102) (262.7503454621902,763.0269159192102) (262.7503454621902,763.0999925559786) (263.7503454621902,763.0999925559786) (263.7503454621902,763.173069192747) (264.7503454621902,763.173069192747) (264.7503454621902,763.2461458295154) (265.7503454621902,763.2461458295154) (265.7503454621902,763.3192224662838) (266.7503454621902,763.3192224662838) (266.7503454621902,763.3922991030522) (267.7503454621902,763.3922991030522) (267.7503454621902,763.4653757398206) (268.7503454621902,763.4653757398206) (268.7503454621902,763.538452376589) (269.7503454621902,763.538452376589) (269.7503454621902,763.6115290133574) (270.7503454621902,763.6115290133574) (270.7503454621902,763.6846056501258) (271.7503454621902,763.6846056501258) (271.7503454621902,763.7576822868942) (272.7503454621902,763.7576822868942) (272.7503454621902,763.8307589236626) (273.7503454621902,763.8307589236626) (273.7503454621902,763.903835560431) (274.7503454621902,763.903835560431) (274.7503454621902,763.9769121971995) (275.7503454621902,763.9769121971995) (275.7503454621902,764.0499888339679) (276.7503454621902,764.0499888339679) (276.7503454621902,764.1230654707363) (277.7503454621902,764.1230654707363) (277.7503454621902,764.1961421075047) (278.7503454621902,764.1961421075047) (278.7503454621902,764.2692187442731) (279.7503454621902,764.2692187442731) (279.7503454621902,764.3422953810415) (280.7503454621902,764.3422953810415) (280.7503454621902,764.4153720178099) (281.7503454621902,764.4153720178099) (281.7503454621902,764.4884486545783) (282.7503454621902,764.4884486545783) (282.7503454621902,764.5615252913467) (283.7503454621902,764.5615252913467) (283.7503454621902,764.6346019281151) (284.7503454621902,764.6346019281151) (284.7503454621902,764.7076785648835) (285.7503454621902,764.7076785648835) (285.7503454621902,764.7807552016519) (286.7503454621902,764.7807552016519) (286.7503454621902,764.8538318384203) (287.7503454621902,764.8538318384203) (287.7503454621902,764.9269084751887) (700,764.9269084751887)
batteryCharge[0]:
[0]: (0,100) (700,100)
Coffee_Delivery.end:
[0]: (0,0) (292.7503454621904,0) (292.7503454621904,1) (700,1)
[2K
Verifying formula 4 at /nta/queries/query[4]/formula
 -- Formula: simulate[<=700]{robot_inventory[0][0], Coffee_Delivery.end*2}
[2K -- Formula is satisfied.
robot_inventory[0][0]:
[0]: (0,0) (74.13781551862012,0) (74.13781551862012,1) (147.8172705471422,1) (147.8172705471422,0) (221.0959053435111,0) (221.0959053435111,1) (293.7989933450958,1) (293.7989933450958,0) (700.000002,0)
Coffee_Delivery.end * 2:
[0]: (0,0) (293.7989933450958,0) (293.7989933450958,2) (700.000002,2)
[2K
Verifying formula 5 at /nta/queries/query[5]/formula
 -- Formula: simulate[<=700]{coffee_room[0], coffee_room[1], office001[0], office001[1], office004[0], office004[1]}
[2K -- Formula is satisfied.
coffee_room[0]:
[0]: (0,1450) (700,1450)
coffee_room[1]:
[0]: (0,500) (700,500)
office001[0]:
[0]: (0,100) (700,100)
office001[1]:
[0]: (0,200) (700,200)
office004[0]:
[0]: (0,100) (700,100)
office004[1]:
[0]: (0,765) (700,765)
[2K
Verifying formula 6 at /nta/queries/query[6]/formula
 -- Formula: simulate[<=700]{rm_1.idle, rf_1.idle, rp_1.idle, rd_1.idle}
[2K -- Formula is satisfied.
rm_1.idle:
[0]: (0,0) (0,1) (0,0) (68.57673979312466,0) (68.57673979312466,1) (73.99407710835899,1) (73.99407710835899,0) (143.6735321368804,0) (143.6735321368804,1) (147.6735321368811,1) (147.6735321368811,0) (214.2772624155383,0) (214.2772624155383,1) (219.0632226055485,1) (219.0632226055485,0) (287.7663106071324,0) (287.7663106071324,1) (700.000002,1)
rf_1.idle:
[0]: (0,0) (0,1) (700.000002,1)
rp_1.idle:
[0]: (0,0) (0,1) (67.5767397931244,1) (67.5767397931244,0) (73.99407710835899,0) (73.99407710835899,1) (213.2772624155386,1) (213.2772624155386,0) (219.0632226055485,0) (219.0632226055485,1) (700.000002,1)
rd_1.idle:
[0]: (0,0) (0,1) (142.6735321368809,1) (142.6735321368809,0) (147.6735321368811,0) (147.6735321368811,1) (286.7663106071329,1) (286.7663106071329,0) (291.7663106071331,0) (291.7663106071331,1) (700.000002,1)
[2K
Verifying formula 7 at /nta/queries/query[7]/formula
 -- Formula: Pr[<=700](<>!rm_1.idle || !rf_1.idle || !rp_1.idle || !rd_1.idle)
[2K -- Formula is satisfied.
(72/72 runs) Pr(<> …) in [0.950056,1] (95% CI)
Values in [0,0] mean=0 steps=2.22045e-16: 72
[2K
Verifying formula 8 at /nta/queries/query[8]/formula
 -- Formula: Pr[<=700]([] (Coffee_Delivery.end imply (rm_1.idle && rf_1.idle && rp_1.idle && rd_1.idle)))
 -- Throughput: 474553 runs/sec, Load: 350 runs[K
[2K -- Formula is satisfied.
(72/72 runs) Pr([] …) in [0.950056,1] (95% CI)
[2K
Verifying formula 9 at /nta/queries/query[9]/formula
 -- Formula: Pr[<=700] (<> pow(robPositionX[0] - office004[0], 2) + pow(robPositionY[0] - office004[1], 2) <= 900 )
[2K -- Formula is satisfied.
(72/72 runs) Pr(<> …) in [0.950056,1] (95% CI)
Values in [285.419,293.912] mean=289.787 steps=0.943599: 6 4 9 12 7 9 14 9 2
[2K
Verifying formula 10 at /nta/queries/query[10]/formula
 -- Formula: Pr[<=700] (<> pow(robPositionX[0] - coffee_room[0], 2) + pow(robPositionY[0] - coffee_room[1], 2) <= 900 )
[2K -- Formula is satisfied.
(72/72 runs) Pr(<> …) in [0.950056,1] (95% CI)
Values in [67.5767,67.5767] mean=67.5767 steps=2.22045e-16: 72
[2K
Verifying formula 11 at /nta/queries/query[11]/formula
 -- Formula: Pr[<=700] (<> pow(robPositionX[0] - office001[0], 2) + pow(robPositionY[0] - office001[1], 2) <= 900 )
[2K -- Formula is satisfied.
(72/72 runs) Pr(<> …) in [0.950056,1] (95% CI)
Values in [141.302,146.22] mean=143.865 steps=0.546423: 11 5 5 5 9 6 16 8 7
[2K
Verifying formula 12 at /nta/queries/query[12]/formula
 -- Formula: Pr[<=700] (<> !isValidPosition(humanPositionX[0], humanPositionY[0]))
[2K -- Formula is satisfied.
(72/72 runs) Pr(<> …) in [0.950056,1] (95% CI)
Values in [0,0] mean=0 steps=2.22045e-16: 72
[2K
Verifying formula 13 at /nta/queries/query[13]/formula
 -- Formula: Pr[<=700] (<> !isValidPosition(humanPositionX[1], humanPositionY[1]))
[2K -- Formula is satisfied.
(72/72 runs) Pr(<> …) in [0.950056,1] (95% CI)
Values in [0,0] mean=0 steps=2.22045e-16: 72
[2K
Verifying formula 14 at /nta/queries/query[14]/formula
 -- Formula: Pr[<=700] (<> !isValidPosition(robPositionX[0], robPositionY[0]))
[2K -- Formula is satisfied.
(72/72 runs) Pr(<> …) in [0.950056,1] (95% CI)
Values in [0,0] mean=0 steps=2.22045e-16: 72
[2K
Verifying formula 15 at /nta/queries/query[15]/formula
 -- Formula: Pr[<=700] (<> currP > 2)
 -- Throughput: 475224 runs/sec, Load: 350 runs[K
[2K -- Formula is satisfied.
(0/72 runs) Pr(<> …) in [0,0.0499441] (95% CI)
