Options for the verification:
  Generating no trace
  Search order is breadth first
  Using conservative space optimisation
  Seed is 1784935846
  State space representation uses minimal constraint systems with future testing
  Using HashMap + Compress integers for discrete state storage
[2K
Verifying formula 1 at /nta/queries/query[1]/formula
 -- Formula: simulate[<=700]{user_guided_transport_human_def.s1_start, user_guided_transport_human_def.s1_end, user_guided_transport_human_def.s2_start, user_guided_transport_human_def.s2_end, user_guided_transport_human_def.s3_start, user_guided_transport_human_def.s3_end, user_guided_transport.end}
[2K -- Formula is satisfied.
user_guided_transport_human_def.s1_start:
[0]: (0,0) (0,1) (0,0) (700,0)
user_guided_transport_human_def.s1_end:
[0]: (0,0) (1,0) (1,1) (2,1) (2,0) (700,0)
user_guided_transport_human_def.s2_start:
[0]: (0,0) (2,0) (2,1) (2,0) (700,0)
user_guided_transport_human_def.s2_end:
[0]: (0,0) (2,0) (2,1) (7.198043742211602,1) (7.198043742211602,0) (700,0)
user_guided_transport_human_def.s3_start:
[0]: (0,0) (7.198043742211602,0) (7.198043742211602,1) (7.198043742211602,0) (12.19804374221158,0) (12.19804374221158,1) (12.19804374221158,0) (17.19804374221157,0) (17.19804374221157,1) (17.19804374221157,0) (22.19804374221153,0) (22.19804374221153,1) (22.19804374221153,0) (27.1980437422115,0) (27.1980437422115,1) (27.1980437422115,0) (32.1980437422115,0) (32.1980437422115,1) (32.1980437422115,0) (37.19804374221168,0) (37.19804374221168,1) (37.19804374221168,0) (42.19804374221186,0) (42.19804374221186,1) (42.19804374221186,0) (47.19804374221196,0) (47.19804374221196,1) (47.19804374221196,0) (52.19804374221196,0) (52.19804374221196,1) (52.19804374221196,0) (57.19804374221199,0) (57.19804374221199,1) (57.19804374221199,0) (62.198043742212,0) (62.198043742212,1) (62.198043742212,0) (67.19804374221181,0) (67.19804374221181,1) (67.19804374221181,0) (72.19804374221147,0) (72.19804374221147,1) (72.19804374221147,0) (77.19804374221115,0) (77.19804374221115,1) (77.19804374221115,0) (82.19804374221083,0) (82.19804374221083,1) (82.19804374221083,0) (87.1980437422105,0) (87.1980437422105,1) (87.1980437422105,0) (92.19804374221017,0) (92.19804374221017,1) (92.19804374221017,0) (97.19804374220988,0) (97.19804374220988,1) (97.19804374220988,0) (102.1980437422096,0) (102.1980437422096,1) (102.1980437422096,0) (107.1980437422093,0) (107.1980437422093,1) (107.1980437422093,0) (112.198043742209,0) (112.198043742209,1) (112.198043742209,0) (117.1980437422087,0) (117.1980437422087,1) (117.1980437422087,0) (122.1980437422083,0) (122.1980437422083,1) (122.1980437422083,0) (127.198043742208,0) (127.198043742208,1) (127.198043742208,0) (132.1980437422082,0) (132.1980437422082,1) (132.1980437422082,0) (137.1980437422085,0) (137.1980437422085,1) (137.1980437422085,0) (142.1980437422088,0) (142.1980437422088,1) (142.1980437422088,0) (147.1980437422091,0) (147.1980437422091,1) (147.1980437422091,0) (152.1980437422093,0) (152.1980437422093,1) (152.1980437422093,0) (157.1980437422096,0) (157.1980437422096,1) (157.1980437422096,0) (162.1980437422099,0) (162.1980437422099,1) (162.1980437422099,0) (167.1980437422103,0) (167.1980437422103,1) (167.1980437422103,0) (172.1980437422108,0) (172.1980437422108,1) (172.1980437422108,0) (177.1980437422111,0) (177.1980437422111,1) (177.1980437422111,0) (182.1980437422116,0) (182.1980437422116,1) (182.1980437422116,0) (187.198043742212,0) (187.198043742212,1) (187.198043742212,0) (192.1980437422123,0) (192.1980437422123,1) (192.1980437422123,0) (700,0)
user_guided_transport_human_def.s3_end:
[0]: (0,0) (192.1980437422123,0) (192.1980437422123,1) (228.4069104209508,1) (228.4069104209508,0) (700,0)
user_guided_transport.end:
[0]: (0,0) (230.4069104209499,0) (230.4069104209499,1) (700,1)
[2K
Verifying formula 2 at /nta/queries/query[2]/formula
 -- Formula: simulate[<=700]{user_guided_transport_robot_def.s1_start, user_guided_transport_robot_def.s1_end, user_guided_transport_robot_def.s2_start, user_guided_transport_robot_def.s2_end, user_guided_transport_robot_def.s3_start, user_guided_transport_robot_def.s3_end, user_guided_transport.end}
[2K -- Formula is satisfied.
user_guided_transport_robot_def.s1_start:
[0]: (0,0) (0,1) (0,0) (700,0)
user_guided_transport_robot_def.s1_end:
[0]: (0,0) (2,0) (2,1) (2,0) (700,0)
user_guided_transport_robot_def.s2_start:
[0]: (0,0) (2,0) (2,1) (2,0) (700,0)
user_guided_transport_robot_def.s2_end:
[0]: (0,0) (9.723495749119376,0) (9.723495749119376,1) (9.723495749119376,0) (700,0)
user_guided_transport_robot_def.s3_start:
[0]: (0,0) (9.723495749119376,0) (9.723495749119376,1) (9.723495749119376,0) (700,0)
user_guided_transport_robot_def.s3_end:
[0]: (0,0) (230.9511658903428,0) (230.9511658903428,1) (230.9511658903428,0) (700,0)
user_guided_transport.end:
[0]: (0,0) (232.9511658903419,0) (232.9511658903419,1) (700,1)
[2K
Verifying formula 3 at /nta/queries/query[3]/formula
 -- Formula: Pr[<=700] (<> user_guided_transport.end)
[2K -- Formula is satisfied.
(72/72 runs) Pr(<> …) in [0.950056,1] (95% CI)
Values in [230.321,235.167] mean=232.782 steps=0.538443: 10 3 10 6 11 10 6 6 10
[2K
Verifying formula 4 at /nta/queries/query[4]/formula
 -- Formula: simulate[<=700]{humanPositionX[0], humanPositionY[0], robPositionX[0], robPositionY[0], batteryCharge[0], user_guided_transport.end}
[2K -- Formula is satisfied.
humanPositionX[0]:
[0]: (0,0) (0,92.5) (1,92.5) (1,97.73313175708738) (11.15946066526706,97.73313175708738) (11.15946066526706,123.7285354798977) (12.15946066526706,123.7285354798977) (12.15946066526706,149.723939202708) (13.15946066526706,149.723939202708) (13.15946066526706,175.7193429255182) (14.15946066526706,175.7193429255182) (14.15946066526706,201.7147466483285) (15.15946066526706,201.7147466483285) (15.15946066526706,227.7101503711388) (16.15946066526707,227.7101503711388) (16.15946066526707,253.7055540939491) (17.15946066526707,253.7055540939491) (17.15946066526707,279.7009578167594) (18.15946066526707,279.7009578167594) (18.15946066526707,305.6963615395697) (19.15946066526707,305.6963615395697) (19.15946066526707,331.69176526238) (20.15946066526707,331.69176526238) (20.15946066526707,357.6871689851903) (21.15946066526707,357.6871689851903) (21.15946066526707,383.6825727080006) (22.15946066526708,383.6825727080006) (22.15946066526708,409.6779764308109) (23.15946066526708,409.6779764308109) (23.15946066526708,435.6733801536212) (24.15946066526708,435.6733801536212) (24.15946066526708,461.6687838764315) (25.15946066526709,461.6687838764315) (25.15946066526709,487.6641875992418) (26.15946066526709,487.6641875992418) (26.15946066526709,513.6595913220521) (27.15946066526709,513.6595913220521) (27.15946066526709,539.6549950448623) (28.1594606652671,539.6549950448623) (28.1594606652671,565.6503987676725) (29.1594606652671,565.6503987676725) (29.1594606652671,591.6458024904828) (30.15946066526711,591.6458024904828) (30.15946066526711,617.641206213293) (31.15946066526712,617.641206213293) (31.15946066526712,643.6366099361032) (32.15946066526712,643.6366099361032) (32.15946066526712,669.6320136589135) (33.15946066526708,669.6320136589135) (33.15946066526708,695.6274173817237) (34.15946066526705,695.6274173817237) (34.15946066526705,721.622821104534) (35.15946066526701,721.622821104534) (35.15946066526701,747.6182248273442) (36.15946066526698,747.6182248273442) (36.15946066526698,773.6136285501544) (37.15946066526694,773.6136285501544) (37.15946066526694,799.6090322729647) (38.15946066526691,799.6090322729647) (38.15946066526691,825.6044359957749) (39.15946066526687,825.6044359957749) (39.15946066526687,851.5998397185851) (40.15946066526683,851.5998397185851) (40.15946066526683,877.5952434413954) (41.1594606652668,877.5952434413954) (41.1594606652668,903.5906471642056) (42.15946066526676,903.5906471642056) (42.15946066526676,929.5860508870159) (43.15946066526673,929.5860508870159) (43.15946066526673,955.5814546098261) (44.15946066526669,955.5814546098261) (44.15946066526669,981.5768583326363) (45.15946066526666,981.5768583326363) (45.15946066526666,1007.572262055447) (46.15946066526664,1007.572262055447) (46.15946066526664,1033.567665778257) (47.15946066526666,1033.567665778257) (47.15946066526666,1059.563069501067) (48.15946066526669,1059.563069501067) (48.15946066526669,1085.558473223878) (49.15946066526672,1085.558473223878) (49.15946066526672,1111.553876946688) (50.15946066526675,1111.553876946688) (50.15946066526675,1137.549280669498) (51.15946066526678,1137.549280669498) (51.15946066526678,1163.544684392309) (52.15946066526681,1163.544684392309) (52.15946066526681,1189.540088115119) (53.15946066526683,1189.540088115119) (53.15946066526683,1215.535491837929) (54.15946066526686,1215.535491837929) (54.15946066526686,1241.53089556074) (55.15946066526689,1241.53089556074) (55.15946066526689,1267.52629928355) (56.15946066526692,1267.52629928355) (56.15946066526692,1293.52170300636) (57.15946066526695,1293.52170300636) (57.15946066526695,1319.517106729171) (58.15946066526698,1319.517106729171) (58.15946066526698,1345.512510451981) (59.15946066526701,1345.512510451981) (59.15946066526701,1371.507914174791) (60.15946066526703,1371.507914174791) (60.15946066526703,1397.503317897602) (61.15946066526706,1397.503317897602) (61.15946066526706,1423.498721620412) (62.15946066526709,1423.498721620412) (62.15946066526709,1478) (63.15946066526712,1478) (63.15946066526712,1504) (64.15946066526715,1504) (64.15946066526715,1530) (65.15946066526718,1530) (65.15946066526718,1556) (66.1594606652672,1556) (66.1594606652672,1582) (67.15946066526723,1582) (67.15946066526723,1608) (68.15946066526726,1608) (68.15946066526726,1634) (69.15946066526729,1634) (69.15946066526729,1660) (70.15946066526732,1660) (70.15946066526732,1686) (71.15946066526735,1686) (71.15946066526735,1712) (72.15946066526737,1712) (72.15946066526737,1738) (73.15946066526739,1738) (73.15946066526739,1764) (74.15946066526742,1764) (74.15946066526742,1790) (75.15946066526746,1790) (75.15946066526746,1816) (76.15946066526743,1816) (76.15946066526743,1842) (77.15946066526739,1842) (77.15946066526739,1868) (78.15946066526735,1868) (78.15946066526735,1894) (79.1594606652673,1894) (79.1594606652673,1920) (80.15946066526726,1920) (80.15946066526726,1946) (81.1594606652672,1946) (81.1594606652672,1972) (82.15946066526715,1972) (82.15946066526715,1998) (83.15946066526709,1998) (83.15946066526709,2024) (84.15946066526703,2024) (84.15946066526703,2050) (85.15946066526698,2050) (85.15946066526698,2076) (86.15946066526692,2076) (86.15946066526692,2102) (87.15946066526686,2102) (87.15946066526686,2128) (88.15946066526681,2128) (88.15946066526681,2154) (89.15946066526675,2154) (89.15946066526675,2180) (90.15946066526669,2180) (90.15946066526669,2206) (91.15946066526664,2206) (91.15946066526664,2232) (92.15946066526658,2232) (92.15946066526658,2258) (93.15946066526652,2258) (93.15946066526652,2284) (94.15946066526647,2284) (94.15946066526647,2310) (95.15946066526639,2310) (95.15946066526639,2336) (96.15946066526632,2336) (96.15946066526632,2362) (97.15946066526627,2362) (97.15946066526627,2388) (98.15946066526621,2388) (98.15946066526621,2414) (99.15946066526615,2414) (99.15946066526615,2440) (100.1594606652661,2440) (100.1594606652661,2466) (101.159460665266,2466) (101.159460665266,2492) (102.159460665266,2492) (102.159460665266,2518) (103.1594606652659,2518) (103.1594606652659,2544) (104.1594606652659,2544) (104.1594606652659,2570) (105.1594606652658,2570) (105.1594606652658,2596) (106.1594606652658,2596) (106.1594606652658,2622) (107.1594606652657,2622) (107.1594606652657,2648) (108.1594606652656,2648) (108.1594606652656,2674) (109.1594606652656,2674) (109.1594606652656,2700) (110.1594606652655,2700) (110.1594606652655,2726) (111.1594606652655,2726) (111.1594606652655,2752) (112.1594606652654,2752) (112.1594606652654,2778) (113.1594606652654,2778) (113.1594606652654,2804) (114.1594606652653,2804) (114.1594606652653,2830) (115.1594606652652,2830) (115.1594606652652,2856) (116.1594606652652,2856) (116.1594606652652,2882) (117.1594606652651,2882) (117.1594606652651,2908) (118.1594606652651,2908) (118.1594606652651,2934) (119.159460665265,2934) (119.159460665265,2960) (120.159460665265,2960) (120.159460665265,2986) (121.1594606652649,2986) (121.1594606652649,3012) (122.1594606652648,3012) (122.1594606652648,3038) (123.1594606652648,3038) (123.1594606652648,3088.5) (124.1594606652647,3088.5) (124.1594606652647,3114.5) (125.1594606652647,3114.5) (125.1594606652647,3140.5) (126.1594606652646,3140.5) (126.1594606652646,3166.5) (127.1594606652646,3166.5) (127.1594606652646,3192.5) (128.1594606652645,3192.5) (128.1594606652645,3218.5) (129.1594606652646,3218.5) (129.1594606652646,3244.5) (130.1594606652646,3244.5) (130.1594606652646,3270.5) (131.1594606652647,3270.5) (131.1594606652647,3296.5) (132.1594606652647,3296.5) (132.1594606652647,3322.5) (133.1594606652648,3322.5) (133.1594606652648,3348.5) (134.1594606652648,3348.5) (134.1594606652648,3374.5) (135.1594606652649,3374.5) (135.1594606652649,3400.5) (136.159460665265,3400.5) (136.159460665265,3426.5) (137.159460665265,3426.5) (137.159460665265,3452.5) (138.1594606652651,3452.5) (138.1594606652651,3478.5) (139.1594606652651,3478.5) (139.1594606652651,3504.5) (140.1594606652652,3504.5) (140.1594606652652,3530.5) (141.1594606652652,3530.5) (141.1594606652652,3556.5) (142.1594606652653,3556.5) (142.1594606652653,3582.5) (143.1594606652654,3582.5) (143.1594606652654,3608.5) (144.1594606652654,3608.5) (144.1594606652654,3634.5) (145.1594606652655,3634.5) (145.1594606652655,3660.5) (146.1594606652655,3660.5) (146.1594606652655,3686.5) (147.1594606652656,3686.5) (147.1594606652656,3712.5) (148.1594606652656,3712.5) (148.1594606652656,3738.5) (149.1594606652657,3738.5) (149.1594606652657,3764.5) (150.1594606652658,3764.5) (150.1594606652658,3790.5) (151.1594606652658,3790.5) (151.1594606652658,3816.5) (152.1594606652659,3816.5) (152.1594606652659,3842.5) (153.1594606652659,3842.5) (153.1594606652659,3868.5) (154.159460665266,3868.5) (154.159460665266,3894.5) (155.159460665266,3894.5) (155.159460665266,3920.5) (156.1594606652661,3920.5) (156.1594606652661,3946.5) (157.1594606652662,3946.5) (157.1594606652662,3972.5) (158.1594606652662,3972.5) (158.1594606652662,3998.5) (159.1594606652663,3998.5) (159.1594606652663,4024.5) (160.1594606652663,4024.5) (160.1594606652663,4050.5) (161.1594606652664,4050.5) (161.1594606652664,4076.5) (162.1594606652664,4076.5) (162.1594606652664,4102.5) (163.1594606652665,4102.5) (163.1594606652665,4128.5) (164.1594606652666,4128.5) (164.1594606652666,4154.5) (165.1594606652666,4154.5) (165.1594606652666,4180.5) (166.1594606652667,4180.5) (166.1594606652667,4206.5) (167.1594606652667,4206.5) (167.1594606652667,4232.5) (168.1594606652668,4232.5) (168.1594606652668,4258.5) (169.1594606652669,4258.5) (169.1594606652669,4284.5) (170.159460665267,4284.5) (170.159460665267,4310.5) (171.1594606652671,4310.5) (171.1594606652671,4336.5) (172.1594606652671,4336.5) (172.1594606652671,4362.5) (173.1594606652672,4362.5) (173.1594606652672,4388.5) (174.1594606652673,4388.5) (174.1594606652673,4416.265463717128) (175.1594606652674,4416.265463717128) (175.1594606652674,4415.530927434256) (176.1594606652675,4415.530927434256) (176.1594606652675,4414.796391151384) (177.1594606652675,4414.796391151384) (177.1594606652675,4414.061854868512) (178.1594606652676,4414.061854868512) (178.1594606652676,4413.327318585641) (179.1594606652676,4413.327318585641) (179.1594606652676,4412.592782302769) (180.1594606652677,4412.592782302769) (180.1594606652677,4411.858246019897) (181.1594606652678,4411.858246019897) (181.1594606652678,4411.123709737025) (182.1594606652679,4411.123709737025) (182.1594606652679,4410.389173454153) (183.159460665268,4410.389173454153) (183.159460665268,4409.654637171281) (184.1594606652681,4409.654637171281) (184.1594606652681,4408.920100888409) (185.1594606652681,4408.920100888409) (185.1594606652681,4408.185564605537) (186.1594606652682,4408.185564605537) (186.1594606652682,4407.451028322665) (187.1594606652683,4407.451028322665) (187.1594606652683,4406.716492039794) (188.1594606652684,4406.716492039794) (188.1594606652684,4405.981955756922) (189.1594606652685,4405.981955756922) (189.1594606652685,4405.24741947405) (190.1594606652685,4405.24741947405) (190.1594606652685,4404.512883191178) (191.1594606652686,4404.512883191178) (191.1594606652686,4403.778346908306) (192.1594606652687,4403.778346908306) (192.1594606652687,4403.043810625434) (193.1594606652688,4403.043810625434) (193.1594606652688,4402.309274342562) (194.1594606652689,4402.309274342562) (194.1594606652689,4401.57473805969) (195.1594606652689,4401.57473805969) (195.1594606652689,4400.840201776819) (700,4400.840201776819)
humanPositionY[0]:
[0]: (0,0) (0,163.5) (1,163.5) (1,188.9679078844919) (11.15946066526706,188.9679078844919) (11.15946066526706,188.479046668909) (12.15946066526706,188.479046668909) (12.15946066526706,187.9901854533261) (13.15946066526706,187.9901854533261) (13.15946066526706,187.5013242377432) (14.15946066526706,187.5013242377432) (14.15946066526706,187.0124630221603) (15.15946066526706,187.0124630221603) (15.15946066526706,186.5236018065774) (16.15946066526707,186.5236018065774) (16.15946066526707,186.0347405909945) (17.15946066526707,186.0347405909945) (17.15946066526707,185.5458793754117) (18.15946066526707,185.5458793754117) (18.15946066526707,185.0570181598288) (19.15946066526707,185.0570181598288) (19.15946066526707,184.5681569442459) (20.15946066526707,184.5681569442459) (20.15946066526707,184.079295728663) (21.15946066526707,184.079295728663) (21.15946066526707,183.5904345130801) (22.15946066526708,183.5904345130801) (22.15946066526708,183.1015732974972) (23.15946066526708,183.1015732974972) (23.15946066526708,182.6127120819143) (24.15946066526708,182.6127120819143) (24.15946066526708,182.1238508663315) (25.15946066526709,182.1238508663315) (25.15946066526709,181.6349896507486) (26.15946066526709,181.6349896507486) (26.15946066526709,181.1461284351657) (27.15946066526709,181.1461284351657) (27.15946066526709,180.6572672195828) (28.1594606652671,180.6572672195828) (28.1594606652671,180.1684060039999) (29.1594606652671,180.1684060039999) (29.1594606652671,179.679544788417) (30.15946066526711,179.679544788417) (30.15946066526711,179.1906835728341) (31.15946066526712,179.1906835728341) (31.15946066526712,178.7018223572512) (32.15946066526712,178.7018223572512) (32.15946066526712,178.2129611416684) (33.15946066526708,178.2129611416684) (33.15946066526708,177.7240999260855) (34.15946066526705,177.7240999260855) (34.15946066526705,177.2352387105026) (35.15946066526701,177.2352387105026) (35.15946066526701,176.7463774949197) (36.15946066526698,176.7463774949197) (36.15946066526698,176.2575162793368) (37.15946066526694,176.2575162793368) (37.15946066526694,175.7686550637539) (38.15946066526691,175.7686550637539) (38.15946066526691,175.279793848171) (39.15946066526687,175.279793848171) (39.15946066526687,174.7909326325882) (40.15946066526683,174.7909326325882) (40.15946066526683,174.3020714170053) (41.1594606652668,174.3020714170053) (41.1594606652668,173.8132102014224) (42.15946066526676,173.8132102014224) (42.15946066526676,173.3243489858395) (43.15946066526673,173.3243489858395) (43.15946066526673,172.8354877702566) (44.15946066526669,172.8354877702566) (44.15946066526669,172.3466265546737) (45.15946066526666,172.3466265546737) (45.15946066526666,171.8577653390908) (46.15946066526664,171.8577653390908) (46.15946066526664,171.3689041235079) (47.15946066526666,171.3689041235079) (47.15946066526666,170.8800429079251) (48.15946066526669,170.8800429079251) (48.15946066526669,170.3911816923422) (49.15946066526672,170.3911816923422) (49.15946066526672,169.9023204767593) (50.15946066526675,169.9023204767593) (50.15946066526675,169.4134592611764) (51.15946066526678,169.4134592611764) (51.15946066526678,168.9245980455935) (52.15946066526681,168.9245980455935) (52.15946066526681,168.4357368300106) (53.15946066526683,168.4357368300106) (53.15946066526683,167.9468756144277) (54.15946066526686,167.9468756144277) (54.15946066526686,167.4580143988449) (55.15946066526689,167.4580143988449) (55.15946066526689,166.969153183262) (56.15946066526692,166.969153183262) (56.15946066526692,166.4802919676791) (57.15946066526695,166.4802919676791) (57.15946066526695,165.9914307520962) (58.15946066526698,165.9914307520962) (58.15946066526698,165.5025695365133) (59.15946066526701,165.5025695365133) (59.15946066526701,165.0137083209304) (60.15946066526703,165.0137083209304) (60.15946066526703,164.5248471053475) (61.15946066526706,164.5248471053475) (61.15946066526706,164.0359858897646) (62.15946066526709,164.0359858897646) (62.15946066526709,163.5) (174.1594606652673,163.5) (174.1594606652673,189.4896220913107) (175.1594606652674,189.4896220913107) (175.1594606652674,215.4792441826214) (176.1594606652675,215.4792441826214) (176.1594606652675,241.4688662739321) (177.1594606652675,241.4688662739321) (177.1594606652675,267.4584883652428) (178.1594606652676,267.4584883652428) (178.1594606652676,293.4481104565535) (179.1594606652676,293.4481104565535) (179.1594606652676,319.4377325478642) (180.1594606652677,319.4377325478642) (180.1594606652677,345.427354639175) (181.1594606652678,345.427354639175) (181.1594606652678,371.4169767304857) (182.1594606652679,371.4169767304857) (182.1594606652679,397.4065988217964) (183.159460665268,397.4065988217964) (183.159460665268,423.3962209131071) (184.1594606652681,423.3962209131071) (184.1594606652681,449.3858430044178) (185.1594606652681,449.3858430044178) (185.1594606652681,475.3754650957285) (186.1594606652682,475.3754650957285) (186.1594606652682,501.3650871870392) (187.1594606652683,501.3650871870392) (187.1594606652683,527.3547092783499) (188.1594606652684,527.3547092783499) (188.1594606652684,553.3443313696606) (189.1594606652685,553.3443313696606) (189.1594606652685,579.3339534609713) (190.1594606652685,579.3339534609713) (190.1594606652685,605.323575552282) (191.1594606652686,605.323575552282) (191.1594606652686,631.3131976435927) (192.1594606652687,631.3131976435927) (192.1594606652687,657.3028197349034) (193.1594606652688,657.3028197349034) (193.1594606652688,683.2924418262141) (194.1594606652689,683.2924418262141) (194.1594606652689,709.2820639175249) (195.1594606652689,709.2820639175249) (195.1594606652689,735.2716860088356) (700,735.2716860088356)
robPositionX[0]:
[0]: (0,0) (0,92.5) (2,92.5) (2,97.73313175708738) (13.15946066526706,97.73313175708738) (13.15946066526706,123.7285354798977) (14.1782641277503,123.7285354798977) (14.1782641277503,149.723939202708) (15.19706759023354,149.723939202708) (15.19706759023354,175.7193429255182) (16.19706759023354,175.7193429255182) (16.19706759023354,201.7147466483285) (17.19706759023354,201.7147466483285) (17.19706759023354,227.7101503711388) (18.19706759023355,227.7101503711388) (18.19706759023355,253.7055540939491) (19.19706759023354,253.7055540939491) (19.19706759023354,279.7009578167594) (20.19706759023355,279.7009578167594) (20.19706759023355,305.6963615395697) (21.19706759023355,305.6963615395697) (21.19706759023355,331.69176526238) (22.19706759023356,331.69176526238) (22.19706759023356,357.6871689851903) (23.19706759023356,357.6871689851903) (23.19706759023356,383.6825727080006) (24.19706759023356,383.6825727080006) (24.19706759023356,409.6779764308109) (25.19706759023357,409.6779764308109) (25.19706759023357,435.6733801536212) (26.19706759023357,435.6733801536212) (26.19706759023357,461.6687838764315) (27.19706759023357,461.6687838764315) (27.19706759023357,487.6641875992418) (28.19706759023358,487.6641875992418) (28.19706759023358,513.6595913220521) (29.19706759023358,513.6595913220521) (29.19706759023358,539.6549950448623) (30.19706759023359,539.6549950448623) (30.19706759023359,565.6503987676725) (31.1970675902336,565.6503987676725) (31.1970675902336,591.6458024904828) (32.19706759023359,591.6458024904828) (32.19706759023359,617.641206213293) (33.19706759023356,617.641206213293) (33.19706759023356,643.6366099361032) (34.19706759023352,643.6366099361032) (34.19706759023352,669.6320136589135) (35.19706759023349,669.6320136589135) (35.19706759023349,695.6274173817237) (36.19706759023345,695.6274173817237) (36.19706759023345,721.622821104534) (37.19706759023342,721.622821104534) (37.19706759023342,747.6182248273442) (38.19706759023338,747.6182248273442) (38.19706759023338,773.6136285501544) (39.19706759023335,773.6136285501544) (39.19706759023335,799.6090322729647) (40.19706759023331,799.6090322729647) (40.19706759023331,825.6044359957749) (41.19706759023327,825.6044359957749) (41.19706759023327,851.5998397185851) (42.19706759023324,851.5998397185851) (42.19706759023324,877.5952434413954) (43.1970675902332,877.5952434413954) (43.1970675902332,903.5906471642056) (44.19706759023317,903.5906471642056) (44.19706759023317,929.5860508870159) (45.19706759023314,929.5860508870159) (45.19706759023314,955.5814546098261) (46.19706759023311,955.5814546098261) (46.19706759023311,981.5768583326363) (47.19706759023314,981.5768583326363) (47.19706759023314,1007.572262055447) (48.19706759023317,1007.572262055447) (48.19706759023317,1033.567665778257) (49.1970675902332,1033.567665778257) (49.1970675902332,1059.563069501067) (50.19706759023322,1059.563069501067) (50.19706759023322,1085.558473223878) (51.19706759023325,1085.558473223878) (51.19706759023325,1111.553876946688) (52.19706759023328,1111.553876946688) (52.19706759023328,1137.549280669498) (53.19706759023331,1137.549280669498) (53.19706759023331,1163.544684392309) (54.19706759023334,1163.544684392309) (54.19706759023334,1189.540088115119) (55.19706759023337,1189.540088115119) (55.19706759023337,1215.535491837929) (56.1970675902334,1215.535491837929) (56.1970675902334,1241.53089556074) (57.19706759023342,1241.53089556074) (57.19706759023342,1267.52629928355) (58.19706759023345,1267.52629928355) (58.19706759023345,1293.52170300636) (59.19706759023348,1293.52170300636) (59.19706759023348,1319.517106729171) (60.19706759023351,1319.517106729171) (60.19706759023351,1345.512510451981) (61.19706759023354,1345.512510451981) (61.19706759023354,1371.507914174791) (62.19706759023357,1371.507914174791) (62.19706759023357,1397.503317897602) (63.20979844709274,1397.503317897602) (63.20979844709274,1423.501210954746) (64.21841766477196,1423.501210954746) (64.21841766477196,1449.500245178851) (65.22425310553989,1449.500245178851) (65.22425310553989,1475.499802499311) (66.22820383658819,1475.499802499311) (66.22820383658819,1501.499599591989) (67.23087856900835,1501.499599591989) (67.23087856900835,1527.499506587529) (68.23268942033062,1527.499506587529) (68.23268942033062,1553.499463958168) (69.23391540503884,1553.499463958168) (69.23391540503884,1579.49944441867) (70.23474542248883,1579.49944441867) (70.23474542248883,1605.499435462594) (71.23530736171858,1605.499435462594) (71.23530736171858,1631.49943135751) (72.23568780635192,1631.49943135751) (72.23568780635192,1657.499429475914) (73.23594537533512,1657.499429475914) (73.23594537533512,1683.499428613471) (74.23611975492877,1683.499428613471) (74.23611975492877,1709.499428218164) (75.23623781356305,1709.499428218164) (75.23623781356305,1735.499428036972) (76.23631774173043,1735.499428036972) (76.23631774173043,1761.499427953921) (77.23637185477153,1761.499427953921) (77.23637185477153,1787.499427915854) (78.23640849043318,1787.499427915854) (78.23640849043318,1813.499427898406) (79.23643329354464,1813.499427898406) (79.23643329354464,1839.499427890409) (80.23645008577151,1839.499427890409) (80.23645008577151,1865.499427886743) (81.23646145444927,1865.499427886743) (81.23646145444927,1891.499427885063) (82.23646915128484,1891.499427885063) (82.23646915128484,1917.499427884293) (83.23647436219763,1917.499427884293) (83.23647436219763,1943.499427883939) (84.23647789009271,1943.499427883939) (84.23647789009271,1969.499427883778) (85.23648027855869,1969.499427883778) (85.23648027855869,1995.499427883703) (86.23648189559211,1995.499427883703) (86.23648189559211,2021.499427883669) (87.2364829903965,2021.499427883669) (87.2364829903965,2047.499427883654) (88.23648373157008,2047.499427883654) (88.23648373157008,2073.499427883647) (89.23648423336537,2073.499427883647) (89.23648423336537,2099.499427883643) (90.23648457316408,2099.499427883643) (90.23648457316408,2125.499427883642) (91.23648480353039,2125.499427883642) (91.23648480353039,2151.499427883641) (92.23648495838773,2151.499427883641) (92.23648495838773,2177.499427883641) (93.23648506269581,2177.499427883641) (93.23648506269581,2203.499427883641) (94.23648513569623,2203.499427883641) (94.23648513569623,2229.499427883641) (95.23648518511771,2229.499427883641) (95.23648518511771,2255.499427883641) (96.23648521843766,2255.499427883641) (96.23648521843766,2281.499427883641) (97.23648523951103,2281.499427883641) (97.23648523951103,2307.499427883641) (98.23648523951097,2307.499427883641) (98.23648523951097,2333.499427883641) (99.23648523951091,2333.499427883641) (99.23648523951091,2359.499427883641) (100.2364852395109,2359.499427883641) (100.2364852395109,2385.499427883641) (101.2364852395108,2385.499427883641) (101.2364852395108,2411.499427883641) (102.2364852395107,2411.499427883641) (102.2364852395107,2437.499427883641) (103.2364852395107,2437.499427883641) (103.2364852395107,2463.499427883641) (104.2364852395106,2463.499427883641) (104.2364852395106,2489.499427883641) (105.2364852395106,2489.499427883641) (105.2364852395106,2515.499427883641) (106.2364852395105,2515.499427883641) (106.2364852395105,2541.499427883641) (107.2364852395105,2541.499427883641) (107.2364852395105,2567.499427883641) (108.2364852395104,2567.499427883641) (108.2364852395104,2593.499427883641) (109.2364852395103,2593.499427883641) (109.2364852395103,2619.499427883641) (110.2364852395103,2619.499427883641) (110.2364852395103,2645.499427883641) (111.2364852395102,2645.499427883641) (111.2364852395102,2671.499427883641) (112.2364852395102,2671.499427883641) (112.2364852395102,2697.499427883641) (113.2364852395101,2697.499427883641) (113.2364852395101,2723.499427883641) (114.2364852395101,2723.499427883641) (114.2364852395101,2749.499427883641) (115.23648523951,2749.499427883641) (115.23648523951,2775.499427883641) (116.2364852395099,2775.499427883641) (116.2364852395099,2801.499427883641) (117.2364852395099,2801.499427883641) (117.2364852395099,2827.499427883641) (118.2364852395098,2827.499427883641) (118.2364852395098,2853.499427883641) (119.2364852395098,2853.499427883641) (119.2364852395098,2879.499427883641) (120.2364852395097,2879.499427883641) (120.2364852395097,2905.499427883641) (121.2364852395097,2905.499427883641) (121.2364852395097,2931.499427883641) (122.2364852395096,2931.499427883641) (122.2364852395096,2957.499427883641) (123.2364852395095,2957.499427883641) (123.2364852395095,2983.499427883641) (124.2364852395095,2983.499427883641) (124.2364852395095,3009.499427883641) (125.2364852395094,3009.499427883641) (125.2364852395094,3035.499427883641) (126.2364852395094,3035.499427883641) (126.2364852395094,3061.499427883641) (127.2364852395093,3061.499427883641) (127.2364852395093,3087.499427883641) (128.2364852395092,3087.499427883641) (128.2364852395092,3113.499427883641) (129.2364852395093,3113.499427883641) (129.2364852395093,3139.499427883641) (130.2364852395094,3139.499427883641) (130.2364852395094,3165.499427883641) (131.2364852395094,3165.499427883641) (131.2364852395094,3191.499427883641) (132.2364852395095,3191.499427883641) (132.2364852395095,3217.499427883641) (133.2364852395095,3217.499427883641) (133.2364852395095,3243.499427883641) (134.2364852395096,3243.499427883641) (134.2364852395096,3269.499427883641) (135.2364852395096,3269.499427883641) (135.2364852395096,3295.499427883641) (136.2364852395097,3295.499427883641) (136.2364852395097,3321.499427883641) (137.2364852395098,3321.499427883641) (137.2364852395098,3347.499427883641) (138.2364852395098,3347.499427883641) (138.2364852395098,3373.499427883641) (139.2364852395099,3373.499427883641) (139.2364852395099,3399.499427883641) (140.2364852395099,3399.499427883641) (140.2364852395099,3425.499427883641) (141.23648523951,3425.499427883641) (141.23648523951,3451.499427883641) (142.23648523951,3451.499427883641) (142.23648523951,3477.499427883641) (143.2364852395101,3477.499427883641) (143.2364852395101,3503.499427883641) (144.2364852395102,3503.499427883641) (144.2364852395102,3529.499427883641) (145.2364852395102,3529.499427883641) (145.2364852395102,3555.499427883641) (146.2364852395103,3555.499427883641) (146.2364852395103,3581.499427883641) (147.2364852395103,3581.499427883641) (147.2364852395103,3607.499427883641) (148.2364852395104,3607.499427883641) (148.2364852395104,3633.499427883641) (149.2364852395104,3633.499427883641) (149.2364852395104,3659.499427883641) (150.2364852395105,3659.499427883641) (150.2364852395105,3685.499427883641) (151.2364852395106,3685.499427883641) (151.2364852395106,3711.499427883641) (152.2364852395106,3711.499427883641) (152.2364852395106,3737.499427883641) (153.2364852395107,3737.499427883641) (153.2364852395107,3763.499427883641) (154.2364852395107,3763.499427883641) (154.2364852395107,3789.499427883641) (155.2364852395108,3789.499427883641) (155.2364852395108,3815.499427883641) (156.2364852395108,3815.499427883641) (156.2364852395108,3841.499427883641) (157.2364852395109,3841.499427883641) (157.2364852395109,3867.499427883641) (158.236485239511,3867.499427883641) (158.236485239511,3893.499427883641) (159.236485239511,3893.499427883641) (159.236485239511,3919.499427883641) (160.2364852395111,3919.499427883641) (160.2364852395111,3945.499427883641) (161.2364852395111,3945.499427883641) (161.2364852395111,3971.499427883641) (162.2364852395112,3971.499427883641) (162.2364852395112,3997.499427883641) (163.2364852395112,3997.499427883641) (163.2364852395112,4023.499427883641) (164.2364852395113,4023.499427883641) (164.2364852395113,4049.499427883641) (165.2364852395114,4049.499427883641) (165.2364852395114,4075.499427883641) (166.2364852395114,4075.499427883641) (166.2364852395114,4101.49942788364) (167.2364852395115,4101.49942788364) (167.2364852395115,4127.49942788364) (168.2364852395116,4127.49942788364) (168.2364852395116,4153.49942788364) (169.2364852395116,4153.49942788364) (169.2364852395116,4179.49942788364) (170.2364852395117,4179.49942788364) (170.2364852395117,4205.49942788364) (171.2364852395118,4205.49942788364) (171.2364852395118,4231.49942788364) (172.2364852395119,4231.49942788364) (172.2364852395119,4257.49942788364) (173.236485239512,4257.49942788364) (173.236485239512,4283.49942788364) (174.2364852395121,4283.49942788364) (174.2364852395121,4309.49942788364) (175.475267035267,4309.49942788364) (175.475267035267,4334.761725317672) (176.9913831321805,4334.761725317672) (176.9913831321805,4357.375029374853) (178.7902403113538,4357.375029374853) (178.7902403113538,4371.80338971305) (180.9259479546474,4371.80338971305) (180.9259479546474,4380.472858151295) (183.2342464135521,4380.472858151295) (183.2342464135521,4385.010512952947) (185.6603864612984,4385.010512952947) (185.6603864612984,4388.172157803916) (188.1290876893211,4388.172157803916) (188.1290876893211,4390.428283375573) (190.626454724849,4390.428283375573) (190.626454724849,4391.835488330516) (193.1509198873018,4391.835488330516) (193.1509198873018,4392.871718959358) (195.6877577254237,4392.871718959358) (195.6877577254237,4393.515439372457) (198.2377129454999,4393.515439372457) (198.2377129454999,4394.057268921059) (200.7876681655761,4394.057268921059) (200.7876681655761,4394.599098469662) (203.3376233856523,4394.599098469662) (203.3376233856523,4395.140928018264) (205.8875786057285,4395.140928018264) (205.8875786057285,4395.682757566867) (208.4375338258047,4395.682757566867) (208.4375338258047,4396.224587115469) (210.9874890458809,4396.224587115469) (210.9874890458809,4396.766416664072) (213.537444265957,4396.766416664072) (213.537444265957,4397.308246212675) (216.0873994860333,4397.308246212675) (216.0873994860333,4397.850075761278) (218.6373547061095,4397.850075761278) (218.6373547061095,4398.391905309881) (221.1873099261857,4398.391905309881) (221.1873099261857,4398.933734858484) (223.7372651462619,4398.933734858484) (223.7372651462619,4399.475564407086) (226.2872203663381,4399.475564407086) (226.2872203663381,4400.01739395569) (228.8371755864144,4400.01739395569) (228.8371755864144,4400.559223504292) (231.3871308064905,4400.559223504292) (231.3871308064905,4400.840201776819) (700,4400.840201776819)
robPositionY[0]:
[0]: (0,0) (0,163.5) (2,163.5) (2,188.9679078844919) (13.15946066526706,188.9679078844919) (13.15946066526706,188.479046668909) (14.1782641277503,188.479046668909) (14.1782641277503,187.9901854533262) (15.19706759023354,187.9901854533262) (15.19706759023354,187.5013242377433) (16.19706759023354,187.5013242377433) (16.19706759023354,187.0124630221605) (17.19706759023354,187.0124630221605) (17.19706759023354,186.5236018065776) (18.19706759023355,186.5236018065776) (18.19706759023355,186.0347405909947) (19.19706759023354,186.0347405909947) (19.19706759023354,185.5458793754118) (20.19706759023355,185.5458793754118) (20.19706759023355,185.0570181598289) (21.19706759023355,185.0570181598289) (21.19706759023355,184.568156944246) (22.19706759023356,184.568156944246) (22.19706759023356,184.0792957286631) (23.19706759023356,184.0792957286631) (23.19706759023356,183.5904345130803) (24.19706759023356,183.5904345130803) (24.19706759023356,183.1015732974974) (25.19706759023357,183.1015732974974) (25.19706759023357,182.6127120819145) (26.19706759023357,182.6127120819145) (26.19706759023357,182.1238508663316) (27.19706759023357,182.1238508663316) (27.19706759023357,181.6349896507487) (28.19706759023358,181.6349896507487) (28.19706759023358,181.1461284351658) (29.19706759023358,181.1461284351658) (29.19706759023358,180.6572672195829) (30.19706759023359,180.6572672195829) (30.19706759023359,180.168406004) (31.1970675902336,180.168406004) (31.1970675902336,179.6795447884172) (32.19706759023359,179.6795447884172) (32.19706759023359,179.1906835728343) (33.19706759023356,179.1906835728343) (33.19706759023356,178.7018223572514) (34.19706759023352,178.7018223572514) (34.19706759023352,178.2129611416685) (35.19706759023349,178.2129611416685) (35.19706759023349,177.7240999260856) (36.19706759023345,177.7240999260856) (36.19706759023345,177.2352387105027) (37.19706759023342,177.2352387105027) (37.19706759023342,176.7463774949198) (38.19706759023338,176.7463774949198) (38.19706759023338,176.257516279337) (39.19706759023335,176.257516279337) (39.19706759023335,175.7686550637541) (40.19706759023331,175.7686550637541) (40.19706759023331,175.2797938481712) (41.19706759023327,175.2797938481712) (41.19706759023327,174.7909326325883) (42.19706759023324,174.7909326325883) (42.19706759023324,174.3020714170054) (43.1970675902332,174.3020714170054) (43.1970675902332,173.8132102014225) (44.19706759023317,173.8132102014225) (44.19706759023317,173.3243489858396) (45.19706759023314,173.3243489858396) (45.19706759023314,172.8354877702567) (46.19706759023311,172.8354877702567) (46.19706759023311,172.3466265546739) (47.19706759023314,172.3466265546739) (47.19706759023314,171.857765339091) (48.19706759023317,171.857765339091) (48.19706759023317,171.3689041235081) (49.1970675902332,171.3689041235081) (49.1970675902332,170.8800429079252) (50.19706759023322,170.8800429079252) (50.19706759023322,170.3911816923423) (51.19706759023325,170.3911816923423) (51.19706759023325,169.9023204767594) (52.19706759023328,169.9023204767594) (52.19706759023328,169.4134592611765) (53.19706759023331,169.4134592611765) (53.19706759023331,168.9245980455937) (54.19706759023334,168.9245980455937) (54.19706759023334,168.4357368300108) (55.19706759023337,168.4357368300108) (55.19706759023337,167.9468756144279) (56.1970675902334,167.9468756144279) (56.1970675902334,167.458014398845) (57.19706759023342,167.458014398845) (57.19706759023342,166.9691531832621) (58.19706759023345,166.9691531832621) (58.19706759023345,166.4802919676792) (59.19706759023348,166.4802919676792) (59.19706759023348,165.9914307520963) (60.19706759023351,165.9914307520963) (60.19706759023351,165.5025695365134) (61.19706759023354,165.5025695365134) (61.19706759023354,165.0137083209306) (62.19706759023357,165.0137083209306) (62.19706759023357,164.5248471053477) (63.20979844709274,164.5248471053477) (63.20979844709274,164.1938537681208) (64.21841766477196,164.1938537681208) (64.21841766477196,163.969756883213) (65.22425310553989,163.969756883213) (65.22425310553989,163.8180362843253) (66.22820383658819,163.8180362843253) (66.22820383658819,163.7153175442811) (67.23087856900835,163.7153175442811) (67.23087856900835,163.6457745842783) (68.23268942033062,163.6457745842783) (68.23268942033062,163.5986924756321) (69.23391540503884,163.5986924756321) (69.23391540503884,163.566816881204) (70.23474542248883,163.566816881204) (70.23474542248883,163.545236429983) (71.23530736171858,163.545236429983) (71.23530736171858,163.5306260107791) (72.23568780635192,163.5306260107791) (72.23568780635192,163.5207344505516) (73.23594537533512,163.5207344505516) (73.23594537533512,163.5140376570627) (74.23611975492877,163.5140376570627) (74.23611975492877,163.5095037876518) (75.23623781356305,163.5095037876518) (75.23623781356305,163.5064342631685) (76.23631774173043,163.5064342631685) (76.23631774173043,163.5043561308182) (77.23637185477153,163.5043561308182) (77.23637185477153,163.5029491917491) (78.23640849043318,163.5029491917491) (78.23640849043318,163.5019966645455) (79.23643329354464,163.5019966645455) (79.23643329354464,163.5013517836466) (80.23645008577151,163.5013517836466) (80.23645008577151,163.5009151857469) (81.23646145444927,163.5009151857469) (81.23646145444927,163.5006196001235) (82.23646915128484,163.5006196001235) (82.23646915128484,163.5004194823974) (83.23647436219763,163.5004194823974) (83.23647436219763,163.5002839986634) (84.23647789009271,163.5002839986634) (84.23647789009271,163.5001922733894) (85.23648027855869,163.5001922733894) (85.23648027855869,163.5001301732726) (86.23648189559211,163.5001301732726) (86.23648189559211,163.5000881304022) (87.2364829903965,163.5000881304022) (87.2364829903965,163.5000596654866) (88.23648373157008,163.5000596654866) (88.23648373157008,163.5000403949721) (89.23648423336537,163.5000403949721) (89.23648423336537,163.5000273482928) (90.23648457316408,163.5000273482928) (90.23648457316408,163.5000185135251) (91.23648480353039,163.5000185135251) (91.23648480353039,163.5000125239997) (92.23648495838773,163.5000125239997) (92.23648495838773,163.5000084977071) (93.23648506269581,163.5000084977071) (93.23648506269581,163.5000057856957) (94.23648513569623,163.5000057856957) (94.23648513569623,163.5000038876832) (95.23648518511771,163.5000038876832) (95.23648518511771,163.5000026027226) (96.23648521843766,163.5000026027226) (96.23648521843766,163.5000017364024) (97.23648523951103,163.5000017364024) (97.23648523951103,163.5000011884933) (98.23648523951097,163.5000011884933) (98.23648523951097,163.5000006405843) (175.475267035267,163.5000006405843) (175.475267035267,169.6494988603188) (176.9913831321805,169.6494988603188) (176.9913831321805,182.4806515605829) (178.7902403113538,182.4806515605829) (178.7902403113538,204.1098544573876) (180.9259479546474,204.1098544573876) (180.9259479546474,228.6218987825405) (183.2342464135521,228.6218987825405) (183.2342464135521,254.2228692504944) (185.6603864612984,254.2228692504944) (185.6603864612984,280.0299225855101) (188.1290876893211,280.0299225855101) (188.1290876893211,305.9318510350467) (190.626454724849,305.9318510350467) (190.626454724849,331.8937418408948) (193.1509198873018,331.8937418408948) (193.1509198873018,357.873084135954) (195.6877577254237,357.873084135954) (195.6877577254237,383.8651141457428) (198.2377129454999,383.8651141457428) (198.2377129454999,409.8594677776426) (200.7876681655761,409.8594677776426) (200.7876681655761,435.8538214095424) (203.3376233856523,435.8538214095424) (203.3376233856523,461.8481750414421) (205.8875786057285,461.8481750414421) (205.8875786057285,487.8425286733419) (208.4375338258047,487.8425286733419) (208.4375338258047,513.8368823052417) (210.9874890458809,513.8368823052417) (210.9874890458809,539.8312359371415) (213.537444265957,539.8312359371415) (213.537444265957,565.8255895690413) (216.0873994860333,565.8255895690413) (216.0873994860333,591.8199432009411) (218.6373547061095,591.8199432009411) (218.6373547061095,617.8142968328409) (221.1873099261857,617.8142968328409) (221.1873099261857,643.8086504647407) (223.7372651462619,643.8086504647407) (223.7372651462619,669.8030040966405) (226.2872203663381,669.8030040966405) (226.2872203663381,695.7973577285403) (228.8371755864144,695.7973577285403) (228.8371755864144,721.7917113604401) (231.3871308064905,721.7917113604401) (231.3871308064905,735.2716860088356) (700,735.2716860088356)
batteryCharge[0]:
[0]: (0,100) (700,100)
user_guided_transport.end:
[0]: (0,0) (233.3871308064896,0) (233.3871308064896,1) (700,1)
[2K
Verifying formula 5 at /nta/queries/query[5]/formula
 -- Formula: simulate[<=700]{robot_inventory[0][0], user_guided_transport.end*2}
[2K -- Formula is satisfied.
robot_inventory[0][0]:
[0]: (0,0) (7.613472089487691,0) (7.613472089487691,1) (700,1)
user_guided_transport.end * 2:
[0]: (0,0) (230.8411422307088,0) (230.8411422307088,2) (700,2)
[2K
Verifying formula 6 at /nta/queries/query[6]/formula
 -- Formula: simulate[<=700]{bedroom[0], bedroom[1], kitchen[0], kitchen[1]}
[2K -- Formula is satisfied.
bedroom[0]:
[0]: (0,100) (700,100)
bedroom[1]:
[0]: (0,200) (700,200)
kitchen[0]:
[0]: (0,4400) (700,4400)
kitchen[1]:
[0]: (0,765) (700,765)
[2K
Verifying formula 7 at /nta/queries/query[7]/formula
 -- Formula: simulate[<=700]{rm_1.idle, rf_1.idle, rp_1.idle, rd_1.idle}
[2K -- Formula is satisfied.
rm_1.idle:
[0]: (0,0) (0,1) (0,0) (3,0) (3,1) (700,1)
rf_1.idle:
[0]: (0,0) (0,1) (9.500576399571115,1) (9.500576399571115,0) (231.709443078315,0) (231.709443078315,1) (700,1)
rp_1.idle:
[0]: (0,0) (0,1) (2,1) (2,0) (9.500576399571115,0) (9.500576399571115,1) (700,1)
rd_1.idle:
[0]: (0,0) (0,1) (700,1)
[2K
Verifying formula 8 at /nta/queries/query[8]/formula
 -- Formula: Pr[<=700](<>!rm_1.idle || !rf_1.idle || !rp_1.idle || !rd_1.idle)
[2K -- Formula is satisfied.
(72/72 runs) Pr(<> …) in [0.950056,1] (95% CI)
Values in [0,0] mean=0 steps=2.22045e-16: 72
[2K
Verifying formula 9 at /nta/queries/query[9]/formula
 -- Formula: Pr[<=700]([] (user_guided_transport.end imply (rm_1.idle && rf_1.idle && rp_1.idle && rd_1.idle)))
 -- Throughput: 628649 runs/sec, Load: 329 runs[K
[2K -- Formula is satisfied.
(72/72 runs) Pr([] …) in [0.950056,1] (95% CI)
[2K
Verifying formula 10 at /nta/queries/query[10]/formula
 -- Formula: Pr[<=700] (<> pow(humanPositionX[0] - kitchen[0], 2) + pow(humanPositionY[0] - kitchen[1], 2) <= 900 )
[2K -- Formula is satisfied.
(72/72 runs) Pr(<> …) in [0.950056,1] (95% CI)
Values in [192.065,196.996] mean=194.591 steps=0.547959: 6 8 9 11 4 9 5 13 7
[2K
Verifying formula 11 at /nta/queries/query[11]/formula
 -- Formula: Pr[<=700] (<> pow(humanPositionX[0] - bedroom[0], 2) + pow(humanPositionY[0] - bedroom[1], 2) <= 900 )
[2K -- Formula is satisfied.
(72/72 runs) Pr(<> …) in [0.950056,1] (95% CI)
Values in [1,1] mean=1 steps=2.22045e-16: 72
[2K
Verifying formula 12 at /nta/queries/query[12]/formula
 -- Formula: Pr[<=700] (<> pow(robPositionX[0] - bedroom[0], 2) + pow(robPositionY[0] - bedroom[1], 2) <= 900 )
[2K -- Formula is satisfied.
(72/72 runs) Pr(<> …) in [0.950056,1] (95% CI)
Values in [2,2] mean=2 steps=2.22045e-16: 72
[2K
Verifying formula 13 at /nta/queries/query[13]/formula
 -- Formula: Pr[<=700] (<> !isValidPosition(humanPositionX[0], humanPositionY[0]))
[2K -- Formula is satisfied.
(72/72 runs) Pr(<> …) in [0.950056,1] (95% CI)
Values in [0,0] mean=0 steps=2.22045e-16: 72
[2K
Verifying formula 14 at /nta/queries/query[14]/formula
 -- Formula: Pr[<=700] (<> !isValidPosition(robPositionX[0], robPositionY[0]))
[2K -- Formula is satisfied.
(72/72 runs) Pr(<> …) in [0.950056,1] (95% CI)
Values in [0,0] mean=0 steps=2.22045e-16: 72
[2K
Verifying formula 15 at /nta/queries/query[15]/formula
 -- Formula: Pr[<=700] (<> currP > 2)
 -- Throughput: 632028 runs/sec, Load: 328 runs[K
[2K -- Formula is satisfied.
(0/72 runs) Pr(<> …) in [0,0.0499441] (95% CI)
