Options for the verification:
  Generating no trace
  Search order is breadth first
  Using conservative space optimisation
  Seed is 1784844946
  State space representation uses minimal constraint systems with future testing
  Using HashMap + Compress integers for discrete state storage
[2K
Verifying formula 1 at /nta/queries/query[1]/formula
 -- Formula: simulate[<=700]{Coffee_Delivery_robot_def.s1_start, Coffee_Delivery_robot_def.s1_end, Coffee_Delivery_robot_def.s2_start, Coffee_Delivery_robot_def.s2_end, Coffee_Delivery_robot_def.s3_start, Coffee_Delivery_robot_def.s3_end, Coffee_Delivery_robot_def.s4_start, Coffee_Delivery_robot_def.s4_end, Coffee_Delivery.end}
[2K -- Aborted.
Coffee_Delivery_robot_def.s1_start:
[0]: (0,0) (0,1) (0,0) (258.3108935932319,0)
Coffee_Delivery_robot_def.s1_end:
[0]: (0,0) (67.57673979312437,0) (67.57673979312437,1) (67.57673979312437,0) (258.3108935932319,0)
Coffee_Delivery_robot_def.s2_start:
[0]: (0,0) (67.57673979312437,0) (67.57673979312437,1) (67.57673979312437,0) (258.3108935932319,0)
Coffee_Delivery_robot_def.s2_end:
[0]: (0,0) (77.57673979312437,0) (77.57673979312437,1) (77.57673979312437,0) (258.3108935932319,0)
Coffee_Delivery_robot_def.s3_start:
[0]: (0,0) (77.57673979312437,0) (77.57673979312437,1) (77.57673979312437,0) (258.3108935932319,0)
Coffee_Delivery_robot_def.s3_end:
[0]: (0,0) (253.3108935932319,0) (253.3108935932319,1) (253.3108935932319,0) (258.3108935932319,0)
Coffee_Delivery_robot_def.s4_start:
[0]: (0,0) (253.3108935932319,0) (253.3108935932319,1) (253.3108935932319,0) (258.3108935932319,0)
Coffee_Delivery_robot_def.s4_end:
[0]: (0,0) (258.3108935932319,0)
Coffee_Delivery.end:
[0]: (0,0) (253.3108935932319,0)
[2K
Verifying formula 2 at /nta/queries/query[2]/formula
 -- Formula: Pr[<=700] (<> Coffee_Delivery.end)
[2K -- Aborted.
[2K
Verifying formula 3 at /nta/queries/query[3]/formula
 -- Formula: simulate[<=700]{robPositionX[0], robPositionY[0], batteryCharge[0], Coffee_Delivery.end}
[2K -- Aborted.
robPositionX[0]:
[0]: (0,0) (0,92.5) (2,92.5) (2,118.5) (3,118.5) (3,144.5) (4,144.5) (4,170.5) (5,170.5) (5,196.5) (6,196.5) (6,222.5) (7,222.5) (7,248.5) (8,248.5) (8,274.5) (9,274.5) (9,300.5) (10,300.5) (10,326.5) (11,326.5) (11,352.5) (12,352.5) (12,378.5) (13,378.5) (13,404.5) (14,404.5) (14,430.5) (15,430.5) (15,456.5) (16,456.5) (16,482.5) (17,482.5) (17,508.5) (18,508.5) (18,534.5) (19,534.5) (19,560.5) (20,560.5) (20,586.5) (21,586.5) (21,612.5) (22,612.5) (22,638.5) (23,638.5) (23,664.5) (24,664.5) (24,690.5) (25,690.5) (25,716.5) (26,716.5) (26,742.5) (27,742.5) (27,768.5) (28,768.5) (28,794.5) (29,794.5) (29,820.5) (30,820.5) (30,846.5) (31,846.5) (31,872.5) (32,872.5) (32,898.5) (33,898.5) (33,924.5) (34,924.5) (34,950.5) (35,950.5) (35,976.5) (36,976.5) (36,1002.5) (37,1002.5) (37,1028.5) (38,1028.5) (38,1054.5) (39,1054.5) (39,1080.5) (40,1080.5) (40,1106.5) (41,1106.5) (41,1132.5) (42,1132.5) (42,1158.5) (43,1158.5) (43,1184.5) (44,1184.5) (44,1210.5) (45,1210.5) (45,1236.5) (46,1236.5) (46,1262.5) (47,1262.5) (47,1288.5) (48,1288.5) (48,1314.5) (49,1314.5) (49,1340.5) (50,1340.5) (50,1366.5) (51,1366.5) (51,1392.5) (52,1392.5) (52,1418.5) (53,1418.5) (53,1444.5) (54,1444.5) (54,1452) (56.57673979312437,1452) (56.57673979312437,1451.845470785223) (57.57673979312437,1451.845470785223) (57.57673979312437,1451.690941570446) (58.57673979312437,1451.690941570446) (58.57673979312437,1451.536412355669) (59.57673979312437,1451.536412355669) (59.57673979312437,1451.381883140892) (60.57673979312437,1451.381883140892) (60.57673979312437,1451.227353926115) (61.57673979312437,1451.227353926115) (61.57673979312437,1451.072824711337) (62.57673979312437,1451.072824711337) (62.57673979312437,1450.91829549656) (63.57673979312437,1450.91829549656) (63.57673979312437,1450.763766281783) (64.57673979312437,1450.763766281783) (64.57673979312437,1450.609237067006) (65.57673979312437,1450.609237067006) (65.57673979312437,1450.454707852229) (66.57673979312437,1450.454707852229) (66.57673979312437,1450.300178637452) (67.57673979312437,1450.300178637452) (67.57673979312437,1450.145649422675) (79.57673979312437,1450.145649422675) (79.57673979312437,1450.314396953755) (82.14104578469545,1450.314396953755) (82.14104578469545,1450.483144484836) (83.14104578469545,1450.483144484836) (83.14104578469545,1450.651892015916) (84.14104578469545,1450.651892015916) (84.14104578469545,1450.820639546997) (85.14104578469545,1450.820639546997) (85.14104578469545,1450.989387078077) (86.14104578469545,1450.989387078077) (86.14104578469545,1451.158134609158) (87.14104578469545,1451.158134609158) (87.14104578469545,1451.326882140238) (88.14104578469545,1451.326882140238) (88.14104578469545,1451.495629671319) (89.14104578469545,1451.495629671319) (89.14104578469545,1451.664377202399) (90.14104578469545,1451.664377202399) (90.14104578469545,1451.83312473348) (91.14104578469545,1451.83312473348) (91.14104578469545,1452) (116.7118421114903,1452) (116.7118421114903,1478) (117.7118421114903,1478) (117.7118421114903,1504) (118.7118421114903,1504) (118.7118421114903,1530) (119.7118421114903,1530) (119.7118421114903,1556) (120.7118421114903,1556) (120.7118421114903,1582) (121.7118421114903,1582) (121.7118421114903,1608) (122.7118421114903,1608) (122.7118421114903,1634) (123.7118421114903,1634) (123.7118421114903,1660) (124.7118421114903,1660) (124.7118421114903,1686) (125.7118421114903,1686) (125.7118421114903,1712) (126.7118421114903,1712) (126.7118421114903,1738) (127.7118421114903,1738) (127.7118421114903,1764) (128.7118421114903,1764) (128.7118421114903,1790) (129.7118421114903,1790) (129.7118421114903,1816) (130.7118421114903,1816) (130.7118421114903,1842) (131.7118421114903,1842) (131.7118421114903,1868) (132.7118421114903,1868) (132.7118421114903,1894) (133.7118421114903,1894) (133.7118421114903,1920) (134.7118421114903,1920) (134.7118421114903,1946) (135.7118421114903,1946) (135.7118421114903,1972) (136.7118421114903,1972) (136.7118421114903,1998) (137.7118421114903,1998) (137.7118421114903,2024) (138.7118421114903,2024) (138.7118421114903,2050) (139.7118421114903,2050) (139.7118421114903,2076) (140.7118421114903,2076) (140.7118421114903,2102) (141.7118421114903,2102) (141.7118421114903,2128) (142.7118421114903,2128) (142.7118421114903,2154) (143.7118421114903,2154) (143.7118421114903,2180) (144.7118421114903,2180) (144.7118421114903,2206) (145.7118421114903,2206) (145.7118421114903,2232) (146.7118421114903,2232) (146.7118421114903,2258) (147.7118421114903,2258) (147.7118421114903,2284) (148.7118421114903,2284) (148.7118421114903,2310) (149.7118421114903,2310) (149.7118421114903,2336) (150.7118421114903,2336) (150.7118421114903,2362) (151.7118421114903,2362) (151.7118421114903,2388) (152.7118421114903,2388) (152.7118421114903,2414) (153.7118421114903,2414) (153.7118421114903,2440) (154.7118421114903,2440) (154.7118421114903,2466) (155.7118421114903,2466) (155.7118421114903,2492) (156.7118421114903,2492) (156.7118421114903,2518) (157.7118421114903,2518) (157.7118421114903,2544) (158.7118421114903,2544) (158.7118421114903,2570) (159.7118421114903,2570) (159.7118421114903,2596) (160.7118421114903,2596) (160.7118421114903,2622) (161.7118421114903,2622) (161.7118421114903,2648) (162.7118421114903,2648) (162.7118421114903,2674) (163.7118421114903,2674) (163.7118421114903,2700) (164.7118421114903,2700) (164.7118421114903,2726) (165.7118421114903,2726) (165.7118421114903,2752) (166.7118421114903,2752) (166.7118421114903,2778) (167.7118421114903,2778) (167.7118421114903,2804) (168.7118421114903,2804) (168.7118421114903,2830) (169.7118421114903,2830) (169.7118421114903,2856) (170.7118421114903,2856) (170.7118421114903,2882) (171.7118421114903,2882) (171.7118421114903,2908) (172.7118421114903,2908) (172.7118421114903,2934) (173.7118421114903,2934) (173.7118421114903,2960) (174.7118421114903,2960) (174.7118421114903,2986) (175.7118421114903,2986) (175.7118421114903,3012) (176.7118421114903,3012) (176.7118421114903,3038) (177.7118421114903,3038) (177.7118421114903,3062.5) (178.7118421114903,3062.5) (178.7118421114903,3088.5) (179.7118421114903,3088.5) (179.7118421114903,3114.5) (180.7118421114903,3114.5) (180.7118421114903,3140.5) (181.7118421114903,3140.5) (181.7118421114903,3166.5) (182.7118421114903,3166.5) (182.7118421114903,3192.5) (183.7118421114903,3192.5) (183.7118421114903,3218.5) (184.7118421114903,3218.5) (184.7118421114903,3244.5) (185.7118421114903,3244.5) (185.7118421114903,3270.5) (186.7118421114903,3270.5) (186.7118421114903,3296.5) (187.7118421114903,3296.5) (187.7118421114903,3322.5) (188.7118421114903,3322.5) (188.7118421114903,3348.5) (189.7118421114903,3348.5) (189.7118421114903,3374.5) (190.7118421114903,3374.5) (190.7118421114903,3400.5) (191.7118421114903,3400.5) (191.7118421114903,3426.5) (192.7118421114903,3426.5) (192.7118421114903,3452.5) (193.7118421114903,3452.5) (193.7118421114903,3478.5) (194.7118421114903,3478.5) (194.7118421114903,3504.5) (195.7118421114903,3504.5) (195.7118421114903,3530.5) (196.7118421114903,3530.5) (196.7118421114903,3556.5) (197.7118421114903,3556.5) (197.7118421114903,3582.5) (198.7118421114903,3582.5) (198.7118421114903,3608.5) (199.7118421114903,3608.5) (199.7118421114903,3634.5) (200.7118421114903,3634.5) (200.7118421114903,3660.5) (201.7118421114903,3660.5) (201.7118421114903,3686.5) (202.7118421114903,3686.5) (202.7118421114903,3712.5) (203.7118421114903,3712.5) (203.7118421114903,3738.5) (204.7118421114903,3738.5) (204.7118421114903,3764.5) (205.7118421114903,3764.5) (205.7118421114903,3790.5) (206.7118421114903,3790.5) (206.7118421114903,3816.5) (207.7118421114903,3816.5) (207.7118421114903,3842.5) (208.7118421114903,3842.5) (208.7118421114903,3868.5) (209.7118421114903,3868.5) (209.7118421114903,3894.5) (210.7118421114903,3894.5) (210.7118421114903,3920.5) (211.7118421114903,3920.5) (211.7118421114903,3946.5) (212.7118421114903,3946.5) (212.7118421114903,3972.5) (213.7118421114903,3972.5) (213.7118421114903,3998.5) (214.7118421114903,3998.5) (214.7118421114903,4024.5) (215.7118421114903,4024.5) (215.7118421114903,4050.5) (216.7118421114903,4050.5) (216.7118421114903,4076.5) (217.7118421114903,4076.5) (217.7118421114903,4102.5) (218.7118421114903,4102.5) (218.7118421114903,4128.5) (219.7118421114903,4128.5) (219.7118421114903,4154.5) (220.7118421114903,4154.5) (220.7118421114903,4180.5) (221.7118421114903,4180.5) (221.7118421114903,4206.5) (222.7118421114903,4206.5) (222.7118421114903,4232.5) (223.7118421114903,4232.5) (223.7118421114903,4258.5) (224.7118421114903,4258.5) (224.7118421114903,4284.5) (225.7118421114903,4284.5) (225.7118421114903,4310.5) (226.7118421114903,4310.5) (226.7118421114903,4336.5) (227.7118421114903,4336.5) (227.7118421114903,4362.5) (228.7118421114903,4362.5) (228.7118421114903,4388.5) (229.7118421114903,4388.5) (229.7118421114903,4417) (232.3108935932319,4417) (232.3108935932319,4416.265463717128) (233.3108935932319,4416.265463717128) (233.3108935932319,4415.530927434256) (234.3108935932319,4415.530927434256) (234.3108935932319,4414.796391151384) (235.3108935932319,4414.796391151384) (235.3108935932319,4414.061854868512) (236.3108935932319,4414.061854868512) (236.3108935932319,4413.327318585641) (237.3108935932319,4413.327318585641) (237.3108935932319,4412.592782302769) (238.3108935932319,4412.592782302769) (238.3108935932319,4411.858246019897) (239.3108935932319,4411.858246019897) (239.3108935932319,4411.123709737025) (240.3108935932319,4411.123709737025) (240.3108935932319,4410.389173454153) (241.3108935932319,4410.389173454153) (241.3108935932319,4409.654637171281) (242.3108935932319,4409.654637171281) (242.3108935932319,4408.920100888409) (243.3108935932319,4408.920100888409) (243.3108935932319,4408.185564605537) (244.3108935932319,4408.185564605537) (244.3108935932319,4407.451028322665) (245.3108935932319,4407.451028322665) (245.3108935932319,4406.716492039794) (246.3108935932319,4406.716492039794) (246.3108935932319,4405.981955756922) (247.3108935932319,4405.981955756922) (247.3108935932319,4405.24741947405) (248.3108935932319,4405.24741947405) (248.3108935932319,4404.512883191178) (249.3108935932319,4404.512883191178) (249.3108935932319,4403.778346908306) (250.3108935932319,4403.778346908306) (250.3108935932319,4403.043810625434) (251.3108935932319,4403.043810625434) (251.3108935932319,4402.309274342562) (252.3108935932319,4402.309274342562) (252.3108935932319,4401.57473805969) (253.3108935932319,4401.57473805969) (253.3108935932319,4400.840201776819)
robPositionY[0]:
[0]: (0,0) (0,163.5) (56.57673979312437,163.5) (56.57673979312437,189.4995407790557) (57.57673979312437,189.4995407790557) (57.57673979312437,215.4990815581114) (58.57673979312437,215.4990815581114) (58.57673979312437,241.4986223371671) (59.57673979312437,241.4986223371671) (59.57673979312437,267.4981631162228) (60.57673979312437,267.4981631162228) (60.57673979312437,293.4977038952785) (61.57673979312437,293.4977038952785) (61.57673979312437,319.4972446743342) (62.57673979312437,319.4972446743342) (62.57673979312437,345.4967854533899) (63.57673979312437,345.4967854533899) (63.57673979312437,371.4963262324455) (64.57673979312437,371.4963262324455) (64.57673979312437,397.4958670115012) (65.57673979312437,397.4958670115012) (65.57673979312437,423.4954077905569) (66.57673979312437,423.4954077905569) (66.57673979312437,449.4949485696126) (67.57673979312437,449.4949485696126) (67.57673979312437,475.4944893486683) (79.57673979312437,475.4944893486683) (79.57673979312437,501.4939417327234) (82.14104578469545,501.4939417327234) (82.14104578469545,527.4933941167786) (83.14104578469545,527.4933941167786) (83.14104578469545,553.4928465008338) (84.14104578469545,553.4928465008338) (84.14104578469545,579.492298884889) (85.14104578469545,579.492298884889) (85.14104578469545,605.4917512689442) (86.14104578469545,605.4917512689442) (86.14104578469545,631.4912036529994) (87.14104578469545,631.4912036529994) (87.14104578469545,657.4906560370546) (88.14104578469545,657.4906560370546) (88.14104578469545,683.4901084211098) (89.14104578469545,683.4901084211098) (89.14104578469545,709.489560805165) (90.14104578469545,709.489560805165) (90.14104578469545,735.4890131892201) (91.14104578469545,735.4890131892201) (91.14104578469545,761.2) (93.71184211149034,761.2) (93.71184211149034,735.2) (94.71184211149034,735.2) (94.71184211149034,709.2) (95.71184211149034,709.2) (95.71184211149034,683.2) (96.71184211149034,683.2) (96.71184211149034,657.2) (97.71184211149034,657.2) (97.71184211149034,631.2) (98.71184211149034,631.2) (98.71184211149034,605.2) (99.71184211149034,605.2) (99.71184211149034,579.2) (100.7118421114903,579.2) (100.7118421114903,553.2) (101.7118421114903,553.2) (101.7118421114903,527.2) (102.7118421114903,527.2) (102.7118421114903,501.2) (103.7118421114903,501.2) (103.7118421114903,475.2) (104.7118421114903,475.2) (104.7118421114903,449.2) (105.7118421114903,449.2) (105.7118421114903,423.2) (106.7118421114903,423.2) (106.7118421114903,397.2) (107.7118421114903,397.2) (107.7118421114903,371.2) (108.7118421114903,371.2) (108.7118421114903,345.2) (109.7118421114903,345.2) (109.7118421114903,319.2) (110.7118421114903,319.2) (110.7118421114903,293.2) (111.7118421114903,293.2) (111.7118421114903,267.2) (112.7118421114903,267.2) (112.7118421114903,241.2) (113.7118421114903,241.2) (113.7118421114903,215.2) (114.7118421114903,215.2) (114.7118421114903,189.2) (115.7118421114903,189.2) (115.7118421114903,163.5) (232.3108935932319,163.5) (232.3108935932319,189.4896220913107) (233.3108935932319,189.4896220913107) (233.3108935932319,215.4792441826214) (234.3108935932319,215.4792441826214) (234.3108935932319,241.4688662739321) (235.3108935932319,241.4688662739321) (235.3108935932319,267.4584883652428) (236.3108935932319,267.4584883652428) (236.3108935932319,293.4481104565535) (237.3108935932319,293.4481104565535) (237.3108935932319,319.4377325478642) (238.3108935932319,319.4377325478642) (238.3108935932319,345.427354639175) (239.3108935932319,345.427354639175) (239.3108935932319,371.4169767304857) (240.3108935932319,371.4169767304857) (240.3108935932319,397.4065988217964) (241.3108935932319,397.4065988217964) (241.3108935932319,423.3962209131071) (242.3108935932319,423.3962209131071) (242.3108935932319,449.3858430044178) (243.3108935932319,449.3858430044178) (243.3108935932319,475.3754650957285) (244.3108935932319,475.3754650957285) (244.3108935932319,501.3650871870392) (245.3108935932319,501.3650871870392) (245.3108935932319,527.3547092783499) (246.3108935932319,527.3547092783499) (246.3108935932319,553.3443313696606) (247.3108935932319,553.3443313696606) (247.3108935932319,579.3339534609713) (248.3108935932319,579.3339534609713) (248.3108935932319,605.323575552282) (249.3108935932319,605.323575552282) (249.3108935932319,631.3131976435927) (250.3108935932319,631.3131976435927) (250.3108935932319,657.3028197349034) (251.3108935932319,657.3028197349034) (251.3108935932319,683.2924418262141) (252.3108935932319,683.2924418262141) (252.3108935932319,709.2820639175249) (253.3108935932319,709.2820639175249) (253.3108935932319,735.2716860088356)
batteryCharge[0]:
[0]: (0,100)
Coffee_Delivery.end:
[0]: (0,0) (253.3108935932319,0)
[2K
Verifying formula 4 at /nta/queries/query[4]/formula
 -- Formula: simulate[<=700]{robot_inventory[0][0], Coffee_Delivery.end*2}
[2K -- Aborted.
robot_inventory[0][0]:
[0]: (0,0) (77.57673979312437,0) (77.57673979312437,1) (258.3108935932319,1) (258.3108935932319,0)
Coffee_Delivery.end * 2:
[0]: (0,0) (253.3108935932319,0)
[2K
Verifying formula 5 at /nta/queries/query[5]/formula
 -- Formula: simulate[<=700]{coffee_room[0], coffee_room[1], kitchen[0], kitchen[1]}
[2K -- Aborted.
coffee_room[0]:
[0]: (0,1450)
coffee_room[1]:
[0]: (0,500)
kitchen[0]:
[0]: (0,4400)
kitchen[1]:
[0]: (0,765)
[2K
Verifying formula 6 at /nta/queries/query[6]/formula
 -- Formula: simulate[<=700]{rm_1.idle, rf_1.idle, rp_1.idle, rd_1.idle}
[2K -- Aborted.
rm_1.idle:
[0]: (0,0) (0,1) (0,0) (68.57673979312437,0) (68.57673979312437,1) (77.57673979312437,1) (77.57673979312437,0) (254.3108935932319,0) (254.3108935932319,1)
rf_1.idle:
[0]: (0,0) (0,1)
rp_1.idle:
[0]: (0,0) (0,1) (67.57673979312437,1) (67.57673979312437,0) (77.57673979312437,0) (77.57673979312437,1)
rd_1.idle:
[0]: (0,0) (0,1) (253.3108935932319,1) (253.3108935932319,0) (258.3108935932319,0) (258.3108935932319,1)
[2K
Verifying formula 7 at /nta/queries/query[7]/formula
 -- Formula: Pr[<=700](<>!rm_1.idle || !rf_1.idle || !rp_1.idle || !rd_1.idle)
[2K -- Formula is satisfied.
(72/72 runs) Pr(<> …) in [0.950056,1] (95% CI)
Values in [0,0] mean=0 steps=2.22045e-16: 72
[2K
Verifying formula 8 at /nta/queries/query[8]/formula
 -- Formula: Pr[<=700]([] (Coffee_Delivery.end imply (rm_1.idle && rf_1.idle && rp_1.idle && rd_1.idle)))
[2K -- Aborted.
[2K
Verifying formula 9 at /nta/queries/query[9]/formula
 -- Formula: Pr[<=700] (<> pow(robPositionX[0] - coffee_room[0], 2) + pow(robPositionY[0] - coffee_room[1], 2) <= 900 )
[2K -- Formula is satisfied.
(72/72 runs) Pr(<> …) in [0.950056,1] (95% CI)
Values in [67.5767,67.5767] mean=67.5767 steps=2.22045e-16: 72
[2K
Verifying formula 10 at /nta/queries/query[10]/formula
 -- Formula: Pr[<=700] (<> pow(robPositionX[0] - kitchen[0], 2) + pow(robPositionY[0] - kitchen[1], 2) <= 900 )
[2K -- Formula is satisfied.
(72/72 runs) Pr(<> …) in [0.950056,1] (95% CI)
Values in [253.311,253.311] mean=253.311 steps=2.22045e-16: 72
[2K
Verifying formula 11 at /nta/queries/query[11]/formula
 -- Formula: Pr[<=700] (<> !isValidPosition(robPositionX[0], robPositionY[0]))
[2K -- Formula is satisfied.
(72/72 runs) Pr(<> …) in [0.950056,1] (95% CI)
Values in [0,0] mean=0 steps=2.22045e-16: 72
[2K
Verifying formula 12 at /nta/queries/query[12]/formula
 -- Formula: Pr[<=700] (<> currP > 2)
[2K -- Aborted.
