Options for the verification:
  Generating no trace
  Search order is breadth first
  Using conservative space optimisation
  Seed is 1784947435
  State space representation uses minimal constraint systems with future testing
  Using HashMap + Compress integers for discrete state storage
[2K
Verifying formula 1 at /nta/queries/query[1]/formula
 -- Formula: simulate[<=700]{user_guided_transport_human_def.s1_start, user_guided_transport_human_def.s1_end, user_guided_transport_human_def.s2_start, user_guided_transport_human_def.s2_idle, user_guided_transport_human_def.s3_start, user_guided_transport_human_def.s3_end, user_guided_transport.end}
[2K -- Formula is satisfied.
user_guided_transport_human_def.s1_start:
[0]: (0,0) (0,1) (0,0) (700,0)
user_guided_transport_human_def.s1_end:
[0]: (0,0) (1,0) (1,1) (2,1) (2,0) (700,0)
user_guided_transport_human_def.s2_start:
[0]: (0,0) (2,0) (2,1) (2,0) (700,0)
user_guided_transport_human_def.s2_idle:
[0]: (0,0) (2,0) (2,1) (10.72060340553094,1) (10.72060340553094,0) (700,0)
user_guided_transport_human_def.s3_start:
[0]: (0,0) (10.72060340553094,0) (10.72060340553094,1) (10.72060340553094,0) (15.72060340553091,0) (15.72060340553091,1) (15.72060340553091,0) (20.72060340553092,0) (20.72060340553092,1) (20.72060340553092,0) (25.72060340553099,0) (25.72060340553099,1) (25.72060340553099,0) (30.72060340553106,0) (30.72060340553106,1) (30.72060340553106,0) (35.72060340553112,0) (35.72060340553112,1) (35.72060340553112,0) (40.72060340553119,0) (40.72060340553119,1) (40.72060340553119,0) (45.72060340553121,0) (45.72060340553121,1) (45.72060340553121,0) (50.72060340553107,0) (50.72060340553107,1) (50.72060340553107,0) (55.72060340553089,0) (55.72060340553089,1) (55.72060340553089,0) (60.72060340553071,0) (60.72060340553071,1) (60.72060340553071,0) (65.72060340553067,0) (65.72060340553067,1) (65.72060340553067,0) (70.72060340553088,0) (70.72060340553088,1) (70.72060340553088,0) (75.72060340553108,0) (75.72060340553108,1) (75.72060340553108,0) (80.72060340553115,0) (80.72060340553115,1) (80.72060340553115,0) (85.72060340553115,0) (85.72060340553115,1) (85.72060340553115,0) (90.72060340553115,0) (90.72060340553115,1) (90.72060340553115,0) (95.72060340553115,0) (95.72060340553115,1) (95.72060340553115,0) (100.7206034055309,0) (100.7206034055309,1) (100.7206034055309,0) (105.7206034055305,0) (105.7206034055305,1) (105.7206034055305,0) (110.7206034055302,0) (110.7206034055302,1) (110.7206034055302,0) (115.7206034055299,0) (115.7206034055299,1) (115.7206034055299,0) (120.7206034055295,0) (120.7206034055295,1) (120.7206034055295,0) (125.7206034055292,0) (125.7206034055292,1) (125.7206034055292,0) (130.7206034055292,0) (130.7206034055292,1) (130.7206034055292,0) (135.7206034055297,0) (135.7206034055297,1) (135.7206034055297,0) (140.7206034055301,0) (140.7206034055301,1) (140.7206034055301,0) (145.7206034055305,0) (145.7206034055305,1) (145.7206034055305,0) (150.7206034055309,0) (150.7206034055309,1) (150.7206034055309,0) (155.7206034055312,0) (155.7206034055312,1) (155.7206034055312,0) (160.7206034055315,0) (160.7206034055315,1) (160.7206034055315,0) (165.7206034055318,0) (165.7206034055318,1) (165.7206034055318,0) (170.720603405532,0) (170.720603405532,1) (170.720603405532,0) (175.7206034055323,0) (175.7206034055323,1) (175.7206034055323,0) (180.7206034055327,0) (180.7206034055327,1) (180.7206034055327,0) (185.720603405533,0) (185.720603405533,1) (185.720603405533,0) (190.7206034055333,0) (190.7206034055333,1) (190.7206034055333,0) (195.7206034055337,0) (195.7206034055337,1) (195.7206034055337,0) (700,0)
user_guided_transport_human_def.s3_end:
[0]: (0,0) (195.7206034055337,0) (195.7206034055337,1) (201.338458349759,1) (201.338458349759,0) (700,0)
user_guided_transport.end:
[0]: (0,0) (203.3384583497582,0) (203.3384583497582,1) (700,1)
[2K
Verifying formula 2 at /nta/queries/query[2]/formula
 -- Formula: simulate[<=700]{user_guided_transport_robot_def.s1_start, user_guided_transport_robot_def.s1_end, user_guided_transport_robot_def.s2_start, user_guided_transport_robot_def.s2_end, user_guided_transport_robot_def.s3_start, user_guided_transport_robot_def.s3_end, user_guided_transport.end}
[2K -- Formula is satisfied.
user_guided_transport_robot_def.s1_start:
[0]: (0,0) (0,1) (0,0) (700,0)
user_guided_transport_robot_def.s1_end:
[0]: (0,0) (2,0) (2,1) (2,0) (700,0)
user_guided_transport_robot_def.s2_start:
[0]: (0,0) (2,0) (2,1) (2,0) (700,0)
user_guided_transport_robot_def.s2_end:
[0]: (0,0) (8.128714316285921,0) (8.128714316285921,1) (8.128714316285921,0) (700,0)
user_guided_transport_robot_def.s3_start:
[0]: (0,0) (8.128714316285921,0) (8.128714316285921,1) (8.128714316285921,0) (700,0)
user_guided_transport_robot_def.s3_end:
[0]: (0,0) (198.7465692605141,0) (198.7465692605141,1) (198.7465692605141,0) (700,0)
user_guided_transport.end:
[0]: (0,0) (200.7465692605132,0) (200.7465692605132,1) (700,1)
[2K
Verifying formula 3 at /nta/queries/query[3]/formula
 -- Formula: Pr[<=700] (<> user_guided_transport.end)
[2K -- Formula is satisfied.
(72/72 runs) Pr(<> …) in [0.950056,1] (95% CI)
Values in [199.671,204.556] mean=202.01 steps=0.542762: 9 9 8 10 2 12 9 4 9
[2K
Verifying formula 4 at /nta/queries/query[4]/formula
 -- Formula: simulate[<=700]{humanPositionX[0], humanPositionY[0], robPositionX[0], robPositionY[0], batteryCharge[0], user_guided_transport.end}
[2K -- Formula is satisfied.
humanPositionX[0]:
[0]: (0,0) (0,92.5) (1,92.5) (1,97.73313175708738) (10.66375428729626,97.73313175708738) (10.66375428729626,123.7285354798977) (11.66375428729626,123.7285354798977) (11.66375428729626,149.723939202708) (12.66375428729626,149.723939202708) (12.66375428729626,175.7193429255182) (13.66375428729626,175.7193429255182) (13.66375428729626,201.7147466483285) (14.66375428729626,201.7147466483285) (14.66375428729626,227.7101503711388) (15.66375428729626,227.7101503711388) (15.66375428729626,253.7055540939491) (16.66375428729626,253.7055540939491) (16.66375428729626,279.7009578167594) (17.66375428729626,279.7009578167594) (17.66375428729626,305.6963615395697) (18.66375428729626,305.6963615395697) (18.66375428729626,331.69176526238) (19.66375428729626,331.69176526238) (19.66375428729626,357.6871689851903) (20.66375428729625,357.6871689851903) (20.66375428729625,383.6825727080006) (21.66375428729624,383.6825727080006) (21.66375428729624,409.6779764308109) (22.66375428729624,409.6779764308109) (22.66375428729624,435.6733801536212) (23.66375428729623,435.6733801536212) (23.66375428729623,461.6687838764315) (24.66375428729622,461.6687838764315) (24.66375428729622,487.6641875992418) (25.66375428729621,487.6641875992418) (25.66375428729621,513.6595913220521) (26.66375428729621,513.6595913220521) (26.66375428729621,539.6549950448623) (27.6637542872962,539.6549950448623) (27.6637542872962,565.6503987676725) (28.66375428729619,565.6503987676725) (28.66375428729619,591.6458024904828) (29.66375428729618,591.6458024904828) (29.66375428729618,617.641206213293) (30.66375428729618,617.641206213293) (30.66375428729618,643.6366099361032) (31.66375428729617,643.6366099361032) (31.66375428729617,669.6320136589135) (32.66375428729619,669.6320136589135) (32.66375428729619,695.6274173817237) (33.66375428729621,695.6274173817237) (33.66375428729621,721.622821104534) (34.66375428729624,721.622821104534) (34.66375428729624,747.6182248273442) (35.66375428729627,747.6182248273442) (35.66375428729627,773.6136285501544) (36.6637542872963,773.6136285501544) (36.6637542872963,799.6090322729647) (37.66375428729633,799.6090322729647) (37.66375428729633,825.6044359957749) (38.66375428729636,825.6044359957749) (38.66375428729636,851.5998397185851) (39.66375428729638,851.5998397185851) (39.66375428729638,877.5952434413954) (40.66375428729641,877.5952434413954) (40.66375428729641,903.5906471642056) (41.66375428729644,903.5906471642056) (41.66375428729644,929.5860508870159) (42.66375428729647,929.5860508870159) (42.66375428729647,955.5814546098261) (43.6637542872965,955.5814546098261) (43.6637542872965,981.5768583326363) (44.66375428729651,981.5768583326363) (44.66375428729651,1007.572262055447) (45.66375428729653,1007.572262055447) (45.66375428729653,1033.567665778257) (46.66375428729654,1033.567665778257) (46.66375428729654,1059.563069501067) (47.66375428729656,1059.563069501067) (47.66375428729656,1085.558473223878) (48.66375428729657,1085.558473223878) (48.66375428729657,1111.553876946688) (49.66375428729658,1111.553876946688) (49.66375428729658,1137.549280669498) (50.66375428729661,1137.549280669498) (50.66375428729661,1163.544684392309) (51.66375428729663,1163.544684392309) (51.66375428729663,1189.540088115119) (52.66375428729665,1189.540088115119) (52.66375428729665,1215.535491837929) (53.66375428729667,1215.535491837929) (53.66375428729667,1241.53089556074) (54.66375428729668,1241.53089556074) (54.66375428729668,1267.52629928355) (55.6637542872967,1267.52629928355) (55.6637542872967,1293.52170300636) (56.66375428729671,1293.52170300636) (56.66375428729671,1319.517106729171) (57.66375428729673,1319.517106729171) (57.66375428729673,1345.512510451981) (58.66375428729674,1345.512510451981) (58.66375428729674,1371.507914174791) (59.66375428729675,1371.507914174791) (59.66375428729675,1397.503317897602) (60.66375428729678,1397.503317897602) (60.66375428729678,1423.498721620412) (61.6637542872968,1423.498721620412) (61.6637542872968,1478) (62.66375428729682,1478) (62.66375428729682,1504) (63.66375428729684,1504) (63.66375428729684,1530) (64.66375428729685,1530) (64.66375428729685,1556) (65.66375428729687,1556) (65.66375428729687,1582) (66.66375428729688,1582) (66.66375428729688,1608) (67.6637542872969,1608) (67.6637542872969,1634) (68.66375428729691,1634) (68.66375428729691,1660) (69.66375428729692,1660) (69.66375428729692,1686) (70.66375428729694,1686) (70.66375428729694,1712) (71.66375428729695,1712) (71.66375428729695,1738) (72.66375428729697,1738) (72.66375428729697,1764) (73.66375428729698,1764) (73.66375428729698,1790) (74.66375428729701,1790) (74.66375428729701,1816) (75.66375428729701,1816) (75.66375428729701,1842) (76.66375428729701,1842) (76.66375428729701,1868) (77.66375428729701,1868) (77.66375428729701,1894) (78.66375428729701,1894) (78.66375428729701,1920) (79.66375428729701,1920) (79.66375428729701,1946) (80.66375428729701,1946) (80.66375428729701,1972) (81.66375428729701,1972) (81.66375428729701,1998) (82.66375428729701,1998) (82.66375428729701,2024) (83.66375428729701,2024) (83.66375428729701,2050) (84.66375428729701,2050) (84.66375428729701,2076) (85.66375428729701,2076) (85.66375428729701,2102) (86.66375428729701,2102) (86.66375428729701,2128) (87.66375428729701,2128) (87.66375428729701,2154) (88.66375428729701,2154) (88.66375428729701,2180) (89.66375428729701,2180) (89.66375428729701,2206) (90.66375428729701,2206) (90.66375428729701,2232) (91.66375428729701,2232) (91.66375428729701,2258) (92.66375428729701,2258) (92.66375428729701,2284) (93.66375428729701,2284) (93.66375428729701,2310) (94.66375428729701,2310) (94.66375428729701,2336) (95.66375428729695,2336) (95.66375428729695,2362) (96.66375428729688,2362) (96.66375428729688,2388) (97.66375428729681,2388) (97.66375428729681,2414) (98.66375428729674,2414) (98.66375428729674,2440) (99.66375428729665,2440) (99.66375428729665,2466) (100.6637542872966,2466) (100.6637542872966,2492) (101.6637542872965,2492) (101.6637542872965,2518) (102.6637542872965,2518) (102.6637542872965,2544) (103.6637542872964,2544) (103.6637542872964,2570) (104.6637542872964,2570) (104.6637542872964,2596) (105.6637542872963,2596) (105.6637542872963,2622) (106.6637542872962,2622) (106.6637542872962,2648) (107.6637542872961,2648) (107.6637542872961,2674) (108.6637542872961,2674) (108.6637542872961,2700) (109.663754287296,2700) (109.663754287296,2726) (110.6637542872959,2726) (110.6637542872959,2752) (111.6637542872959,2752) (111.6637542872959,2778) (112.6637542872958,2778) (112.6637542872958,2804) (113.6637542872957,2804) (113.6637542872957,2830) (114.6637542872956,2830) (114.6637542872956,2856) (115.6637542872956,2856) (115.6637542872956,2882) (116.6637542872955,2882) (116.6637542872955,2908) (117.6637542872954,2908) (117.6637542872954,2934) (118.6637542872954,2934) (118.6637542872954,2960) (119.6637542872953,2960) (119.6637542872953,2986) (120.6637542872952,2986) (120.6637542872952,3012) (121.6637542872952,3012) (121.6637542872952,3038) (122.6637542872951,3038) (122.6637542872951,3088.5) (123.6637542872951,3088.5) (123.6637542872951,3114.5) (124.663754287295,3114.5) (124.663754287295,3140.5) (125.6637542872949,3140.5) (125.6637542872949,3166.5) (126.6637542872949,3166.5) (126.6637542872949,3192.5) (127.6637542872948,3192.5) (127.6637542872948,3218.5) (128.6637542872948,3218.5) (128.6637542872948,3244.5) (129.6637542872949,3244.5) (129.6637542872949,3270.5) (130.6637542872949,3270.5) (130.6637542872949,3296.5) (131.663754287295,3296.5) (131.663754287295,3322.5) (132.6637542872951,3322.5) (132.6637542872951,3348.5) (133.6637542872952,3348.5) (133.6637542872952,3374.5) (134.6637542872953,3374.5) (134.6637542872953,3400.5) (135.6637542872954,3400.5) (135.6637542872954,3426.5) (136.6637542872955,3426.5) (136.6637542872955,3452.5) (137.6637542872955,3452.5) (137.6637542872955,3478.5) (138.6637542872956,3478.5) (138.6637542872956,3504.5) (139.6637542872957,3504.5) (139.6637542872957,3530.5) (140.6637542872958,3530.5) (140.6637542872958,3556.5) (141.6637542872959,3556.5) (141.6637542872959,3582.5) (142.663754287296,3582.5) (142.663754287296,3608.5) (143.6637542872961,3608.5) (143.6637542872961,3634.5) (144.6637542872961,3634.5) (144.6637542872961,3660.5) (145.6637542872962,3660.5) (145.6637542872962,3686.5) (146.6637542872963,3686.5) (146.6637542872963,3712.5) (147.6637542872964,3712.5) (147.6637542872964,3738.5) (148.6637542872965,3738.5) (148.6637542872965,3764.5) (149.6637542872966,3764.5) (149.6637542872966,3790.5) (150.6637542872966,3790.5) (150.6637542872966,3816.5) (151.6637542872967,3816.5) (151.6637542872967,3842.5) (152.6637542872967,3842.5) (152.6637542872967,3868.5) (153.6637542872968,3868.5) (153.6637542872968,3894.5) (154.6637542872969,3894.5) (154.6637542872969,3920.5) (155.6637542872969,3920.5) (155.6637542872969,3946.5) (156.663754287297,3946.5) (156.663754287297,3972.5) (157.663754287297,3972.5) (157.663754287297,3998.5) (158.6637542872971,3998.5) (158.6637542872971,4024.5) (159.6637542872971,4024.5) (159.6637542872971,4050.5) (160.6637542872972,4050.5) (160.6637542872972,4076.5) (161.6637542872973,4076.5) (161.6637542872973,4102.5) (162.6637542872973,4102.5) (162.6637542872973,4128.5) (163.6637542872974,4128.5) (163.6637542872974,4154.5) (164.6637542872974,4154.5) (164.6637542872974,4180.5) (165.6637542872975,4180.5) (165.6637542872975,4206.5) (166.6637542872975,4206.5) (166.6637542872975,4232.5) (167.6637542872976,4232.5) (167.6637542872976,4258.5) (168.6637542872976,4258.5) (168.6637542872976,4284.5) (169.6637542872977,4284.5) (169.6637542872977,4310.5) (170.6637542872978,4310.5) (170.6637542872978,4336.5) (171.6637542872979,4336.5) (171.6637542872979,4362.5) (172.663754287298,4362.5) (172.663754287298,4388.5) (173.663754287298,4388.5) (173.663754287298,4416.265463717128) (174.6637542872981,4416.265463717128) (174.6637542872981,4415.530927434256) (175.6637542872982,4415.530927434256) (175.6637542872982,4414.796391151384) (176.6637542872983,4414.796391151384) (176.6637542872983,4414.061854868512) (177.6637542872984,4414.061854868512) (177.6637542872984,4413.327318585641) (178.6637542872984,4413.327318585641) (178.6637542872984,4412.592782302769) (179.6637542872985,4412.592782302769) (179.6637542872985,4411.858246019897) (180.6637542872986,4411.858246019897) (180.6637542872986,4411.123709737025) (181.6637542872986,4411.123709737025) (181.6637542872986,4410.389173454153) (182.6637542872987,4410.389173454153) (182.6637542872987,4409.654637171281) (183.6637542872987,4409.654637171281) (183.6637542872987,4408.920100888409) (184.6637542872988,4408.920100888409) (184.6637542872988,4408.185564605537) (185.6637542872989,4408.185564605537) (185.6637542872989,4407.451028322665) (186.663754287299,4407.451028322665) (186.663754287299,4406.716492039794) (187.663754287299,4406.716492039794) (187.663754287299,4405.981955756922) (188.6637542872991,4405.981955756922) (188.6637542872991,4405.24741947405) (189.6637542872992,4405.24741947405) (189.6637542872992,4404.512883191178) (190.6637542872993,4404.512883191178) (190.6637542872993,4403.778346908306) (191.6637542872994,4403.778346908306) (191.6637542872994,4403.043810625434) (192.6637542872995,4403.043810625434) (192.6637542872995,4402.309274342562) (193.6637542872996,4402.309274342562) (193.6637542872996,4401.57473805969) (194.6637542872996,4401.57473805969) (194.6637542872996,4400.840201776819) (700,4400.840201776819)
humanPositionY[0]:
[0]: (0,0) (0,163.5) (1,163.5) (1,188.9679078844919) (10.66375428729626,188.9679078844919) (10.66375428729626,188.479046668909) (11.66375428729626,188.479046668909) (11.66375428729626,187.9901854533261) (12.66375428729626,187.9901854533261) (12.66375428729626,187.5013242377432) (13.66375428729626,187.5013242377432) (13.66375428729626,187.0124630221603) (14.66375428729626,187.0124630221603) (14.66375428729626,186.5236018065774) (15.66375428729626,186.5236018065774) (15.66375428729626,186.0347405909945) (16.66375428729626,186.0347405909945) (16.66375428729626,185.5458793754117) (17.66375428729626,185.5458793754117) (17.66375428729626,185.0570181598288) (18.66375428729626,185.0570181598288) (18.66375428729626,184.5681569442459) (19.66375428729626,184.5681569442459) (19.66375428729626,184.079295728663) (20.66375428729625,184.079295728663) (20.66375428729625,183.5904345130801) (21.66375428729624,183.5904345130801) (21.66375428729624,183.1015732974972) (22.66375428729624,183.1015732974972) (22.66375428729624,182.6127120819143) (23.66375428729623,182.6127120819143) (23.66375428729623,182.1238508663315) (24.66375428729622,182.1238508663315) (24.66375428729622,181.6349896507486) (25.66375428729621,181.6349896507486) (25.66375428729621,181.1461284351657) (26.66375428729621,181.1461284351657) (26.66375428729621,180.6572672195828) (27.6637542872962,180.6572672195828) (27.6637542872962,180.1684060039999) (28.66375428729619,180.1684060039999) (28.66375428729619,179.679544788417) (29.66375428729618,179.679544788417) (29.66375428729618,179.1906835728341) (30.66375428729618,179.1906835728341) (30.66375428729618,178.7018223572512) (31.66375428729617,178.7018223572512) (31.66375428729617,178.2129611416684) (32.66375428729619,178.2129611416684) (32.66375428729619,177.7240999260855) (33.66375428729621,177.7240999260855) (33.66375428729621,177.2352387105026) (34.66375428729624,177.2352387105026) (34.66375428729624,176.7463774949197) (35.66375428729627,176.7463774949197) (35.66375428729627,176.2575162793368) (36.6637542872963,176.2575162793368) (36.6637542872963,175.7686550637539) (37.66375428729633,175.7686550637539) (37.66375428729633,175.279793848171) (38.66375428729636,175.279793848171) (38.66375428729636,174.7909326325882) (39.66375428729638,174.7909326325882) (39.66375428729638,174.3020714170053) (40.66375428729641,174.3020714170053) (40.66375428729641,173.8132102014224) (41.66375428729644,173.8132102014224) (41.66375428729644,173.3243489858395) (42.66375428729647,173.3243489858395) (42.66375428729647,172.8354877702566) (43.6637542872965,172.8354877702566) (43.6637542872965,172.3466265546737) (44.66375428729651,172.3466265546737) (44.66375428729651,171.8577653390908) (45.66375428729653,171.8577653390908) (45.66375428729653,171.3689041235079) (46.66375428729654,171.3689041235079) (46.66375428729654,170.8800429079251) (47.66375428729656,170.8800429079251) (47.66375428729656,170.3911816923422) (48.66375428729657,170.3911816923422) (48.66375428729657,169.9023204767593) (49.66375428729658,169.9023204767593) (49.66375428729658,169.4134592611764) (50.66375428729661,169.4134592611764) (50.66375428729661,168.9245980455935) (51.66375428729663,168.9245980455935) (51.66375428729663,168.4357368300106) (52.66375428729665,168.4357368300106) (52.66375428729665,167.9468756144277) (53.66375428729667,167.9468756144277) (53.66375428729667,167.4580143988449) (54.66375428729668,167.4580143988449) (54.66375428729668,166.969153183262) (55.6637542872967,166.969153183262) (55.6637542872967,166.4802919676791) (56.66375428729671,166.4802919676791) (56.66375428729671,165.9914307520962) (57.66375428729673,165.9914307520962) (57.66375428729673,165.5025695365133) (58.66375428729674,165.5025695365133) (58.66375428729674,165.0137083209304) (59.66375428729675,165.0137083209304) (59.66375428729675,164.5248471053475) (60.66375428729678,164.5248471053475) (60.66375428729678,164.0359858897646) (61.6637542872968,164.0359858897646) (61.6637542872968,163.5) (173.663754287298,163.5) (173.663754287298,189.4896220913107) (174.6637542872981,189.4896220913107) (174.6637542872981,215.4792441826214) (175.6637542872982,215.4792441826214) (175.6637542872982,241.4688662739321) (176.6637542872983,241.4688662739321) (176.6637542872983,267.4584883652428) (177.6637542872984,267.4584883652428) (177.6637542872984,293.4481104565535) (178.6637542872984,293.4481104565535) (178.6637542872984,319.4377325478642) (179.6637542872985,319.4377325478642) (179.6637542872985,345.427354639175) (180.6637542872986,345.427354639175) (180.6637542872986,371.4169767304857) (181.6637542872986,371.4169767304857) (181.6637542872986,397.4065988217964) (182.6637542872987,397.4065988217964) (182.6637542872987,423.3962209131071) (183.6637542872987,423.3962209131071) (183.6637542872987,449.3858430044178) (184.6637542872988,449.3858430044178) (184.6637542872988,475.3754650957285) (185.6637542872989,475.3754650957285) (185.6637542872989,501.3650871870392) (186.663754287299,501.3650871870392) (186.663754287299,527.3547092783499) (187.663754287299,527.3547092783499) (187.663754287299,553.3443313696606) (188.6637542872991,553.3443313696606) (188.6637542872991,579.3339534609713) (189.6637542872992,579.3339534609713) (189.6637542872992,605.323575552282) (190.6637542872993,605.323575552282) (190.6637542872993,631.3131976435927) (191.6637542872994,631.3131976435927) (191.6637542872994,657.3028197349034) (192.6637542872995,657.3028197349034) (192.6637542872995,683.2924418262141) (193.6637542872996,683.2924418262141) (193.6637542872996,709.2820639175249) (194.6637542872996,709.2820639175249) (194.6637542872996,735.2716860088356) (700,735.2716860088356)
robPositionX[0]:
[0]: (0,0) (0,92.5) (2,92.5) (2,97.73313175708738) (11.66375428729626,97.73313175708738) (11.66375428729626,123.7285354798977) (12.68255774977951,123.7285354798977) (12.68255774977951,149.723939202708) (13.6825577497795,149.723939202708) (13.6825577497795,175.7193429255182) (14.6825577497795,175.7193429255182) (14.6825577497795,201.7147466483285) (15.6825577497795,201.7147466483285) (15.6825577497795,227.7101503711388) (16.68255774977951,227.7101503711388) (16.68255774977951,253.7055540939491) (17.68255774977951,253.7055540939491) (17.68255774977951,279.7009578167594) (18.68255774977951,279.7009578167594) (18.68255774977951,305.6963615395697) (19.6825577497795,305.6963615395697) (19.6825577497795,331.69176526238) (20.68255774977949,331.69176526238) (20.68255774977949,357.6871689851903) (21.68255774977949,357.6871689851903) (21.68255774977949,383.6825727080006) (22.68255774977948,383.6825727080006) (22.68255774977948,409.6779764308109) (23.68255774977947,409.6779764308109) (23.68255774977947,435.6733801536212) (24.68255774977947,435.6733801536212) (24.68255774977947,461.6687838764315) (25.68255774977946,461.6687838764315) (25.68255774977946,487.6641875992418) (26.68255774977945,487.6641875992418) (26.68255774977945,513.6595913220521) (27.68255774977944,513.6595913220521) (27.68255774977944,539.6549950448623) (28.68255774977944,539.6549950448623) (28.68255774977944,565.6503987676725) (29.68255774977943,565.6503987676725) (29.68255774977943,591.6458024904828) (30.68255774977942,591.6458024904828) (30.68255774977942,617.641206213293) (31.68255774977942,617.641206213293) (31.68255774977942,643.6366099361032) (32.68255774977943,643.6366099361032) (32.68255774977943,669.6320136589135) (33.68255774977946,669.6320136589135) (33.68255774977946,695.6274173817237) (34.68255774977949,695.6274173817237) (34.68255774977949,721.622821104534) (35.68255774977952,721.622821104534) (35.68255774977952,747.6182248273442) (36.68255774977955,747.6182248273442) (36.68255774977955,773.6136285501544) (37.68255774977958,773.6136285501544) (37.68255774977958,799.6090322729647) (38.6825577497796,799.6090322729647) (38.6825577497796,825.6044359957749) (39.68255774977963,825.6044359957749) (39.68255774977963,851.5998397185851) (40.68255774977966,851.5998397185851) (40.68255774977966,877.5952434413954) (41.68255774977969,877.5952434413954) (41.68255774977969,903.5906471642056) (42.68255774977972,903.5906471642056) (42.68255774977972,929.5860508870159) (43.68255774977975,929.5860508870159) (43.68255774977975,955.5814546098261) (44.68255774977976,955.5814546098261) (44.68255774977976,981.5768583326363) (45.68255774977978,981.5768583326363) (45.68255774977978,1007.572262055447) (46.68255774977979,1007.572262055447) (46.68255774977979,1033.567665778257) (47.6825577497798,1033.567665778257) (47.6825577497798,1059.563069501067) (48.68255774977982,1059.563069501067) (48.68255774977982,1085.558473223878) (49.68255774977984,1085.558473223878) (49.68255774977984,1111.553876946688) (50.68255774977986,1111.553876946688) (50.68255774977986,1137.549280669498) (51.68255774977988,1137.549280669498) (51.68255774977988,1163.544684392309) (52.6825577497799,1163.544684392309) (52.6825577497799,1189.540088115119) (53.68255774977992,1189.540088115119) (53.68255774977992,1215.535491837929) (54.68255774977994,1215.535491837929) (54.68255774977994,1241.53089556074) (55.68255774977995,1241.53089556074) (55.68255774977995,1267.52629928355) (56.68255774977997,1267.52629928355) (56.68255774977997,1293.52170300636) (57.68255774977998,1293.52170300636) (57.68255774977998,1319.517106729171) (58.68255774978,1319.517106729171) (58.68255774978,1345.512510451981) (59.68255774978002,1345.512510451981) (59.68255774978002,1371.507914174791) (60.68255774978004,1371.507914174791) (60.68255774978004,1397.503317897602) (61.68255774978006,1397.503317897602) (61.68255774978006,1423.498721620412) (62.68255774978008,1423.498721620412) (62.68255774978008,1452) (63.6825577497801,1452) (63.6825577497801,1478) (64.68255774978012,1478) (64.68255774978012,1504) (65.68255774978013,1504) (65.68255774978013,1530) (66.68255774978014,1530) (66.68255774978014,1556) (67.68255774978016,1556) (67.68255774978016,1582) (68.68255774978017,1582) (68.68255774978017,1608) (69.68255774978019,1608) (69.68255774978019,1634) (70.6825577497802,1634) (70.6825577497802,1660) (71.68255774978022,1660) (71.68255774978022,1686) (72.68255774978023,1686) (72.68255774978023,1712) (73.68255774978024,1712) (73.68255774978024,1738) (74.68255774978027,1738) (74.68255774978027,1764) (75.68255774978027,1764) (75.68255774978027,1790) (76.68255774978027,1790) (76.68255774978027,1816) (77.68255774978027,1816) (77.68255774978027,1842) (78.68255774978027,1842) (78.68255774978027,1868) (79.68255774978027,1868) (79.68255774978027,1894) (80.68255774978027,1894) (80.68255774978027,1920) (81.68255774978027,1920) (81.68255774978027,1946) (82.68255774978027,1946) (82.68255774978027,1972) (83.68255774978027,1972) (83.68255774978027,1998) (84.68255774978027,1998) (84.68255774978027,2024) (85.68255774978027,2024) (85.68255774978027,2050) (86.68255774978027,2050) (86.68255774978027,2076) (87.68255774978027,2076) (87.68255774978027,2102) (88.68255774978027,2102) (88.68255774978027,2128) (89.68255774978027,2128) (89.68255774978027,2154) (90.68255774978027,2154) (90.68255774978027,2180) (91.68255774978027,2180) (91.68255774978027,2206) (92.68255774978027,2206) (92.68255774978027,2232) (93.68255774978027,2232) (93.68255774978027,2258) (94.68255774978027,2258) (94.68255774978027,2284) (95.68255774978022,2284) (95.68255774978022,2310) (96.68255774978014,2310) (96.68255774978014,2336) (97.68255774978007,2336) (97.68255774978007,2362) (98.68255774978,2362) (98.68255774978,2388) (99.68255774977993,2388) (99.68255774977993,2414) (100.6825577497799,2414) (100.6825577497799,2440) (101.6825577497798,2440) (101.6825577497798,2466) (102.6825577497798,2466) (102.6825577497798,2492) (103.6825577497797,2492) (103.6825577497797,2518) (104.6825577497796,2518) (104.6825577497796,2544) (105.6825577497796,2544) (105.6825577497796,2570) (106.6825577497795,2570) (106.6825577497795,2596) (107.6825577497794,2596) (107.6825577497794,2622) (108.6825577497793,2622) (108.6825577497793,2648) (109.6825577497793,2648) (109.6825577497793,2674) (110.6825577497792,2674) (110.6825577497792,2700) (111.6825577497791,2700) (111.6825577497791,2726) (112.6825577497791,2726) (112.6825577497791,2752) (113.682557749779,2752) (113.682557749779,2778) (114.6825577497789,2778) (114.6825577497789,2804) (115.6825577497789,2804) (115.6825577497789,2830) (116.6825577497788,2830) (116.6825577497788,2856) (117.6825577497787,2856) (117.6825577497787,2882) (118.6825577497786,2882) (118.6825577497786,2908) (119.6825577497786,2908) (119.6825577497786,2934) (120.6825577497785,2934) (120.6825577497785,2960) (121.6825577497785,2960) (121.6825577497785,2986) (122.6825577497784,2986) (122.6825577497784,3012) (123.6825577497784,3012) (123.6825577497784,3038) (124.6825577497783,3038) (124.6825577497783,3062.5) (125.6825577497782,3062.5) (125.6825577497782,3088.5) (126.6825577497781,3088.5) (126.6825577497781,3114.5) (127.6825577497781,3114.5) (127.6825577497781,3140.5) (128.6825577497781,3140.5) (128.6825577497781,3166.5) (129.6825577497782,3166.5) (129.6825577497782,3192.5) (130.6825577497783,3192.5) (130.6825577497783,3218.5) (131.6825577497783,3218.5) (131.6825577497783,3244.5) (132.6825577497784,3244.5) (132.6825577497784,3270.5) (133.6825577497785,3270.5) (133.6825577497785,3296.5) (134.6825577497786,3296.5) (134.6825577497786,3322.5) (135.6825577497787,3322.5) (135.6825577497787,3348.5) (136.6825577497788,3348.5) (136.6825577497788,3374.5) (137.6825577497789,3374.5) (137.6825577497789,3400.5) (138.6825577497789,3400.5) (138.6825577497789,3426.5) (139.682557749779,3426.5) (139.682557749779,3452.5) (140.6825577497791,3452.5) (140.6825577497791,3478.5) (141.6825577497792,3478.5) (141.6825577497792,3504.5) (142.6825577497793,3504.5) (142.6825577497793,3530.5) (143.6825577497794,3530.5) (143.6825577497794,3556.5) (144.6825577497794,3556.5) (144.6825577497794,3582.5) (145.6825577497795,3582.5) (145.6825577497795,3608.5) (146.6825577497796,3608.5) (146.6825577497796,3634.5) (147.6825577497797,3634.5) (147.6825577497797,3660.5) (148.6825577497798,3660.5) (148.6825577497798,3686.5) (149.6825577497799,3686.5) (149.6825577497799,3712.5) (150.6825577497799,3712.5) (150.6825577497799,3738.5) (151.68255774978,3738.5) (151.68255774978,3764.5) (152.68255774978,3764.5) (152.68255774978,3790.5) (153.6825577497801,3790.5) (153.6825577497801,3816.5) (154.6825577497802,3816.5) (154.6825577497802,3842.5) (155.6825577497802,3842.5) (155.6825577497802,3868.5) (156.6825577497803,3868.5) (156.6825577497803,3894.5) (157.6825577497803,3894.5) (157.6825577497803,3920.5) (158.6825577497804,3920.5) (158.6825577497804,3946.5) (159.6825577497804,3946.5) (159.6825577497804,3972.5) (160.6825577497805,3972.5) (160.6825577497805,3998.5) (161.6825577497806,3998.5) (161.6825577497806,4024.5) (162.6825577497806,4024.5) (162.6825577497806,4050.5) (163.6825577497807,4050.5) (163.6825577497807,4076.5) (164.6825577497807,4076.5) (164.6825577497807,4102.5) (165.6825577497808,4102.5) (165.6825577497808,4128.5) (166.6825577497808,4128.5) (166.6825577497808,4154.5) (167.6825577497809,4154.5) (167.6825577497809,4180.5) (168.682557749781,4180.5) (168.682557749781,4206.5) (169.682557749781,4206.5) (169.682557749781,4232.5) (170.6825577497811,4232.5) (170.6825577497811,4258.5) (171.6825577497812,4258.5) (171.6825577497812,4284.5) (172.6825577497813,4284.5) (172.6825577497813,4310.5) (173.6825577497814,4310.5) (173.6825577497814,4336.5) (174.6825577497815,4336.5) (174.6825577497815,4362.5) (175.6825577497816,4362.5) (175.6825577497816,4388.5) (176.6825577497816,4388.5) (176.6825577497816,4417) (179.2816092315233,4417) (179.2816092315233,4416.265463717128) (180.2816092315234,4416.265463717128) (180.2816092315234,4415.530927434256) (181.2816092315234,4415.530927434256) (181.2816092315234,4414.796391151384) (182.2816092315235,4414.796391151384) (182.2816092315235,4414.061854868512) (183.2816092315236,4414.061854868512) (183.2816092315236,4413.327318585641) (184.2816092315236,4413.327318585641) (184.2816092315236,4412.592782302769) (185.2816092315237,4412.592782302769) (185.2816092315237,4411.858246019897) (186.2816092315238,4411.858246019897) (186.2816092315238,4411.123709737025) (187.2816092315239,4411.123709737025) (187.2816092315239,4410.389173454153) (188.281609231524,4410.389173454153) (188.281609231524,4409.654637171281) (189.281609231524,4409.654637171281) (189.281609231524,4408.920100888409) (190.2816092315241,4408.920100888409) (190.2816092315241,4408.185564605537) (191.2816092315242,4408.185564605537) (191.2816092315242,4407.451028322665) (192.2816092315243,4407.451028322665) (192.2816092315243,4406.716492039794) (193.2816092315244,4406.716492039794) (193.2816092315244,4405.981955756922) (194.2816092315245,4405.981955756922) (194.2816092315245,4405.24741947405) (195.2816092315246,4405.24741947405) (195.2816092315246,4404.512883191178) (196.2816092315246,4404.512883191178) (196.2816092315246,4403.778346908306) (197.2816092315247,4403.778346908306) (197.2816092315247,4403.043810625434) (198.2816092315248,4403.043810625434) (198.2816092315248,4402.309274342562) (199.2816092315249,4402.309274342562) (199.2816092315249,4401.57473805969) (200.281609231525,4401.57473805969) (200.281609231525,4400.840201776819) (700,4400.840201776819)
robPositionY[0]:
[0]: (0,0) (0,163.5) (2,163.5) (2,188.9679078844919) (11.66375428729626,188.9679078844919) (11.66375428729626,188.479046668909) (12.68255774977951,188.479046668909) (12.68255774977951,187.9901854533261) (13.6825577497795,187.9901854533261) (13.6825577497795,187.5013242377432) (14.6825577497795,187.5013242377432) (14.6825577497795,187.0124630221603) (15.6825577497795,187.0124630221603) (15.6825577497795,186.5236018065774) (16.68255774977951,186.5236018065774) (16.68255774977951,186.0347405909945) (17.68255774977951,186.0347405909945) (17.68255774977951,185.5458793754117) (18.68255774977951,185.5458793754117) (18.68255774977951,185.0570181598288) (19.6825577497795,185.0570181598288) (19.6825577497795,184.5681569442459) (20.68255774977949,184.5681569442459) (20.68255774977949,184.079295728663) (21.68255774977949,184.079295728663) (21.68255774977949,183.5904345130801) (22.68255774977948,183.5904345130801) (22.68255774977948,183.1015732974972) (23.68255774977947,183.1015732974972) (23.68255774977947,182.6127120819143) (24.68255774977947,182.6127120819143) (24.68255774977947,182.1238508663315) (25.68255774977946,182.1238508663315) (25.68255774977946,181.6349896507486) (26.68255774977945,181.6349896507486) (26.68255774977945,181.1461284351657) (27.68255774977944,181.1461284351657) (27.68255774977944,180.6572672195828) (28.68255774977944,180.6572672195828) (28.68255774977944,180.1684060039999) (29.68255774977943,180.1684060039999) (29.68255774977943,179.679544788417) (30.68255774977942,179.679544788417) (30.68255774977942,179.1906835728341) (31.68255774977942,179.1906835728341) (31.68255774977942,178.7018223572512) (32.68255774977943,178.7018223572512) (32.68255774977943,178.2129611416684) (33.68255774977946,178.2129611416684) (33.68255774977946,177.7240999260855) (34.68255774977949,177.7240999260855) (34.68255774977949,177.2352387105026) (35.68255774977952,177.2352387105026) (35.68255774977952,176.7463774949197) (36.68255774977955,176.7463774949197) (36.68255774977955,176.2575162793368) (37.68255774977958,176.2575162793368) (37.68255774977958,175.7686550637539) (38.6825577497796,175.7686550637539) (38.6825577497796,175.279793848171) (39.68255774977963,175.279793848171) (39.68255774977963,174.7909326325882) (40.68255774977966,174.7909326325882) (40.68255774977966,174.3020714170053) (41.68255774977969,174.3020714170053) (41.68255774977969,173.8132102014224) (42.68255774977972,173.8132102014224) (42.68255774977972,173.3243489858395) (43.68255774977975,173.3243489858395) (43.68255774977975,172.8354877702566) (44.68255774977976,172.8354877702566) (44.68255774977976,172.3466265546737) (45.68255774977978,172.3466265546737) (45.68255774977978,171.8577653390908) (46.68255774977979,171.8577653390908) (46.68255774977979,171.3689041235079) (47.6825577497798,171.3689041235079) (47.6825577497798,170.8800429079251) (48.68255774977982,170.8800429079251) (48.68255774977982,170.3911816923422) (49.68255774977984,170.3911816923422) (49.68255774977984,169.9023204767593) (50.68255774977986,169.9023204767593) (50.68255774977986,169.4134592611764) (51.68255774977988,169.4134592611764) (51.68255774977988,168.9245980455935) (52.6825577497799,168.9245980455935) (52.6825577497799,168.4357368300106) (53.68255774977992,168.4357368300106) (53.68255774977992,167.9468756144277) (54.68255774977994,167.9468756144277) (54.68255774977994,167.4580143988449) (55.68255774977995,167.4580143988449) (55.68255774977995,166.969153183262) (56.68255774977997,166.969153183262) (56.68255774977997,166.4802919676791) (57.68255774977998,166.4802919676791) (57.68255774977998,165.9914307520962) (58.68255774978,165.9914307520962) (58.68255774978,165.5025695365133) (59.68255774978002,165.5025695365133) (59.68255774978002,165.0137083209304) (60.68255774978004,165.0137083209304) (60.68255774978004,164.5248471053475) (61.68255774978006,164.5248471053475) (61.68255774978006,164.0359858897646) (62.68255774978008,164.0359858897646) (62.68255774978008,163.5) (179.2816092315233,163.5) (179.2816092315233,189.4896220913107) (180.2816092315234,189.4896220913107) (180.2816092315234,215.4792441826214) (181.2816092315234,215.4792441826214) (181.2816092315234,241.4688662739321) (182.2816092315235,241.4688662739321) (182.2816092315235,267.4584883652428) (183.2816092315236,267.4584883652428) (183.2816092315236,293.4481104565535) (184.2816092315236,293.4481104565535) (184.2816092315236,319.4377325478642) (185.2816092315237,319.4377325478642) (185.2816092315237,345.427354639175) (186.2816092315238,345.427354639175) (186.2816092315238,371.4169767304857) (187.2816092315239,371.4169767304857) (187.2816092315239,397.4065988217964) (188.281609231524,397.4065988217964) (188.281609231524,423.3962209131071) (189.281609231524,423.3962209131071) (189.281609231524,449.3858430044178) (190.2816092315241,449.3858430044178) (190.2816092315241,475.3754650957285) (191.2816092315242,475.3754650957285) (191.2816092315242,501.3650871870392) (192.2816092315243,501.3650871870392) (192.2816092315243,527.3547092783499) (193.2816092315244,527.3547092783499) (193.2816092315244,553.3443313696606) (194.2816092315245,553.3443313696606) (194.2816092315245,579.3339534609713) (195.2816092315246,579.3339534609713) (195.2816092315246,605.323575552282) (196.2816092315246,605.323575552282) (196.2816092315246,631.3131976435927) (197.2816092315247,631.3131976435927) (197.2816092315247,657.3028197349034) (198.2816092315248,657.3028197349034) (198.2816092315248,683.2924418262141) (199.2816092315249,683.2924418262141) (199.2816092315249,709.2820639175249) (200.281609231525,709.2820639175249) (200.281609231525,735.2716860088356) (700,735.2716860088356)
batteryCharge[0]:
[0]: (0,100) (700,100)
user_guided_transport.end:
[0]: (0,0) (202.2816092315241,0) (202.2816092315241,1) (700,1)
[2K
Verifying formula 5 at /nta/queries/query[5]/formula
 -- Formula: simulate[<=700]{robot_inventory[0][0], user_guided_transport.end*2}
[2K -- Formula is satisfied.
robot_inventory[0][0]:
[0]: (0,0) (10.74240827156554,0) (10.74240827156554,1) (700,1)
user_guided_transport.end * 2:
[0]: (0,0) (203.3602632157928,0) (203.3602632157928,2) (700,2)
[2K
Verifying formula 6 at /nta/queries/query[6]/formula
 -- Formula: simulate[<=700]{bedroom[0], bedroom[1], kitchen[0], kitchen[1]}
[2K -- Formula is satisfied.
bedroom[0]:
[0]: (0,100) (700,100)
bedroom[1]:
[0]: (0,200) (700,200)
kitchen[0]:
[0]: (0,4400) (700,4400)
kitchen[1]:
[0]: (0,765) (700,765)
[2K
Verifying formula 7 at /nta/queries/query[7]/formula
 -- Formula: simulate[<=700]{rm_1.idle, rf_1.idle, rp_1.idle, rd_1.idle}
[2K -- Formula is satisfied.
rm_1.idle:
[0]: (0,0) (0,1) (0,0) (3,0) (3,1) (8.537420900321656,1) (8.537420900321656,0) (200.1552758445532,0) (200.1552758445532,1) (700,1)
rf_1.idle:
[0]: (0,0) (0,1) (700,1)
rp_1.idle:
[0]: (0,0) (0,1) (2,1) (2,0) (8.537420900321656,0) (8.537420900321656,1) (700,1)
rd_1.idle:
[0]: (0,0) (0,1) (700,1)
[2K
Verifying formula 8 at /nta/queries/query[8]/formula
 -- Formula: Pr[<=700](<>!rm_1.idle || !rf_1.idle || !rp_1.idle || !rd_1.idle)
[2K -- Formula is satisfied.
(72/72 runs) Pr(<> …) in [0.950056,1] (95% CI)
Values in [0,0] mean=0 steps=2.22045e-16: 72
[2K
Verifying formula 9 at /nta/queries/query[9]/formula
 -- Formula: Pr[<=700]([] (user_guided_transport.end imply (rm_1.idle && rf_1.idle && rp_1.idle && rd_1.idle)))
 -- Throughput: 631759 runs/sec, Load: 329 runs[K
[2K -- Formula is satisfied.
(72/72 runs) Pr([] …) in [0.950056,1] (95% CI)
[2K
Verifying formula 10 at /nta/queries/query[10]/formula
 -- Formula: Pr[<=700] (<> pow(humanPositionX[0] - kitchen[0], 2) + pow(humanPositionY[0] - kitchen[1], 2) <= 900 )
[2K -- Formula is satisfied.
(72/72 runs) Pr(<> …) in [0.950056,1] (95% CI)
Values in [192.088,196.787] mean=194.376 steps=0.522166: 11 5 7 8 7 12 10 7 5
[2K
Verifying formula 11 at /nta/queries/query[11]/formula
 -- Formula: Pr[<=700] (<> pow(humanPositionX[0] - bedroom[0], 2) + pow(humanPositionY[0] - bedroom[1], 2) <= 900 )
[2K -- Formula is satisfied.
(72/72 runs) Pr(<> …) in [0.950056,1] (95% CI)
Values in [1,1] mean=1 steps=2.22045e-16: 72
[2K
Verifying formula 12 at /nta/queries/query[12]/formula
 -- Formula: Pr[<=700] (<> pow(robPositionX[0] - kitchen[0], 2) + pow(robPositionY[0] - kitchen[1], 2) <= 900 )
[2K -- Formula is satisfied.
(72/72 runs) Pr(<> …) in [0.950056,1] (95% CI)
Values in [197.651,202.618] mean=200.034 steps=0.55189: 7 8 10 12 5 8 7 10 5
[2K
Verifying formula 13 at /nta/queries/query[13]/formula
 -- Formula: Pr[<=700] (<> pow(robPositionX[0] - bedroom[0], 2) + pow(robPositionY[0] - bedroom[1], 2) <= 900 )
[2K -- Formula is satisfied.
(72/72 runs) Pr(<> …) in [0.950056,1] (95% CI)
Values in [2,2] mean=2 steps=2.22045e-16: 72
[2K
Verifying formula 14 at /nta/queries/query[14]/formula
 -- Formula: Pr[<=700] (<> !isValidPosition(humanPositionX[0], humanPositionY[0]))
[2K -- Formula is satisfied.
(72/72 runs) Pr(<> …) in [0.950056,1] (95% CI)
Values in [0,0] mean=0 steps=2.22045e-16: 72
[2K
Verifying formula 15 at /nta/queries/query[15]/formula
 -- Formula: Pr[<=700] (<> !isValidPosition(robPositionX[0], robPositionY[0]))
[2K -- Formula is satisfied.
(72/72 runs) Pr(<> …) in [0.950056,1] (95% CI)
Values in [0,0] mean=0 steps=2.22045e-16: 72
[2K
Verifying formula 16 at /nta/queries/query[16]/formula
 -- Formula: Pr[<=700] (<> currP > 2)
 -- Throughput: 639024 runs/sec, Load: 328 runs[K
[2K -- Formula is satisfied.
(0/72 runs) Pr(<> …) in [0,0.0499441] (95% CI)
