Options for the verification:
  Generating no trace
  Search order is breadth first
  Using conservative space optimisation
  Seed is 1783329330
  State space representation uses minimal constraint systems with future testing
  Using HashMap + Compress integers for discrete state storage
[2K
Verifying formula 1 at /nta/queries/query[1]/formula
 -- Formula: simulate[<=700]{user_guided_transport_human1_def.s1_start, user_guided_transport_human1_def.s1_end, user_guided_transport_human1_def.s2_start, user_guided_transport_human1_def.s2_idle, user_guided_transport_human1_def.s3_start, user_guided_transport_human1_def.s3_end, user_guided_transport.end}
[2K -- Formula is satisfied.
user_guided_transport_human1_def.s1_start:
[0]: (0,0) (0,1) (0,0) (700,0)
user_guided_transport_human1_def.s1_end:
[0]: (0,0) (1,0) (1,1) (2,1) (2,0) (700,0)
user_guided_transport_human1_def.s2_start:
[0]: (0,0) (2,0) (2,1) (2,0) (700,0)
user_guided_transport_human1_def.s2_idle:
[0]: (0,0) (2,0) (2,1) (7.912475960511336,1) (7.912475960511336,0) (700,0)
user_guided_transport_human1_def.s3_start:
[0]: (0,0) (7.912475960511336,0) (7.912475960511336,1) (7.912475960511336,0) (12.91247596051131,0) (12.91247596051131,1) (12.91247596051131,0) (17.9124759605113,0) (17.9124759605113,1) (17.9124759605113,0) (22.91247596051127,0) (22.91247596051127,1) (22.91247596051127,0) (27.91247596051123,0) (27.91247596051123,1) (27.91247596051123,0) (32.91247596051122,0) (32.91247596051122,1) (32.91247596051122,0) (37.91247596051137,0) (37.91247596051137,1) (37.91247596051137,0) (42.91247596051151,0) (42.91247596051151,1) (42.91247596051151,0) (47.91247596051159,0) (47.91247596051159,1) (47.91247596051159,0) (52.91247596051166,0) (52.91247596051166,1) (52.91247596051166,0) (57.91247596051173,0) (57.91247596051173,1) (57.91247596051173,0) (62.91247596051182,0) (62.91247596051182,1) (62.91247596051182,0) (67.91247596051188,0) (67.91247596051188,1) (67.91247596051188,0) (72.912475960512,0) (72.912475960512,1) (72.912475960512,0) (77.9124759605118,0) (77.9124759605118,1) (77.9124759605118,0) (82.9124759605115,0) (82.9124759605115,1) (82.9124759605115,0) (87.91247596051122,0) (87.91247596051122,1) (87.91247596051122,0) (92.91247596051093,0) (92.91247596051093,1) (92.91247596051093,0) (97.91247596051063,0) (97.91247596051063,1) (97.91247596051063,0) (102.9124759605103,0) (102.9124759605103,1) (102.9124759605103,0) (107.9124759605101,0) (107.9124759605101,1) (107.9124759605101,0) (112.9124759605098,0) (112.9124759605098,1) (112.9124759605098,0) (117.9124759605095,0) (117.9124759605095,1) (117.9124759605095,0) (122.9124759605092,0) (122.9124759605092,1) (122.9124759605092,0) (127.9124759605089,0) (127.9124759605089,1) (127.9124759605089,0) (132.9124759605092,0) (132.9124759605092,1) (132.9124759605092,0) (137.9124759605095,0) (137.9124759605095,1) (137.9124759605095,0) (142.9124759605098,0) (142.9124759605098,1) (142.9124759605098,0) (147.9124759605101,0) (147.9124759605101,1) (147.9124759605101,0) (152.9124759605103,0) (152.9124759605103,1) (152.9124759605103,0) (157.9124759605106,0) (157.9124759605106,1) (157.9124759605106,0) (162.9124759605109,0) (162.9124759605109,1) (162.9124759605109,0) (167.9124759605112,0) (167.9124759605112,1) (167.9124759605112,0) (172.9124759605115,0) (172.9124759605115,1) (172.9124759605115,0) (177.9124759605118,0) (177.9124759605118,1) (177.9124759605118,0) (182.9124759605122,0) (182.9124759605122,1) (182.9124759605122,0) (187.9124759605126,0) (187.9124759605126,1) (187.9124759605126,0) (700,0)
user_guided_transport_human1_def.s3_end:
[0]: (0,0) (192.912475960513,0) (192.912475960513,1) (229.1401461017346,1) (229.1401461017346,0) (700,0)
user_guided_transport.end:
[0]: (0,0) (231.1401461017337,0) (231.1401461017337,1) (700,1)
[2K
Verifying formula 2 at /nta/queries/query[2]/formula
 -- Formula: simulate[<=700]{user_guided_transport_robot1_def.s1_start, user_guided_transport_robot1_def.s1_end, user_guided_transport_robot1_def.s2_start, user_guided_transport_robot1_def.s2_end, user_guided_transport_robot1_def.s3_start, user_guided_transport_robot1_def.s3_end, user_guided_transport.end}
[2K -- Formula is satisfied.
user_guided_transport_robot1_def.s1_start:
[0]: (0,0) (0,1) (0,0) (700,0)
user_guided_transport_robot1_def.s1_end:
[0]: (0,0) (2,0) (2,1) (2,0) (700,0)
user_guided_transport_robot1_def.s2_start:
[0]: (0,0) (2,0) (2,1) (2,0) (700,0)
user_guided_transport_robot1_def.s2_end:
[0]: (0,0) (7.029861548682675,0) (7.029861548682675,1) (7.029861548682675,0) (700,0)
user_guided_transport_robot1_def.s3_start:
[0]: (0,0) (7.029861548682675,0) (7.029861548682675,1) (7.029861548682675,0) (700,0)
user_guided_transport_robot1_def.s3_end:
[0]: (0,0) (228.2575316899055,0) (228.2575316899055,1) (228.2575316899055,0) (700,0)
user_guided_transport.end:
[0]: (0,0) (230.2575316899046,0) (230.2575316899046,1) (700,1)
[2K
Verifying formula 3 at /nta/queries/query[3]/formula
 -- Formula: Pr[<=700] (<> user_guided_transport.end)
[2K -- Formula is satisfied.
(72/72 runs) Pr(<> …) in [0.950056,1] (95% CI)
Values in [230.255,235.207] mean=232.565 steps=0.550258: 12 5 12 6 8 11 3 7 8
[2K
Verifying formula 4 at /nta/queries/query[4]/formula
 -- Formula: simulate[<=700]{humanPositionX[0], humanPositionY[0], robPositionX[0], robPositionY[0], batteryCharge[0], user_guided_transport.end}
[2K -- Formula is satisfied.
humanPositionX[0]:
[0]: (0,0) (0,92.5) (1,92.5) (1,97.73313175708738) (12.48344739604014,97.73313175708738) (12.48344739604014,123.7285354798977) (13.48344739604014,123.7285354798977) (13.48344739604014,149.723939202708) (14.48344739604014,149.723939202708) (14.48344739604014,175.7193429255182) (15.48344739604014,175.7193429255182) (15.48344739604014,201.7147466483285) (16.48344739604014,201.7147466483285) (16.48344739604014,227.7101503711388) (17.48344739604013,227.7101503711388) (17.48344739604013,253.7055540939491) (18.48344739604013,253.7055540939491) (18.48344739604013,279.7009578167594) (19.48344739604013,279.7009578167594) (19.48344739604013,305.6963615395697) (20.48344739604013,305.6963615395697) (20.48344739604013,331.69176526238) (21.48344739604011,331.69176526238) (21.48344739604011,357.6871689851903) (22.4834473960401,357.6871689851903) (22.4834473960401,383.6825727080006) (23.48344739604008,383.6825727080006) (23.48344739604008,409.6779764308109) (24.48344739604007,409.6779764308109) (24.48344739604007,435.6733801536212) (25.48344739604006,435.6733801536212) (25.48344739604006,461.6687838764315) (26.48344739604004,461.6687838764315) (26.48344739604004,487.6641875992418) (27.48344739604003,487.6641875992418) (27.48344739604003,513.6595913220521) (28.48344739604001,513.6595913220521) (28.48344739604001,539.6549950448623) (29.48344739604,539.6549950448623) (29.48344739604,565.6503987676725) (30.48344739603998,565.6503987676725) (30.48344739603998,591.6458024904828) (31.48344739603997,591.6458024904828) (31.48344739603997,617.641206213293) (32.48344739603997,617.641206213293) (32.48344739603997,643.6366099361032) (33.48344739603999,643.6366099361032) (33.48344739603999,669.6320136589135) (34.48344739604001,669.6320136589135) (34.48344739604001,695.6274173817237) (35.48344739604003,695.6274173817237) (35.48344739604003,721.622821104534) (36.48344739604006,721.622821104534) (36.48344739604006,747.6182248273442) (37.48344739604008,747.6182248273442) (37.48344739604008,773.6136285501544) (38.4834473960401,773.6136285501544) (38.4834473960401,799.6090322729647) (39.48344739604012,799.6090322729647) (39.48344739604012,825.6044359957749) (40.48344739604014,825.6044359957749) (40.48344739604014,851.5998397185851) (41.48344739604016,851.5998397185851) (41.48344739604016,877.5952434413954) (42.48344739604018,877.5952434413954) (42.48344739604018,903.5906471642056) (43.48344739604021,903.5906471642056) (43.48344739604021,929.5860508870159) (44.48344739604023,929.5860508870159) (44.48344739604023,955.5814546098261) (45.48344739604025,955.5814546098261) (45.48344739604025,981.5768583326363) (46.48344739604027,981.5768583326363) (46.48344739604027,1007.572262055447) (47.48344739604029,1007.572262055447) (47.48344739604029,1033.567665778257) (48.48344739604028,1033.567665778257) (48.48344739604028,1059.563069501067) (49.48344739604025,1059.563069501067) (49.48344739604025,1085.558473223878) (50.48344739604022,1085.558473223878) (50.48344739604022,1111.553876946688) (51.48344739604019,1111.553876946688) (51.48344739604019,1137.549280669498) (52.48344739604017,1137.549280669498) (52.48344739604017,1163.544684392309) (53.48344739604015,1163.544684392309) (53.48344739604015,1189.540088115119) (54.48344739604013,1189.540088115119) (54.48344739604013,1215.535491837929) (55.48344739604011,1215.535491837929) (55.48344739604011,1241.53089556074) (56.48344739604008,1241.53089556074) (56.48344739604008,1267.52629928355) (57.48344739604005,1267.52629928355) (57.48344739604005,1293.52170300636) (58.48344739604002,1293.52170300636) (58.48344739604002,1319.517106729171) (59.48344739603999,1319.517106729171) (59.48344739603999,1345.512510451981) (60.48344739603996,1345.512510451981) (60.48344739603996,1371.507914174791) (61.48344739603994,1371.507914174791) (61.48344739603994,1397.503317897602) (62.48344739603991,1397.503317897602) (62.48344739603991,1423.498721620412) (63.48344739603989,1423.498721620412) (63.48344739603989,1478) (64.48344739603988,1478) (64.48344739603988,1504) (65.48344739603985,1504) (65.48344739603985,1530) (66.48344739603982,1530) (66.48344739603982,1556) (67.48344739603981,1556) (67.48344739603981,1582) (68.48344739603978,1582) (68.48344739603978,1608) (69.48344739603976,1608) (69.48344739603976,1634) (70.48344739603975,1634) (70.48344739603975,1660) (71.48344739603974,1660) (71.48344739603974,1686) (72.48344739603971,1686) (72.48344739603971,1712) (73.48344739603968,1712) (73.48344739603968,1738) (74.48344739603965,1738) (74.48344739603965,1764) (75.48344739603964,1764) (75.48344739603964,1790) (76.48344739603957,1790) (76.48344739603957,1816) (77.48344739603949,1816) (77.48344739603949,1842) (78.48344739603942,1842) (78.48344739603942,1868) (79.48344739603935,1868) (79.48344739603935,1894) (80.4834473960393,1894) (80.4834473960393,1920) (81.48344739603924,1920) (81.48344739603924,1946) (82.48344739603917,1946) (82.48344739603917,1972) (83.48344739603911,1972) (83.48344739603911,1998) (84.48344739603905,1998) (84.48344739603905,2024) (85.48344739603898,2024) (85.48344739603898,2050) (86.48344739603891,2050) (86.48344739603891,2076) (87.48344739603886,2076) (87.48344739603886,2102) (88.4834473960388,2102) (88.4834473960388,2128) (89.48344739603874,2128) (89.48344739603874,2154) (90.48344739603867,2154) (90.48344739603867,2180) (91.48344739603861,2180) (91.48344739603861,2206) (92.48344739603856,2206) (92.48344739603856,2232) (93.48344739603849,2232) (93.48344739603849,2258) (94.48344739603841,2258) (94.48344739603841,2284) (95.48344739603834,2284) (95.48344739603834,2310) (96.48344739603829,2310) (96.48344739603829,2336) (97.48344739603822,2336) (97.48344739603822,2362) (98.48344739603814,2362) (98.48344739603814,2388) (99.48344739603807,2388) (99.48344739603807,2414) (100.483447396038,2414) (100.483447396038,2440) (101.4834473960379,2440) (101.4834473960379,2466) (102.4834473960379,2466) (102.4834473960379,2492) (103.4834473960378,2492) (103.4834473960378,2518) (104.4834473960378,2518) (104.4834473960378,2544) (105.4834473960377,2544) (105.4834473960377,2570) (106.4834473960376,2570) (106.4834473960376,2596) (107.4834473960376,2596) (107.4834473960376,2622) (108.4834473960375,2622) (108.4834473960375,2648) (109.4834473960375,2648) (109.4834473960375,2674) (110.4834473960374,2674) (110.4834473960374,2700) (111.4834473960374,2700) (111.4834473960374,2726) (112.4834473960373,2726) (112.4834473960373,2752) (113.4834473960372,2752) (113.4834473960372,2778) (114.4834473960372,2778) (114.4834473960372,2804) (115.4834473960371,2804) (115.4834473960371,2830) (116.4834473960371,2830) (116.4834473960371,2856) (117.483447396037,2856) (117.483447396037,2882) (118.483447396037,2882) (118.483447396037,2908) (119.4834473960369,2908) (119.4834473960369,2934) (120.4834473960369,2934) (120.4834473960369,2960) (121.4834473960368,2960) (121.4834473960368,2986) (122.4834473960367,2986) (122.4834473960367,3012) (123.4834473960367,3012) (123.4834473960367,3038) (124.4834473960366,3038) (124.4834473960366,3088.5) (125.4834473960366,3088.5) (125.4834473960366,3114.5) (126.4834473960365,3114.5) (126.4834473960365,3140.5) (127.4834473960365,3140.5) (127.4834473960365,3166.5) (128.4834473960365,3166.5) (128.4834473960365,3192.5) (129.4834473960366,3192.5) (129.4834473960366,3218.5) (130.4834473960366,3218.5) (130.4834473960366,3244.5) (131.4834473960367,3244.5) (131.4834473960367,3270.5) (132.4834473960368,3270.5) (132.4834473960368,3296.5) (133.4834473960369,3296.5) (133.4834473960369,3322.5) (134.483447396037,3322.5) (134.483447396037,3348.5) (135.483447396037,3348.5) (135.483447396037,3374.5) (136.4834473960371,3374.5) (136.4834473960371,3400.5) (137.4834473960372,3400.5) (137.4834473960372,3426.5) (138.4834473960373,3426.5) (138.4834473960373,3452.5) (139.4834473960373,3452.5) (139.4834473960373,3478.5) (140.4834473960374,3478.5) (140.4834473960374,3504.5) (141.4834473960374,3504.5) (141.4834473960374,3530.5) (142.4834473960374,3530.5) (142.4834473960374,3556.5) (143.4834473960374,3556.5) (143.4834473960374,3582.5) (144.4834473960374,3582.5) (144.4834473960374,3608.5) (145.4834473960374,3608.5) (145.4834473960374,3634.5) (146.4834473960374,3634.5) (146.4834473960374,3660.5) (147.4834473960374,3660.5) (147.4834473960374,3686.5) (148.4834473960374,3686.5) (148.4834473960374,3712.5) (149.4834473960374,3712.5) (149.4834473960374,3738.5) (150.4834473960374,3738.5) (150.4834473960374,3764.5) (151.4834473960374,3764.5) (151.4834473960374,3790.5) (152.4834473960374,3790.5) (152.4834473960374,3816.5) (153.4834473960374,3816.5) (153.4834473960374,3842.5) (154.4834473960374,3842.5) (154.4834473960374,3868.5) (155.4834473960374,3868.5) (155.4834473960374,3894.5) (156.4834473960374,3894.5) (156.4834473960374,3920.5) (157.4834473960374,3920.5) (157.4834473960374,3946.5) (158.4834473960374,3946.5) (158.4834473960374,3972.5) (159.4834473960374,3972.5) (159.4834473960374,3998.5) (160.4834473960374,3998.5) (160.4834473960374,4024.5) (161.4834473960374,4024.5) (161.4834473960374,4050.5) (162.4834473960374,4050.5) (162.4834473960374,4076.5) (163.4834473960374,4076.5) (163.4834473960374,4102.5) (164.4834473960373,4102.5) (164.4834473960373,4128.5) (165.4834473960372,4128.5) (165.4834473960372,4154.5) (166.4834473960371,4154.5) (166.4834473960371,4180.5) (167.483447396037,4180.5) (167.483447396037,4206.5) (168.483447396037,4206.5) (168.483447396037,4232.5) (169.4834473960369,4232.5) (169.4834473960369,4258.5) (170.4834473960368,4258.5) (170.4834473960368,4284.5) (171.4834473960367,4284.5) (171.4834473960367,4310.5) (172.4834473960366,4310.5) (172.4834473960366,4336.5) (173.4834473960365,4336.5) (173.4834473960365,4362.5) (174.4834473960364,4362.5) (174.4834473960364,4388.5) (175.4834473960364,4388.5) (175.4834473960364,4416.265463717128) (176.4834473960363,4416.265463717128) (176.4834473960363,4415.530927434256) (177.4834473960362,4415.530927434256) (177.4834473960362,4414.796391151384) (178.4834473960361,4414.796391151384) (178.4834473960361,4414.061854868512) (179.483447396036,4414.061854868512) (179.483447396036,4413.327318585641) (180.4834473960359,4413.327318585641) (180.4834473960359,4412.592782302769) (181.4834473960358,4412.592782302769) (181.4834473960358,4411.858246019897) (182.4834473960356,4411.858246019897) (182.4834473960356,4411.123709737025) (183.4834473960355,4411.123709737025) (183.4834473960355,4410.389173454153) (184.4834473960354,4410.389173454153) (184.4834473960354,4409.654637171281) (185.4834473960354,4409.654637171281) (185.4834473960354,4408.920100888409) (186.4834473960352,4408.920100888409) (186.4834473960352,4408.185564605537) (187.4834473960351,4408.185564605537) (187.4834473960351,4407.451028322665) (188.483447396035,4407.451028322665) (188.483447396035,4406.716492039794) (189.4834473960349,4406.716492039794) (189.4834473960349,4405.981955756922) (190.4834473960348,4405.981955756922) (190.4834473960348,4405.24741947405) (191.4834473960347,4405.24741947405) (191.4834473960347,4404.512883191178) (192.4834473960346,4404.512883191178) (192.4834473960346,4403.778346908306) (193.4834473960344,4403.778346908306) (193.4834473960344,4403.043810625434) (194.4834473960343,4403.043810625434) (194.4834473960343,4402.309274342562) (195.4834473960342,4402.309274342562) (195.4834473960342,4401.57473805969) (196.4834473960341,4401.57473805969) (196.4834473960341,4400.840201776819) (700,4400.840201776819)
humanPositionY[0]:
[0]: (0,0) (0,163.5) (1,163.5) (1,188.9679078844919) (12.48344739604014,188.9679078844919) (12.48344739604014,188.479046668909) (13.48344739604014,188.479046668909) (13.48344739604014,187.9901854533261) (14.48344739604014,187.9901854533261) (14.48344739604014,187.5013242377432) (15.48344739604014,187.5013242377432) (15.48344739604014,187.0124630221603) (16.48344739604014,187.0124630221603) (16.48344739604014,186.5236018065774) (17.48344739604013,186.5236018065774) (17.48344739604013,186.0347405909945) (18.48344739604013,186.0347405909945) (18.48344739604013,185.5458793754117) (19.48344739604013,185.5458793754117) (19.48344739604013,185.0570181598288) (20.48344739604013,185.0570181598288) (20.48344739604013,184.5681569442459) (21.48344739604011,184.5681569442459) (21.48344739604011,184.079295728663) (22.4834473960401,184.079295728663) (22.4834473960401,183.5904345130801) (23.48344739604008,183.5904345130801) (23.48344739604008,183.1015732974972) (24.48344739604007,183.1015732974972) (24.48344739604007,182.6127120819143) (25.48344739604006,182.6127120819143) (25.48344739604006,182.1238508663315) (26.48344739604004,182.1238508663315) (26.48344739604004,181.6349896507486) (27.48344739604003,181.6349896507486) (27.48344739604003,181.1461284351657) (28.48344739604001,181.1461284351657) (28.48344739604001,180.6572672195828) (29.48344739604,180.6572672195828) (29.48344739604,180.1684060039999) (30.48344739603998,180.1684060039999) (30.48344739603998,179.679544788417) (31.48344739603997,179.679544788417) (31.48344739603997,179.1906835728341) (32.48344739603997,179.1906835728341) (32.48344739603997,178.7018223572512) (33.48344739603999,178.7018223572512) (33.48344739603999,178.2129611416684) (34.48344739604001,178.2129611416684) (34.48344739604001,177.7240999260855) (35.48344739604003,177.7240999260855) (35.48344739604003,177.2352387105026) (36.48344739604006,177.2352387105026) (36.48344739604006,176.7463774949197) (37.48344739604008,176.7463774949197) (37.48344739604008,176.2575162793368) (38.4834473960401,176.2575162793368) (38.4834473960401,175.7686550637539) (39.48344739604012,175.7686550637539) (39.48344739604012,175.279793848171) (40.48344739604014,175.279793848171) (40.48344739604014,174.7909326325882) (41.48344739604016,174.7909326325882) (41.48344739604016,174.3020714170053) (42.48344739604018,174.3020714170053) (42.48344739604018,173.8132102014224) (43.48344739604021,173.8132102014224) (43.48344739604021,173.3243489858395) (44.48344739604023,173.3243489858395) (44.48344739604023,172.8354877702566) (45.48344739604025,172.8354877702566) (45.48344739604025,172.3466265546737) (46.48344739604027,172.3466265546737) (46.48344739604027,171.8577653390908) (47.48344739604029,171.8577653390908) (47.48344739604029,171.3689041235079) (48.48344739604028,171.3689041235079) (48.48344739604028,170.8800429079251) (49.48344739604025,170.8800429079251) (49.48344739604025,170.3911816923422) (50.48344739604022,170.3911816923422) (50.48344739604022,169.9023204767593) (51.48344739604019,169.9023204767593) (51.48344739604019,169.4134592611764) (52.48344739604017,169.4134592611764) (52.48344739604017,168.9245980455935) (53.48344739604015,168.9245980455935) (53.48344739604015,168.4357368300106) (54.48344739604013,168.4357368300106) (54.48344739604013,167.9468756144277) (55.48344739604011,167.9468756144277) (55.48344739604011,167.4580143988449) (56.48344739604008,167.4580143988449) (56.48344739604008,166.969153183262) (57.48344739604005,166.969153183262) (57.48344739604005,166.4802919676791) (58.48344739604002,166.4802919676791) (58.48344739604002,165.9914307520962) (59.48344739603999,165.9914307520962) (59.48344739603999,165.5025695365133) (60.48344739603996,165.5025695365133) (60.48344739603996,165.0137083209304) (61.48344739603994,165.0137083209304) (61.48344739603994,164.5248471053475) (62.48344739603991,164.5248471053475) (62.48344739603991,164.0359858897646) (63.48344739603989,164.0359858897646) (63.48344739603989,163.5) (175.4834473960364,163.5) (175.4834473960364,189.4896220913107) (176.4834473960363,189.4896220913107) (176.4834473960363,215.4792441826214) (177.4834473960362,215.4792441826214) (177.4834473960362,241.4688662739321) (178.4834473960361,241.4688662739321) (178.4834473960361,267.4584883652428) (179.483447396036,267.4584883652428) (179.483447396036,293.4481104565535) (180.4834473960359,293.4481104565535) (180.4834473960359,319.4377325478642) (181.4834473960358,319.4377325478642) (181.4834473960358,345.427354639175) (182.4834473960356,345.427354639175) (182.4834473960356,371.4169767304857) (183.4834473960355,371.4169767304857) (183.4834473960355,397.4065988217964) (184.4834473960354,397.4065988217964) (184.4834473960354,423.3962209131071) (185.4834473960354,423.3962209131071) (185.4834473960354,449.3858430044178) (186.4834473960352,449.3858430044178) (186.4834473960352,475.3754650957285) (187.4834473960351,475.3754650957285) (187.4834473960351,501.3650871870392) (188.483447396035,501.3650871870392) (188.483447396035,527.3547092783499) (189.4834473960349,527.3547092783499) (189.4834473960349,553.3443313696606) (190.4834473960348,553.3443313696606) (190.4834473960348,579.3339534609713) (191.4834473960347,579.3339534609713) (191.4834473960347,605.323575552282) (192.4834473960346,605.323575552282) (192.4834473960346,631.3131976435927) (193.4834473960344,631.3131976435927) (193.4834473960344,657.3028197349034) (194.4834473960343,657.3028197349034) (194.4834473960343,683.2924418262141) (195.4834473960342,683.2924418262141) (195.4834473960342,709.2820639175249) (196.4834473960341,709.2820639175249) (196.4834473960341,735.2716860088356) (700,735.2716860088356)
robPositionX[0]:
[0]: (0,0) (0,92.5) (2,92.5) (2,97.73313175708738) (14.48344739604014,97.73313175708738) (14.48344739604014,123.7285354798977) (15.48344739604014,123.7285354798977) (15.48344739604014,149.723939202708) (16.50225085852338,149.723939202708) (16.50225085852338,175.7193429255182) (17.50225085852338,175.7193429255182) (17.50225085852338,201.7147466483285) (18.50225085852338,201.7147466483285) (18.50225085852338,227.7101503711388) (19.50225085852338,227.7101503711388) (19.50225085852338,253.7055540939491) (20.50225085852337,253.7055540939491) (20.50225085852337,279.7009578167594) (21.50225085852335,279.7009578167594) (21.50225085852335,305.6963615395697) (22.50225085852334,305.6963615395697) (22.50225085852334,331.69176526238) (23.50225085852333,331.69176526238) (23.50225085852333,357.6871689851903) (24.50225085852331,357.6871689851903) (24.50225085852331,383.6825727080006) (25.5022508585233,383.6825727080006) (25.5022508585233,409.6779764308109) (26.50225085852328,409.6779764308109) (26.50225085852328,435.6733801536212) (27.50225085852327,435.6733801536212) (27.50225085852327,461.6687838764315) (28.50225085852325,461.6687838764315) (28.50225085852325,487.6641875992418) (29.50225085852324,487.6641875992418) (29.50225085852324,513.6595913220521) (30.50225085852323,513.6595913220521) (30.50225085852323,539.6549950448623) (31.50225085852321,539.6549950448623) (31.50225085852321,565.6503987676725) (32.50225085852321,565.6503987676725) (32.50225085852321,591.6458024904828) (33.50225085852323,591.6458024904828) (33.50225085852323,617.641206213293) (34.50225085852325,617.641206213293) (34.50225085852325,643.6366099361032) (35.50225085852328,643.6366099361032) (35.50225085852328,669.6320136589135) (36.5022508585233,669.6320136589135) (36.5022508585233,695.6274173817237) (37.50225085852332,695.6274173817237) (37.50225085852332,721.622821104534) (38.50225085852334,721.622821104534) (38.50225085852334,747.6182248273442) (39.50225085852336,747.6182248273442) (39.50225085852336,773.6136285501544) (40.50225085852338,773.6136285501544) (40.50225085852338,799.6090322729647) (41.5022508585234,799.6090322729647) (41.5022508585234,825.6044359957749) (42.50225085852342,825.6044359957749) (42.50225085852342,851.5998397185851) (43.50225085852345,851.5998397185851) (43.50225085852345,877.5952434413954) (44.50225085852347,877.5952434413954) (44.50225085852347,903.5906471642056) (45.50225085852349,903.5906471642056) (45.50225085852349,929.5860508870159) (46.50225085852351,929.5860508870159) (46.50225085852351,955.5814546098261) (47.50225085852353,955.5814546098261) (47.50225085852353,981.5768583326363) (48.50225085852352,981.5768583326363) (48.50225085852352,1007.572262055447) (49.50225085852349,1007.572262055447) (49.50225085852349,1033.567665778257) (50.50225085852346,1033.567665778257) (50.50225085852346,1059.563069501067) (51.50225085852344,1059.563069501067) (51.50225085852344,1085.558473223878) (52.50225085852342,1085.558473223878) (52.50225085852342,1111.553876946688) (53.5022508585234,1111.553876946688) (53.5022508585234,1137.549280669498) (54.50225085852338,1137.549280669498) (54.50225085852338,1163.544684392309) (55.50225085852335,1163.544684392309) (55.50225085852335,1189.540088115119) (56.50225085852333,1189.540088115119) (56.50225085852333,1215.535491837929) (57.5022508585233,1215.535491837929) (57.5022508585233,1241.53089556074) (58.50225085852327,1241.53089556074) (58.50225085852327,1267.52629928355) (59.50225085852324,1267.52629928355) (59.50225085852324,1293.52170300636) (60.50225085852321,1293.52170300636) (60.50225085852321,1319.517106729171) (61.50225085852319,1319.517106729171) (61.50225085852319,1345.512510451981) (62.50225085852317,1345.512510451981) (62.50225085852317,1371.507914174791) (63.50225085852315,1371.507914174791) (63.50225085852315,1397.503317897602) (64.51498171538228,1397.503317897602) (64.51498171538228,1423.501210954746) (65.52360093306145,1423.501210954746) (65.52360093306145,1449.500245178851) (66.52943637382931,1449.500245178851) (66.52943637382931,1475.499802499311) (67.53338710487758,1475.499802499311) (67.53338710487758,1501.499599591989) (68.53606183729768,1501.499599591989) (68.53606183729768,1527.499506587529) (69.5378726886199,1527.499506587529) (69.5378726886199,1553.499463958168) (70.53909867332808,1553.499463958168) (70.53909867332808,1579.49944441867) (71.53992869077803,1579.49944441867) (71.53992869077803,1605.499435462594) (72.54049063000772,1605.499435462594) (72.54049063000772,1631.49943135751) (73.540871074641,1631.49943135751) (73.540871074641,1657.499429475914) (74.54112864362418,1657.499429475914) (74.54112864362418,1683.499428613471) (75.54130302321776,1683.499428613471) (75.54130302321776,1709.499428218164) (76.54142108185194,1709.499428218164) (76.54142108185194,1735.499428036972) (77.54150101001927,1735.499428036972) (77.54150101001927,1761.499427953921) (78.54155512306035,1761.499427953921) (78.54155512306035,1787.499427915854) (79.54159175872196,1787.499427915854) (79.54159175872196,1813.499427898406) (80.54161656183341,1813.499427898406) (80.54161656183341,1839.499427890409) (81.54163335406027,1839.499427890409) (81.54163335406027,1865.499427886743) (82.54164472273801,1865.499427886743) (82.54164472273801,1891.499427885063) (83.54165241957358,1891.499427885063) (83.54165241957358,1917.499427884293) (84.54165763048637,1917.499427884293) (84.54165763048637,1943.499427883939) (85.54166115838144,1943.499427883939) (85.54166115838144,1969.499427883778) (86.54166354684742,1969.499427883778) (86.54166354684742,1995.499427883703) (87.54166516388084,1995.499427883703) (87.54166516388084,2021.499427883669) (88.54166625868523,2021.499427883669) (88.54166625868523,2047.499427883654) (89.54166699985879,2047.499427883654) (89.54166699985879,2073.499427883647) (90.54166750165409,2073.499427883647) (90.54166750165409,2099.499427883643) (91.54166784145278,2099.499427883643) (91.54166784145278,2125.499427883642) (92.54166807181909,2125.499427883642) (92.54166807181909,2151.499427883641) (93.54166822667642,2151.499427883641) (93.54166822667642,2177.499427883641) (94.54166833098448,2177.499427883641) (94.54166833098448,2203.499427883641) (95.5416684039849,2203.499427883641) (95.5416684039849,2229.499427883641) (96.5416684534064,2229.499427883641) (96.5416684534064,2255.499427883641) (97.54166848672634,2255.499427883641) (97.54166848672634,2281.499427883641) (98.54166850779968,2281.499427883641) (98.54166850779968,2307.499427883641) (99.54166850779961,2307.499427883641) (99.54166850779961,2333.499427883641) (100.5416685077995,2333.499427883641) (100.5416685077995,2359.499427883641) (101.5416685077995,2359.499427883641) (101.5416685077995,2385.499427883641) (102.5416685077994,2385.499427883641) (102.5416685077994,2411.499427883641) (103.5416685077994,2411.499427883641) (103.5416685077994,2437.499427883641) (104.5416685077993,2437.499427883641) (104.5416685077993,2463.499427883641) (105.5416685077993,2463.499427883641) (105.5416685077993,2489.499427883641) (106.5416685077992,2489.499427883641) (106.5416685077992,2515.499427883641) (107.5416685077991,2515.499427883641) (107.5416685077991,2541.499427883641) (108.5416685077991,2541.499427883641) (108.5416685077991,2567.499427883641) (109.541668507799,2567.499427883641) (109.541668507799,2593.499427883641) (110.541668507799,2593.499427883641) (110.541668507799,2619.499427883641) (111.5416685077989,2619.499427883641) (111.5416685077989,2645.499427883641) (112.5416685077989,2645.499427883641) (112.5416685077989,2671.499427883641) (113.5416685077988,2671.499427883641) (113.5416685077988,2697.499427883641) (114.5416685077987,2697.499427883641) (114.5416685077987,2723.499427883641) (115.5416685077987,2723.499427883641) (115.5416685077987,2749.499427883641) (116.5416685077986,2749.499427883641) (116.5416685077986,2775.499427883641) (117.5416685077986,2775.499427883641) (117.5416685077986,2801.499427883641) (118.5416685077985,2801.499427883641) (118.5416685077985,2827.499427883641) (119.5416685077985,2827.499427883641) (119.5416685077985,2853.499427883641) (120.5416685077984,2853.499427883641) (120.5416685077984,2879.499427883641) (121.5416685077983,2879.499427883641) (121.5416685077983,2905.499427883641) (122.5416685077983,2905.499427883641) (122.5416685077983,2931.499427883641) (123.5416685077982,2931.499427883641) (123.5416685077982,2957.499427883641) (124.5416685077982,2957.499427883641) (124.5416685077982,2983.499427883641) (125.5416685077981,2983.499427883641) (125.5416685077981,3009.499427883641) (126.5416685077981,3009.499427883641) (126.5416685077981,3035.499427883641) (127.541668507798,3035.499427883641) (127.541668507798,3061.499427883641) (128.541668507798,3061.499427883641) (128.541668507798,3087.499427883641) (129.5416685077981,3087.499427883641) (129.5416685077981,3113.499427883641) (130.5416685077982,3113.499427883641) (130.5416685077982,3139.499427883641) (131.5416685077982,3139.499427883641) (131.5416685077982,3165.499427883641) (132.5416685077983,3165.499427883641) (132.5416685077983,3191.499427883641) (133.5416685077984,3191.499427883641) (133.5416685077984,3217.499427883641) (134.5416685077985,3217.499427883641) (134.5416685077985,3243.499427883641) (135.5416685077986,3243.499427883641) (135.5416685077986,3269.499427883641) (136.5416685077986,3269.499427883641) (136.5416685077986,3295.499427883641) (137.5416685077987,3295.499427883641) (137.5416685077987,3321.499427883641) (138.5416685077988,3321.499427883641) (138.5416685077988,3347.499427883641) (139.5416685077989,3347.499427883641) (139.5416685077989,3373.499427883641) (140.5416685077989,3373.499427883641) (140.5416685077989,3399.499427883641) (141.5416685077989,3399.499427883641) (141.5416685077989,3425.499427883641) (142.5416685077989,3425.499427883641) (142.5416685077989,3451.499427883641) (143.5416685077989,3451.499427883641) (143.5416685077989,3477.499427883641) (144.5416685077989,3477.499427883641) (144.5416685077989,3503.499427883641) (145.5416685077989,3503.499427883641) (145.5416685077989,3529.499427883641) (146.5416685077989,3529.499427883641) (146.5416685077989,3555.499427883641) (147.5416685077989,3555.499427883641) (147.5416685077989,3581.499427883641) (148.5416685077989,3581.499427883641) (148.5416685077989,3607.499427883641) (149.5416685077989,3607.499427883641) (149.5416685077989,3633.499427883641) (150.5416685077989,3633.499427883641) (150.5416685077989,3659.499427883641) (151.5416685077989,3659.499427883641) (151.5416685077989,3685.499427883641) (152.5416685077989,3685.499427883641) (152.5416685077989,3711.499427883641) (153.5416685077989,3711.499427883641) (153.5416685077989,3737.499427883641) (154.5416685077989,3737.499427883641) (154.5416685077989,3763.499427883641) (155.5416685077989,3763.499427883641) (155.5416685077989,3789.499427883641) (156.5416685077989,3789.499427883641) (156.5416685077989,3815.499427883641) (157.5416685077989,3815.499427883641) (157.5416685077989,3841.499427883641) (158.5416685077989,3841.499427883641) (158.5416685077989,3867.499427883641) (159.5416685077989,3867.499427883641) (159.5416685077989,3893.499427883641) (160.5416685077989,3893.499427883641) (160.5416685077989,3919.499427883641) (161.5416685077989,3919.499427883641) (161.5416685077989,3945.499427883641) (162.5416685077989,3945.499427883641) (162.5416685077989,3971.499427883641) (163.5416685077989,3971.499427883641) (163.5416685077989,3997.499427883641) (164.5416685077988,3997.499427883641) (164.5416685077988,4023.499427883641) (165.5416685077988,4023.499427883641) (165.5416685077988,4049.499427883641) (166.5416685077987,4049.499427883641) (166.5416685077987,4075.499427883641) (167.5416685077986,4075.499427883641) (167.5416685077986,4101.49942788364) (168.5416685077985,4101.49942788364) (168.5416685077985,4127.49942788364) (169.5416685077984,4127.49942788364) (169.5416685077984,4153.49942788364) (170.5416685077983,4153.49942788364) (170.5416685077983,4179.49942788364) (171.5416685077982,4179.49942788364) (171.5416685077982,4205.49942788364) (172.5416685077982,4205.49942788364) (172.5416685077982,4231.49942788364) (173.5416685077981,4231.49942788364) (173.5416685077981,4257.49942788364) (174.541668507798,4257.49942788364) (174.541668507798,4283.49942788364) (175.5416685077979,4283.49942788364) (175.5416685077979,4309.49942788364) (176.7804503035526,4309.49942788364) (176.7804503035526,4334.761725317672) (178.2965664004659,4334.761725317672) (178.2965664004659,4357.375029374853) (180.0954235796389,4357.375029374853) (180.0954235796389,4371.80338971305) (182.2311312229321,4371.80338971305) (182.2311312229321,4380.472858151295) (184.5394296818363,4380.472858151295) (184.5394296818363,4385.010512952947) (186.9655697295822,4385.010512952947) (186.9655697295822,4388.172157803916) (189.4342709576044,4388.172157803916) (189.4342709576044,4390.428283375573) (191.9316379931319,4390.428283375573) (191.9316379931319,4391.835488330516) (194.4561031555842,4391.835488330516) (194.4561031555842,4392.871718959358) (196.9929409937055,4392.871718959358) (196.9929409937055,4393.515439372457) (199.5428962137813,4393.515439372457) (199.5428962137813,4394.057268921059) (202.092851433857,4394.057268921059) (202.092851433857,4394.599098469662) (204.6428066539328,4394.599098469662) (204.6428066539328,4395.140928018264) (207.1927618740085,4395.140928018264) (207.1927618740085,4395.682757566867) (209.7427170940842,4395.682757566867) (209.7427170940842,4396.224587115469) (212.29267231416,4396.224587115469) (212.29267231416,4396.766416664072) (214.8426275342357,4396.766416664072) (214.8426275342357,4397.308246212675) (217.3925827543115,4397.308246212675) (217.3925827543115,4397.850075761278) (219.9425379743872,4397.850075761278) (219.9425379743872,4398.391905309881) (222.492493194463,4398.391905309881) (222.492493194463,4398.933734858484) (225.0424484145388,4398.933734858484) (225.0424484145388,4399.475564407086) (227.5924036346145,4399.475564407086) (227.5924036346145,4400.01739395569) (230.1423588546902,4400.01739395569) (230.1423588546902,4400.559223504292) (232.6923140747659,4400.559223504292) (232.6923140747659,4400.840201776819) (700,4400.840201776819)
robPositionY[0]:
[0]: (0,0) (0,163.5) (2,163.5) (2,188.9679078844919) (14.48344739604014,188.9679078844919) (14.48344739604014,188.479046668909) (15.48344739604014,188.479046668909) (15.48344739604014,187.9901854533262) (16.50225085852338,187.9901854533262) (16.50225085852338,187.5013242377433) (17.50225085852338,187.5013242377433) (17.50225085852338,187.0124630221605) (18.50225085852338,187.0124630221605) (18.50225085852338,186.5236018065776) (19.50225085852338,186.5236018065776) (19.50225085852338,186.0347405909947) (20.50225085852337,186.0347405909947) (20.50225085852337,185.5458793754118) (21.50225085852335,185.5458793754118) (21.50225085852335,185.0570181598289) (22.50225085852334,185.0570181598289) (22.50225085852334,184.568156944246) (23.50225085852333,184.568156944246) (23.50225085852333,184.0792957286631) (24.50225085852331,184.0792957286631) (24.50225085852331,183.5904345130803) (25.5022508585233,183.5904345130803) (25.5022508585233,183.1015732974974) (26.50225085852328,183.1015732974974) (26.50225085852328,182.6127120819145) (27.50225085852327,182.6127120819145) (27.50225085852327,182.1238508663316) (28.50225085852325,182.1238508663316) (28.50225085852325,181.6349896507487) (29.50225085852324,181.6349896507487) (29.50225085852324,181.1461284351658) (30.50225085852323,181.1461284351658) (30.50225085852323,180.6572672195829) (31.50225085852321,180.6572672195829) (31.50225085852321,180.168406004) (32.50225085852321,180.168406004) (32.50225085852321,179.6795447884172) (33.50225085852323,179.6795447884172) (33.50225085852323,179.1906835728343) (34.50225085852325,179.1906835728343) (34.50225085852325,178.7018223572514) (35.50225085852328,178.7018223572514) (35.50225085852328,178.2129611416685) (36.5022508585233,178.2129611416685) (36.5022508585233,177.7240999260856) (37.50225085852332,177.7240999260856) (37.50225085852332,177.2352387105027) (38.50225085852334,177.2352387105027) (38.50225085852334,176.7463774949198) (39.50225085852336,176.7463774949198) (39.50225085852336,176.257516279337) (40.50225085852338,176.257516279337) (40.50225085852338,175.7686550637541) (41.5022508585234,175.7686550637541) (41.5022508585234,175.2797938481712) (42.50225085852342,175.2797938481712) (42.50225085852342,174.7909326325883) (43.50225085852345,174.7909326325883) (43.50225085852345,174.3020714170054) (44.50225085852347,174.3020714170054) (44.50225085852347,173.8132102014225) (45.50225085852349,173.8132102014225) (45.50225085852349,173.3243489858396) (46.50225085852351,173.3243489858396) (46.50225085852351,172.8354877702567) (47.50225085852353,172.8354877702567) (47.50225085852353,172.3466265546739) (48.50225085852352,172.3466265546739) (48.50225085852352,171.857765339091) (49.50225085852349,171.857765339091) (49.50225085852349,171.3689041235081) (50.50225085852346,171.3689041235081) (50.50225085852346,170.8800429079252) (51.50225085852344,170.8800429079252) (51.50225085852344,170.3911816923423) (52.50225085852342,170.3911816923423) (52.50225085852342,169.9023204767594) (53.5022508585234,169.9023204767594) (53.5022508585234,169.4134592611765) (54.50225085852338,169.4134592611765) (54.50225085852338,168.9245980455937) (55.50225085852335,168.9245980455937) (55.50225085852335,168.4357368300108) (56.50225085852333,168.4357368300108) (56.50225085852333,167.9468756144279) (57.5022508585233,167.9468756144279) (57.5022508585233,167.458014398845) (58.50225085852327,167.458014398845) (58.50225085852327,166.9691531832621) (59.50225085852324,166.9691531832621) (59.50225085852324,166.4802919676792) (60.50225085852321,166.4802919676792) (60.50225085852321,165.9914307520963) (61.50225085852319,165.9914307520963) (61.50225085852319,165.5025695365134) (62.50225085852317,165.5025695365134) (62.50225085852317,165.0137083209306) (63.50225085852315,165.0137083209306) (63.50225085852315,164.5248471053477) (64.51498171538228,164.5248471053477) (64.51498171538228,164.1938537681208) (65.52360093306145,164.1938537681208) (65.52360093306145,163.969756883213) (66.52943637382931,163.969756883213) (66.52943637382931,163.8180362843253) (67.53338710487758,163.8180362843253) (67.53338710487758,163.7153175442811) (68.53606183729768,163.7153175442811) (68.53606183729768,163.6457745842783) (69.5378726886199,163.6457745842783) (69.5378726886199,163.5986924756321) (70.53909867332808,163.5986924756321) (70.53909867332808,163.566816881204) (71.53992869077803,163.566816881204) (71.53992869077803,163.545236429983) (72.54049063000772,163.545236429983) (72.54049063000772,163.5306260107791) (73.540871074641,163.5306260107791) (73.540871074641,163.5207344505516) (74.54112864362418,163.5207344505516) (74.54112864362418,163.5140376570627) (75.54130302321776,163.5140376570627) (75.54130302321776,163.5095037876518) (76.54142108185194,163.5095037876518) (76.54142108185194,163.5064342631685) (77.54150101001927,163.5064342631685) (77.54150101001927,163.5043561308182) (78.54155512306035,163.5043561308182) (78.54155512306035,163.5029491917491) (79.54159175872196,163.5029491917491) (79.54159175872196,163.5019966645455) (80.54161656183341,163.5019966645455) (80.54161656183341,163.5013517836466) (81.54163335406027,163.5013517836466) (81.54163335406027,163.5009151857469) (82.54164472273801,163.5009151857469) (82.54164472273801,163.5006196001235) (83.54165241957358,163.5006196001235) (83.54165241957358,163.5004194823974) (84.54165763048637,163.5004194823974) (84.54165763048637,163.5002839986634) (85.54166115838144,163.5002839986634) (85.54166115838144,163.5001922733894) (86.54166354684742,163.5001922733894) (86.54166354684742,163.5001301732726) (87.54166516388084,163.5001301732726) (87.54166516388084,163.5000881304022) (88.54166625868523,163.5000881304022) (88.54166625868523,163.5000596654866) (89.54166699985879,163.5000596654866) (89.54166699985879,163.5000403949721) (90.54166750165409,163.5000403949721) (90.54166750165409,163.5000273482928) (91.54166784145278,163.5000273482928) (91.54166784145278,163.5000185135251) (92.54166807181909,163.5000185135251) (92.54166807181909,163.5000125239997) (93.54166822667642,163.5000125239997) (93.54166822667642,163.5000084977071) (94.54166833098448,163.5000084977071) (94.54166833098448,163.5000057856957) (95.5416684039849,163.5000057856957) (95.5416684039849,163.5000038876832) (96.5416684534064,163.5000038876832) (96.5416684534064,163.5000026027226) (97.54166848672634,163.5000026027226) (97.54166848672634,163.5000017364024) (98.54166850779968,163.5000017364024) (98.54166850779968,163.5000011884933) (99.54166850779961,163.5000011884933) (99.54166850779961,163.5000006405843) (176.7804503035526,163.5000006405843) (176.7804503035526,169.6494988603188) (178.2965664004659,169.6494988603188) (178.2965664004659,182.4806515605829) (180.0954235796389,182.4806515605829) (180.0954235796389,204.1098544573876) (182.2311312229321,204.1098544573876) (182.2311312229321,228.6218987825405) (184.5394296818363,228.6218987825405) (184.5394296818363,254.2228692504944) (186.9655697295822,254.2228692504944) (186.9655697295822,280.0299225855101) (189.4342709576044,280.0299225855101) (189.4342709576044,305.9318510350467) (191.9316379931319,305.9318510350467) (191.9316379931319,331.8937418408948) (194.4561031555842,331.8937418408948) (194.4561031555842,357.873084135954) (196.9929409937055,357.873084135954) (196.9929409937055,383.8651141457428) (199.5428962137813,383.8651141457428) (199.5428962137813,409.8594677776426) (202.092851433857,409.8594677776426) (202.092851433857,435.8538214095424) (204.6428066539328,435.8538214095424) (204.6428066539328,461.8481750414421) (207.1927618740085,461.8481750414421) (207.1927618740085,487.8425286733419) (209.7427170940842,487.8425286733419) (209.7427170940842,513.8368823052417) (212.29267231416,513.8368823052417) (212.29267231416,539.8312359371415) (214.8426275342357,539.8312359371415) (214.8426275342357,565.8255895690413) (217.3925827543115,565.8255895690413) (217.3925827543115,591.8199432009411) (219.9425379743872,591.8199432009411) (219.9425379743872,617.8142968328409) (222.492493194463,617.8142968328409) (222.492493194463,643.8086504647407) (225.0424484145388,643.8086504647407) (225.0424484145388,669.8030040966405) (227.5924036346145,669.8030040966405) (227.5924036346145,695.7973577285403) (230.1423588546902,695.7973577285403) (230.1423588546902,721.7917113604401) (232.6923140747659,721.7917113604401) (232.6923140747659,735.2716860088356) (700,735.2716860088356)
batteryCharge[0]:
[0]: (0,100) (700,100)
user_guided_transport.end:
[0]: (0,0) (234.692314074765,0) (234.692314074765,1) (700,1)
[2K
Verifying formula 5 at /nta/queries/query[5]/formula
 -- Formula: simulate[<=700]{robot_inventory[0][0], user_guided_transport.end*2}
[2K -- Formula is satisfied.
robot_inventory[0][0]:
[0]: (0,0) (9.783766359631548,0) (9.783766359631548,1) (700,1)
user_guided_transport.end * 2:
[0]: (0,0) (233.0114365008558,0) (233.0114365008558,2) (700,2)
[2K
Verifying formula 6 at /nta/queries/query[6]/formula
 -- Formula: simulate[<=700]{bedroom[0], bedroom[1], kitchen[0], kitchen[1]}
[2K -- Formula is satisfied.
bedroom[0]:
[0]: (0,100) (700,100)
bedroom[1]:
[0]: (0,200) (700,200)
kitchen[0]:
[0]: (0,4400) (700,4400)
kitchen[1]:
[0]: (0,765) (700,765)
[2K
Verifying formula 7 at /nta/queries/query[7]/formula
 -- Formula: simulate[<=700]{rm_1.idle, rf_1.idle, rp_1.idle, rd_1.idle}
[2K -- Formula is satisfied.
rm_1.idle:
[0]: (0,0) (0,1) (0,0) (3,0) (3,1) (700,1)
rf_1.idle:
[0]: (0,0) (0,1) (10.02295277221128,1) (10.02295277221128,0) (232.2318194509502,0) (232.2318194509502,1) (700,1)
rp_1.idle:
[0]: (0,0) (0,1) (2,1) (2,0) (10.02295277221128,0) (10.02295277221128,1) (700,1)
rd_1.idle:
[0]: (0,0) (0,1) (700,1)
[2K
Verifying formula 8 at /nta/queries/query[8]/formula
 -- Formula: Pr[<=700](<>!rm_1.idle || !rf_1.idle || !rp_1.idle || !rd_1.idle)
[2K -- Formula is satisfied.
(72/72 runs) Pr(<> …) in [0.950056,1] (95% CI)
Values in [0,0] mean=0 steps=2.22045e-16: 72
[2K
Verifying formula 9 at /nta/queries/query[9]/formula
 -- Formula: Pr[<=700]([] (user_guided_transport.end imply (rm_1.idle && rf_1.idle && rp_1.idle && rd_1.idle)))
 -- Throughput: 598344 runs/sec, Load: 332 runs[K
[2K -- Formula is satisfied.
(72/72 runs) Pr([] …) in [0.950056,1] (95% CI)
[2K
Verifying formula 10 at /nta/queries/query[10]/formula
 -- Formula: Pr[<=700] (<> pow(humanPositionX[0] - kitchen[0], 2) + pow(humanPositionY[0] - kitchen[1], 2) <= 900 )
[2K -- Formula is satisfied.
(72/72 runs) Pr(<> …) in [0.950056,1] (95% CI)
Values in [192.02,196.849] mean=194.5 steps=0.536589: 10 2 8 11 8 9 8 5 11
[2K
Verifying formula 11 at /nta/queries/query[11]/formula
 -- Formula: Pr[<=700] (<> pow(humanPositionX[0] - bedroom[0], 2) + pow(humanPositionY[0] - bedroom[1], 2) <= 900 )
[2K -- Formula is satisfied.
(72/72 runs) Pr(<> …) in [0.950056,1] (95% CI)
Values in [1,1] mean=1 steps=2.22045e-16: 72
[2K
Verifying formula 12 at /nta/queries/query[12]/formula
 -- Formula: Pr[<=700] (<> pow(robPositionX[0] - bedroom[0], 2) + pow(robPositionY[0] - bedroom[1], 2) <= 900 )
[2K -- Formula is satisfied.
(72/72 runs) Pr(<> …) in [0.950056,1] (95% CI)
Values in [2,2] mean=2 steps=2.22045e-16: 72
[2K
Verifying formula 13 at /nta/queries/query[13]/formula
 -- Formula: Pr[<=700] (<> !isValidPosition(humanPositionX[0], humanPositionY[0]))
[2K -- Formula is satisfied.
(72/72 runs) Pr(<> …) in [0.950056,1] (95% CI)
Values in [0,0] mean=0 steps=2.22045e-16: 72
[2K
Verifying formula 14 at /nta/queries/query[14]/formula
 -- Formula: Pr[<=700] (<> !isValidPosition(robPositionX[0], robPositionY[0]))
[2K -- Formula is satisfied.
(72/72 runs) Pr(<> …) in [0.950056,1] (95% CI)
Values in [0,0] mean=0 steps=2.22045e-16: 72
[2K
Verifying formula 15 at /nta/queries/query[15]/formula
 -- Formula: Pr[<=700] (<> currP > 2)
 -- Throughput: 587693 runs/sec, Load: 333 runs[K
[2K -- Formula is satisfied.
(0/72 runs) Pr(<> …) in [0,0.0499441] (95% CI)
