Options for the verification:
  Generating no trace
  Search order is breadth first
  Using conservative space optimisation
  Seed is 1784870730
  State space representation uses minimal constraint systems with future testing
  Using HashMap + Compress integers for discrete state storage
[2K
Verifying formula 1 at /nta/queries/query[1]/formula
 -- Formula: simulate[<=700]{user_guided_transport_human_def.s1_start, user_guided_transport_human_def.s1_end, user_guided_transport_human_def.s2_start, user_guided_transport_human_def.s2_end, user_guided_transport_human_def.s3_start, user_guided_transport_human_def.s3_idle, user_guided_transport_human_def.s4_start, user_guided_transport_human_def.s4_idle, user_guided_transport.end}
[2K -- Formula is satisfied.
user_guided_transport_human_def.s1_start:
[0]: (0,0) (0,1) (0,0) (5,0) (5,1) (5,0) (10,0) (10,1) (10,0) (15,0) (15,1) (15,0) (20,0) (20,1) (20,0) (25,0) (25,1) (25,0) (30,0) (30,1) (30,0) (35,0) (35,1) (35,0) (40,0) (40,1) (40,0) (45,0) (45,1) (45,0) (50,0) (50,1) (50,0) (55,0) (55,1) (55,0) (60,0) (60,1) (60,0) (65,0) (65,1) (65,0) (70,0) (70,1) (70,0) (75,0) (75,1) (75,0) (80,0) (80,1) (80,0) (85,0) (85,1) (85,0) (90,0) (90,1) (90,0) (95,0) (95,1) (95,0) (100,0) (100,1) (100,0) (105,0) (105,1) (105,0) (110,0) (110,1) (110,0) (115,0) (115,1) (115,0) (120,0) (120,1) (120,0) (125,0) (125,1) (125,0) (130,0) (130,1) (130,0) (135,0) (135,1) (135,0) (140,0) (140,1) (140,0) (145,0) (145,1) (145,0) (150,0) (150,1) (150,0) (155,0) (155,1) (155,0) (160,0) (160,1) (160,0) (165,0) (165,1) (165,0) (170,0) (170,1) (170,0) (175,0) (175,1) (175,0) (180,0) (180,1) (180,0) (185,0) (185,1) (185,0) (700.000002,0)
user_guided_transport_human_def.s1_end:
[0]: (0,0) (186,0) (186,1) (186,0) (700.000002,0)
user_guided_transport_human_def.s2_start:
[0]: (0,0) (186,0) (186,1) (186,0) (191,0) (191,1) (191,0) (196,0) (196,1) (196,0) (201,0) (201,1) (201,0) (206,0) (206,1) (206,0) (211,0) (211,1) (211,0) (216,0) (216,1) (216,0) (221,0) (221,1) (221,0) (226,0) (226,1) (226,0) (231,0) (231,1) (231,0) (236,0) (236,1) (236,0) (241,0) (241,1) (241,0) (246,0) (246,1) (246,0) (251,0) (251,1) (251,0) (256,0) (256,1) (256,0) (261,0) (261,1) (261,0) (266,0) (266,1) (266,0) (271,0) (271,1) (271,0) (276,0) (276,1) (276,0) (281,0) (281,1) (281,0) (286,0) (286,1) (286,0) (291,0) (291,1) (291,0) (296,0) (296,1) (296,0) (301,0) (301,1) (301,0) (306,0) (306,1) (306,0) (311,0) (311,1) (311,0) (316,0) (316,1) (316,0) (321,0) (321,1) (321,0) (326,0) (326,1) (326,0) (331,0) (331,1) (331,0) (336,0) (336,1) (336,0) (341,0) (341,1) (341,0) (346,0) (346,1) (346,0) (351,0) (351,1) (351,0) (356,0) (356,1) (356,0) (361,0) (361,1) (361,0) (366,0) (366,1) (366,0) (371,0) (371,1) (371,0) (700.000002,0)
user_guided_transport_human_def.s2_end:
[0]: (0,0) (371,0) (371,1) (376.6178549442246,1) (376.6178549442246,0) (700.000002,0)
user_guided_transport_human_def.s3_start:
[0]: (0,0) (376.6178549442246,0) (376.6178549442246,1) (376.6178549442246,0) (700.000002,0)
user_guided_transport_human_def.s3_idle:
[0]: (0,0) (376.6178549442246,0) (376.6178549442246,1) (581.0598300587936,1) (581.0598300587936,0) (700.000002,0)
user_guided_transport_human_def.s4_start:
[0]: (0,0) (581.0598300587936,0) (581.0598300587936,1) (581.0598300587936,0) (700.000002,0)
user_guided_transport_human_def.s4_idle:
[0]: (0,0) (581.0598300587936,0) (581.0598300587936,1) (700.000002,1)
user_guided_transport.end:
[0]: (0,0) (700.000002,0)
[2K
Verifying formula 2 at /nta/queries/query[2]/formula
 -- Formula: simulate[<=700]{user_guided_transport_robot_def.s1_start, user_guided_transport_robot_def.s1_end, user_guided_transport_robot_def.s2_start, user_guided_transport_robot_def.s2_end, user_guided_transport_robot_def.s3_start, user_guided_transport_robot_def.s3_end, user_guided_transport_robot_def.s4_start, user_guided_transport_robot_def.s4_end, user_guided_transport.end}
[2K -- Formula is satisfied.
user_guided_transport_robot_def.s1_start:
[0]: (0,0) (0,1) (0,0) (700.000002,0)
user_guided_transport_robot_def.s1_end:
[0]: (0,0) (2,0) (2,1) (186,1) (186,0) (700.000002,0)
user_guided_transport_robot_def.s2_start:
[0]: (0,0) (186,0) (186,1) (186,0) (700.000002,0)
user_guided_transport_robot_def.s2_end:
[0]: (0,0) (376.6178549442246,0) (376.6178549442246,1) (376.6178549442246,0) (700.000002,0)
user_guided_transport_robot_def.s3_start:
[0]: (0,0) (376.6178549442246,0) (376.6178549442246,1) (376.6178549442246,0) (700.000002,0)
user_guided_transport_robot_def.s3_end:
[0]: (0,0) (580.9023679185096,0) (580.9023679185096,1) (580.9023679185096,0) (700.000002,0)
user_guided_transport_robot_def.s4_start:
[0]: (0,0) (580.9023679185096,0) (580.9023679185096,1) (580.9023679185096,0) (700.000002,0)
user_guided_transport_robot_def.s4_end:
[0]: (0,0) (700.000002,0)
user_guided_transport.end:
[0]: (0,0) (700.000002,0)
[2K
Verifying formula 3 at /nta/queries/query[3]/formula
 -- Formula: Pr[<=700] (<> user_guided_transport.end)
 -- Throughput: 685135 runs/sec, Load: 336 runs[K
[2K -- Formula is satisfied.
(0/72 runs) Pr(<> …) in [0,0.0499441] (95% CI)
[2K
Verifying formula 4 at /nta/queries/query[4]/formula
 -- Formula: simulate[<=700]{humanPositionX[0], humanPositionY[0], robPositionX[0], robPositionY[0], batteryCharge[0], user_guided_transport.end}
[2K -- Formula is satisfied.
humanPositionX[0]:
[0]: (0,0) (0,92.5) (1,92.5) (1,118.5) (2,118.5) (2,144.5) (3,144.5) (3,170.5) (4,170.5) (4,196.5) (5,196.5) (5,222.5) (6,222.5) (6,248.5) (7,248.5) (7,274.5) (8,274.5) (8,300.5) (9,300.5) (9,326.5) (10,326.5) (10,352.5) (11,352.5) (11,378.5) (12,378.5) (12,404.5) (13,404.5) (13,430.5) (14,430.5) (14,456.5) (15,456.5) (15,482.5) (16,482.5) (16,508.5) (17,508.5) (17,534.5) (18,534.5) (18,560.5) (19,560.5) (19,586.5) (20,586.5) (20,612.5) (21,612.5) (21,638.5) (22,638.5) (22,664.5) (23,664.5) (23,690.5) (24,690.5) (24,716.5) (25,716.5) (25,742.5) (26,742.5) (26,768.5) (27,768.5) (27,794.5) (28,794.5) (28,820.5) (29,820.5) (29,846.5) (30,846.5) (30,872.5) (31,872.5) (31,898.5) (32,898.5) (32,924.5) (33,924.5) (33,950.5) (34,950.5) (34,976.5) (35,976.5) (35,1002.5) (36,1002.5) (36,1028.5) (37,1028.5) (37,1054.5) (38,1054.5) (38,1080.5) (39,1080.5) (39,1106.5) (40,1106.5) (40,1132.5) (41,1132.5) (41,1158.5) (42,1158.5) (42,1184.5) (43,1184.5) (43,1210.5) (44,1210.5) (44,1236.5) (45,1236.5) (45,1262.5) (46,1262.5) (46,1288.5) (47,1288.5) (47,1314.5) (48,1314.5) (48,1340.5) (49,1340.5) (49,1366.5) (50,1366.5) (50,1392.5) (51,1392.5) (51,1418.5) (52,1418.5) (52,1444.5) (53,1444.5) (53,1478) (54,1478) (54,1504) (55,1504) (55,1530) (56,1530) (56,1556) (57,1556) (57,1582) (58,1582) (58,1608) (59,1608) (59,1634) (60,1634) (60,1660) (61,1660) (61,1686) (62,1686) (62,1712) (63,1712) (63,1738) (64,1738) (64,1764) (65,1764) (65,1790) (66,1790) (66,1816) (67,1816) (67,1842) (68,1842) (68,1868) (69,1868) (69,1894) (70,1894) (70,1920) (71,1920) (71,1946) (72,1946) (72,1972) (73,1972) (73,1998) (74,1998) (74,2024) (75,2024) (75,2050) (76,2050) (76,2076) (77,2076) (77,2102) (78,2102) (78,2128) (79,2128) (79,2154) (80,2154) (80,2180) (81,2180) (81,2206) (82,2206) (82,2232) (83,2232) (83,2258) (84,2258) (84,2284) (85,2284) (85,2310) (86,2310) (86,2336) (87,2336) (87,2362) (88,2362) (88,2388) (89,2388) (89,2414) (90,2414) (90,2440) (91,2440) (91,2466) (92,2466) (92,2492) (93,2492) (93,2518) (94,2518) (94,2544) (95,2544) (95,2570) (96,2570) (96,2596) (97,2596) (97,2622) (98,2622) (98,2648) (99,2648) (99,2674) (100,2674) (100,2700) (101,2700) (101,2726) (102,2726) (102,2752) (103,2752) (103,2778) (104,2778) (104,2804) (105,2804) (105,2830) (106,2830) (106,2856) (107,2856) (107,2882) (108,2882) (108,2908) (109,2908) (109,2934) (110,2934) (110,2960) (111,2960) (111,2986) (112,2986) (112,3012) (113,3012) (113,3038) (114,3038) (114,3088.5) (115,3088.5) (115,3114.5) (116,3114.5) (116,3140.5) (117,3140.5) (117,3166.5) (118,3166.5) (118,3192.5) (119,3192.5) (119,3218.5) (120,3218.5) (120,3244.5) (121,3244.5) (121,3270.5) (122,3270.5) (122,3296.5) (123,3296.5) (123,3322.5) (124,3322.5) (124,3348.5) (125,3348.5) (125,3374.5) (126,3374.5) (126,3400.5) (127,3400.5) (127,3426.5) (128,3426.5) (128,3452.5) (129,3452.5) (129,3478.5) (130,3478.5) (130,3504.5) (131,3504.5) (131,3530.5) (132,3530.5) (132,3556.5) (133,3556.5) (133,3582.5) (134,3582.5) (134,3608.5) (135,3608.5) (135,3634.5) (136,3634.5) (136,3660.5) (137,3660.5) (137,3686.5) (138,3686.5) (138,3712.5) (139,3712.5) (139,3738.5) (140,3738.5) (140,3764.5) (141,3764.5) (141,3790.5) (142,3790.5) (142,3816.5) (143,3816.5) (143,3842.5) (144,3842.5) (144,3868.5) (145,3868.5) (145,3894.5) (146,3894.5) (146,3920.5) (147,3920.5) (147,3946.5) (148,3946.5) (148,3972.5) (149,3972.5) (149,3998.5) (150,3998.5) (150,4024.5) (151,4024.5) (151,4050.5) (152,4050.5) (152,4076.5) (153,4076.5) (153,4102.5) (154,4102.5) (154,4128.5) (155,4128.5) (155,4154.5) (156,4154.5) (156,4180.5) (157,4180.5) (157,4206.5) (158,4206.5) (158,4232.5) (159,4232.5) (159,4258.5) (160,4258.5) (160,4284.5) (161,4284.5) (161,4310.5) (162,4310.5) (162,4336.5) (163,4336.5) (163,4362.5) (164,4362.5) (164,4388.5) (165,4388.5) (165,4416.265463717128) (166,4416.265463717128) (166,4415.530927434256) (167,4415.530927434256) (167,4414.796391151384) (168,4414.796391151384) (168,4414.061854868512) (169,4414.061854868512) (169,4413.327318585641) (170,4413.327318585641) (170,4412.592782302769) (171,4412.592782302769) (171,4411.858246019897) (172,4411.858246019897) (172,4411.123709737025) (173,4411.123709737025) (173,4410.389173454153) (174,4410.389173454153) (174,4409.654637171281) (175,4409.654637171281) (175,4408.920100888409) (176,4408.920100888409) (176,4408.185564605537) (177,4408.185564605537) (177,4407.451028322665) (178,4407.451028322665) (178,4406.716492039794) (179,4406.716492039794) (179,4405.981955756922) (180,4405.981955756922) (180,4405.24741947405) (181,4405.24741947405) (181,4404.512883191178) (182,4404.512883191178) (182,4403.778346908306) (183,4403.778346908306) (183,4403.043810625434) (184,4403.043810625434) (184,4402.309274342562) (185,4402.309274342562) (185,4401.57473805969) (186,4401.57473805969) (186,4400.840201776819) (187,4400.840201776819) (187,4374.845079718808) (188,4374.845079718808) (188,4348.849957660797) (189,4348.849957660797) (189,4322.854835602787) (190,4322.854835602787) (190,4296.859713544776) (191,4296.859713544776) (191,4270.864591486766) (192,4270.864591486766) (192,4244.869469428755) (193,4244.869469428755) (193,4218.874347370745) (194,4218.874347370745) (194,4192.879225312734) (195,4192.879225312734) (195,4166.884103254723) (196,4166.884103254723) (196,4140.888981196713) (197,4140.888981196713) (197,4114.893859138702) (198,4114.893859138702) (198,4088.898737080691) (199,4088.898737080691) (199,4062.90361502268) (200,4062.90361502268) (200,4036.908492964669) (201,4036.908492964669) (201,4010.913370906658) (202,4010.913370906658) (202,3984.918248848647) (203,3984.918248848647) (203,3958.923126790636) (204,3958.923126790636) (204,3932.928004732625) (205,3932.928004732625) (205,3906.932882674614) (206,3906.932882674614) (206,3880.937760616603) (207,3880.937760616603) (207,3854.942638558592) (208,3854.942638558592) (208,3828.947516500581) (209,3828.947516500581) (209,3802.95239444257) (210,3802.95239444257) (210,3776.957272384559) (211,3776.957272384559) (211,3750.962150326548) (212,3750.962150326548) (212,3724.967028268537) (213,3724.967028268537) (213,3698.971906210526) (214,3698.971906210526) (214,3672.976784152515) (215,3672.976784152515) (215,3646.981662094504) (216,3646.981662094504) (216,3620.986540036493) (217,3620.986540036493) (217,3594.991417978482) (218,3594.991417978482) (218,3568.996295920471) (219,3568.996295920471) (219,3543.00117386246) (220,3543.00117386246) (220,3517.006051804449) (221,3517.006051804449) (221,3491.010929746438) (222,3491.010929746438) (222,3465.015807688427) (223,3465.015807688427) (223,3439.020685630416) (224,3439.020685630416) (224,3413.025563572405) (225,3413.025563572405) (225,3387.030441514394) (226,3387.030441514394) (226,3361.035319456383) (227,3361.035319456383) (227,3335.040197398372) (228,3335.040197398372) (228,3309.045075340361) (229,3309.045075340361) (229,3283.04995328235) (230,3283.04995328235) (230,3257.054831224339) (231,3257.054831224339) (231,3231.059709166328) (232,3231.059709166328) (232,3205.064587108317) (233,3205.064587108317) (233,3179.069465050306) (234,3179.069465050306) (234,3153.074342992295) (235,3153.074342992295) (235,3127.079220934284) (236,3127.079220934284) (236,3101.084098876272) (237,3101.084098876272) (237,3075.088976818261) (238,3075.088976818261) (238,3062.5) (260,3062.5) (260,3036.5) (261,3036.5) (261,3010.5) (262,3010.5) (262,2984.5) (263,2984.5) (263,2958.5) (264,2958.5) (264,2932.5) (265,2932.5) (265,2906.5) (266,2906.5) (266,2880.5) (267,2880.5) (267,2854.5) (268,2854.5) (268,2828.5) (269,2828.5) (269,2802.5) (270,2802.5) (270,2776.5) (271,2776.5) (271,2750.5) (272,2750.5) (272,2724.5) (273,2724.5) (273,2698.5) (274,2698.5) (274,2672.5) (275,2672.5) (275,2646.5) (276,2646.5) (276,2620.5) (277,2620.5) (277,2594.5) (278,2594.5) (278,2568.5) (279,2568.5) (279,2542.5) (280,2542.5) (280,2516.5) (281,2516.5) (281,2490.5) (282,2490.5) (282,2464.5) (283,2464.5) (283,2438.5) (284,2438.5) (284,2412.5) (285,2412.5) (285,2386.5) (286,2386.5) (286,2360.5) (287,2360.5) (287,2334.5) (288,2334.5) (288,2308.5) (289,2308.5) (289,2282.5) (290,2282.5) (290,2256.5) (291,2256.5) (291,2230.5) (292,2230.5) (292,2204.5) (293,2204.5) (293,2178.5) (294,2178.5) (294,2152.5) (295,2152.5) (295,2126.5) (296,2126.5) (296,2100.5) (297,2100.5) (297,2074.5) (298,2074.5) (298,2048.5) (299,2048.5) (299,2022.5) (300,2022.5) (300,1996.5) (301,1996.5) (301,1970.5) (302,1970.5) (302,1944.5) (303,1944.5) (303,1918.5) (304,1918.5) (304,1892.5) (305,1892.5) (305,1866.5) (306,1866.5) (306,1840.5) (307,1840.5) (307,1814.5) (308,1814.5) (308,1788.5) (309,1788.5) (309,1762.5) (310,1762.5) (310,1736.5) (311,1736.5) (311,1710.5) (312,1710.5) (312,1684.5) (313,1684.5) (313,1658.5) (314,1658.5) (314,1632.5) (315,1632.5) (315,1606.5) (316,1606.5) (316,1580.5) (317,1580.5) (317,1554.5) (318,1554.5) (318,1528.5) (319,1528.5) (319,1502.5) (320,1502.5) (320,1476.5) (321,1476.5) (321,1426.009469747118) (322,1426.009469747118) (322,1400.018939494237) (323,1400.018939494237) (323,1374.028409241355) (324,1374.028409241355) (324,1348.037878988473) (325,1348.037878988473) (325,1322.047348735592) (326,1322.047348735592) (326,1296.05681848271) (327,1296.05681848271) (327,1270.066288229829) (328,1270.066288229829) (328,1244.075757976947) (329,1244.075757976947) (329,1218.085227724065) (330,1218.085227724065) (330,1192.094697471184) (331,1192.094697471184) (331,1166.104167218302) (332,1166.104167218302) (332,1140.11363696542) (333,1140.11363696542) (333,1114.123106712539) (334,1114.123106712539) (334,1088.132576459657) (335,1088.132576459657) (335,1062.142046206776) (336,1062.142046206776) (336,1036.151515953894) (337,1036.151515953894) (337,1010.160985701012) (338,1010.160985701012) (338,984.1704554481307) (339,984.1704554481307) (339,958.1799251952491) (340,958.1799251952491) (340,932.1893949423675) (341,932.1893949423675) (341,906.1988646894858) (342,906.1988646894858) (342,880.2083344366042) (343,880.2083344366042) (343,854.2178041837226) (344,854.2178041837226) (344,828.227273930841) (345,828.227273930841) (345,802.2367436779593) (346,802.2367436779593) (346,776.2462134250777) (347,776.2462134250777) (347,750.2556831721961) (348,750.2556831721961) (348,724.2651529193145) (349,724.2651529193145) (349,698.2746226664328) (350,698.2746226664328) (350,672.2840924135512) (351,672.2840924135512) (351,646.2935621606696) (352,646.2935621606696) (352,620.303031907788) (353,620.303031907788) (353,594.3125016549063) (354,594.3125016549063) (354,568.3219714020247) (355,568.3219714020247) (355,542.3314411491431) (356,542.3314411491431) (356,516.3409108962614) (357,516.3409108962614) (357,490.3503806433799) (358,490.3503806433799) (358,464.3598503904983) (359,464.3598503904983) (359,438.3693201376167) (360,438.3693201376167) (360,412.3787898847352) (361,412.3787898847352) (361,386.3882596318536) (362,386.3882596318536) (362,360.397729378972) (363,360.397729378972) (363,334.4071991260905) (364,334.4071991260905) (364,308.4166688732089) (365,308.4166688732089) (365,282.4261386203273) (366,282.4261386203273) (366,256.4356083674458) (367,256.4356083674458) (367,230.4450781145642) (368,230.4450781145642) (368,204.4545478616826) (369,204.4545478616826) (369,178.464017608801) (370,178.464017608801) (370,152.4734873559195) (371,152.4734873559195) (371,126.4829571030379) (700.000002,126.4829571030379)
humanPositionY[0]:
[0]: (0,0) (0,163.5) (165,163.5) (165,189.4896220913107) (166,189.4896220913107) (166,215.4792441826214) (167,215.4792441826214) (167,241.4688662739321) (168,241.4688662739321) (168,267.4584883652428) (169,267.4584883652428) (169,293.4481104565535) (170,293.4481104565535) (170,319.4377325478642) (171,319.4377325478642) (171,345.427354639175) (172,345.427354639175) (172,371.4169767304857) (173,371.4169767304857) (173,397.4065988217964) (174,397.4065988217964) (174,423.3962209131071) (175,423.3962209131071) (175,449.3858430044178) (176,449.3858430044178) (176,475.3754650957285) (177,475.3754650957285) (177,501.3650871870392) (178,501.3650871870392) (178,527.3547092783499) (179,527.3547092783499) (179,553.3443313696606) (180,553.3443313696606) (180,579.3339534609713) (181,579.3339534609713) (181,605.323575552282) (182,605.323575552282) (182,631.3131976435927) (183,631.3131976435927) (183,657.3028197349034) (184,657.3028197349034) (184,683.2924418262141) (185,683.2924418262141) (185,709.2820639175249) (186,709.2820639175249) (186,735.2716860088356) (187,735.2716860088356) (187,735.7753021216812) (188,735.7753021216812) (188,736.2789182345268) (189,736.2789182345268) (189,736.7825343473725) (190,736.7825343473725) (190,737.2861504602181) (191,737.2861504602181) (191,737.7897665730637) (192,737.7897665730637) (192,738.2933826859094) (193,738.2933826859094) (193,738.796998798755) (194,738.796998798755) (194,739.3006149116006) (195,739.3006149116006) (195,739.8042310244463) (196,739.8042310244463) (196,740.3078471372919) (197,740.3078471372919) (197,740.8114632501375) (198,740.8114632501375) (198,741.3150793629832) (199,741.3150793629832) (199,741.8186954758288) (200,741.8186954758288) (200,742.3223115886744) (201,742.3223115886744) (201,742.8259277015201) (202,742.8259277015201) (202,743.3295438143657) (203,743.3295438143657) (203,743.8331599272113) (204,743.8331599272113) (204,744.336776040057) (205,744.336776040057) (205,744.8403921529026) (206,744.8403921529026) (206,745.3440082657482) (207,745.3440082657482) (207,745.8476243785939) (208,745.8476243785939) (208,746.3512404914395) (209,746.3512404914395) (209,746.8548566042851) (210,746.8548566042851) (210,747.3584727171308) (211,747.3584727171308) (211,747.8620888299764) (212,747.8620888299764) (212,748.365704942822) (213,748.365704942822) (213,748.8693210556677) (214,748.8693210556677) (214,749.3729371685133) (215,749.3729371685133) (215,749.876553281359) (216,749.876553281359) (216,750.3801693942046) (217,750.3801693942046) (217,750.8837855070502) (218,750.8837855070502) (218,751.3874016198959) (219,751.3874016198959) (219,751.8910177327415) (220,751.8910177327415) (220,752.3946338455871) (221,752.3946338455871) (221,752.8982499584328) (222,752.8982499584328) (222,753.4018660712784) (223,753.4018660712784) (223,753.905482184124) (224,753.905482184124) (224,754.4090982969697) (225,754.4090982969697) (225,754.9127144098153) (226,754.9127144098153) (226,755.4163305226609) (227,755.4163305226609) (227,755.9199466355066) (228,755.9199466355066) (228,756.4235627483522) (229,756.4235627483522) (229,756.9271788611978) (230,756.9271788611978) (230,757.4307949740435) (231,757.4307949740435) (231,757.9344110868891) (232,757.9344110868891) (232,758.4380271997347) (233,758.4380271997347) (233,758.9416433125804) (234,758.9416433125804) (234,759.445259425426) (235,759.445259425426) (235,759.9488755382716) (236,759.9488755382716) (236,760.4524916511173) (237,760.4524916511173) (237,760.9561077639629) (238,760.9561077639629) (238,735.2) (239,735.2) (239,709.2) (240,709.2) (240,683.2) (241,683.2) (241,657.2) (242,657.2) (242,631.2) (243,631.2) (243,605.2) (244,605.2) (244,579.2) (245,579.2) (245,553.2) (246,553.2) (246,527.2) (247,527.2) (247,501.2) (248,501.2) (248,475.2) (249,475.2) (249,449.2) (250,449.2) (250,423.2) (251,423.2) (251,397.2) (252,397.2) (252,371.2) (253,371.2) (253,345.2) (254,345.2) (254,319.2) (255,319.2) (255,293.2) (256,293.2) (256,267.2) (257,267.2) (257,241.2) (258,241.2) (258,215.2) (259,215.2) (259,189.2) (260,189.2) (260,163.4999999976654) (261,163.4999999976654) (261,163.4999999953308) (262,163.4999999953308) (262,163.4999999929962) (263,163.4999999929962) (263,163.4999999906615) (264,163.4999999906615) (264,163.4999999883269) (265,163.4999999883269) (265,163.4999999859923) (266,163.4999999859923) (266,163.4999999836577) (267,163.4999999836577) (267,163.4999999813231) (268,163.4999999813231) (268,163.4999999789885) (269,163.4999999789885) (269,163.4999999766538) (270,163.4999999766538) (270,163.4999999743192) (271,163.4999999743192) (271,163.4999999719846) (272,163.4999999719846) (272,163.49999996965) (273,163.49999996965) (273,163.4999999673154) (274,163.4999999673154) (274,163.4999999649808) (275,163.4999999649808) (275,163.4999999626461) (276,163.4999999626461) (276,163.4999999603115) (277,163.4999999603115) (277,163.4999999579769) (278,163.4999999579769) (278,163.4999999556423) (279,163.4999999556423) (279,163.4999999533077) (280,163.4999999533077) (280,163.4999999509731) (281,163.4999999509731) (281,163.4999999486384) (282,163.4999999486384) (282,163.4999999463038) (283,163.4999999463038) (283,163.4999999439692) (284,163.4999999439692) (284,163.4999999416346) (285,163.4999999416346) (285,163.4999999393) (286,163.4999999393) (286,163.4999999369654) (287,163.4999999369654) (287,163.4999999346308) (288,163.4999999346308) (288,163.4999999322961) (289,163.4999999322961) (289,163.4999999299615) (290,163.4999999299615) (290,163.4999999276269) (291,163.4999999276269) (291,163.4999999252923) (292,163.4999999252923) (292,163.4999999229577) (293,163.4999999229577) (293,163.4999999206231) (294,163.4999999206231) (294,163.4999999182884) (295,163.4999999182884) (295,163.4999999159538) (296,163.4999999159538) (296,163.4999999136192) (297,163.4999999136192) (297,163.4999999112846) (298,163.4999999112846) (298,163.49999990895) (299,163.49999990895) (299,163.4999999066154) (300,163.4999999066154) (300,163.4999999042807) (301,163.4999999042807) (301,163.4999999019461) (302,163.4999999019461) (302,163.4999998996115) (303,163.4999998996115) (303,163.4999998972769) (304,163.4999998972769) (304,163.4999998949423) (305,163.4999998949423) (305,163.4999998926077) (306,163.4999998926077) (306,163.499999890273) (307,163.499999890273) (307,163.4999998879384) (308,163.4999998879384) (308,163.4999998856038) (309,163.4999998856038) (309,163.4999998832692) (310,163.4999998832692) (310,163.4999998809346) (311,163.4999998809346) (311,163.4999998786) (312,163.4999998786) (312,163.4999998762653) (313,163.4999998762653) (313,163.4999998739307) (314,163.4999998739307) (314,163.4999998715961) (315,163.4999998715961) (315,163.4999998692615) (316,163.4999998692615) (316,163.4999998669269) (317,163.4999998669269) (317,163.4999998645923) (318,163.4999998645923) (318,163.4999998622577) (319,163.4999998622577) (319,163.499999859923) (320,163.499999859923) (320,163.4999998575884) (321,163.4999998575884) (321,164.2016674241034) (322,164.2016674241034) (322,164.9033348482068) (323,164.9033348482068) (323,165.6050022723103) (324,165.6050022723103) (324,166.3066696964137) (325,166.3066696964137) (325,167.0083371205171) (326,167.0083371205171) (326,167.7100045446205) (327,167.7100045446205) (327,168.4116719687239) (328,168.4116719687239) (328,169.1133393928274) (329,169.1133393928274) (329,169.8150068169308) (330,169.8150068169308) (330,170.5166742410342) (331,170.5166742410342) (331,171.2183416651376) (332,171.2183416651376) (332,171.920009089241) (333,171.920009089241) (333,172.6216765133445) (334,172.6216765133445) (334,173.3233439374479) (335,173.3233439374479) (335,174.0250113615513) (336,174.0250113615513) (336,174.7266787856547) (337,174.7266787856547) (337,175.4283462097581) (338,175.4283462097581) (338,176.1300136338616) (339,176.1300136338616) (339,176.831681057965) (340,176.831681057965) (340,177.5333484820684) (341,177.5333484820684) (341,178.2350159061718) (342,178.2350159061718) (342,178.9366833302752) (343,178.9366833302752) (343,179.6383507543786) (344,179.6383507543786) (344,180.3400181784821) (345,180.3400181784821) (345,181.0416856025855) (346,181.0416856025855) (346,181.7433530266889) (347,181.7433530266889) (347,182.4450204507923) (348,182.4450204507923) (348,183.1466878748957) (349,183.1466878748957) (349,183.8483552989992) (350,183.8483552989992) (350,184.5500227231026) (351,184.5500227231026) (351,185.251690147206) (352,185.251690147206) (352,185.9533575713094) (353,185.9533575713094) (353,186.6550249954128) (354,186.6550249954128) (354,187.3566924195163) (355,187.3566924195163) (355,188.0583598436197) (356,188.0583598436197) (356,188.7600272677231) (357,188.7600272677231) (357,189.4616946918265) (358,189.4616946918265) (358,190.1633621159299) (359,190.1633621159299) (359,190.8650295400334) (360,190.8650295400334) (360,191.5666969641368) (361,191.5666969641368) (361,192.2683643882402) (362,192.2683643882402) (362,192.9700318123436) (363,192.9700318123436) (363,193.671699236447) (364,193.671699236447) (364,194.3733666605505) (365,194.3733666605505) (365,195.0750340846539) (366,195.0750340846539) (366,195.7767015087573) (367,195.7767015087573) (367,196.4783689328607) (368,196.4783689328607) (368,197.1800363569641) (369,197.1800363569641) (369,197.8817037810676) (370,197.8817037810676) (370,198.583371205171) (371,198.583371205171) (371,199.2850386292744) (700.000002,199.2850386292744)
robPositionX[0]:
[0]: (0,0) (0,92.5) (2,92.5) (2,97.73313175708738) (188,97.73313175708738) (188,123.7285354798977) (189.0188034624832,123.7285354798977) (189.0188034624832,149.723939202708) (190.0188034624832,149.723939202708) (190.0188034624832,175.7193429255182) (191.0188034624832,175.7193429255182) (191.0188034624832,201.7147466483285) (192.0188034624832,201.7147466483285) (192.0188034624832,227.7101503711388) (193.0188034624832,227.7101503711388) (193.0188034624832,253.7055540939491) (194.0188034624832,253.7055540939491) (194.0188034624832,279.7009578167594) (195.0188034624832,279.7009578167594) (195.0188034624832,305.6963615395697) (196.0188034624832,305.6963615395697) (196.0188034624832,331.69176526238) (197.0188034624832,331.69176526238) (197.0188034624832,357.6871689851903) (198.0188034624832,357.6871689851903) (198.0188034624832,383.6825727080006) (199.0188034624832,383.6825727080006) (199.0188034624832,409.6779764308109) (200.0188034624832,409.6779764308109) (200.0188034624832,435.6733801536212) (201.0188034624832,435.6733801536212) (201.0188034624832,461.6687838764315) (202.0188034624832,461.6687838764315) (202.0188034624832,487.6641875992418) (203.0188034624832,487.6641875992418) (203.0188034624832,513.6595913220521) (204.0188034624832,513.6595913220521) (204.0188034624832,539.6549950448623) (205.0188034624832,539.6549950448623) (205.0188034624832,565.6503987676725) (206.0188034624832,565.6503987676725) (206.0188034624832,591.6458024904828) (207.0188034624832,591.6458024904828) (207.0188034624832,617.641206213293) (208.0188034624832,617.641206213293) (208.0188034624832,643.6366099361032) (209.0188034624832,643.6366099361032) (209.0188034624832,669.6320136589135) (210.0188034624832,669.6320136589135) (210.0188034624832,695.6274173817237) (211.0188034624832,695.6274173817237) (211.0188034624832,721.622821104534) (212.0188034624832,721.622821104534) (212.0188034624832,747.6182248273442) (213.0188034624832,747.6182248273442) (213.0188034624832,773.6136285501544) (214.0188034624832,773.6136285501544) (214.0188034624832,799.6090322729647) (215.0188034624832,799.6090322729647) (215.0188034624832,825.6044359957749) (216.0188034624832,825.6044359957749) (216.0188034624832,851.5998397185851) (217.0188034624832,851.5998397185851) (217.0188034624832,877.5952434413954) (218.0188034624832,877.5952434413954) (218.0188034624832,903.5906471642056) (219.0188034624832,903.5906471642056) (219.0188034624832,929.5860508870159) (220.0188034624832,929.5860508870159) (220.0188034624832,955.5814546098261) (221.0188034624832,955.5814546098261) (221.0188034624832,981.5768583326363) (222.0188034624832,981.5768583326363) (222.0188034624832,1007.572262055447) (223.0188034624832,1007.572262055447) (223.0188034624832,1033.567665778257) (224.0188034624832,1033.567665778257) (224.0188034624832,1059.563069501067) (225.0188034624832,1059.563069501067) (225.0188034624832,1085.558473223878) (226.0188034624832,1085.558473223878) (226.0188034624832,1111.553876946688) (227.0188034624832,1111.553876946688) (227.0188034624832,1137.549280669498) (228.0188034624832,1137.549280669498) (228.0188034624832,1163.544684392309) (229.0188034624832,1163.544684392309) (229.0188034624832,1189.540088115119) (230.0188034624832,1189.540088115119) (230.0188034624832,1215.535491837929) (231.0188034624832,1215.535491837929) (231.0188034624832,1241.53089556074) (232.0188034624832,1241.53089556074) (232.0188034624832,1267.52629928355) (233.0188034624832,1267.52629928355) (233.0188034624832,1293.52170300636) (234.0188034624832,1293.52170300636) (234.0188034624832,1319.517106729171) (235.0188034624832,1319.517106729171) (235.0188034624832,1345.512510451981) (236.0188034624832,1345.512510451981) (236.0188034624832,1371.507914174791) (237.0188034624832,1371.507914174791) (237.0188034624832,1397.503317897602) (238.0188034624832,1397.503317897602) (238.0188034624832,1423.498721620412) (239.0188034624832,1423.498721620412) (239.0188034624832,1452) (240.0188034624832,1452) (240.0188034624832,1478) (241.0188034624832,1478) (241.0188034624832,1504) (242.0188034624832,1504) (242.0188034624832,1530) (243.0188034624832,1530) (243.0188034624832,1556) (244.0188034624832,1556) (244.0188034624832,1582) (245.0188034624832,1582) (245.0188034624832,1608) (246.0188034624832,1608) (246.0188034624832,1634) (247.0188034624832,1634) (247.0188034624832,1660) (248.0188034624832,1660) (248.0188034624832,1686) (249.0188034624832,1686) (249.0188034624832,1712) (250.0188034624832,1712) (250.0188034624832,1738) (251.0188034624832,1738) (251.0188034624832,1764) (252.0188034624832,1764) (252.0188034624832,1790) (253.0188034624832,1790) (253.0188034624832,1816) (254.0188034624832,1816) (254.0188034624832,1842) (255.0188034624832,1842) (255.0188034624832,1868) (256.0188034624832,1868) (256.0188034624832,1894) (257.0188034624832,1894) (257.0188034624832,1920) (258.0188034624832,1920) (258.0188034624832,1946) (259.0188034624832,1946) (259.0188034624832,1972) (260.0188034624832,1972) (260.0188034624832,1998) (261.0188034624832,1998) (261.0188034624832,2024) (262.0188034624832,2024) (262.0188034624832,2050) (263.0188034624832,2050) (263.0188034624832,2076) (264.0188034624832,2076) (264.0188034624832,2102) (265.0188034624832,2102) (265.0188034624832,2128) (266.0188034624832,2128) (266.0188034624832,2154) (267.0188034624832,2154) (267.0188034624832,2180) (268.0188034624832,2180) (268.0188034624832,2206) (269.0188034624832,2206) (269.0188034624832,2232) (270.0188034624832,2232) (270.0188034624832,2258) (271.0188034624832,2258) (271.0188034624832,2284) (272.0188034624832,2284) (272.0188034624832,2310) (273.0188034624832,2310) (273.0188034624832,2336) (274.0188034624832,2336) (274.0188034624832,2362) (275.0188034624832,2362) (275.0188034624832,2388) (276.0188034624832,2388) (276.0188034624832,2414) (277.0188034624832,2414) (277.0188034624832,2440) (278.0188034624832,2440) (278.0188034624832,2466) (279.0188034624832,2466) (279.0188034624832,2492) (280.0188034624832,2492) (280.0188034624832,2518) (281.0188034624832,2518) (281.0188034624832,2544) (282.0188034624832,2544) (282.0188034624832,2570) (283.0188034624832,2570) (283.0188034624832,2596) (284.0188034624832,2596) (284.0188034624832,2622) (285.0188034624832,2622) (285.0188034624832,2648) (286.0188034624833,2648) (286.0188034624833,2674) (287.0188034624833,2674) (287.0188034624833,2700) (288.0188034624833,2700) (288.0188034624833,2726) (289.0188034624833,2726) (289.0188034624833,2752) (290.0188034624833,2752) (290.0188034624833,2778) (291.0188034624833,2778) (291.0188034624833,2804) (292.0188034624833,2804) (292.0188034624833,2830) (293.0188034624833,2830) (293.0188034624833,2856) (294.0188034624833,2856) (294.0188034624833,2882) (295.0188034624833,2882) (295.0188034624833,2908) (296.0188034624833,2908) (296.0188034624833,2934) (297.0188034624833,2934) (297.0188034624833,2960) (298.0188034624833,2960) (298.0188034624833,2986) (299.0188034624833,2986) (299.0188034624833,3012) (300.0188034624833,3012) (300.0188034624833,3038) (301.0188034624833,3038) (301.0188034624833,3062.5) (302.0188034624833,3062.5) (302.0188034624833,3088.5) (303.0188034624833,3088.5) (303.0188034624833,3114.5) (304.0188034624833,3114.5) (304.0188034624833,3140.5) (305.0188034624833,3140.5) (305.0188034624833,3166.5) (306.0188034624833,3166.5) (306.0188034624833,3192.5) (307.0188034624833,3192.5) (307.0188034624833,3218.5) (308.0188034624833,3218.5) (308.0188034624833,3244.5) (309.0188034624833,3244.5) (309.0188034624833,3270.5) (310.0188034624833,3270.5) (310.0188034624833,3296.5) (311.0188034624833,3296.5) (311.0188034624833,3322.5) (312.0188034624833,3322.5) (312.0188034624833,3348.5) (313.0188034624833,3348.5) (313.0188034624833,3374.5) (314.0188034624833,3374.5) (314.0188034624833,3400.5) (315.0188034624833,3400.5) (315.0188034624833,3426.5) (316.0188034624833,3426.5) (316.0188034624833,3452.5) (317.0188034624833,3452.5) (317.0188034624833,3478.5) (318.0188034624833,3478.5) (318.0188034624833,3504.5) (319.0188034624833,3504.5) (319.0188034624833,3530.5) (320.0188034624833,3530.5) (320.0188034624833,3556.5) (321.0188034624833,3556.5) (321.0188034624833,3582.5) (322.0188034624833,3582.5) (322.0188034624833,3608.5) (323.0188034624833,3608.5) (323.0188034624833,3634.5) (324.0188034624833,3634.5) (324.0188034624833,3660.5) (325.0188034624833,3660.5) (325.0188034624833,3686.5) (326.0188034624833,3686.5) (326.0188034624833,3712.5) (327.0188034624833,3712.5) (327.0188034624833,3738.5) (328.0188034624833,3738.5) (328.0188034624833,3764.5) (329.0188034624833,3764.5) (329.0188034624833,3790.5) (330.0188034624833,3790.5) (330.0188034624833,3816.5) (331.0188034624833,3816.5) (331.0188034624833,3842.5) (332.0188034624833,3842.5) (332.0188034624833,3868.5) (333.0188034624833,3868.5) (333.0188034624833,3894.5) (334.0188034624833,3894.5) (334.0188034624833,3920.5) (335.0188034624833,3920.5) (335.0188034624833,3946.5) (336.0188034624833,3946.5) (336.0188034624833,3972.5) (337.0188034624833,3972.5) (337.0188034624833,3998.5) (338.0188034624833,3998.5) (338.0188034624833,4024.5) (339.0188034624833,4024.5) (339.0188034624833,4050.5) (340.0188034624833,4050.5) (340.0188034624833,4076.5) (341.0188034624833,4076.5) (341.0188034624833,4102.5) (342.0188034624833,4102.5) (342.0188034624833,4128.5) (343.0188034624833,4128.5) (343.0188034624833,4154.5) (344.0188034624833,4154.5) (344.0188034624833,4180.5) (345.0188034624833,4180.5) (345.0188034624833,4206.5) (346.0188034624833,4206.5) (346.0188034624833,4232.5) (347.0188034624833,4232.5) (347.0188034624833,4258.5) (348.0188034624833,4258.5) (348.0188034624833,4284.5) (349.0188034624833,4284.5) (349.0188034624833,4310.5) (350.0188034624833,4310.5) (350.0188034624833,4336.5) (351.0188034624833,4336.5) (351.0188034624833,4362.5) (352.0188034624833,4362.5) (352.0188034624833,4388.5) (353.0188034624833,4388.5) (353.0188034624833,4417) (355.6178549442247,4417) (355.6178549442247,4416.265463717128) (356.6178549442247,4416.265463717128) (356.6178549442247,4415.530927434256) (357.6178549442247,4415.530927434256) (357.6178549442247,4414.796391151384) (358.6178549442247,4414.796391151384) (358.6178549442247,4414.061854868512) (359.6178549442247,4414.061854868512) (359.6178549442247,4413.327318585641) (360.6178549442247,4413.327318585641) (360.6178549442247,4412.592782302769) (361.6178549442247,4412.592782302769) (361.6178549442247,4411.858246019897) (362.6178549442247,4411.858246019897) (362.6178549442247,4411.123709737025) (363.6178549442247,4411.123709737025) (363.6178549442247,4410.389173454153) (364.6178549442247,4410.389173454153) (364.6178549442247,4409.654637171281) (365.6178549442247,4409.654637171281) (365.6178549442247,4408.920100888409) (366.6178549442247,4408.920100888409) (366.6178549442247,4408.185564605537) (367.6178549442247,4408.185564605537) (367.6178549442247,4407.451028322665) (368.6178549442247,4407.451028322665) (368.6178549442247,4406.716492039794) (369.6178549442247,4406.716492039794) (369.6178549442247,4405.981955756922) (370.6178549442247,4405.981955756922) (370.6178549442247,4405.24741947405) (371.6178549442247,4405.24741947405) (371.6178549442247,4404.512883191178) (372.6178549442247,4404.512883191178) (372.6178549442247,4403.778346908306) (373.6178549442247,4403.778346908306) (373.6178549442247,4403.043810625434) (374.6178549442247,4403.043810625434) (374.6178549442247,4402.309274342562) (375.6178549442247,4402.309274342562) (375.6178549442247,4401.57473805969) (376.6178549442247,4401.57473805969) (376.6178549442247,4400.840201776819) (377.6178549442248,4400.840201776819) (377.6178549442248,4374.845079718808) (381.7400765358834,4374.845079718808) (381.7400765358834,4348.849957660797) (382.7400765358834,4348.849957660797) (382.7400765358834,4322.854835602787) (383.7400765358834,4322.854835602787) (383.7400765358834,4296.859713544776) (384.7400765358834,4296.859713544776) (384.7400765358834,4270.864591486766) (385.7400765358835,4270.864591486766) (385.7400765358835,4244.869469428755) (386.7400765358835,4244.869469428755) (386.7400765358835,4218.874347370745) (387.7400765358835,4218.874347370745) (387.7400765358835,4192.879225312734) (388.7400765358835,4192.879225312734) (388.7400765358835,4166.884103254723) (389.7400765358835,4166.884103254723) (389.7400765358835,4140.888981196713) (390.7400765358835,4140.888981196713) (390.7400765358835,4114.893859138702) (391.7400765358835,4114.893859138702) (391.7400765358835,4088.898737080691) (392.7400765358835,4088.898737080691) (392.7400765358835,4062.90361502268) (393.7400765358835,4062.90361502268) (393.7400765358835,4036.908492964669) (394.7400765358835,4036.908492964669) (394.7400765358835,4010.913370906658) (395.7400765358835,4010.913370906658) (395.7400765358835,3984.918248848647) (396.7400765358835,3984.918248848647) (396.7400765358835,3958.923126790636) (397.7400765358835,3958.923126790636) (397.7400765358835,3932.928004732625) (398.7400765358835,3932.928004732625) (398.7400765358835,3906.932882674614) (399.7400765358835,3906.932882674614) (399.7400765358835,3880.937760616603) (400.7400765358835,3880.937760616603) (400.7400765358835,3854.942638558592) (401.7400765358835,3854.942638558592) (401.7400765358835,3828.947516500581) (402.7400765358835,3828.947516500581) (402.7400765358835,3802.95239444257) (403.7400765358835,3802.95239444257) (403.7400765358835,3776.957272384559) (404.7400765358835,3776.957272384559) (404.7400765358835,3750.962150326548) (405.7400765358835,3750.962150326548) (405.7400765358835,3724.967028268537) (406.7400765358835,3724.967028268537) (406.7400765358835,3698.971906210526) (407.7400765358835,3698.971906210526) (407.7400765358835,3672.976784152515) (408.7400765358835,3672.976784152515) (408.7400765358835,3646.981662094504) (409.7400765358835,3646.981662094504) (409.7400765358835,3620.986540036493) (410.7400765358835,3620.986540036493) (410.7400765358835,3594.991417978482) (411.7400765358835,3594.991417978482) (411.7400765358835,3568.996295920471) (412.7400765358835,3568.996295920471) (412.7400765358835,3543.00117386246) (413.7400765358835,3543.00117386246) (413.7400765358835,3517.006051804449) (414.7400765358835,3517.006051804449) (414.7400765358835,3491.010929746438) (415.7400765358835,3491.010929746438) (415.7400765358835,3465.015807688427) (416.7400765358835,3465.015807688427) (416.7400765358835,3439.020685630416) (417.7400765358835,3439.020685630416) (417.7400765358835,3413.025563572405) (418.7400765358835,3413.025563572405) (418.7400765358835,3387.030441514394) (419.7400765358835,3387.030441514394) (419.7400765358835,3361.035319456383) (420.7400765358835,3361.035319456383) (420.7400765358835,3335.040197398372) (421.7400765358835,3335.040197398372) (421.7400765358835,3309.045075340361) (422.7400765358835,3309.045075340361) (422.7400765358835,3283.04995328235) (423.7400765358835,3283.04995328235) (423.7400765358835,3257.054831224339) (424.7400765358835,3257.054831224339) (424.7400765358835,3231.059709166328) (425.7400765358835,3231.059709166328) (425.7400765358835,3205.064587108317) (426.7400765358835,3205.064587108317) (426.7400765358835,3179.069465050306) (427.7400765358835,3179.069465050306) (427.7400765358835,3153.074342992295) (428.7400765358835,3153.074342992295) (428.7400765358835,3127.079220934284) (429.7400765358835,3127.079220934284) (429.7400765358835,3101.084098876272) (430.7400765358835,3101.084098876272) (430.7400765358835,3075.088976818261) (431.7400765358835,3075.088976818261) (431.7400765358835,3062.5) (460.4524655161783,3062.5) (460.4524655161783,3036.5) (461.4524655161783,3036.5) (461.4524655161783,3010.5) (462.4524655161783,3010.5) (462.4524655161783,2984.5) (463.4524655161783,2984.5) (463.4524655161783,2958.5) (464.4524655161783,2958.5) (464.4524655161783,2932.5) (465.4524655161783,2932.5) (465.4524655161783,2906.5) (466.4524655161783,2906.5) (466.4524655161783,2880.5) (467.4524655161783,2880.5) (467.4524655161783,2854.5) (468.4524655161783,2854.5) (468.4524655161783,2828.5) (469.4524655161783,2828.5) (469.4524655161783,2802.5) (470.4524655161783,2802.5) (470.4524655161783,2776.5) (471.4524655161783,2776.5) (471.4524655161783,2750.5) (472.4524655161783,2750.5) (472.4524655161783,2724.5) (473.4524655161783,2724.5) (473.4524655161783,2698.5) (474.4524655161783,2698.5) (474.4524655161783,2672.5) (475.4524655161783,2672.5) (475.4524655161783,2646.5) (476.4524655161783,2646.5) (476.4524655161783,2620.5) (477.4524655161783,2620.5) (477.4524655161783,2594.5) (478.4524655161783,2594.5) (478.4524655161783,2568.5) (479.4524655161783,2568.5) (479.4524655161783,2542.5) (480.4524655161783,2542.5) (480.4524655161783,2516.5) (481.4524655161783,2516.5) (481.4524655161783,2490.5) (482.4524655161783,2490.5) (482.4524655161783,2464.5) (483.4524655161783,2464.5) (483.4524655161783,2438.5) (484.4524655161783,2438.5) (484.4524655161783,2412.5) (485.4524655161783,2412.5) (485.4524655161783,2386.5) (486.4524655161783,2386.5) (486.4524655161783,2360.5) (487.4524655161783,2360.5) (487.4524655161783,2334.5) (488.4524655161783,2334.5) (488.4524655161783,2308.5) (489.4524655161783,2308.5) (489.4524655161783,2282.5) (490.4524655161783,2282.5) (490.4524655161783,2256.5) (491.4524655161783,2256.5) (491.4524655161783,2230.5) (492.4524655161783,2230.5) (492.4524655161783,2204.5) (493.4524655161783,2204.5) (493.4524655161783,2178.5) (494.4524655161783,2178.5) (494.4524655161783,2152.5) (495.4524655161783,2152.5) (495.4524655161783,2126.5) (496.4524655161783,2126.5) (496.4524655161783,2100.5) (497.4524655161783,2100.5) (497.4524655161783,2074.5) (498.4524655161783,2074.5) (498.4524655161783,2048.5) (499.4524655161783,2048.5) (499.4524655161783,2022.5) (500.4524655161783,2022.5) (500.4524655161783,1996.5) (501.4524655161783,1996.5) (501.4524655161783,1970.5) (502.4524655161783,1970.5) (502.4524655161783,1944.5) (503.4524655161783,1944.5) (503.4524655161783,1918.5) (504.4524655161783,1918.5) (504.4524655161783,1892.5) (505.4524655161783,1892.5) (505.4524655161783,1866.5) (506.4524655161783,1866.5) (506.4524655161783,1840.5) (507.4524655161783,1840.5) (507.4524655161783,1814.5) (508.4524655161783,1814.5) (508.4524655161783,1788.5) (509.4524655161783,1788.5) (509.4524655161783,1762.5) (510.4524655161783,1762.5) (510.4524655161783,1736.5) (511.4524655161783,1736.5) (511.4524655161783,1710.5) (512.4524655161781,1710.5) (512.4524655161781,1684.5) (513.4524655161781,1684.5) (513.4524655161781,1658.5) (514.4524655161781,1658.5) (514.4524655161781,1632.5) (515.4524655161781,1632.5) (515.4524655161781,1606.5) (516.4524655161781,1606.5) (516.4524655161781,1580.5) (517.4524655161781,1580.5) (517.4524655161781,1554.5) (518.4524655161781,1554.5) (518.4524655161781,1528.5) (519.4524655161781,1528.5) (519.4524655161781,1502.5) (520.4524655161781,1502.5) (520.4524655161781,1476.5) (521.4524655161781,1476.5) (521.4524655161781,1452) (525.5670676842346,1452) (525.5670676842346,1426.009469747118) (526.5670676842346,1426.009469747118) (526.5670676842346,1400.018939494237) (527.5670676842346,1400.018939494237) (527.5670676842346,1374.028409241355) (528.5670676842346,1374.028409241355) (528.5670676842346,1348.037878988473) (529.5670676842346,1348.037878988473) (529.5670676842346,1322.047348735592) (530.5670676842346,1322.047348735592) (530.5670676842346,1296.05681848271) (531.5670676842346,1296.05681848271) (531.5670676842346,1270.066288229829) (532.5670676842346,1270.066288229829) (532.5670676842346,1244.075757976947) (533.5670676842346,1244.075757976947) (533.5670676842346,1218.085227724065) (534.5670676842346,1218.085227724065) (534.5670676842346,1192.094697471184) (535.5670676842346,1192.094697471184) (535.5670676842346,1166.104167218302) (536.5670676842346,1166.104167218302) (536.5670676842346,1140.11363696542) (537.5670676842346,1140.11363696542) (537.5670676842346,1114.123106712539) (538.5670676842346,1114.123106712539) (538.5670676842346,1088.132576459657) (539.5670676842346,1088.132576459657) (539.5670676842346,1062.142046206776) (540.5670676842346,1062.142046206776) (540.5670676842346,1036.151515953894) (541.5670676842346,1036.151515953894) (541.5670676842346,1010.160985701012) (542.5670676842346,1010.160985701012) (542.5670676842346,984.1704554481307) (543.5670676842346,984.1704554481307) (543.5670676842346,958.1799251952491) (544.5670676842346,958.1799251952491) (544.5670676842346,932.1893949423675) (545.5670676842346,932.1893949423675) (545.5670676842346,906.1988646894858) (546.5670676842346,906.1988646894858) (546.5670676842346,880.2083344366042) (547.5670676842346,880.2083344366042) (547.5670676842346,854.2178041837226) (548.5670676842346,854.2178041837226) (548.5670676842346,828.227273930841) (549.5670676842346,828.227273930841) (549.5670676842346,802.2367436779593) (550.5670676842346,802.2367436779593) (550.5670676842346,776.2462134250777) (551.5670676842346,776.2462134250777) (551.5670676842346,750.2556831721961) (552.5670676842346,750.2556831721961) (552.5670676842346,724.2651529193145) (553.5670676842346,724.2651529193145) (553.5670676842346,698.2746226664328) (554.5670676842346,698.2746226664328) (554.5670676842346,672.2840924135512) (555.5670676842346,672.2840924135512) (555.5670676842346,646.2935621606696) (556.5670676842346,646.2935621606696) (556.5670676842346,620.303031907788) (557.5670676842346,620.303031907788) (557.5670676842346,594.3125016549063) (558.5670676842346,594.3125016549063) (558.5670676842346,568.3219714020247) (559.5670676842346,568.3219714020247) (559.5670676842346,542.3314411491431) (560.5670676842346,542.3314411491431) (560.5670676842346,516.3409108962614) (561.5670676842346,516.3409108962614) (561.5670676842346,490.3503806433799) (562.5670676842346,490.3503806433799) (562.5670676842346,464.3598503904983) (563.5670676842346,464.3598503904983) (563.5670676842346,438.3693201376167) (564.5670676842346,438.3693201376167) (564.5670676842346,412.3787898847352) (565.5670676842346,412.3787898847352) (565.5670676842346,386.3882596318536) (566.5670676842346,386.3882596318536) (566.5670676842346,360.397729378972) (567.5670676842346,360.397729378972) (567.5670676842346,334.4071991260905) (568.5670676842346,334.4071991260905) (568.5670676842346,308.4166688732089) (569.5670676842346,308.4166688732089) (569.5670676842346,282.4261386203273) (570.5670676842346,282.4261386203273) (570.5670676842346,256.4356083674458) (571.5670676842346,256.4356083674458) (571.5670676842346,230.4450781145642) (572.5670676842346,230.4450781145642) (572.5670676842346,204.4545478616826) (573.5670676842346,204.4545478616826) (573.5670676842346,178.464017608801) (574.5670676842346,178.464017608801) (574.5670676842346,152.4734873559195) (575.5670676842346,152.4734873559195) (575.5670676842346,126.4829571030379) (584.2333690065179,126.4829571030379) (584.2333690065179,152.4734873559195) (585.2603594920511,152.4734873559195) (585.2603594920511,178.464017608801) (586.2603594920511,178.464017608801) (586.2603594920511,204.4545478616826) (587.2603594920511,204.4545478616826) (587.2603594920511,230.4450781145642) (588.2603594920511,230.4450781145642) (588.2603594920511,256.4356083674458) (589.2603594920511,256.4356083674458) (589.2603594920511,282.4261386203273) (590.2603594920511,282.4261386203273) (590.2603594920511,308.4166688732089) (591.260359492051,308.4166688732089) (591.260359492051,334.4071991260905) (592.260359492051,334.4071991260905) (592.260359492051,360.397729378972) (593.260359492051,360.397729378972) (593.260359492051,386.3882596318536) (594.260359492051,386.3882596318536) (594.260359492051,412.3787898847352) (595.260359492051,412.3787898847352) (595.260359492051,438.3693201376167) (596.260359492051,438.3693201376167) (596.260359492051,464.3598503904983) (597.260359492051,464.3598503904983) (597.260359492051,490.3503806433799) (598.260359492051,490.3503806433799) (598.260359492051,516.3409108962614) (599.260359492051,516.3409108962614) (599.260359492051,542.3314411491431) (600.260359492051,542.3314411491431) (600.260359492051,568.3219714020247) (601.260359492051,568.3219714020247) (601.260359492051,594.3125016549063) (602.260359492051,594.3125016549063) (602.260359492051,620.303031907788) (603.260359492051,620.303031907788) (603.260359492051,646.2935621606696) (604.260359492051,646.2935621606696) (604.260359492051,672.2840924135512) (605.260359492051,672.2840924135512) (605.260359492051,698.2746226664328) (606.260359492051,698.2746226664328) (606.260359492051,724.2651529193145) (607.260359492051,724.2651529193145) (607.260359492051,750.2556831721961) (608.260359492051,750.2556831721961) (608.260359492051,776.2462134250777) (609.260359492051,776.2462134250777) (609.260359492051,802.2367436779593) (610.260359492051,802.2367436779593) (610.260359492051,828.227273930841) (611.260359492051,828.227273930841) (611.260359492051,854.2178041837226) (612.260359492051,854.2178041837226) (612.260359492051,880.2083344366042) (613.260359492051,880.2083344366042) (613.260359492051,906.1988646894858) (614.260359492051,906.1988646894858) (614.260359492051,932.1893949423675) (615.260359492051,932.1893949423675) (615.260359492051,958.1799251952491) (616.260359492051,958.1799251952491) (616.260359492051,984.1704554481307) (617.260359492051,984.1704554481307) (617.260359492051,1010.160985701012) (618.260359492051,1010.160985701012) (618.260359492051,1036.151515953894) (619.260359492051,1036.151515953894) (619.260359492051,1062.142046206776) (620.260359492051,1062.142046206776) (620.260359492051,1088.132576459657) (621.260359492051,1088.132576459657) (621.260359492051,1114.123106712539) (622.260359492051,1114.123106712539) (622.260359492051,1140.11363696542) (623.260359492051,1140.11363696542) (623.260359492051,1166.104167218302) (624.260359492051,1166.104167218302) (624.260359492051,1192.094697471184) (625.260359492051,1192.094697471184) (625.260359492051,1218.085227724065) (626.260359492051,1218.085227724065) (626.260359492051,1244.075757976947) (627.260359492051,1244.075757976947) (627.260359492051,1270.066288229829) (628.260359492051,1270.066288229829) (628.260359492051,1296.05681848271) (629.260359492051,1296.05681848271) (629.260359492051,1322.047348735592) (630.260359492051,1322.047348735592) (630.260359492051,1348.037878988473) (631.260359492051,1348.037878988473) (631.260359492051,1374.028409241355) (632.260359492051,1374.028409241355) (632.260359492051,1400.018939494237) (633.260359492051,1400.018939494237) (633.260359492051,1426.009469747118) (634.260359492051,1426.009469747118) (634.260359492051,1452) (635.260359492051,1452) (635.260359492051,1478) (636.260359492051,1478) (636.260359492051,1504) (637.260359492051,1504) (637.260359492051,1530) (638.260359492051,1530) (638.260359492051,1556) (639.260359492051,1556) (639.260359492051,1582) (640.260359492051,1582) (640.260359492051,1608) (641.260359492051,1608) (641.260359492051,1634) (642.260359492051,1634) (642.260359492051,1660) (643.260359492051,1660) (643.260359492051,1686) (644.260359492051,1686) (644.260359492051,1712) (645.260359492051,1712) (645.260359492051,1738) (646.260359492051,1738) (646.260359492051,1764) (647.260359492051,1764) (647.260359492051,1790) (648.260359492051,1790) (648.260359492051,1816) (649.260359492051,1816) (649.260359492051,1842) (650.260359492051,1842) (650.260359492051,1868) (651.2603594920511,1868) (651.2603594920511,1894) (652.2603594920511,1894) (652.2603594920511,1920) (653.2603594920511,1920) (653.2603594920511,1946) (654.2603594920511,1946) (654.2603594920511,1972) (655.2603594920511,1972) (655.2603594920511,1998) (656.2603594920511,1998) (656.2603594920511,2024) (657.2603594920511,2024) (657.2603594920511,2050) (658.2603594920511,2050) (658.2603594920511,2076) (659.2603594920511,2076) (659.2603594920511,2102) (660.2603594920511,2102) (660.2603594920511,2128) (661.2603594920511,2128) (661.2603594920511,2154) (662.2603594920511,2154) (662.2603594920511,2180) (663.2603594920511,2180) (663.2603594920511,2206) (664.2603594920511,2206) (664.2603594920511,2232) (665.2603594920511,2232) (665.2603594920511,2258) (666.2603594920511,2258) (666.2603594920511,2284) (667.2603594920511,2284) (667.2603594920511,2310) (668.2603594920511,2310) (668.2603594920511,2336) (669.2603594920511,2336) (669.2603594920511,2362) (670.2603594920511,2362) (670.2603594920511,2388) (671.2603594920511,2388) (671.2603594920511,2414) (672.2603594920511,2414) (672.2603594920511,2440) (673.2603594920511,2440) (673.2603594920511,2466) (674.2603594920511,2466) (674.2603594920511,2492) (675.2603594920511,2492) (675.2603594920511,2518) (676.2603594920511,2518) (676.2603594920511,2544) (677.2603594920511,2544) (677.2603594920511,2570) (678.2603594920511,2570) (678.2603594920511,2596) (679.2603594920511,2596) (679.2603594920511,2622) (680.2603594920511,2622) (680.2603594920511,2648) (681.2603594920511,2648) (681.2603594920511,2674) (682.2603594920511,2674) (682.2603594920511,2700) (683.2603594920511,2700) (683.2603594920511,2726) (684.2603594920511,2726) (684.2603594920511,2752) (685.2603594920511,2752) (685.2603594920511,2778) (686.2603594920511,2778) (686.2603594920511,2804) (687.2603594920511,2804) (687.2603594920511,2830) (688.2603594920511,2830) (688.2603594920511,2856) (689.2603594920511,2856) (689.2603594920511,2882) (690.2603594920511,2882) (690.2603594920511,2908) (691.2603594920511,2908) (691.2603594920511,2934) (692.2603594920511,2934) (692.2603594920511,2960) (693.2603594920511,2960) (693.2603594920511,2986) (694.2603594920511,2986) (694.2603594920511,3012) (695.2603594920511,3012) (695.2603594920511,3038) (696.2603594920511,3038) (696.2603594920511,3062.5) (697.2603594920511,3062.5) (697.2603594920511,3088.5) (698.2603594920511,3088.5) (698.2603594920511,3114.5) (699.2603594920511,3114.5) (699.2603594920511,3140.5) (700.000002,3140.5)
robPositionY[0]:
[0]: (0,0) (0,163.5) (2,163.5) (2,188.9679078844919) (188,188.9679078844919) (188,188.479046668909) (189.0188034624832,188.479046668909) (189.0188034624832,187.9901854533261) (190.0188034624832,187.9901854533261) (190.0188034624832,187.5013242377432) (191.0188034624832,187.5013242377432) (191.0188034624832,187.0124630221603) (192.0188034624832,187.0124630221603) (192.0188034624832,186.5236018065774) (193.0188034624832,186.5236018065774) (193.0188034624832,186.0347405909945) (194.0188034624832,186.0347405909945) (194.0188034624832,185.5458793754117) (195.0188034624832,185.5458793754117) (195.0188034624832,185.0570181598288) (196.0188034624832,185.0570181598288) (196.0188034624832,184.5681569442459) (197.0188034624832,184.5681569442459) (197.0188034624832,184.079295728663) (198.0188034624832,184.079295728663) (198.0188034624832,183.5904345130801) (199.0188034624832,183.5904345130801) (199.0188034624832,183.1015732974972) (200.0188034624832,183.1015732974972) (200.0188034624832,182.6127120819143) (201.0188034624832,182.6127120819143) (201.0188034624832,182.1238508663315) (202.0188034624832,182.1238508663315) (202.0188034624832,181.6349896507486) (203.0188034624832,181.6349896507486) (203.0188034624832,181.1461284351657) (204.0188034624832,181.1461284351657) (204.0188034624832,180.6572672195828) (205.0188034624832,180.6572672195828) (205.0188034624832,180.1684060039999) (206.0188034624832,180.1684060039999) (206.0188034624832,179.679544788417) (207.0188034624832,179.679544788417) (207.0188034624832,179.1906835728341) (208.0188034624832,179.1906835728341) (208.0188034624832,178.7018223572512) (209.0188034624832,178.7018223572512) (209.0188034624832,178.2129611416684) (210.0188034624832,178.2129611416684) (210.0188034624832,177.7240999260855) (211.0188034624832,177.7240999260855) (211.0188034624832,177.2352387105026) (212.0188034624832,177.2352387105026) (212.0188034624832,176.7463774949197) (213.0188034624832,176.7463774949197) (213.0188034624832,176.2575162793368) (214.0188034624832,176.2575162793368) (214.0188034624832,175.7686550637539) (215.0188034624832,175.7686550637539) (215.0188034624832,175.279793848171) (216.0188034624832,175.279793848171) (216.0188034624832,174.7909326325882) (217.0188034624832,174.7909326325882) (217.0188034624832,174.3020714170053) (218.0188034624832,174.3020714170053) (218.0188034624832,173.8132102014224) (219.0188034624832,173.8132102014224) (219.0188034624832,173.3243489858395) (220.0188034624832,173.3243489858395) (220.0188034624832,172.8354877702566) (221.0188034624832,172.8354877702566) (221.0188034624832,172.3466265546737) (222.0188034624832,172.3466265546737) (222.0188034624832,171.8577653390908) (223.0188034624832,171.8577653390908) (223.0188034624832,171.3689041235079) (224.0188034624832,171.3689041235079) (224.0188034624832,170.8800429079251) (225.0188034624832,170.8800429079251) (225.0188034624832,170.3911816923422) (226.0188034624832,170.3911816923422) (226.0188034624832,169.9023204767593) (227.0188034624832,169.9023204767593) (227.0188034624832,169.4134592611764) (228.0188034624832,169.4134592611764) (228.0188034624832,168.9245980455935) (229.0188034624832,168.9245980455935) (229.0188034624832,168.4357368300106) (230.0188034624832,168.4357368300106) (230.0188034624832,167.9468756144277) (231.0188034624832,167.9468756144277) (231.0188034624832,167.4580143988449) (232.0188034624832,167.4580143988449) (232.0188034624832,166.969153183262) (233.0188034624832,166.969153183262) (233.0188034624832,166.4802919676791) (234.0188034624832,166.4802919676791) (234.0188034624832,165.9914307520962) (235.0188034624832,165.9914307520962) (235.0188034624832,165.5025695365133) (236.0188034624832,165.5025695365133) (236.0188034624832,165.0137083209304) (237.0188034624832,165.0137083209304) (237.0188034624832,164.5248471053475) (238.0188034624832,164.5248471053475) (238.0188034624832,164.0359858897646) (239.0188034624832,164.0359858897646) (239.0188034624832,163.5) (355.6178549442247,163.5) (355.6178549442247,189.4896220913107) (356.6178549442247,189.4896220913107) (356.6178549442247,215.4792441826214) (357.6178549442247,215.4792441826214) (357.6178549442247,241.4688662739321) (358.6178549442247,241.4688662739321) (358.6178549442247,267.4584883652428) (359.6178549442247,267.4584883652428) (359.6178549442247,293.4481104565535) (360.6178549442247,293.4481104565535) (360.6178549442247,319.4377325478642) (361.6178549442247,319.4377325478642) (361.6178549442247,345.427354639175) (362.6178549442247,345.427354639175) (362.6178549442247,371.4169767304857) (363.6178549442247,371.4169767304857) (363.6178549442247,397.4065988217964) (364.6178549442247,397.4065988217964) (364.6178549442247,423.3962209131071) (365.6178549442247,423.3962209131071) (365.6178549442247,449.3858430044178) (366.6178549442247,449.3858430044178) (366.6178549442247,475.3754650957285) (367.6178549442247,475.3754650957285) (367.6178549442247,501.3650871870392) (368.6178549442247,501.3650871870392) (368.6178549442247,527.3547092783499) (369.6178549442247,527.3547092783499) (369.6178549442247,553.3443313696606) (370.6178549442247,553.3443313696606) (370.6178549442247,579.3339534609713) (371.6178549442247,579.3339534609713) (371.6178549442247,605.323575552282) (372.6178549442247,605.323575552282) (372.6178549442247,631.3131976435927) (373.6178549442247,631.3131976435927) (373.6178549442247,657.3028197349034) (374.6178549442247,657.3028197349034) (374.6178549442247,683.2924418262141) (375.6178549442247,683.2924418262141) (375.6178549442247,709.2820639175249) (376.6178549442247,709.2820639175249) (376.6178549442247,735.2716860088356) (377.6178549442248,735.2716860088356) (377.6178549442248,735.7753021216812) (381.7400765358834,735.7753021216812) (381.7400765358834,736.2789182345268) (382.7400765358834,736.2789182345268) (382.7400765358834,736.7825343473725) (383.7400765358834,736.7825343473725) (383.7400765358834,737.2861504602181) (384.7400765358834,737.2861504602181) (384.7400765358834,737.7897665730637) (385.7400765358835,737.7897665730637) (385.7400765358835,738.2933826859094) (386.7400765358835,738.2933826859094) (386.7400765358835,738.796998798755) (387.7400765358835,738.796998798755) (387.7400765358835,739.3006149116006) (388.7400765358835,739.3006149116006) (388.7400765358835,739.8042310244463) (389.7400765358835,739.8042310244463) (389.7400765358835,740.3078471372919) (390.7400765358835,740.3078471372919) (390.7400765358835,740.8114632501375) (391.7400765358835,740.8114632501375) (391.7400765358835,741.3150793629832) (392.7400765358835,741.3150793629832) (392.7400765358835,741.8186954758288) (393.7400765358835,741.8186954758288) (393.7400765358835,742.3223115886744) (394.7400765358835,742.3223115886744) (394.7400765358835,742.8259277015201) (395.7400765358835,742.8259277015201) (395.7400765358835,743.3295438143657) (396.7400765358835,743.3295438143657) (396.7400765358835,743.8331599272113) (397.7400765358835,743.8331599272113) (397.7400765358835,744.336776040057) (398.7400765358835,744.336776040057) (398.7400765358835,744.8403921529026) (399.7400765358835,744.8403921529026) (399.7400765358835,745.3440082657482) (400.7400765358835,745.3440082657482) (400.7400765358835,745.8476243785939) (401.7400765358835,745.8476243785939) (401.7400765358835,746.3512404914395) (402.7400765358835,746.3512404914395) (402.7400765358835,746.8548566042851) (403.7400765358835,746.8548566042851) (403.7400765358835,747.3584727171308) (404.7400765358835,747.3584727171308) (404.7400765358835,747.8620888299764) (405.7400765358835,747.8620888299764) (405.7400765358835,748.365704942822) (406.7400765358835,748.365704942822) (406.7400765358835,748.8693210556677) (407.7400765358835,748.8693210556677) (407.7400765358835,749.3729371685133) (408.7400765358835,749.3729371685133) (408.7400765358835,749.876553281359) (409.7400765358835,749.876553281359) (409.7400765358835,750.3801693942046) (410.7400765358835,750.3801693942046) (410.7400765358835,750.8837855070502) (411.7400765358835,750.8837855070502) (411.7400765358835,751.3874016198959) (412.7400765358835,751.3874016198959) (412.7400765358835,751.8910177327415) (413.7400765358835,751.8910177327415) (413.7400765358835,752.3946338455871) (414.7400765358835,752.3946338455871) (414.7400765358835,752.8982499584328) (415.7400765358835,752.8982499584328) (415.7400765358835,753.4018660712784) (416.7400765358835,753.4018660712784) (416.7400765358835,753.905482184124) (417.7400765358835,753.905482184124) (417.7400765358835,754.4090982969697) (418.7400765358835,754.4090982969697) (418.7400765358835,754.9127144098153) (419.7400765358835,754.9127144098153) (419.7400765358835,755.4163305226609) (420.7400765358835,755.4163305226609) (420.7400765358835,755.9199466355066) (421.7400765358835,755.9199466355066) (421.7400765358835,756.4235627483522) (422.7400765358835,756.4235627483522) (422.7400765358835,756.9271788611978) (423.7400765358835,756.9271788611978) (423.7400765358835,757.4307949740435) (424.7400765358835,757.4307949740435) (424.7400765358835,757.9344110868891) (425.7400765358835,757.9344110868891) (425.7400765358835,758.4380271997347) (426.7400765358835,758.4380271997347) (426.7400765358835,758.9416433125804) (427.7400765358835,758.9416433125804) (427.7400765358835,759.445259425426) (428.7400765358835,759.445259425426) (428.7400765358835,759.9488755382716) (429.7400765358835,759.9488755382716) (429.7400765358835,760.4524916511173) (430.7400765358835,760.4524916511173) (430.7400765358835,760.9561077639629) (431.7400765358835,760.9561077639629) (431.7400765358835,761.2) (434.3108728626783,761.2) (434.3108728626783,735.2) (435.3108728626783,735.2) (435.3108728626783,709.2) (436.3108728626783,709.2) (436.3108728626783,683.2) (437.3108728626783,683.2) (437.3108728626783,657.2) (438.3108728626783,657.2) (438.3108728626783,631.2) (439.3108728626783,631.2) (439.3108728626783,605.2) (440.3108728626783,605.2) (440.3108728626783,579.2) (441.3108728626783,579.2) (441.3108728626783,553.2) (442.3108728626783,553.2) (442.3108728626783,527.2) (443.3108728626783,527.2) (443.3108728626783,501.2) (444.3108728626783,501.2) (444.3108728626783,475.2) (445.3108728626783,475.2) (445.3108728626783,449.2) (446.3108728626783,449.2) (446.3108728626783,423.2) (447.3108728626783,423.2) (447.3108728626783,397.2) (448.3108728626783,397.2) (448.3108728626783,371.2) (449.3108728626783,371.2) (449.3108728626783,345.2) (450.3108728626783,345.2) (450.3108728626783,319.2) (451.3108728626783,319.2) (451.3108728626783,293.2) (452.3108728626783,293.2) (452.3108728626783,267.2) (453.3108728626783,267.2) (453.3108728626783,241.2) (454.3108728626783,241.2) (454.3108728626783,215.2) (455.3108728626783,215.2) (455.3108728626783,189.2) (456.3108728626783,189.2) (456.3108728626783,163.5) (460.4524655161783,163.5) (460.4524655161783,163.4999999976654) (461.4524655161783,163.4999999976654) (461.4524655161783,163.4999999953308) (462.4524655161783,163.4999999953308) (462.4524655161783,163.4999999929962) (463.4524655161783,163.4999999929962) (463.4524655161783,163.4999999906615) (464.4524655161783,163.4999999906615) (464.4524655161783,163.4999999883269) (465.4524655161783,163.4999999883269) (465.4524655161783,163.4999999859923) (466.4524655161783,163.4999999859923) (466.4524655161783,163.4999999836577) (467.4524655161783,163.4999999836577) (467.4524655161783,163.4999999813231) (468.4524655161783,163.4999999813231) (468.4524655161783,163.4999999789885) (469.4524655161783,163.4999999789885) (469.4524655161783,163.4999999766538) (470.4524655161783,163.4999999766538) (470.4524655161783,163.4999999743192) (471.4524655161783,163.4999999743192) (471.4524655161783,163.4999999719846) (472.4524655161783,163.4999999719846) (472.4524655161783,163.49999996965) (473.4524655161783,163.49999996965) (473.4524655161783,163.4999999673154) (474.4524655161783,163.4999999673154) (474.4524655161783,163.4999999649808) (475.4524655161783,163.4999999649808) (475.4524655161783,163.4999999626461) (476.4524655161783,163.4999999626461) (476.4524655161783,163.4999999603115) (477.4524655161783,163.4999999603115) (477.4524655161783,163.4999999579769) (478.4524655161783,163.4999999579769) (478.4524655161783,163.4999999556423) (479.4524655161783,163.4999999556423) (479.4524655161783,163.4999999533077) (480.4524655161783,163.4999999533077) (480.4524655161783,163.4999999509731) (481.4524655161783,163.4999999509731) (481.4524655161783,163.4999999486384) (482.4524655161783,163.4999999486384) (482.4524655161783,163.4999999463038) (483.4524655161783,163.4999999463038) (483.4524655161783,163.4999999439692) (484.4524655161783,163.4999999439692) (484.4524655161783,163.4999999416346) (485.4524655161783,163.4999999416346) (485.4524655161783,163.4999999393) (486.4524655161783,163.4999999393) (486.4524655161783,163.4999999369654) (487.4524655161783,163.4999999369654) (487.4524655161783,163.4999999346308) (488.4524655161783,163.4999999346308) (488.4524655161783,163.4999999322961) (489.4524655161783,163.4999999322961) (489.4524655161783,163.4999999299615) (490.4524655161783,163.4999999299615) (490.4524655161783,163.4999999276269) (491.4524655161783,163.4999999276269) (491.4524655161783,163.4999999252923) (492.4524655161783,163.4999999252923) (492.4524655161783,163.4999999229577) (493.4524655161783,163.4999999229577) (493.4524655161783,163.4999999206231) (494.4524655161783,163.4999999206231) (494.4524655161783,163.4999999182884) (495.4524655161783,163.4999999182884) (495.4524655161783,163.4999999159538) (496.4524655161783,163.4999999159538) (496.4524655161783,163.4999999136192) (497.4524655161783,163.4999999136192) (497.4524655161783,163.4999999112846) (498.4524655161783,163.4999999112846) (498.4524655161783,163.49999990895) (499.4524655161783,163.49999990895) (499.4524655161783,163.4999999066154) (500.4524655161783,163.4999999066154) (500.4524655161783,163.4999999042807) (501.4524655161783,163.4999999042807) (501.4524655161783,163.4999999019461) (502.4524655161783,163.4999999019461) (502.4524655161783,163.4999998996115) (503.4524655161783,163.4999998996115) (503.4524655161783,163.4999998972769) (504.4524655161783,163.4999998972769) (504.4524655161783,163.4999998949423) (505.4524655161783,163.4999998949423) (505.4524655161783,163.4999998926077) (506.4524655161783,163.4999998926077) (506.4524655161783,163.499999890273) (507.4524655161783,163.499999890273) (507.4524655161783,163.4999998879384) (508.4524655161783,163.4999998879384) (508.4524655161783,163.4999998856038) (509.4524655161783,163.4999998856038) (509.4524655161783,163.4999998832692) (510.4524655161783,163.4999998832692) (510.4524655161783,163.4999998809346) (511.4524655161783,163.4999998809346) (511.4524655161783,163.4999998786) (512.4524655161781,163.4999998786) (512.4524655161781,163.4999998762653) (513.4524655161781,163.4999998762653) (513.4524655161781,163.4999998739307) (514.4524655161781,163.4999998739307) (514.4524655161781,163.4999998715961) (515.4524655161781,163.4999998715961) (515.4524655161781,163.4999998692615) (516.4524655161781,163.4999998692615) (516.4524655161781,163.4999998669269) (517.4524655161781,163.4999998669269) (517.4524655161781,163.4999998645923) (518.4524655161781,163.4999998645923) (518.4524655161781,163.4999998622577) (519.4524655161781,163.4999998622577) (519.4524655161781,163.499999859923) (520.4524655161781,163.499999859923) (520.4524655161781,163.4999998575884) (521.4524655161781,163.4999998575884) (521.4524655161781,163.5) (525.5670676842346,163.5) (525.5670676842346,164.2016674241034) (526.5670676842346,164.2016674241034) (526.5670676842346,164.9033348482068) (527.5670676842346,164.9033348482068) (527.5670676842346,165.6050022723103) (528.5670676842346,165.6050022723103) (528.5670676842346,166.3066696964137) (529.5670676842346,166.3066696964137) (529.5670676842346,167.0083371205171) (530.5670676842346,167.0083371205171) (530.5670676842346,167.7100045446205) (531.5670676842346,167.7100045446205) (531.5670676842346,168.4116719687239) (532.5670676842346,168.4116719687239) (532.5670676842346,169.1133393928274) (533.5670676842346,169.1133393928274) (533.5670676842346,169.8150068169308) (534.5670676842346,169.8150068169308) (534.5670676842346,170.5166742410342) (535.5670676842346,170.5166742410342) (535.5670676842346,171.2183416651376) (536.5670676842346,171.2183416651376) (536.5670676842346,171.920009089241) (537.5670676842346,171.920009089241) (537.5670676842346,172.6216765133445) (538.5670676842346,172.6216765133445) (538.5670676842346,173.3233439374479) (539.5670676842346,173.3233439374479) (539.5670676842346,174.0250113615513) (540.5670676842346,174.0250113615513) (540.5670676842346,174.7266787856547) (541.5670676842346,174.7266787856547) (541.5670676842346,175.4283462097581) (542.5670676842346,175.4283462097581) (542.5670676842346,176.1300136338616) (543.5670676842346,176.1300136338616) (543.5670676842346,176.831681057965) (544.5670676842346,176.831681057965) (544.5670676842346,177.5333484820684) (545.5670676842346,177.5333484820684) (545.5670676842346,178.2350159061718) (546.5670676842346,178.2350159061718) (546.5670676842346,178.9366833302752) (547.5670676842346,178.9366833302752) (547.5670676842346,179.6383507543786) (548.5670676842346,179.6383507543786) (548.5670676842346,180.3400181784821) (549.5670676842346,180.3400181784821) (549.5670676842346,181.0416856025855) (550.5670676842346,181.0416856025855) (550.5670676842346,181.7433530266889) (551.5670676842346,181.7433530266889) (551.5670676842346,182.4450204507923) (552.5670676842346,182.4450204507923) (552.5670676842346,183.1466878748957) (553.5670676842346,183.1466878748957) (553.5670676842346,183.8483552989992) (554.5670676842346,183.8483552989992) (554.5670676842346,184.5500227231026) (555.5670676842346,184.5500227231026) (555.5670676842346,185.251690147206) (556.5670676842346,185.251690147206) (556.5670676842346,185.9533575713094) (557.5670676842346,185.9533575713094) (557.5670676842346,186.6550249954128) (558.5670676842346,186.6550249954128) (558.5670676842346,187.3566924195163) (559.5670676842346,187.3566924195163) (559.5670676842346,188.0583598436197) (560.5670676842346,188.0583598436197) (560.5670676842346,188.7600272677231) (561.5670676842346,188.7600272677231) (561.5670676842346,189.4616946918265) (562.5670676842346,189.4616946918265) (562.5670676842346,190.1633621159299) (563.5670676842346,190.1633621159299) (563.5670676842346,190.8650295400334) (564.5670676842346,190.8650295400334) (564.5670676842346,191.5666969641368) (565.5670676842346,191.5666969641368) (565.5670676842346,192.2683643882402) (566.5670676842346,192.2683643882402) (566.5670676842346,192.9700318123436) (567.5670676842346,192.9700318123436) (567.5670676842346,193.671699236447) (568.5670676842346,193.671699236447) (568.5670676842346,194.3733666605505) (569.5670676842346,194.3733666605505) (569.5670676842346,195.0750340846539) (570.5670676842346,195.0750340846539) (570.5670676842346,195.7767015087573) (571.5670676842346,195.7767015087573) (571.5670676842346,196.4783689328607) (572.5670676842346,196.4783689328607) (572.5670676842346,197.1800363569641) (573.5670676842346,197.1800363569641) (573.5670676842346,197.8817037810676) (574.5670676842346,197.8817037810676) (574.5670676842346,198.583371205171) (575.5670676842346,198.583371205171) (575.5670676842346,199.2850386292744) (584.2333690065179,199.2850386292744) (584.2333690065179,198.5833712051709) (585.2603594920511,198.5833712051709) (585.2603594920511,197.8817037810675) (586.2603594920511,197.8817037810675) (586.2603594920511,197.1800363569641) (587.2603594920511,197.1800363569641) (587.2603594920511,196.4783689328606) (588.2603594920511,196.4783689328606) (588.2603594920511,195.7767015087572) (589.2603594920511,195.7767015087572) (589.2603594920511,195.0750340846537) (590.2603594920511,195.0750340846537) (590.2603594920511,194.3733666605503) (591.260359492051,194.3733666605503) (591.260359492051,193.6716992364468) (592.260359492051,193.6716992364468) (592.260359492051,192.9700318123434) (593.260359492051,192.9700318123434) (593.260359492051,192.2683643882399) (594.260359492051,192.2683643882399) (594.260359492051,191.5666969641365) (595.260359492051,191.5666969641365) (595.260359492051,190.865029540033) (596.260359492051,190.865029540033) (596.260359492051,190.1633621159296) (597.260359492051,190.1633621159296) (597.260359492051,189.4616946918261) (598.260359492051,189.4616946918261) (598.260359492051,188.7600272677227) (599.260359492051,188.7600272677227) (599.260359492051,188.0583598436192) (600.260359492051,188.0583598436192) (600.260359492051,187.3566924195158) (601.260359492051,187.3566924195158) (601.260359492051,186.6550249954123) (602.260359492051,186.6550249954123) (602.260359492051,185.9533575713089) (603.260359492051,185.9533575713089) (603.260359492051,185.2516901472054) (604.260359492051,185.2516901472054) (604.260359492051,184.550022723102) (605.260359492051,184.550022723102) (605.260359492051,183.8483552989985) (606.260359492051,183.8483552989985) (606.260359492051,183.1466878748951) (607.260359492051,183.1466878748951) (607.260359492051,182.4450204507916) (608.260359492051,182.4450204507916) (608.260359492051,181.7433530266882) (609.260359492051,181.7433530266882) (609.260359492051,181.0416856025847) (610.260359492051,181.0416856025847) (610.260359492051,180.3400181784813) (611.260359492051,180.3400181784813) (611.260359492051,179.6383507543779) (612.260359492051,179.6383507543779) (612.260359492051,178.9366833302744) (613.260359492051,178.9366833302744) (613.260359492051,178.235015906171) (614.260359492051,178.235015906171) (614.260359492051,177.5333484820675) (615.260359492051,177.5333484820675) (615.260359492051,176.8316810579641) (616.260359492051,176.8316810579641) (616.260359492051,176.1300136338606) (617.260359492051,176.1300136338606) (617.260359492051,175.4283462097572) (618.260359492051,175.4283462097572) (618.260359492051,174.7266787856537) (619.260359492051,174.7266787856537) (619.260359492051,174.0250113615503) (620.260359492051,174.0250113615503) (620.260359492051,173.3233439374468) (621.260359492051,173.3233439374468) (621.260359492051,172.6216765133434) (622.260359492051,172.6216765133434) (622.260359492051,171.9200090892399) (623.260359492051,171.9200090892399) (623.260359492051,171.2183416651365) (624.260359492051,171.2183416651365) (624.260359492051,170.516674241033) (625.260359492051,170.516674241033) (625.260359492051,169.8150068169296) (626.260359492051,169.8150068169296) (626.260359492051,169.1133393928261) (627.260359492051,169.1133393928261) (627.260359492051,168.4116719687227) (628.260359492051,168.4116719687227) (628.260359492051,167.7100045446192) (629.260359492051,167.7100045446192) (629.260359492051,167.0083371205158) (630.260359492051,167.0083371205158) (630.260359492051,166.3066696964123) (631.260359492051,166.3066696964123) (631.260359492051,165.6050022723089) (632.260359492051,165.6050022723089) (632.260359492051,164.9033348482054) (633.260359492051,164.9033348482054) (633.260359492051,164.201667424102) (634.260359492051,164.201667424102) (634.260359492051,163.5) (700.000002,163.5)
batteryCharge[0]:
[0]: (0,100) (700.000002,100)
user_guided_transport.end:
[0]: (0,0) (700.000002,0)
[2K
Verifying formula 5 at /nta/queries/query[5]/formula
 -- Formula: simulate[<=700]{robot_inventory[0][0], user_guided_transport.end*2}
[2K -- Formula is satisfied.
robot_inventory[0][0]:
[0]: (0,0) (583.8581171775344,0) (583.8581171775344,1) (700.000002,1)
user_guided_transport.end * 2:
[0]: (0,0) (700.000002,0)
[2K
Verifying formula 6 at /nta/queries/query[6]/formula
 -- Formula: simulate[<=700]{bedroom[0], bedroom[1], kitchen[0], kitchen[1]}
[2K -- Formula is satisfied.
bedroom[0]:
[0]: (0,100) (700.000002,100)
bedroom[1]:
[0]: (0,200) (700.000002,200)
kitchen[0]:
[0]: (0,4400) (700.000002,4400)
kitchen[1]:
[0]: (0,765) (700.000002,765)
[2K
Verifying formula 7 at /nta/queries/query[7]/formula
 -- Formula: simulate[<=700]{rm_1.idle, rf_1.idle, rp_1.idle, rd_1.idle}
[2K -- Formula is satisfied.
rm_1.idle:
[0]: (0,0) (0,1) (0,0) (3,0) (3,1) (186,1) (186,0) (576.5670676842343,0) (576.5670676842343,1) (581.2534330015222,1) (581.2534330015222,0) (700.000002,0)
rf_1.idle:
[0]: (0,0) (0,1) (700.000002,1)
rp_1.idle:
[0]: (0,0) (0,1) (575.5670676842346,1) (575.5670676842346,0) (581.2534330015222,0) (581.2534330015222,1) (700.000002,1)
rd_1.idle:
[0]: (0,0) (0,1) (700.000002,1)
[2K
Verifying formula 8 at /nta/queries/query[8]/formula
 -- Formula: Pr[<=700](<>!rm_1.idle || !rf_1.idle || !rp_1.idle || !rd_1.idle)
[2K -- Formula is satisfied.
(72/72 runs) Pr(<> …) in [0.950056,1] (95% CI)
Values in [0,0] mean=0 steps=2.22045e-16: 72
[2K
Verifying formula 9 at /nta/queries/query[9]/formula
 -- Formula: Pr[<=700]([] (user_guided_transport.end imply (rm_1.idle && rf_1.idle && rp_1.idle && rd_1.idle)))
 -- Throughput: 683071 runs/sec, Load: 336 runs[K
[2K -- Formula is satisfied.
(72/72 runs) Pr([] …) in [0.950056,1] (95% CI)
[2K
Verifying formula 10 at /nta/queries/query[10]/formula
 -- Formula: Pr[<=700] (<> pow(humanPositionX[0] - kitchen[0], 2) + pow(humanPositionY[0] - kitchen[1], 2) <= 900 )
[2K -- Formula is satisfied.
(72/72 runs) Pr(<> …) in [0.950056,1] (95% CI)
Values in [186,186] mean=186 steps=2.22045e-16: 72
[2K
Verifying formula 11 at /nta/queries/query[11]/formula
 -- Formula: Pr[<=700] (<> pow(humanPositionX[0] - bedroom[0], 2) + pow(humanPositionY[0] - bedroom[1], 2) <= 900 )
[2K -- Formula is satisfied.
(72/72 runs) Pr(<> …) in [0.950056,1] (95% CI)
Values in [371,371] mean=371 steps=2.22045e-16: 72
[2K
Verifying formula 12 at /nta/queries/query[12]/formula
 -- Formula: Pr[<=700] (<> pow(robPositionX[0] - kitchen[0], 2) + pow(robPositionY[0] - kitchen[1], 2) <= 900 )
[2K -- Formula is satisfied.
(72/72 runs) Pr(<> …) in [0.950056,1] (95% CI)
Values in [376.618,376.618] mean=376.618 steps=3.78956e-14: 6 0 44 0 2 3 0 0 17
[2K
Verifying formula 13 at /nta/queries/query[13]/formula
 -- Formula: Pr[<=700] (<> pow(robPositionX[0] - bedroom[0], 2) + pow(robPositionY[0] - bedroom[1], 2) <= 900 )
[2K -- Formula is satisfied.
(72/72 runs) Pr(<> …) in [0.950056,1] (95% CI)
Values in [2,2] mean=2 steps=2.22045e-16: 72
[2K
Verifying formula 14 at /nta/queries/query[14]/formula
 -- Formula: Pr[<=700] (<> !isValidPosition(humanPositionX[0], humanPositionY[0]))
[2K -- Formula is satisfied.
(72/72 runs) Pr(<> …) in [0.950056,1] (95% CI)
Values in [0,0] mean=0 steps=2.22045e-16: 72
[2K
Verifying formula 15 at /nta/queries/query[15]/formula
 -- Formula: Pr[<=700] (<> !isValidPosition(robPositionX[0], robPositionY[0]))
[2K -- Formula is satisfied.
(72/72 runs) Pr(<> …) in [0.950056,1] (95% CI)
Values in [0,0] mean=0 steps=2.22045e-16: 72
[2K
Verifying formula 16 at /nta/queries/query[16]/formula
 -- Formula: Pr[<=700] (<> currP > 2)
 -- Throughput: 623369 runs/sec, Load: 340 runs[K
[2K -- Formula is satisfied.
(0/72 runs) Pr(<> …) in [0,0.0499441] (95% CI)
