Options for the verification:
  Generating no trace
  Search order is breadth first
  Using conservative space optimisation
  Seed is 1784225209
  State space representation uses minimal constraint systems with future testing
  Using HashMap + Compress integers for discrete state storage
[2K
Verifying formula 1 at /nta/queries/query[1]/formula
 -- Formula: simulate[<=700]{Coffee_Delivery_employee1_def.s1_start, Coffee_Delivery_employee1_def.s1_end, Coffee_Delivery_employee1_def.s2_start, Coffee_Delivery_employee1_def.s2_idle, Coffee_Delivery_employee1_def.s3_start, Coffee_Delivery_employee1_def.s3_idle, Coffee_Delivery_employee1_def.s4_start, Coffee_Delivery_employee1_def.s4_idle, Coffee_Delivery.end}
[2K -- Formula is satisfied.
Coffee_Delivery_employee1_def.s1_start:
[0]: (0,0) (0,1) (0,0) (5,0) (5,1) (5,0) (10,0) (10,1) (10,0) (15,0) (15,1) (15,0) (20,0) (20,1) (20,0) (25,0) (25,1) (25,0) (30,0) (30,1) (30,0) (35,0) (35,1) (35,0) (40,0) (40,1) (40,0) (45,0) (45,1) (45,0) (50,0) (50,1) (50,0) (55,0) (55,1) (55,0) (60,0) (60,1) (60,0) (65,0) (65,1) (65,0) (70,0) (70,1) (70,0) (75,0) (75,1) (75,0) (80,0) (80,1) (80,0) (85,0) (85,1) (85,0) (90,0) (90,1) (90,0) (95,0) (95,1) (95,0) (100,0) (100,1) (100,0) (105,0) (105,1) (105,0) (110,0) (110,1) (110,0) (115,0) (115,1) (115,0) (120,0) (120,1) (120,0) (125,0) (125,1) (125,0) (130,0) (130,1) (130,0) (135,0) (135,1) (135,0) (140,0) (140,1) (140,0) (145,0) (145,1) (145,0) (150,0) (150,1) (150,0) (155,0) (155,1) (155,0) (160,0) (160,1) (160,0) (165,0) (165,1) (165,0) (170,0) (170,1) (170,0) (175,0) (175,1) (175,0) (180,0) (180,1) (180,0) (185,0) (185,1) (185,0) (700,0)
Coffee_Delivery_employee1_def.s1_end:
[0]: (0,0) (186,0) (186,1) (208,1) (208,0) (700,0)
Coffee_Delivery_employee1_def.s2_start:
[0]: (0,0) (208,0) (208,1) (208,0) (700,0)
Coffee_Delivery_employee1_def.s2_idle:
[0]: (0,0) (208,0) (208,1) (214.2312570454815,1) (214.2312570454815,0) (700,0)
Coffee_Delivery_employee1_def.s3_start:
[0]: (0,0) (214.2312570454815,0) (214.2312570454815,1) (214.2312570454815,0) (700,0)
Coffee_Delivery_employee1_def.s3_idle:
[0]: (0,0) (214.2312570454815,0) (214.2312570454815,1) (389.9654108455888,1) (389.9654108455888,0) (700,0)
Coffee_Delivery_employee1_def.s4_start:
[0]: (0,0) (389.9654108455888,0) (389.9654108455888,1) (389.9654108455888,0) (700,0)
Coffee_Delivery_employee1_def.s4_idle:
[0]: (0,0) (389.9654108455888,0) (389.9654108455888,1) (394.965410845589,1) (394.965410845589,0) (700,0)
Coffee_Delivery.end:
[0]: (0,0) (396.965410845589,0) (396.965410845589,1) (700,1)
[2K
Verifying formula 2 at /nta/queries/query[2]/formula
 -- Formula: simulate[<=700]{Coffee_Delivery_employee2_def.s1_start, Coffee_Delivery_employee2_def.s1_end, Coffee_Delivery_employee2_def.s2_start, Coffee_Delivery_employee2_def.s2_idle, Coffee_Delivery_employee2_def.s3_start, Coffee_Delivery_employee2_def.s3_idle, Coffee_Delivery_employee2_def.s4_start, Coffee_Delivery_employee2_def.s4_idle, Coffee_Delivery.end}
[2K -- Formula is satisfied.
Coffee_Delivery_employee2_def.s1_start:
[0]: (0,0) (0,1) (0,0) (5,0) (5,1) (5,0) (10,0) (10,1) (10,0) (15,0) (15,1) (15,0) (20,0) (20,1) (20,0) (25,0) (25,1) (25,0) (30,0) (30,1) (30,0) (35,0) (35,1) (35,0) (40,0) (40,1) (40,0) (45,0) (45,1) (45,0) (50,0) (50,1) (50,0) (55,0) (55,1) (55,0) (60,0) (60,1) (60,0) (65,0) (65,1) (65,0) (70,0) (70,1) (70,0) (75,0) (75,1) (75,0) (80,0) (80,1) (80,0) (85,0) (85,1) (85,0) (90,0) (90,1) (90,0) (95,0) (95,1) (95,0) (100,0) (100,1) (100,0) (105,0) (105,1) (105,0) (110,0) (110,1) (110,0) (115,0) (115,1) (115,0) (120,0) (120,1) (120,0) (125,0) (125,1) (125,0) (130,0) (130,1) (130,0) (135,0) (135,1) (135,0) (140,0) (140,1) (140,0) (145,0) (145,1) (145,0) (150,0) (150,1) (150,0) (155,0) (155,1) (155,0) (160,0) (160,1) (160,0) (165,0) (165,1) (165,0) (170,0) (170,1) (170,0) (175,0) (175,1) (175,0) (180,0) (180,1) (180,0) (185,0) (185,1) (185,0) (190,0) (190,1) (190,0) (195,0) (195,1) (195,0) (200,0) (200,1) (200,0) (205,0) (205,1) (205,0) (700.000002,0)
Coffee_Delivery_employee2_def.s1_end:
[0]: (0,0) (208,0) (208,1) (208,0) (700.000002,0)
Coffee_Delivery_employee2_def.s2_start:
[0]: (0,0) (208,0) (208,1) (208,0) (700.000002,0)
Coffee_Delivery_employee2_def.s2_idle:
[0]: (0,0) (208,0) (208,1) (214.6345666349426,1) (214.6345666349426,0) (700.000002,0)
Coffee_Delivery_employee2_def.s3_start:
[0]: (0,0) (214.6345666349426,0) (214.6345666349426,1) (214.6345666349426,0) (700.000002,0)
Coffee_Delivery_employee2_def.s3_idle:
[0]: (0,0) (214.6345666349426,0) (214.6345666349426,1) (390.3687204350501,1) (390.3687204350501,0) (700.000002,0)
Coffee_Delivery_employee2_def.s4_start:
[0]: (0,0) (390.3687204350501,0) (390.3687204350501,1) (390.3687204350501,0) (700.000002,0)
Coffee_Delivery_employee2_def.s4_idle:
[0]: (0,0) (390.3687204350501,0) (390.3687204350501,1) (395.3687204350501,1) (395.3687204350501,0) (700.000002,0)
Coffee_Delivery.end:
[0]: (0,0) (397.36872043505,0) (397.36872043505,1) (700.000002,1)
[2K
Verifying formula 3 at /nta/queries/query[3]/formula
 -- Formula: simulate[<=700]{Coffee_Delivery_robot1_def.s1_start, Coffee_Delivery_robot1_def.s1_end, Coffee_Delivery_robot1_def.s2_start, Coffee_Delivery_robot1_def.s2_end, Coffee_Delivery_robot1_def.s3_start, Coffee_Delivery_robot1_def.s3_end, Coffee_Delivery_robot1_def.s4_start, Coffee_Delivery_robot1_def.s4_end, Coffee_Delivery.end}
[2K -- Formula is satisfied.
Coffee_Delivery_robot1_def.s1_start:
[0]: (0,0) (0,1) (0,0) (700,0)
Coffee_Delivery_robot1_def.s1_end:
[0]: (0,0) (67.5767397931244,0) (67.5767397931244,1) (208,1) (208,0) (700,0)
Coffee_Delivery_robot1_def.s2_start:
[0]: (0,0) (208,0) (208,1) (208,0) (700,0)
Coffee_Delivery_robot1_def.s2_end:
[0]: (0,0) (214.1084197249786,0) (214.1084197249786,1) (214.1084197249786,0) (700,0)
Coffee_Delivery_robot1_def.s3_start:
[0]: (0,0) (214.1084197249786,0) (214.1084197249786,1) (214.1084197249786,0) (700,0)
Coffee_Delivery_robot1_def.s3_end:
[0]: (0,0) (389.8425735250861,0) (389.8425735250861,1) (389.8425735250861,0) (700,0)
Coffee_Delivery_robot1_def.s4_start:
[0]: (0,0) (389.8425735250861,0) (389.8425735250861,1) (389.8425735250861,0) (700,0)
Coffee_Delivery_robot1_def.s4_end:
[0]: (0,0) (394.8425735250862,0) (394.8425735250862,1) (394.8425735250862,0) (700,0)
Coffee_Delivery.end:
[0]: (0,0) (396.8425735250862,0) (396.8425735250862,1) (700,1)
[2K
Verifying formula 4 at /nta/queries/query[4]/formula
 -- Formula: Pr[<=700] (<> Coffee_Delivery.end)
 -- Throughput: 494421 runs/sec, Load: 331 runs[K
[2K -- Formula is satisfied.
(72/72 runs) Pr(<> …) in [0.950056,1] (95% CI)
Values in [395.805,400.725] mean=398.42 steps=0.546706: 8 6 12 5 3 8 9 12 9
[2K
Verifying formula 5 at /nta/queries/query[5]/formula
 -- Formula: simulate[<=700]{humanPositionX[0], humanPositionY[0], humanPositionX[1], humanPositionY[1], robPositionX[0], robPositionY[0], batteryCharge[0], Coffee_Delivery.end}
[2K -- Formula is satisfied.
humanPositionX[0]:
[0]: (0,0) (0,92.5) (1,92.5) (1,118.5) (2,118.5) (2,144.5) (3,144.5) (3,170.5) (4,170.5) (4,196.5) (5,196.5) (5,222.5) (6,222.5) (6,248.5) (7,248.5) (7,274.5) (8,274.5) (8,300.5) (9,300.5) (9,326.5) (10,326.5) (10,352.5) (11,352.5) (11,378.5) (12,378.5) (12,404.5) (13,404.5) (13,430.5) (14,430.5) (14,456.5) (15,456.5) (15,482.5) (16,482.5) (16,508.5) (17,508.5) (17,534.5) (18,534.5) (18,560.5) (19,560.5) (19,586.5) (20,586.5) (20,612.5) (21,612.5) (21,638.5) (22,638.5) (22,664.5) (23,664.5) (23,690.5) (24,690.5) (24,716.5) (25,716.5) (25,742.5) (26,742.5) (26,768.5) (27,768.5) (27,794.5) (28,794.5) (28,820.5) (29,820.5) (29,846.5) (30,846.5) (30,872.5) (31,872.5) (31,898.5) (32,898.5) (32,924.5) (33,924.5) (33,950.5) (34,950.5) (34,976.5) (35,976.5) (35,1002.5) (36,1002.5) (36,1028.5) (37,1028.5) (37,1054.5) (38,1054.5) (38,1080.5) (39,1080.5) (39,1106.5) (40,1106.5) (40,1132.5) (41,1132.5) (41,1158.5) (42,1158.5) (42,1184.5) (43,1184.5) (43,1210.5) (44,1210.5) (44,1236.5) (45,1236.5) (45,1262.5) (46,1262.5) (46,1288.5) (47,1288.5) (47,1314.5) (48,1314.5) (48,1340.5) (49,1340.5) (49,1366.5) (50,1366.5) (50,1392.5) (51,1392.5) (51,1418.5) (52,1418.5) (52,1444.5) (53,1444.5) (53,1478) (54,1478) (54,1504) (55,1504) (55,1530) (56,1530) (56,1556) (57,1556) (57,1582) (58,1582) (58,1608) (59,1608) (59,1634) (60,1634) (60,1660) (61,1660) (61,1686) (62,1686) (62,1712) (63,1712) (63,1738) (64,1738) (64,1764) (65,1764) (65,1790) (66,1790) (66,1816) (67,1816) (67,1842) (68,1842) (68,1868) (69,1868) (69,1894) (70,1894) (70,1920) (71,1920) (71,1946) (72,1946) (72,1972) (73,1972) (73,1998) (74,1998) (74,2024) (75,2024) (75,2050) (76,2050) (76,2076) (77,2076) (77,2102) (78,2102) (78,2128) (79,2128) (79,2154) (80,2154) (80,2180) (81,2180) (81,2206) (82,2206) (82,2232) (83,2232) (83,2258) (84,2258) (84,2284) (85,2284) (85,2310) (86,2310) (86,2336) (87,2336) (87,2362) (88,2362) (88,2388) (89,2388) (89,2414) (90,2414) (90,2440) (91,2440) (91,2466) (92,2466) (92,2492) (93,2492) (93,2518) (94,2518) (94,2544) (95,2544) (95,2570) (96,2570) (96,2596) (97,2596) (97,2622) (98,2622) (98,2648) (99,2648) (99,2674) (100,2674) (100,2700) (101,2700) (101,2726) (102,2726) (102,2752) (103,2752) (103,2778) (104,2778) (104,2804) (105,2804) (105,2830) (106,2830) (106,2856) (107,2856) (107,2882) (108,2882) (108,2908) (109,2908) (109,2934) (110,2934) (110,2960) (111,2960) (111,2986) (112,2986) (112,3012) (113,3012) (113,3038) (114,3038) (114,3088.5) (115,3088.5) (115,3114.5) (116,3114.5) (116,3140.5) (117,3140.5) (117,3166.5) (118,3166.5) (118,3192.5) (119,3192.5) (119,3218.5) (120,3218.5) (120,3244.5) (121,3244.5) (121,3270.5) (122,3270.5) (122,3296.5) (123,3296.5) (123,3322.5) (124,3322.5) (124,3348.5) (125,3348.5) (125,3374.5) (126,3374.5) (126,3400.5) (127,3400.5) (127,3426.5) (128,3426.5) (128,3452.5) (129,3452.5) (129,3478.5) (130,3478.5) (130,3504.5) (131,3504.5) (131,3530.5) (132,3530.5) (132,3556.5) (133,3556.5) (133,3582.5) (134,3582.5) (134,3608.5) (135,3608.5) (135,3634.5) (136,3634.5) (136,3660.5) (137,3660.5) (137,3686.5) (138,3686.5) (138,3712.5) (139,3712.5) (139,3738.5) (140,3738.5) (140,3764.5) (141,3764.5) (141,3790.5) (142,3790.5) (142,3816.5) (143,3816.5) (143,3842.5) (144,3842.5) (144,3868.5) (145,3868.5) (145,3894.5) (146,3894.5) (146,3920.5) (147,3920.5) (147,3946.5) (148,3946.5) (148,3972.5) (149,3972.5) (149,3998.5) (150,3998.5) (150,4024.5) (151,4024.5) (151,4050.5) (152,4050.5) (152,4076.5) (153,4076.5) (153,4102.5) (154,4102.5) (154,4128.5) (155,4128.5) (155,4154.5) (156,4154.5) (156,4180.5) (157,4180.5) (157,4206.5) (158,4206.5) (158,4232.5) (159,4232.5) (159,4258.5) (160,4258.5) (160,4284.5) (161,4284.5) (161,4310.5) (162,4310.5) (162,4336.5) (163,4336.5) (163,4362.5) (164,4362.5) (164,4388.5) (165,4388.5) (165,4416.265463717128) (166,4416.265463717128) (166,4415.530927434256) (167,4415.530927434256) (167,4414.796391151384) (168,4414.796391151384) (168,4414.061854868512) (169,4414.061854868512) (169,4413.327318585641) (170,4413.327318585641) (170,4412.592782302769) (171,4412.592782302769) (171,4411.858246019897) (172,4411.858246019897) (172,4411.123709737025) (173,4411.123709737025) (173,4410.389173454153) (174,4410.389173454153) (174,4409.654637171281) (175,4409.654637171281) (175,4408.920100888409) (176,4408.920100888409) (176,4408.185564605537) (177,4408.185564605537) (177,4407.451028322665) (178,4407.451028322665) (178,4406.716492039794) (179,4406.716492039794) (179,4405.981955756922) (180,4405.981955756922) (180,4405.24741947405) (181,4405.24741947405) (181,4404.512883191178) (182,4404.512883191178) (182,4403.778346908306) (183,4403.778346908306) (183,4403.043810625434) (184,4403.043810625434) (184,4402.309274342562) (185,4402.309274342562) (185,4401.57473805969) (186,4401.57473805969) (186,4400.840201776819) (700,4400.840201776819)
humanPositionY[0]:
[0]: (0,0) (0,163.5) (165,163.5) (165,189.4896220913107) (166,189.4896220913107) (166,215.4792441826214) (167,215.4792441826214) (167,241.4688662739321) (168,241.4688662739321) (168,267.4584883652428) (169,267.4584883652428) (169,293.4481104565535) (170,293.4481104565535) (170,319.4377325478642) (171,319.4377325478642) (171,345.427354639175) (172,345.427354639175) (172,371.4169767304857) (173,371.4169767304857) (173,397.4065988217964) (174,397.4065988217964) (174,423.3962209131071) (175,423.3962209131071) (175,449.3858430044178) (176,449.3858430044178) (176,475.3754650957285) (177,475.3754650957285) (177,501.3650871870392) (178,501.3650871870392) (178,527.3547092783499) (179,527.3547092783499) (179,553.3443313696606) (180,553.3443313696606) (180,579.3339534609713) (181,579.3339534609713) (181,605.323575552282) (182,605.323575552282) (182,631.3131976435927) (183,631.3131976435927) (183,657.3028197349034) (184,657.3028197349034) (184,683.2924418262141) (185,683.2924418262141) (185,709.2820639175249) (186,709.2820639175249) (186,735.2716860088356) (700,735.2716860088356)
humanPositionX[1]:
[0]: (0,0) (0,92.5) (1,92.5) (1,118.5) (2,118.5) (2,144.5) (3,144.5) (3,170.5) (4,170.5) (4,196.5) (5,196.5) (5,222.5) (6,222.5) (6,248.5) (7,248.5) (7,274.5) (8,274.5) (8,300.5) (9,300.5) (9,326.5) (10,326.5) (10,352.5) (11,352.5) (11,378.5) (12,378.5) (12,404.5) (13,404.5) (13,430.5) (14,430.5) (14,456.5) (15,456.5) (15,482.5) (16,482.5) (16,508.5) (17,508.5) (17,534.5) (18,534.5) (18,560.5) (19,560.5) (19,586.5) (20,586.5) (20,612.5) (21,612.5) (21,638.5) (22,638.5) (22,664.5) (23,664.5) (23,690.5) (24,690.5) (24,716.5) (25,716.5) (25,742.5) (26,742.5) (26,768.5) (27,768.5) (27,794.5) (28,794.5) (28,820.5) (29,820.5) (29,846.5) (30,846.5) (30,872.5) (31,872.5) (31,898.5) (32,898.5) (32,924.5) (33,924.5) (33,950.5) (34,950.5) (34,976.5) (35,976.5) (35,1002.5) (36,1002.5) (36,1028.5) (37,1028.5) (37,1054.5) (38,1054.5) (38,1080.5) (39,1080.5) (39,1106.5) (40,1106.5) (40,1132.5) (41,1132.5) (41,1158.5) (42,1158.5) (42,1184.5) (43,1184.5) (43,1210.5) (44,1210.5) (44,1236.5) (45,1236.5) (45,1262.5) (46,1262.5) (46,1288.5) (47,1288.5) (47,1314.5) (48,1314.5) (48,1340.5) (49,1340.5) (49,1366.5) (50,1366.5) (50,1392.5) (51,1392.5) (51,1418.5) (52,1418.5) (52,1444.5) (53,1444.5) (53,1452) (75,1452) (75,1478) (76,1478) (76,1504) (77,1504) (77,1530) (78,1530) (78,1556) (79,1556) (79,1582) (80,1582) (80,1608) (81,1608) (81,1634) (82,1634) (82,1660) (83,1660) (83,1686) (84,1686) (84,1712) (85,1712) (85,1738) (86,1738) (86,1764) (87,1764) (87,1790) (88,1790) (88,1816) (89,1816) (89,1842) (90,1842) (90,1868) (91,1868) (91,1894) (92,1894) (92,1920) (93,1920) (93,1946) (94,1946) (94,1972) (95,1972) (95,1998) (96,1998) (96,2024) (97,2024) (97,2050) (98,2050) (98,2076) (99,2076) (99,2102) (100,2102) (100,2128) (101,2128) (101,2154) (102,2154) (102,2180) (103,2180) (103,2206) (104,2206) (104,2232) (105,2232) (105,2258) (106,2258) (106,2284) (107,2284) (107,2310) (108,2310) (108,2336) (109,2336) (109,2362) (110,2362) (110,2388) (111,2388) (111,2414) (112,2414) (112,2440) (113,2440) (113,2466) (114,2466) (114,2492) (115,2492) (115,2518) (116,2518) (116,2544) (117,2544) (117,2570) (118,2570) (118,2596) (119,2596) (119,2622) (120,2622) (120,2648) (121,2648) (121,2674) (122,2674) (122,2700) (123,2700) (123,2726) (124,2726) (124,2752) (125,2752) (125,2778) (126,2778) (126,2804) (127,2804) (127,2830) (128,2830) (128,2856) (129,2856) (129,2882) (130,2882) (130,2908) (131,2908) (131,2934) (132,2934) (132,2960) (133,2960) (133,2986) (134,2986) (134,3012) (135,3012) (135,3038) (136,3038) (136,3088.5) (137,3088.5) (137,3114.5) (138,3114.5) (138,3140.5) (139,3140.5) (139,3166.5) (140,3166.5) (140,3192.5) (141,3192.5) (141,3218.5) (142,3218.5) (142,3244.5) (143,3244.5) (143,3270.5) (144,3270.5) (144,3296.5) (145,3296.5) (145,3322.5) (146,3322.5) (146,3348.5) (147,3348.5) (147,3374.5) (148,3374.5) (148,3400.5) (149,3400.5) (149,3426.5) (150,3426.5) (150,3452.5) (151,3452.5) (151,3478.5) (152,3478.5) (152,3504.5) (153,3504.5) (153,3530.5) (154,3530.5) (154,3556.5) (155,3556.5) (155,3582.5) (156,3582.5) (156,3608.5) (157,3608.5) (157,3634.5) (158,3634.5) (158,3660.5) (159,3660.5) (159,3686.5) (160,3686.5) (160,3712.5) (161,3712.5) (161,3738.5) (162,3738.5) (162,3764.5) (163,3764.5) (163,3790.5) (164,3790.5) (164,3816.5) (165,3816.5) (165,3842.5) (166,3842.5) (166,3868.5) (167,3868.5) (167,3894.5) (168,3894.5) (168,3920.5) (169,3920.5) (169,3946.5) (170,3946.5) (170,3972.5) (171,3972.5) (171,3998.5) (172,3998.5) (172,4024.5) (173,4024.5) (173,4050.5) (174,4050.5) (174,4076.5) (175,4076.5) (175,4102.5) (176,4102.5) (176,4128.5) (177,4128.5) (177,4154.5) (178,4154.5) (178,4180.5) (179,4180.5) (179,4206.5) (180,4206.5) (180,4232.5) (181,4232.5) (181,4258.5) (182,4258.5) (182,4284.5) (183,4284.5) (183,4310.5) (184,4310.5) (184,4336.5) (185,4336.5) (185,4362.5) (186,4362.5) (186,4388.5) (187,4388.5) (187,4416.265463717128) (188,4416.265463717128) (188,4415.530927434256) (189,4415.530927434256) (189,4414.796391151384) (190,4414.796391151384) (190,4414.061854868512) (191,4414.061854868512) (191,4413.327318585641) (192,4413.327318585641) (192,4412.592782302769) (193,4412.592782302769) (193,4411.858246019897) (194,4411.858246019897) (194,4411.123709737025) (195,4411.123709737025) (195,4410.389173454153) (196,4410.389173454153) (196,4409.654637171281) (197,4409.654637171281) (197,4408.920100888409) (198,4408.920100888409) (198,4408.185564605537) (199,4408.185564605537) (199,4407.451028322665) (200,4407.451028322665) (200,4406.716492039794) (201,4406.716492039794) (201,4405.981955756922) (202,4405.981955756922) (202,4405.24741947405) (203,4405.24741947405) (203,4404.512883191178) (204,4404.512883191178) (204,4403.778346908306) (205,4403.778346908306) (205,4403.043810625434) (206,4403.043810625434) (206,4402.309274342562) (207,4402.309274342562) (207,4401.57473805969) (208,4401.57473805969) (208,4400.840201776819) (700,4400.840201776819)
humanPositionY[1]:
[0]: (0,0) (0,761.2) (53,761.2) (53,735.2) (54,735.2) (54,709.2) (55,709.2) (55,683.2) (56,683.2) (56,657.2) (57,657.2) (57,631.2) (58,631.2) (58,605.2) (59,605.2) (59,579.2) (60,579.2) (60,553.2) (61,553.2) (61,527.2) (62,527.2) (62,501.2) (63,501.2) (63,475.2) (64,475.2) (64,449.2) (65,449.2) (65,423.2) (66,423.2) (66,397.2) (67,397.2) (67,371.2) (68,371.2) (68,345.2) (69,345.2) (69,319.2) (70,319.2) (70,293.2) (71,293.2) (71,267.2) (72,267.2) (72,241.2) (73,241.2) (73,215.2) (74,215.2) (74,189.2) (75,189.2) (75,163.5) (187,163.5) (187,189.4896220913107) (188,189.4896220913107) (188,215.4792441826214) (189,215.4792441826214) (189,241.4688662739321) (190,241.4688662739321) (190,267.4584883652428) (191,267.4584883652428) (191,293.4481104565535) (192,293.4481104565535) (192,319.4377325478642) (193,319.4377325478642) (193,345.427354639175) (194,345.427354639175) (194,371.4169767304857) (195,371.4169767304857) (195,397.4065988217964) (196,397.4065988217964) (196,423.3962209131071) (197,423.3962209131071) (197,449.3858430044178) (198,449.3858430044178) (198,475.3754650957285) (199,475.3754650957285) (199,501.3650871870392) (200,501.3650871870392) (200,527.3547092783499) (201,527.3547092783499) (201,553.3443313696606) (202,553.3443313696606) (202,579.3339534609713) (203,579.3339534609713) (203,605.323575552282) (204,605.323575552282) (204,631.3131976435927) (205,631.3131976435927) (205,657.3028197349034) (206,657.3028197349034) (206,683.2924418262141) (207,683.2924418262141) (207,709.2820639175249) (208,709.2820639175249) (208,735.2716860088356) (700,735.2716860088356)
robPositionX[0]:
[0]: (0,0) (0,92.5) (2,92.5) (2,118.5) (3,118.5) (3,144.5) (4,144.5) (4,170.5) (5,170.5) (5,196.5) (6,196.5) (6,222.5) (7,222.5) (7,248.5) (8,248.5) (8,274.5) (9,274.5) (9,300.5) (10,300.5) (10,326.5) (11,326.5) (11,352.5) (12,352.5) (12,378.5) (13,378.5) (13,404.5) (14,404.5) (14,430.5) (15,430.5) (15,456.5) (16,456.5) (16,482.5) (17,482.5) (17,508.5) (18,508.5) (18,534.5) (19,534.5) (19,560.5) (20,560.5) (20,586.5) (21,586.5) (21,612.5) (22,612.5) (22,638.5) (23,638.5) (23,664.5) (24,664.5) (24,690.5) (25,690.5) (25,716.5) (26,716.5) (26,742.5) (27,742.5) (27,768.5) (28,768.5) (28,794.5) (29,794.5) (29,820.5) (30,820.5) (30,846.5) (31,846.5) (31,872.5) (32,872.5) (32,898.5) (33,898.5) (33,924.5) (34,924.5) (34,950.5) (35,950.5) (35,976.5) (36,976.5) (36,1002.5) (37,1002.5) (37,1028.5) (38,1028.5) (38,1054.5) (39,1054.5) (39,1080.5) (40,1080.5) (40,1106.5) (41,1106.5) (41,1132.5) (42,1132.5) (42,1158.5) (43,1158.5) (43,1184.5) (44,1184.5) (44,1210.5) (45,1210.5) (45,1236.5) (46,1236.5) (46,1262.5) (47,1262.5) (47,1288.5) (48,1288.5) (48,1314.5) (49,1314.5) (49,1340.5) (50,1340.5) (50,1366.5) (51,1366.5) (51,1392.5) (52,1392.5) (52,1418.5) (53,1418.5) (53,1444.5) (54,1444.5) (54,1452) (56.57673979312437,1452) (56.57673979312437,1451.845470785223) (57.57673979312437,1451.845470785223) (57.57673979312437,1451.690941570446) (58.57673979312437,1451.690941570446) (58.57673979312437,1451.536412355669) (59.57673979312437,1451.536412355669) (59.57673979312437,1451.381883140892) (60.57673979312437,1451.381883140892) (60.57673979312437,1451.227353926115) (61.57673979312437,1451.227353926115) (61.57673979312437,1451.072824711337) (62.57673979312437,1451.072824711337) (62.57673979312437,1450.91829549656) (63.57673979312437,1450.91829549656) (63.57673979312437,1450.763766281783) (64.57673979312433,1450.763766281783) (64.57673979312433,1450.609237067006) (65.57673979312433,1450.609237067006) (65.57673979312433,1450.454707852229) (66.57673979312433,1450.454707852229) (66.57673979312433,1450.300178637452) (67.57673979312433,1450.300178637452) (67.57673979312433,1450.145649422675) (215.4506593445083,1450.145649422675) (215.4506593445083,1450.314396953755) (218.0149653360793,1450.314396953755) (218.0149653360793,1450.483144484836) (219.0149653360793,1450.483144484836) (219.0149653360793,1450.651892015916) (220.0149653360793,1450.651892015916) (220.0149653360793,1450.820639546997) (221.0149653360793,1450.820639546997) (221.0149653360793,1450.989387078077) (222.0149653360793,1450.989387078077) (222.0149653360793,1451.158134609158) (223.0149653360793,1451.158134609158) (223.0149653360793,1451.326882140238) (224.0149653360793,1451.326882140238) (224.0149653360793,1451.495629671319) (225.0149653360793,1451.495629671319) (225.0149653360793,1451.664377202399) (226.0149653360793,1451.664377202399) (226.0149653360793,1451.83312473348) (227.0149653360793,1451.83312473348) (227.0149653360793,1452) (252.5857616628742,1452) (252.5857616628742,1478) (253.5857616628742,1478) (253.5857616628742,1504) (254.5857616628742,1504) (254.5857616628742,1530) (255.5857616628742,1530) (255.5857616628742,1556) (256.5857616628744,1556) (256.5857616628744,1582) (257.5857616628744,1582) (257.5857616628744,1608) (258.5857616628744,1608) (258.5857616628744,1634) (259.5857616628744,1634) (259.5857616628744,1660) (260.5857616628744,1660) (260.5857616628744,1686) (261.5857616628744,1686) (261.5857616628744,1712) (262.5857616628744,1712) (262.5857616628744,1738) (263.5857616628744,1738) (263.5857616628744,1764) (264.5857616628744,1764) (264.5857616628744,1790) (265.5857616628744,1790) (265.5857616628744,1816) (266.5857616628744,1816) (266.5857616628744,1842) (267.5857616628744,1842) (267.5857616628744,1868) (268.5857616628744,1868) (268.5857616628744,1894) (269.5857616628744,1894) (269.5857616628744,1920) (270.5857616628744,1920) (270.5857616628744,1946) (271.5857616628744,1946) (271.5857616628744,1972) (272.5857616628744,1972) (272.5857616628744,1998) (273.5857616628744,1998) (273.5857616628744,2024) (274.5857616628744,2024) (274.5857616628744,2050) (275.5857616628744,2050) (275.5857616628744,2076) (276.5857616628744,2076) (276.5857616628744,2102) (277.5857616628744,2102) (277.5857616628744,2128) (278.5857616628744,2128) (278.5857616628744,2154) (279.5857616628744,2154) (279.5857616628744,2180) (280.5857616628744,2180) (280.5857616628744,2206) (281.5857616628744,2206) (281.5857616628744,2232) (282.5857616628744,2232) (282.5857616628744,2258) (283.5857616628744,2258) (283.5857616628744,2284) (284.5857616628744,2284) (284.5857616628744,2310) (285.5857616628744,2310) (285.5857616628744,2336) (286.5857616628744,2336) (286.5857616628744,2362) (287.5857616628744,2362) (287.5857616628744,2388) (288.5857616628744,2388) (288.5857616628744,2414) (289.5857616628744,2414) (289.5857616628744,2440) (290.5857616628744,2440) (290.5857616628744,2466) (291.5857616628744,2466) (291.5857616628744,2492) (292.5857616628744,2492) (292.5857616628744,2518) (293.5857616628744,2518) (293.5857616628744,2544) (294.5857616628744,2544) (294.5857616628744,2570) (295.5857616628744,2570) (295.5857616628744,2596) (296.5857616628744,2596) (296.5857616628744,2622) (297.5857616628744,2622) (297.5857616628744,2648) (298.5857616628744,2648) (298.5857616628744,2674) (299.5857616628744,2674) (299.5857616628744,2700) (300.5857616628744,2700) (300.5857616628744,2726) (301.5857616628744,2726) (301.5857616628744,2752) (302.5857616628744,2752) (302.5857616628744,2778) (303.5857616628744,2778) (303.5857616628744,2804) (304.5857616628744,2804) (304.5857616628744,2830) (305.5857616628744,2830) (305.5857616628744,2856) (306.5857616628744,2856) (306.5857616628744,2882) (307.5857616628744,2882) (307.5857616628744,2908) (308.5857616628744,2908) (308.5857616628744,2934) (309.5857616628744,2934) (309.5857616628744,2960) (310.5857616628744,2960) (310.5857616628744,2986) (311.5857616628744,2986) (311.5857616628744,3012) (312.5857616628744,3012) (312.5857616628744,3038) (313.5857616628744,3038) (313.5857616628744,3062.5) (314.5857616628744,3062.5) (314.5857616628744,3088.5) (315.5857616628744,3088.5) (315.5857616628744,3114.5) (316.5857616628744,3114.5) (316.5857616628744,3140.5) (317.5857616628744,3140.5) (317.5857616628744,3166.5) (318.5857616628744,3166.5) (318.5857616628744,3192.5) (319.5857616628744,3192.5) (319.5857616628744,3218.5) (320.5857616628744,3218.5) (320.5857616628744,3244.5) (321.5857616628744,3244.5) (321.5857616628744,3270.5) (322.5857616628744,3270.5) (322.5857616628744,3296.5) (323.5857616628744,3296.5) (323.5857616628744,3322.5) (324.5857616628744,3322.5) (324.5857616628744,3348.5) (325.5857616628744,3348.5) (325.5857616628744,3374.5) (326.5857616628744,3374.5) (326.5857616628744,3400.5) (327.5857616628744,3400.5) (327.5857616628744,3426.5) (328.5857616628744,3426.5) (328.5857616628744,3452.5) (329.5857616628744,3452.5) (329.5857616628744,3478.5) (330.5857616628744,3478.5) (330.5857616628744,3504.5) (331.5857616628744,3504.5) (331.5857616628744,3530.5) (332.5857616628744,3530.5) (332.5857616628744,3556.5) (333.5857616628744,3556.5) (333.5857616628744,3582.5) (334.5857616628744,3582.5) (334.5857616628744,3608.5) (335.5857616628744,3608.5) (335.5857616628744,3634.5) (336.5857616628744,3634.5) (336.5857616628744,3660.5) (337.5857616628744,3660.5) (337.5857616628744,3686.5) (338.5857616628744,3686.5) (338.5857616628744,3712.5) (339.5857616628744,3712.5) (339.5857616628744,3738.5) (340.5857616628744,3738.5) (340.5857616628744,3764.5) (341.5857616628744,3764.5) (341.5857616628744,3790.5) (342.5857616628744,3790.5) (342.5857616628744,3816.5) (343.5857616628744,3816.5) (343.5857616628744,3842.5) (344.5857616628744,3842.5) (344.5857616628744,3868.5) (345.5857616628744,3868.5) (345.5857616628744,3894.5) (346.5857616628744,3894.5) (346.5857616628744,3920.5) (347.5857616628744,3920.5) (347.5857616628744,3946.5) (348.5857616628744,3946.5) (348.5857616628744,3972.5) (349.5857616628744,3972.5) (349.5857616628744,3998.5) (350.5857616628744,3998.5) (350.5857616628744,4024.5) (351.5857616628744,4024.5) (351.5857616628744,4050.5) (352.5857616628744,4050.5) (352.5857616628744,4076.5) (353.5857616628744,4076.5) (353.5857616628744,4102.5) (354.5857616628744,4102.5) (354.5857616628744,4128.5) (355.5857616628744,4128.5) (355.5857616628744,4154.5) (356.5857616628744,4154.5) (356.5857616628744,4180.5) (357.5857616628744,4180.5) (357.5857616628744,4206.5) (358.5857616628744,4206.5) (358.5857616628744,4232.5) (359.5857616628744,4232.5) (359.5857616628744,4258.5) (360.5857616628744,4258.5) (360.5857616628744,4284.5) (361.5857616628744,4284.5) (361.5857616628744,4310.5) (362.5857616628744,4310.5) (362.5857616628744,4336.5) (363.5857616628744,4336.5) (363.5857616628744,4362.5) (364.5857616628744,4362.5) (364.5857616628744,4388.5) (365.5857616628744,4388.5) (365.5857616628744,4417) (368.1848131446158,4417) (368.1848131446158,4416.265463717128) (369.1848131446158,4416.265463717128) (369.1848131446158,4415.530927434256) (370.1848131446158,4415.530927434256) (370.1848131446158,4414.796391151384) (371.1848131446158,4414.796391151384) (371.1848131446158,4414.061854868512) (372.1848131446158,4414.061854868512) (372.1848131446158,4413.327318585641) (373.1848131446158,4413.327318585641) (373.1848131446158,4412.592782302769) (374.1848131446158,4412.592782302769) (374.1848131446158,4411.858246019897) (375.1848131446158,4411.858246019897) (375.1848131446158,4411.123709737025) (376.1848131446158,4411.123709737025) (376.1848131446158,4410.389173454153) (377.1848131446158,4410.389173454153) (377.1848131446158,4409.654637171281) (378.1848131446158,4409.654637171281) (378.1848131446158,4408.920100888409) (379.1848131446158,4408.920100888409) (379.1848131446158,4408.185564605537) (380.1848131446158,4408.185564605537) (380.1848131446158,4407.451028322665) (381.1848131446158,4407.451028322665) (381.1848131446158,4406.716492039794) (382.1848131446158,4406.716492039794) (382.1848131446158,4405.981955756922) (383.1848131446158,4405.981955756922) (383.1848131446158,4405.24741947405) (384.1848131446158,4405.24741947405) (384.1848131446158,4404.512883191178) (385.1848131446158,4404.512883191178) (385.1848131446158,4403.778346908306) (386.1848131446158,4403.778346908306) (386.1848131446158,4403.043810625434) (387.1848131446158,4403.043810625434) (387.1848131446158,4402.309274342562) (388.1848131446158,4402.309274342562) (388.1848131446158,4401.57473805969) (389.1848131446158,4401.57473805969) (389.1848131446158,4400.840201776819) (700,4400.840201776819)
robPositionY[0]:
[0]: (0,0) (0,163.5) (56.57673979312437,163.5) (56.57673979312437,189.4995407790557) (57.57673979312437,189.4995407790557) (57.57673979312437,215.4990815581114) (58.57673979312437,215.4990815581114) (58.57673979312437,241.4986223371671) (59.57673979312437,241.4986223371671) (59.57673979312437,267.4981631162228) (60.57673979312437,267.4981631162228) (60.57673979312437,293.4977038952785) (61.57673979312437,293.4977038952785) (61.57673979312437,319.4972446743342) (62.57673979312437,319.4972446743342) (62.57673979312437,345.4967854533899) (63.57673979312437,345.4967854533899) (63.57673979312437,371.4963262324455) (64.57673979312433,371.4963262324455) (64.57673979312433,397.4958670115012) (65.57673979312433,397.4958670115012) (65.57673979312433,423.4954077905569) (66.57673979312433,423.4954077905569) (66.57673979312433,449.4949485696126) (67.57673979312433,449.4949485696126) (67.57673979312433,475.4944893486683) (215.4506593445083,475.4944893486683) (215.4506593445083,501.4939417327234) (218.0149653360793,501.4939417327234) (218.0149653360793,527.4933941167786) (219.0149653360793,527.4933941167786) (219.0149653360793,553.4928465008338) (220.0149653360793,553.4928465008338) (220.0149653360793,579.492298884889) (221.0149653360793,579.492298884889) (221.0149653360793,605.4917512689442) (222.0149653360793,605.4917512689442) (222.0149653360793,631.4912036529994) (223.0149653360793,631.4912036529994) (223.0149653360793,657.4906560370546) (224.0149653360793,657.4906560370546) (224.0149653360793,683.4901084211098) (225.0149653360793,683.4901084211098) (225.0149653360793,709.489560805165) (226.0149653360793,709.489560805165) (226.0149653360793,735.4890131892201) (227.0149653360793,735.4890131892201) (227.0149653360793,761.2) (229.5857616628742,761.2) (229.5857616628742,735.2) (230.5857616628742,735.2) (230.5857616628742,709.2) (231.5857616628742,709.2) (231.5857616628742,683.2) (232.5857616628742,683.2) (232.5857616628742,657.2) (233.5857616628742,657.2) (233.5857616628742,631.2) (234.5857616628742,631.2) (234.5857616628742,605.2) (235.5857616628742,605.2) (235.5857616628742,579.2) (236.5857616628742,579.2) (236.5857616628742,553.2) (237.5857616628742,553.2) (237.5857616628742,527.2) (238.5857616628742,527.2) (238.5857616628742,501.2) (239.5857616628742,501.2) (239.5857616628742,475.2) (240.5857616628742,475.2) (240.5857616628742,449.2) (241.5857616628742,449.2) (241.5857616628742,423.2) (242.5857616628742,423.2) (242.5857616628742,397.2) (243.5857616628742,397.2) (243.5857616628742,371.2) (244.5857616628742,371.2) (244.5857616628742,345.2) (245.5857616628742,345.2) (245.5857616628742,319.2) (246.5857616628742,319.2) (246.5857616628742,293.2) (247.5857616628742,293.2) (247.5857616628742,267.2) (248.5857616628742,267.2) (248.5857616628742,241.2) (249.5857616628742,241.2) (249.5857616628742,215.2) (250.5857616628742,215.2) (250.5857616628742,189.2) (251.5857616628742,189.2) (251.5857616628742,163.5) (368.1848131446158,163.5) (368.1848131446158,189.4896220913107) (369.1848131446158,189.4896220913107) (369.1848131446158,215.4792441826214) (370.1848131446158,215.4792441826214) (370.1848131446158,241.4688662739321) (371.1848131446158,241.4688662739321) (371.1848131446158,267.4584883652428) (372.1848131446158,267.4584883652428) (372.1848131446158,293.4481104565535) (373.1848131446158,293.4481104565535) (373.1848131446158,319.4377325478642) (374.1848131446158,319.4377325478642) (374.1848131446158,345.427354639175) (375.1848131446158,345.427354639175) (375.1848131446158,371.4169767304857) (376.1848131446158,371.4169767304857) (376.1848131446158,397.4065988217964) (377.1848131446158,397.4065988217964) (377.1848131446158,423.3962209131071) (378.1848131446158,423.3962209131071) (378.1848131446158,449.3858430044178) (379.1848131446158,449.3858430044178) (379.1848131446158,475.3754650957285) (380.1848131446158,475.3754650957285) (380.1848131446158,501.3650871870392) (381.1848131446158,501.3650871870392) (381.1848131446158,527.3547092783499) (382.1848131446158,527.3547092783499) (382.1848131446158,553.3443313696606) (383.1848131446158,553.3443313696606) (383.1848131446158,579.3339534609713) (384.1848131446158,579.3339534609713) (384.1848131446158,605.323575552282) (385.1848131446158,605.323575552282) (385.1848131446158,631.3131976435927) (386.1848131446158,631.3131976435927) (386.1848131446158,657.3028197349034) (387.1848131446158,657.3028197349034) (387.1848131446158,683.2924418262141) (388.1848131446158,683.2924418262141) (388.1848131446158,709.2820639175249) (389.1848131446158,709.2820639175249) (389.1848131446158,735.2716860088356) (700,735.2716860088356)
batteryCharge[0]:
[0]: (0,100) (700,100)
Coffee_Delivery.end:
[0]: (0,0) (396.1848131446158,0) (396.1848131446158,1) (700,1)
[2K
Verifying formula 6 at /nta/queries/query[6]/formula
 -- Formula: simulate[<=700]{robot_inventory[0][0], Coffee_Delivery.end*2}
[2K -- Formula is satisfied.
robot_inventory[0][0]:
[0]: (0,0) (214.1983971474779,0) (214.1983971474779,1) (394.9325509475854,1) (394.9325509475854,0) (700,0)
Coffee_Delivery.end * 2:
[0]: (0,0) (396.9325509475854,0) (396.9325509475854,2) (700,2)
[2K
Verifying formula 7 at /nta/queries/query[7]/formula
 -- Formula: simulate[<=700]{coffee_room[0], coffee_room[1], kitchen[0], kitchen[1]}
[2K -- Formula is satisfied.
coffee_room[0]:
[0]: (0,1450) (700,1450)
coffee_room[1]:
[0]: (0,500) (700,500)
kitchen[0]:
[0]: (0,4400) (700,4400)
kitchen[1]:
[0]: (0,765) (700,765)
[2K
Verifying formula 8 at /nta/queries/query[8]/formula
 -- Formula: simulate[<=700]{rm_1.idle, rf_1.idle, rp_1.idle, rd_1.idle}
[2K -- Formula is satisfied.
rm_1.idle:
[0]: (0,0) (0,1) (0,0) (68.57673979312466,0) (68.57673979312466,1) (217.1248419318974,1) (217.1248419318974,0) (393.8589957320042,0) (393.8589957320042,1) (700,1)
rf_1.idle:
[0]: (0,0) (0,1) (700,1)
rp_1.idle:
[0]: (0,0) (0,1) (208,1) (208,0) (217.1248419318974,0) (217.1248419318974,1) (700,1)
rd_1.idle:
[0]: (0,0) (0,1) (392.8589957320049,1) (392.8589957320049,0) (397.858995732005,0) (397.858995732005,1) (700,1)
[2K
Verifying formula 9 at /nta/queries/query[9]/formula
 -- Formula: Pr[<=700](<>!rm_1.idle || !rf_1.idle || !rp_1.idle || !rd_1.idle)
[2K -- Formula is satisfied.
(72/72 runs) Pr(<> …) in [0.950056,1] (95% CI)
Values in [0,0] mean=0 steps=2.22045e-16: 72
[2K
Verifying formula 10 at /nta/queries/query[10]/formula
 -- Formula: Pr[<=700]([] (Coffee_Delivery.end imply (rm_1.idle && rf_1.idle && rp_1.idle && rd_1.idle)))
 -- Throughput: 502793 runs/sec, Load: 350 runs[K
[2K -- Formula is satisfied.
(72/72 runs) Pr([] …) in [0.950056,1] (95% CI)
[2K
Verifying formula 11 at /nta/queries/query[11]/formula
 -- Formula: Pr[<=700] (<> pow(humanPositionX[0] - kitchen[0], 2) + pow(humanPositionY[0] - kitchen[1], 2) <= 900 )
[2K -- Formula is satisfied.
(72/72 runs) Pr(<> …) in [0.950056,1] (95% CI)
Values in [186,186] mean=186 steps=2.22045e-16: 72
[2K
Verifying formula 12 at /nta/queries/query[12]/formula
 -- Formula: Pr[<=700] (<> pow(humanPositionX[1] - kitchen[0], 2) + pow(humanPositionY[1] - kitchen[1], 2) <= 900 )
[2K -- Formula is satisfied.
(72/72 runs) Pr(<> …) in [0.950056,1] (95% CI)
Values in [208,208] mean=208 steps=2.22045e-16: 72
[2K
Verifying formula 13 at /nta/queries/query[13]/formula
 -- Formula: Pr[<=700] (<> pow(robPositionX[0] - coffee_room[0], 2) + pow(robPositionY[0] - coffee_room[1], 2) <= 900 )
[2K -- Formula is satisfied.
(72/72 runs) Pr(<> …) in [0.950056,1] (95% CI)
Values in [67.5767,67.5767] mean=67.5767 steps=9.4739e-15: 19 0 0 0 0 0 0 17 36
[2K
Verifying formula 14 at /nta/queries/query[14]/formula
 -- Formula: Pr[<=700] (<> pow(robPositionX[0] - kitchen[0], 2) + pow(robPositionY[0] - kitchen[1], 2) <= 900 )
 -- Throughput: 490798 runs/sec, Load: 330 runs[K
[2K -- Formula is satisfied.
(88/89 runs) Pr(<> …) in [0.938982,0.999716] (95% CI)
Values in [388.742,393.702] mean=391.14 steps=0.496007: 8 11 12 12 5 7 10 6 5 12
[2K
Verifying formula 15 at /nta/queries/query[15]/formula
 -- Formula: Pr[<=700] (<> !isValidPosition(humanPositionX[0], humanPositionY[0]))
[2K -- Formula is satisfied.
(72/72 runs) Pr(<> …) in [0.950056,1] (95% CI)
Values in [0,0] mean=0 steps=2.22045e-16: 72
[2K
Verifying formula 16 at /nta/queries/query[16]/formula
 -- Formula: Pr[<=700] (<> !isValidPosition(humanPositionX[1], humanPositionY[1]))
[2K -- Formula is satisfied.
(72/72 runs) Pr(<> …) in [0.950056,1] (95% CI)
Values in [0,0] mean=0 steps=2.22045e-16: 72
[2K
Verifying formula 17 at /nta/queries/query[17]/formula
 -- Formula: Pr[<=700] (<> !isValidPosition(robPositionX[0], robPositionY[0]))
[2K -- Formula is satisfied.
(72/72 runs) Pr(<> …) in [0.950056,1] (95% CI)
Values in [0,0] mean=0 steps=2.22045e-16: 72
[2K
Verifying formula 18 at /nta/queries/query[18]/formula
 -- Formula: Pr[<=700] (<> currP > 2)
 -- Throughput: 502024 runs/sec, Load: 350 runs[K
[2K -- Formula is satisfied.
(0/72 runs) Pr(<> …) in [0,0.0499441] (95% CI)
