Options for the verification:
  Generating no trace
  Search order is breadth first
  Using conservative space optimisation
  Seed is 1784917878
  State space representation uses minimal constraint systems with future testing
  Using HashMap + Compress integers for discrete state storage
[2K
Verifying formula 1 at /nta/queries/query[1]/formula
 -- Formula: simulate[<=700]{user_guided_transport_robot_def.s1_start, user_guided_transport_robot_def.s1_end, user_guided_transport_robot_def.s2_start, user_guided_transport_robot_def.s2_end, user_guided_transport_robot_def.s3_start, user_guided_transport_robot_def.s3_idle, user_guided_transport_robot_def.s4_start, user_guided_transport_robot_def.s4_end, user_guided_transport.end}
[2K -- Formula is satisfied.
user_guided_transport_robot_def.s1_start:
[0]: (0,0) (0,1) (0,0) (700,0)
user_guided_transport_robot_def.s1_end:
[0]: (0,0) (2,0) (2,1) (2,0) (700,0)
user_guided_transport_robot_def.s2_start:
[0]: (0,0) (2,0) (2,1) (2,0) (700,0)
user_guided_transport_robot_def.s2_end:
[0]: (0,0) (8.40889746523599,0) (8.40889746523599,1) (8.40889746523599,0) (700,0)
user_guided_transport_robot_def.s3_start:
[0]: (0,0) (8.40889746523599,0) (8.40889746523599,1) (8.40889746523599,0) (700,0)
user_guided_transport_robot_def.s3_idle:
[0]: (0,0) (8.40889746523599,0) (8.40889746523599,1) (193.4088974652434,1) (193.4088974652434,0) (700,0)
user_guided_transport_robot_def.s4_start:
[0]: (0,0) (193.4088974652434,0) (193.4088974652434,1) (193.4088974652434,0) (700,0)
user_guided_transport_robot_def.s4_end:
[0]: (0,0) (384.0267524094363,0) (384.0267524094363,1) (384.0267524094363,0) (700,0)
user_guided_transport.end:
[0]: (0,0) (386.0267524094355,0) (386.0267524094355,1) (700,1)
[2K
Verifying formula 2 at /nta/queries/query[2]/formula
 -- Formula: simulate[<=700]{user_guided_transport_human_def.s1_start, user_guided_transport_human_def.s1_end, user_guided_transport_human_def.s2_start, user_guided_transport_human_def.s2_idle, user_guided_transport_human_def.s3_start, user_guided_transport_human_def.s3_end, user_guided_transport_human_def.s4_start, user_guided_transport_human_def.s4_idle, user_guided_transport.end}
[2K -- Formula is satisfied.
user_guided_transport_human_def.s1_start:
[0]: (0,0) (0,1) (0,0) (700,0)
user_guided_transport_human_def.s1_end:
[0]: (0,0) (1,0) (1,1) (2,1) (2,0) (700,0)
user_guided_transport_human_def.s2_start:
[0]: (0,0) (2,0) (2,1) (2,0) (700,0)
user_guided_transport_human_def.s2_idle:
[0]: (0,0) (2,0) (2,1) (11.40596554266153,1) (11.40596554266153,0) (700,0)
user_guided_transport_human_def.s3_start:
[0]: (0,0) (11.40596554266153,0) (11.40596554266153,1) (11.40596554266153,0) (16.40596554266154,0) (16.40596554266154,1) (16.40596554266154,0) (21.40596554266149,0) (21.40596554266149,1) (21.40596554266149,0) (26.4059655426614,0) (26.4059655426614,1) (26.4059655426614,0) (31.40596554266131,0) (31.40596554266131,1) (31.40596554266131,0) (36.40596554266124,0) (36.40596554266124,1) (36.40596554266124,0) (41.40596554266116,0) (41.40596554266116,1) (41.40596554266116,0) (46.40596554266109,0) (46.40596554266109,1) (46.40596554266109,0) (51.40596554266102,0) (51.40596554266102,1) (51.40596554266102,0) (56.40596554266095,0) (56.40596554266095,1) (56.40596554266095,0) (61.40596554266088,0) (61.40596554266088,1) (61.40596554266088,0) (66.40596554266081,0) (66.40596554266081,1) (66.40596554266081,0) (71.40596554266074,0) (71.40596554266074,1) (71.40596554266074,0) (76.4059655426607,0) (76.4059655426607,1) (76.4059655426607,0) (81.40596554266037,0) (81.40596554266037,1) (81.40596554266037,0) (86.40596554266001,0) (86.40596554266001,1) (86.40596554266001,0) (91.40596554265966,0) (91.40596554265966,1) (91.40596554265966,0) (96.4059655426593,0) (96.4059655426593,1) (96.4059655426593,0) (101.4059655426589,0) (101.4059655426589,1) (101.4059655426589,0) (106.4059655426586,0) (106.4059655426586,1) (106.4059655426586,0) (111.4059655426582,0) (111.4059655426582,1) (111.4059655426582,0) (116.4059655426579,0) (116.4059655426579,1) (116.4059655426579,0) (121.4059655426575,0) (121.4059655426575,1) (121.4059655426575,0) (126.4059655426572,0) (126.4059655426572,1) (126.4059655426572,0) (131.4059655426574,0) (131.4059655426574,1) (131.4059655426574,0) (136.4059655426578,0) (136.4059655426578,1) (136.4059655426578,0) (141.4059655426582,0) (141.4059655426582,1) (141.4059655426582,0) (146.4059655426586,0) (146.4059655426586,1) (146.4059655426586,0) (151.4059655426591,0) (151.4059655426591,1) (151.4059655426591,0) (156.4059655426595,0) (156.4059655426595,1) (156.4059655426595,0) (161.4059655426599,0) (161.4059655426599,1) (161.4059655426599,0) (166.4059655426603,0) (166.4059655426603,1) (166.4059655426603,0) (171.4059655426608,0) (171.4059655426608,1) (171.4059655426608,0) (176.4059655426612,0) (176.4059655426612,1) (176.4059655426612,0) (181.4059655426616,0) (181.4059655426616,1) (181.4059655426616,0) (186.405965542662,0) (186.405965542662,1) (186.405965542662,0) (191.4059655426625,0) (191.4059655426625,1) (191.4059655426625,0) (700,0)
user_guided_transport_human_def.s3_end:
[0]: (0,0) (196.4059655426629,0) (196.4059655426629,1) (196.4059655426629,0) (700,0)
user_guided_transport_human_def.s4_start:
[0]: (0,0) (196.4059655426629,0) (196.4059655426629,1) (196.4059655426629,0) (700,0)
user_guided_transport_human_def.s4_idle:
[0]: (0,0) (196.4059655426629,0) (196.4059655426629,1) (387.0238204869119,1) (387.0238204869119,0) (700,0)
user_guided_transport.end:
[0]: (0,0) (389.0238204869111,0) (389.0238204869111,1) (700,1)
[2K
Verifying formula 3 at /nta/queries/query[3]/formula
 -- Formula: Pr[<=700] (<> user_guided_transport.end)
[2K -- Formula is satisfied.
(72/72 runs) Pr(<> …) in [0.950056,1] (95% CI)
Values in [384.704,389.542] mean=387.043 steps=0.537571: 10 5 14 4 11 3 7 10 8
[2K
Verifying formula 4 at /nta/queries/query[4]/formula
 -- Formula: simulate[<=700]{humanPositionX[0], humanPositionY[0], robPositionX[0], robPositionY[0], batteryCharge[0], user_guided_transport.end}
[2K -- Formula is satisfied.
humanPositionX[0]:
[0]: (0,0) (0,92.5) (1,92.5) (1,97.73313175708738) (8.759817451219735,97.73313175708738) (8.759817451219735,123.7285354798977) (9.759817451219735,123.7285354798977) (9.759817451219735,149.723939202708) (10.75981745121973,149.723939202708) (10.75981745121973,175.7193429255182) (11.75981745121973,175.7193429255182) (11.75981745121973,201.7147466483285) (12.75981745121973,201.7147466483285) (12.75981745121973,227.7101503711388) (13.75981745121972,227.7101503711388) (13.75981745121972,253.7055540939491) (14.75981745121971,253.7055540939491) (14.75981745121971,279.7009578167594) (15.75981745121971,279.7009578167594) (15.75981745121971,305.6963615395697) (16.75981745121971,305.6963615395697) (16.75981745121971,331.69176526238) (17.75981745121972,331.69176526238) (17.75981745121972,357.6871689851903) (18.75981745121973,357.6871689851903) (18.75981745121973,383.6825727080006) (19.75981745121974,383.6825727080006) (19.75981745121974,409.6779764308109) (20.75981745121975,409.6779764308109) (20.75981745121975,435.6733801536212) (21.75981745121976,435.6733801536212) (21.75981745121976,461.6687838764315) (22.75981745121977,461.6687838764315) (22.75981745121977,487.6641875992418) (23.75981745121978,487.6641875992418) (23.75981745121978,513.6595913220521) (24.75981745121976,513.6595913220521) (24.75981745121976,539.6549950448623) (25.75981745121975,539.6549950448623) (25.75981745121975,565.6503987676725) (26.75981745121974,565.6503987676725) (26.75981745121974,591.6458024904828) (27.75981745121972,591.6458024904828) (27.75981745121972,617.641206213293) (28.7598174512197,617.641206213293) (28.7598174512197,643.6366099361032) (29.75981745121969,643.6366099361032) (29.75981745121969,669.6320136589135) (30.75981745121967,669.6320136589135) (30.75981745121967,695.6274173817237) (31.75981745121966,695.6274173817237) (31.75981745121966,721.622821104534) (32.75981745121967,721.622821104534) (32.75981745121967,747.6182248273442) (33.7598174512197,747.6182248273442) (33.7598174512197,773.6136285501544) (34.75981745121972,773.6136285501544) (34.75981745121972,799.6090322729647) (35.75981745121974,799.6090322729647) (35.75981745121974,825.6044359957749) (36.75981745121976,825.6044359957749) (36.75981745121976,851.5998397185851) (37.75981745121977,851.5998397185851) (37.75981745121977,877.5952434413954) (38.7598174512198,877.5952434413954) (38.7598174512198,903.5906471642056) (39.75981745121982,903.5906471642056) (39.75981745121982,929.5860508870159) (40.75981745121981,929.5860508870159) (40.75981745121981,955.5814546098261) (41.7598174512198,955.5814546098261) (41.7598174512198,981.5768583326363) (42.75981745121977,981.5768583326363) (42.75981745121977,1007.572262055447) (43.75981745121979,1007.572262055447) (43.75981745121979,1033.567665778257) (44.7598174512198,1033.567665778257) (44.7598174512198,1059.563069501067) (45.7598174512198,1059.563069501067) (45.7598174512198,1085.558473223878) (46.75981745121981,1085.558473223878) (46.75981745121981,1111.553876946688) (47.75981745121982,1111.553876946688) (47.75981745121982,1137.549280669498) (48.75981745121982,1137.549280669498) (48.75981745121982,1163.544684392309) (49.75981745121982,1163.544684392309) (49.75981745121982,1189.540088115119) (50.75981745121982,1189.540088115119) (50.75981745121982,1215.535491837929) (51.75981745121982,1215.535491837929) (51.75981745121982,1241.53089556074) (52.75981745121982,1241.53089556074) (52.75981745121982,1267.52629928355) (53.75981745121982,1267.52629928355) (53.75981745121982,1293.52170300636) (54.75981745121982,1293.52170300636) (54.75981745121982,1319.517106729171) (55.75981745121982,1319.517106729171) (55.75981745121982,1345.512510451981) (56.75981745121982,1345.512510451981) (56.75981745121982,1371.507914174791) (57.75981745121982,1371.507914174791) (57.75981745121982,1397.503317897602) (58.75981745121982,1397.503317897602) (58.75981745121982,1423.498721620412) (59.75981745121982,1423.498721620412) (59.75981745121982,1478) (60.75981745121982,1478) (60.75981745121982,1504) (61.75981745121982,1504) (61.75981745121982,1530) (62.75981745121982,1530) (62.75981745121982,1556) (63.75981745121982,1556) (63.75981745121982,1582) (64.75981745121987,1582) (64.75981745121987,1608) (65.75981745121994,1608) (65.75981745121994,1634) (66.75981745122002,1634) (66.75981745122002,1660) (67.75981745122009,1660) (67.75981745122009,1686) (68.75981745122016,1686) (68.75981745122016,1712) (69.75981745122023,1712) (69.75981745122023,1738) (70.7598174512203,1738) (70.7598174512203,1764) (71.75981745122037,1764) (71.75981745122037,1790) (72.75981745122044,1790) (72.75981745122044,1816) (73.75981745122051,1816) (73.75981745122051,1842) (74.75981745122058,1842) (74.75981745122058,1868) (75.75981745122066,1868) (75.75981745122066,1894) (76.75981745122073,1894) (76.75981745122073,1920) (77.7598174512208,1920) (77.7598174512208,1946) (78.75981745122087,1946) (78.75981745122087,1972) (79.75981745122094,1972) (79.75981745122094,1998) (80.75981745122101,1998) (80.75981745122101,2024) (81.75981745122108,2024) (81.75981745122108,2050) (82.75981745122115,2050) (82.75981745122115,2076) (83.75981745122122,2076) (83.75981745122122,2102) (84.75981745122129,2102) (84.75981745122129,2128) (85.75981745122137,2128) (85.75981745122137,2154) (86.75981745122144,2154) (86.75981745122144,2180) (87.75981745122151,2180) (87.75981745122151,2206) (88.75981745122158,2206) (88.75981745122158,2232) (89.75981745122165,2232) (89.75981745122165,2258) (90.75981745122172,2258) (90.75981745122172,2284) (91.75981745122179,2284) (91.75981745122179,2310) (92.75981745122186,2310) (92.75981745122186,2336) (93.75981745122193,2336) (93.75981745122193,2362) (94.75981745122201,2362) (94.75981745122201,2388) (95.75981745122208,2388) (95.75981745122208,2414) (96.75981745122215,2414) (96.75981745122215,2440) (97.75981745122222,2440) (97.75981745122222,2466) (98.75981745122229,2466) (98.75981745122229,2492) (99.75981745122236,2492) (99.75981745122236,2518) (100.7598174512224,2518) (100.7598174512224,2544) (101.7598174512225,2544) (101.7598174512225,2570) (102.7598174512226,2570) (102.7598174512226,2596) (103.7598174512226,2596) (103.7598174512226,2622) (104.7598174512227,2622) (104.7598174512227,2648) (105.7598174512228,2648) (105.7598174512228,2674) (106.7598174512229,2674) (106.7598174512229,2700) (107.7598174512229,2700) (107.7598174512229,2726) (108.759817451223,2726) (108.759817451223,2752) (109.7598174512231,2752) (109.7598174512231,2778) (110.7598174512231,2778) (110.7598174512231,2804) (111.7598174512232,2804) (111.7598174512232,2830) (112.7598174512233,2830) (112.7598174512233,2856) (113.7598174512234,2856) (113.7598174512234,2882) (114.7598174512234,2882) (114.7598174512234,2908) (115.7598174512235,2908) (115.7598174512235,2934) (116.7598174512236,2934) (116.7598174512236,2960) (117.7598174512236,2960) (117.7598174512236,2986) (118.7598174512237,2986) (118.7598174512237,3012) (119.7598174512238,3012) (119.7598174512238,3038) (120.7598174512239,3038) (120.7598174512239,3088.5) (121.7598174512239,3088.5) (121.7598174512239,3114.5) (122.759817451224,3114.5) (122.759817451224,3140.5) (123.7598174512241,3140.5) (123.7598174512241,3166.5) (124.7598174512241,3166.5) (124.7598174512241,3192.5) (125.7598174512242,3192.5) (125.7598174512242,3218.5) (126.7598174512243,3218.5) (126.7598174512243,3244.5) (127.7598174512244,3244.5) (127.7598174512244,3270.5) (128.7598174512244,3270.5) (128.7598174512244,3296.5) (129.7598174512244,3296.5) (129.7598174512244,3322.5) (130.7598174512245,3322.5) (130.7598174512245,3348.5) (131.7598174512246,3348.5) (131.7598174512246,3374.5) (132.7598174512246,3374.5) (132.7598174512246,3400.5) (133.7598174512247,3400.5) (133.7598174512247,3426.5) (134.7598174512247,3426.5) (134.7598174512247,3452.5) (135.7598174512248,3452.5) (135.7598174512248,3478.5) (136.7598174512248,3478.5) (136.7598174512248,3504.5) (137.7598174512249,3504.5) (137.7598174512249,3530.5) (138.759817451225,3530.5) (138.759817451225,3556.5) (139.759817451225,3556.5) (139.759817451225,3582.5) (140.7598174512251,3582.5) (140.7598174512251,3608.5) (141.7598174512251,3608.5) (141.7598174512251,3634.5) (142.7598174512252,3634.5) (142.7598174512252,3660.5) (143.7598174512252,3660.5) (143.7598174512252,3686.5) (144.7598174512253,3686.5) (144.7598174512253,3712.5) (145.7598174512254,3712.5) (145.7598174512254,3738.5) (146.7598174512254,3738.5) (146.7598174512254,3764.5) (147.7598174512255,3764.5) (147.7598174512255,3790.5) (148.7598174512255,3790.5) (148.7598174512255,3816.5) (149.7598174512256,3816.5) (149.7598174512256,3842.5) (150.7598174512256,3842.5) (150.7598174512256,3868.5) (151.7598174512257,3868.5) (151.7598174512257,3894.5) (152.7598174512258,3894.5) (152.7598174512258,3920.5) (153.7598174512258,3920.5) (153.7598174512258,3946.5) (154.7598174512259,3946.5) (154.7598174512259,3972.5) (155.7598174512259,3972.5) (155.7598174512259,3998.5) (156.759817451226,3998.5) (156.759817451226,4024.5) (157.759817451226,4024.5) (157.759817451226,4050.5) (158.7598174512261,4050.5) (158.7598174512261,4076.5) (159.7598174512262,4076.5) (159.7598174512262,4102.5) (160.7598174512262,4102.5) (160.7598174512262,4128.5) (161.7598174512263,4128.5) (161.7598174512263,4154.5) (162.7598174512263,4154.5) (162.7598174512263,4180.5) (163.7598174512264,4180.5) (163.7598174512264,4206.5) (164.7598174512264,4206.5) (164.7598174512264,4232.5) (165.7598174512265,4232.5) (165.7598174512265,4258.5) (166.7598174512266,4258.5) (166.7598174512266,4284.5) (167.7598174512266,4284.5) (167.7598174512266,4310.5) (168.7598174512267,4310.5) (168.7598174512267,4336.5) (169.7598174512267,4336.5) (169.7598174512267,4362.5) (170.7598174512268,4362.5) (170.7598174512268,4388.5) (171.7598174512268,4388.5) (171.7598174512268,4416.265463717128) (172.7598174512269,4416.265463717128) (172.7598174512269,4415.530927434256) (173.759817451227,4415.530927434256) (173.759817451227,4414.796391151384) (174.759817451227,4414.796391151384) (174.759817451227,4414.061854868512) (175.7598174512271,4414.061854868512) (175.7598174512271,4413.327318585641) (176.7598174512271,4413.327318585641) (176.7598174512271,4412.592782302769) (177.7598174512272,4412.592782302769) (177.7598174512272,4411.858246019897) (178.7598174512272,4411.858246019897) (178.7598174512272,4411.123709737025) (179.7598174512273,4411.123709737025) (179.7598174512273,4410.389173454153) (180.7598174512273,4410.389173454153) (180.7598174512273,4409.654637171281) (181.7598174512274,4409.654637171281) (181.7598174512274,4408.920100888409) (182.7598174512275,4408.920100888409) (182.7598174512275,4408.185564605537) (183.7598174512275,4408.185564605537) (183.7598174512275,4407.451028322665) (184.7598174512276,4407.451028322665) (184.7598174512276,4406.716492039794) (185.7598174512276,4406.716492039794) (185.7598174512276,4405.981955756922) (186.7598174512277,4405.981955756922) (186.7598174512277,4405.24741947405) (187.7598174512277,4405.24741947405) (187.7598174512277,4404.512883191178) (188.7598174512278,4404.512883191178) (188.7598174512278,4403.778346908306) (189.7598174512279,4403.778346908306) (189.7598174512279,4403.043810625434) (190.7598174512279,4403.043810625434) (190.7598174512279,4402.309274342562) (191.759817451228,4402.309274342562) (191.759817451228,4401.57473805969) (192.759817451228,4401.57473805969) (192.759817451228,4400.840201776819) (700,4400.840201776819)
humanPositionY[0]:
[0]: (0,0) (0,163.5) (1,163.5) (1,188.9679078844919) (8.759817451219735,188.9679078844919) (8.759817451219735,188.479046668909) (9.759817451219735,188.479046668909) (9.759817451219735,187.9901854533261) (10.75981745121973,187.9901854533261) (10.75981745121973,187.5013242377432) (11.75981745121973,187.5013242377432) (11.75981745121973,187.0124630221603) (12.75981745121973,187.0124630221603) (12.75981745121973,186.5236018065774) (13.75981745121972,186.5236018065774) (13.75981745121972,186.0347405909945) (14.75981745121971,186.0347405909945) (14.75981745121971,185.5458793754117) (15.75981745121971,185.5458793754117) (15.75981745121971,185.0570181598288) (16.75981745121971,185.0570181598288) (16.75981745121971,184.5681569442459) (17.75981745121972,184.5681569442459) (17.75981745121972,184.079295728663) (18.75981745121973,184.079295728663) (18.75981745121973,183.5904345130801) (19.75981745121974,183.5904345130801) (19.75981745121974,183.1015732974972) (20.75981745121975,183.1015732974972) (20.75981745121975,182.6127120819143) (21.75981745121976,182.6127120819143) (21.75981745121976,182.1238508663315) (22.75981745121977,182.1238508663315) (22.75981745121977,181.6349896507486) (23.75981745121978,181.6349896507486) (23.75981745121978,181.1461284351657) (24.75981745121976,181.1461284351657) (24.75981745121976,180.6572672195828) (25.75981745121975,180.6572672195828) (25.75981745121975,180.1684060039999) (26.75981745121974,180.1684060039999) (26.75981745121974,179.679544788417) (27.75981745121972,179.679544788417) (27.75981745121972,179.1906835728341) (28.7598174512197,179.1906835728341) (28.7598174512197,178.7018223572512) (29.75981745121969,178.7018223572512) (29.75981745121969,178.2129611416684) (30.75981745121967,178.2129611416684) (30.75981745121967,177.7240999260855) (31.75981745121966,177.7240999260855) (31.75981745121966,177.2352387105026) (32.75981745121967,177.2352387105026) (32.75981745121967,176.7463774949197) (33.7598174512197,176.7463774949197) (33.7598174512197,176.2575162793368) (34.75981745121972,176.2575162793368) (34.75981745121972,175.7686550637539) (35.75981745121974,175.7686550637539) (35.75981745121974,175.279793848171) (36.75981745121976,175.279793848171) (36.75981745121976,174.7909326325882) (37.75981745121977,174.7909326325882) (37.75981745121977,174.3020714170053) (38.7598174512198,174.3020714170053) (38.7598174512198,173.8132102014224) (39.75981745121982,173.8132102014224) (39.75981745121982,173.3243489858395) (40.75981745121981,173.3243489858395) (40.75981745121981,172.8354877702566) (41.7598174512198,172.8354877702566) (41.7598174512198,172.3466265546737) (42.75981745121977,172.3466265546737) (42.75981745121977,171.8577653390908) (43.75981745121979,171.8577653390908) (43.75981745121979,171.3689041235079) (44.7598174512198,171.3689041235079) (44.7598174512198,170.8800429079251) (45.7598174512198,170.8800429079251) (45.7598174512198,170.3911816923422) (46.75981745121981,170.3911816923422) (46.75981745121981,169.9023204767593) (47.75981745121982,169.9023204767593) (47.75981745121982,169.4134592611764) (48.75981745121982,169.4134592611764) (48.75981745121982,168.9245980455935) (49.75981745121982,168.9245980455935) (49.75981745121982,168.4357368300106) (50.75981745121982,168.4357368300106) (50.75981745121982,167.9468756144277) (51.75981745121982,167.9468756144277) (51.75981745121982,167.4580143988449) (52.75981745121982,167.4580143988449) (52.75981745121982,166.969153183262) (53.75981745121982,166.969153183262) (53.75981745121982,166.4802919676791) (54.75981745121982,166.4802919676791) (54.75981745121982,165.9914307520962) (55.75981745121982,165.9914307520962) (55.75981745121982,165.5025695365133) (56.75981745121982,165.5025695365133) (56.75981745121982,165.0137083209304) (57.75981745121982,165.0137083209304) (57.75981745121982,164.5248471053475) (58.75981745121982,164.5248471053475) (58.75981745121982,164.0359858897646) (59.75981745121982,164.0359858897646) (59.75981745121982,163.5) (171.7598174512268,163.5) (171.7598174512268,189.4896220913107) (172.7598174512269,189.4896220913107) (172.7598174512269,215.4792441826214) (173.759817451227,215.4792441826214) (173.759817451227,241.4688662739321) (174.759817451227,241.4688662739321) (174.759817451227,267.4584883652428) (175.7598174512271,267.4584883652428) (175.7598174512271,293.4481104565535) (176.7598174512271,293.4481104565535) (176.7598174512271,319.4377325478642) (177.7598174512272,319.4377325478642) (177.7598174512272,345.427354639175) (178.7598174512272,345.427354639175) (178.7598174512272,371.4169767304857) (179.7598174512273,371.4169767304857) (179.7598174512273,397.4065988217964) (180.7598174512273,397.4065988217964) (180.7598174512273,423.3962209131071) (181.7598174512274,423.3962209131071) (181.7598174512274,449.3858430044178) (182.7598174512275,449.3858430044178) (182.7598174512275,475.3754650957285) (183.7598174512275,475.3754650957285) (183.7598174512275,501.3650871870392) (184.7598174512276,501.3650871870392) (184.7598174512276,527.3547092783499) (185.7598174512276,527.3547092783499) (185.7598174512276,553.3443313696606) (186.7598174512277,553.3443313696606) (186.7598174512277,579.3339534609713) (187.7598174512277,579.3339534609713) (187.7598174512277,605.323575552282) (188.7598174512278,605.323575552282) (188.7598174512278,631.3131976435927) (189.7598174512279,631.3131976435927) (189.7598174512279,657.3028197349034) (190.7598174512279,657.3028197349034) (190.7598174512279,683.2924418262141) (191.759817451228,683.2924418262141) (191.759817451228,709.2820639175249) (192.759817451228,709.2820639175249) (192.759817451228,735.2716860088356) (700,735.2716860088356)
robPositionX[0]:
[0]: (0,0) (0,92.5) (2,92.5) (2,97.73313175708738) (194.7598174512271,97.73313175708738) (194.7598174512271,123.7285354798977) (195.7786209137104,123.7285354798977) (195.7786209137104,149.723939202708) (196.7786209137104,149.723939202708) (196.7786209137104,175.7193429255182) (197.7786209137104,175.7193429255182) (197.7786209137104,201.7147466483285) (198.7786209137104,201.7147466483285) (198.7786209137104,227.7101503711388) (199.7786209137104,227.7101503711388) (199.7786209137104,253.7055540939491) (200.7786209137104,253.7055540939491) (200.7786209137104,279.7009578167594) (201.7786209137104,279.7009578167594) (201.7786209137104,305.6963615395697) (202.7786209137103,305.6963615395697) (202.7786209137103,331.69176526238) (203.7786209137101,331.69176526238) (203.7786209137101,357.6871689851903) (204.77862091371,357.6871689851903) (204.77862091371,383.6825727080006) (205.7786209137099,383.6825727080006) (205.7786209137099,409.6779764308109) (206.7786209137098,409.6779764308109) (206.7786209137098,435.6733801536212) (207.7786209137097,435.6733801536212) (207.7786209137097,461.6687838764315) (208.7786209137096,461.6687838764315) (208.7786209137096,487.6641875992418) (209.7786209137095,487.6641875992418) (209.7786209137095,513.6595913220521) (210.7786209137093,513.6595913220521) (210.7786209137093,539.6549950448623) (211.7786209137092,539.6549950448623) (211.7786209137092,565.6503987676725) (212.7786209137091,565.6503987676725) (212.7786209137091,591.6458024904828) (213.778620913709,591.6458024904828) (213.778620913709,617.641206213293) (214.7786209137089,617.641206213293) (214.7786209137089,643.6366099361032) (215.7786209137088,643.6366099361032) (215.7786209137088,669.6320136589135) (216.7786209137087,669.6320136589135) (216.7786209137087,695.6274173817237) (217.7786209137086,695.6274173817237) (217.7786209137086,721.622821104534) (218.7786209137084,721.622821104534) (218.7786209137084,747.6182248273442) (219.7786209137083,747.6182248273442) (219.7786209137083,773.6136285501544) (220.7786209137082,773.6136285501544) (220.7786209137082,799.6090322729647) (221.7786209137081,799.6090322729647) (221.7786209137081,825.6044359957749) (222.778620913708,825.6044359957749) (222.778620913708,851.5998397185851) (223.7786209137079,851.5998397185851) (223.7786209137079,877.5952434413954) (224.7786209137078,877.5952434413954) (224.7786209137078,903.5906471642056) (225.7786209137076,903.5906471642056) (225.7786209137076,929.5860508870159) (226.7786209137075,929.5860508870159) (226.7786209137075,955.5814546098261) (227.7786209137074,955.5814546098261) (227.7786209137074,981.5768583326363) (228.7786209137073,981.5768583326363) (228.7786209137073,1007.572262055447) (229.7786209137072,1007.572262055447) (229.7786209137072,1033.567665778257) (230.7786209137071,1033.567665778257) (230.7786209137071,1059.563069501067) (231.778620913707,1059.563069501067) (231.778620913707,1085.558473223878) (232.7786209137068,1085.558473223878) (232.7786209137068,1111.553876946688) (233.7786209137067,1111.553876946688) (233.7786209137067,1137.549280669498) (234.7786209137066,1137.549280669498) (234.7786209137066,1163.544684392309) (235.7786209137065,1163.544684392309) (235.7786209137065,1189.540088115119) (236.7786209137064,1189.540088115119) (236.7786209137064,1215.535491837929) (237.7786209137063,1215.535491837929) (237.7786209137063,1241.53089556074) (238.7786209137062,1241.53089556074) (238.7786209137062,1267.52629928355) (239.778620913706,1267.52629928355) (239.778620913706,1293.52170300636) (240.7786209137059,1293.52170300636) (240.7786209137059,1319.517106729171) (241.7786209137058,1319.517106729171) (241.7786209137058,1345.512510451981) (242.7786209137057,1345.512510451981) (242.7786209137057,1371.507914174791) (243.7786209137056,1371.507914174791) (243.7786209137056,1397.503317897602) (244.7786209137055,1397.503317897602) (244.7786209137055,1423.498721620412) (245.7786209137054,1423.498721620412) (245.7786209137054,1452) (246.7786209137053,1452) (246.7786209137053,1478) (247.7786209137051,1478) (247.7786209137051,1504) (248.778620913705,1504) (248.778620913705,1530) (249.7786209137049,1530) (249.7786209137049,1556) (250.7786209137048,1556) (250.7786209137048,1582) (251.7786209137047,1582) (251.7786209137047,1608) (252.7786209137046,1608) (252.7786209137046,1634) (253.7786209137045,1634) (253.7786209137045,1660) (254.7786209137043,1660) (254.7786209137043,1686) (255.7786209137042,1686) (255.7786209137042,1712) (256.7786209137043,1712) (256.7786209137043,1738) (257.7786209137045,1738) (257.7786209137045,1764) (258.7786209137047,1764) (258.7786209137047,1790) (259.7786209137049,1790) (259.7786209137049,1816) (260.778620913705,1816) (260.778620913705,1842) (261.7786209137052,1842) (261.7786209137052,1868) (262.7786209137054,1868) (262.7786209137054,1894) (263.7786209137055,1894) (263.7786209137055,1920) (264.7786209137054,1920) (264.7786209137054,1946) (265.7786209137052,1946) (265.7786209137052,1972) (266.778620913705,1972) (266.778620913705,1998) (267.7786209137049,1998) (267.7786209137049,2024) (268.7786209137047,2024) (268.7786209137047,2050) (269.7786209137045,2050) (269.7786209137045,2076) (270.7786209137043,2076) (270.7786209137043,2102) (271.7786209137042,2102) (271.7786209137042,2128) (272.778620913704,2128) (272.778620913704,2154) (273.7786209137038,2154) (273.7786209137038,2180) (274.7786209137037,2180) (274.7786209137037,2206) (275.7786209137035,2206) (275.7786209137035,2232) (276.7786209137033,2232) (276.7786209137033,2258) (277.7786209137032,2258) (277.7786209137032,2284) (278.778620913703,2284) (278.778620913703,2310) (279.7786209137028,2310) (279.7786209137028,2336) (280.7786209137026,2336) (280.7786209137026,2362) (281.7786209137025,2362) (281.7786209137025,2388) (282.7786209137023,2388) (282.7786209137023,2414) (283.7786209137021,2414) (283.7786209137021,2440) (284.778620913702,2440) (284.778620913702,2466) (285.7786209137018,2466) (285.7786209137018,2492) (286.7786209137016,2492) (286.7786209137016,2518) (287.7786209137014,2518) (287.7786209137014,2544) (288.7786209137013,2544) (288.7786209137013,2570) (289.7786209137011,2570) (289.7786209137011,2596) (290.7786209137009,2596) (290.7786209137009,2622) (291.7786209137008,2622) (291.7786209137008,2648) (292.7786209137006,2648) (292.7786209137006,2674) (293.7786209137004,2674) (293.7786209137004,2700) (294.7786209137003,2700) (294.7786209137003,2726) (295.7786209137001,2726) (295.7786209137001,2752) (296.7786209136999,2752) (296.7786209136999,2778) (297.7786209136997,2778) (297.7786209136997,2804) (298.7786209136996,2804) (298.7786209136996,2830) (299.7786209136994,2830) (299.7786209136994,2856) (300.7786209136992,2856) (300.7786209136992,2882) (301.7786209136991,2882) (301.7786209136991,2908) (302.7786209136989,2908) (302.7786209136989,2934) (303.7786209136987,2934) (303.7786209136987,2960) (304.7786209136985,2960) (304.7786209136985,2986) (305.7786209136984,2986) (305.7786209136984,3012) (306.7786209136982,3012) (306.7786209136982,3038) (307.778620913698,3038) (307.778620913698,3062.5) (308.7786209136979,3062.5) (308.7786209136979,3088.5) (309.7786209136977,3088.5) (309.7786209136977,3114.5) (310.7786209136975,3114.5) (310.7786209136975,3140.5) (311.7786209136974,3140.5) (311.7786209136974,3166.5) (312.7786209136972,3166.5) (312.7786209136972,3192.5) (313.778620913697,3192.5) (313.778620913697,3218.5) (314.7786209136968,3218.5) (314.7786209136968,3244.5) (315.7786209136967,3244.5) (315.7786209136967,3270.5) (316.7786209136965,3270.5) (316.7786209136965,3296.5) (317.7786209136963,3296.5) (317.7786209136963,3322.5) (318.7786209136962,3322.5) (318.7786209136962,3348.5) (319.778620913696,3348.5) (319.778620913696,3374.5) (320.7786209136958,3374.5) (320.7786209136958,3400.5) (321.7786209136956,3400.5) (321.7786209136956,3426.5) (322.7786209136955,3426.5) (322.7786209136955,3452.5) (323.7786209136953,3452.5) (323.7786209136953,3478.5) (324.7786209136951,3478.5) (324.7786209136951,3504.5) (325.778620913695,3504.5) (325.778620913695,3530.5) (326.7786209136948,3530.5) (326.7786209136948,3556.5) (327.7786209136946,3556.5) (327.7786209136946,3582.5) (328.7786209136945,3582.5) (328.7786209136945,3608.5) (329.7786209136943,3608.5) (329.7786209136943,3634.5) (330.7786209136941,3634.5) (330.7786209136941,3660.5) (331.7786209136939,3660.5) (331.7786209136939,3686.5) (332.7786209136938,3686.5) (332.7786209136938,3712.5) (333.7786209136936,3712.5) (333.7786209136936,3738.5) (334.7786209136934,3738.5) (334.7786209136934,3764.5) (335.7786209136933,3764.5) (335.7786209136933,3790.5) (336.7786209136931,3790.5) (336.7786209136931,3816.5) (337.7786209136929,3816.5) (337.7786209136929,3842.5) (338.7786209136927,3842.5) (338.7786209136927,3868.5) (339.7786209136926,3868.5) (339.7786209136926,3894.5) (340.7786209136924,3894.5) (340.7786209136924,3920.5) (341.7786209136922,3920.5) (341.7786209136922,3946.5) (342.7786209136921,3946.5) (342.7786209136921,3972.5) (343.7786209136919,3972.5) (343.7786209136919,3998.5) (344.7786209136917,3998.5) (344.7786209136917,4024.5) (345.7786209136916,4024.5) (345.7786209136916,4050.5) (346.7786209136914,4050.5) (346.7786209136914,4076.5) (347.7786209136912,4076.5) (347.7786209136912,4102.5) (348.778620913691,4102.5) (348.778620913691,4128.5) (349.7786209136909,4128.5) (349.7786209136909,4154.5) (350.7786209136907,4154.5) (350.7786209136907,4180.5) (351.7786209136905,4180.5) (351.7786209136905,4206.5) (352.7786209136904,4206.5) (352.7786209136904,4232.5) (353.7786209136902,4232.5) (353.7786209136902,4258.5) (354.77862091369,4258.5) (354.77862091369,4284.5) (355.7786209136898,4284.5) (355.7786209136898,4310.5) (356.7786209136897,4310.5) (356.7786209136897,4336.5) (357.7786209136895,4336.5) (357.7786209136895,4362.5) (358.7786209136893,4362.5) (358.7786209136893,4388.5) (359.7786209136892,4388.5) (359.7786209136892,4417) (362.3776723954303,4417) (362.3776723954303,4416.265463717128) (363.3776723954301,4416.265463717128) (363.3776723954301,4415.530927434256) (364.37767239543,4415.530927434256) (364.37767239543,4414.796391151384) (365.3776723954298,4414.796391151384) (365.3776723954298,4414.061854868512) (366.3776723954296,4414.061854868512) (366.3776723954296,4413.327318585641) (367.3776723954294,4413.327318585641) (367.3776723954294,4412.592782302769) (368.3776723954293,4412.592782302769) (368.3776723954293,4411.858246019897) (369.3776723954291,4411.858246019897) (369.3776723954291,4411.123709737025) (370.3776723954289,4411.123709737025) (370.3776723954289,4410.389173454153) (371.3776723954288,4410.389173454153) (371.3776723954288,4409.654637171281) (372.3776723954286,4409.654637171281) (372.3776723954286,4408.920100888409) (373.3776723954284,4408.920100888409) (373.3776723954284,4408.185564605537) (374.3776723954282,4408.185564605537) (374.3776723954282,4407.451028322665) (375.3776723954281,4407.451028322665) (375.3776723954281,4406.716492039794) (376.3776723954279,4406.716492039794) (376.3776723954279,4405.981955756922) (377.3776723954277,4405.981955756922) (377.3776723954277,4405.24741947405) (378.3776723954276,4405.24741947405) (378.3776723954276,4404.512883191178) (379.3776723954274,4404.512883191178) (379.3776723954274,4403.778346908306) (380.3776723954272,4403.778346908306) (380.3776723954272,4403.043810625434) (381.3776723954271,4403.043810625434) (381.3776723954271,4402.309274342562) (382.3776723954269,4402.309274342562) (382.3776723954269,4401.57473805969) (383.3776723954267,4401.57473805969) (383.3776723954267,4400.840201776819) (700,4400.840201776819)
robPositionY[0]:
[0]: (0,0) (0,163.5) (2,163.5) (2,188.9679078844919) (194.7598174512271,188.9679078844919) (194.7598174512271,188.479046668909) (195.7786209137104,188.479046668909) (195.7786209137104,187.9901854533261) (196.7786209137104,187.9901854533261) (196.7786209137104,187.5013242377432) (197.7786209137104,187.5013242377432) (197.7786209137104,187.0124630221603) (198.7786209137104,187.0124630221603) (198.7786209137104,186.5236018065774) (199.7786209137104,186.5236018065774) (199.7786209137104,186.0347405909945) (200.7786209137104,186.0347405909945) (200.7786209137104,185.5458793754117) (201.7786209137104,185.5458793754117) (201.7786209137104,185.0570181598288) (202.7786209137103,185.0570181598288) (202.7786209137103,184.5681569442459) (203.7786209137101,184.5681569442459) (203.7786209137101,184.079295728663) (204.77862091371,184.079295728663) (204.77862091371,183.5904345130801) (205.7786209137099,183.5904345130801) (205.7786209137099,183.1015732974972) (206.7786209137098,183.1015732974972) (206.7786209137098,182.6127120819143) (207.7786209137097,182.6127120819143) (207.7786209137097,182.1238508663315) (208.7786209137096,182.1238508663315) (208.7786209137096,181.6349896507486) (209.7786209137095,181.6349896507486) (209.7786209137095,181.1461284351657) (210.7786209137093,181.1461284351657) (210.7786209137093,180.6572672195828) (211.7786209137092,180.6572672195828) (211.7786209137092,180.1684060039999) (212.7786209137091,180.1684060039999) (212.7786209137091,179.679544788417) (213.778620913709,179.679544788417) (213.778620913709,179.1906835728341) (214.7786209137089,179.1906835728341) (214.7786209137089,178.7018223572512) (215.7786209137088,178.7018223572512) (215.7786209137088,178.2129611416684) (216.7786209137087,178.2129611416684) (216.7786209137087,177.7240999260855) (217.7786209137086,177.7240999260855) (217.7786209137086,177.2352387105026) (218.7786209137084,177.2352387105026) (218.7786209137084,176.7463774949197) (219.7786209137083,176.7463774949197) (219.7786209137083,176.2575162793368) (220.7786209137082,176.2575162793368) (220.7786209137082,175.7686550637539) (221.7786209137081,175.7686550637539) (221.7786209137081,175.279793848171) (222.778620913708,175.279793848171) (222.778620913708,174.7909326325882) (223.7786209137079,174.7909326325882) (223.7786209137079,174.3020714170053) (224.7786209137078,174.3020714170053) (224.7786209137078,173.8132102014224) (225.7786209137076,173.8132102014224) (225.7786209137076,173.3243489858395) (226.7786209137075,173.3243489858395) (226.7786209137075,172.8354877702566) (227.7786209137074,172.8354877702566) (227.7786209137074,172.3466265546737) (228.7786209137073,172.3466265546737) (228.7786209137073,171.8577653390908) (229.7786209137072,171.8577653390908) (229.7786209137072,171.3689041235079) (230.7786209137071,171.3689041235079) (230.7786209137071,170.8800429079251) (231.778620913707,170.8800429079251) (231.778620913707,170.3911816923422) (232.7786209137068,170.3911816923422) (232.7786209137068,169.9023204767593) (233.7786209137067,169.9023204767593) (233.7786209137067,169.4134592611764) (234.7786209137066,169.4134592611764) (234.7786209137066,168.9245980455935) (235.7786209137065,168.9245980455935) (235.7786209137065,168.4357368300106) (236.7786209137064,168.4357368300106) (236.7786209137064,167.9468756144277) (237.7786209137063,167.9468756144277) (237.7786209137063,167.4580143988449) (238.7786209137062,167.4580143988449) (238.7786209137062,166.969153183262) (239.778620913706,166.969153183262) (239.778620913706,166.4802919676791) (240.7786209137059,166.4802919676791) (240.7786209137059,165.9914307520962) (241.7786209137058,165.9914307520962) (241.7786209137058,165.5025695365133) (242.7786209137057,165.5025695365133) (242.7786209137057,165.0137083209304) (243.7786209137056,165.0137083209304) (243.7786209137056,164.5248471053475) (244.7786209137055,164.5248471053475) (244.7786209137055,164.0359858897646) (245.7786209137054,164.0359858897646) (245.7786209137054,163.5) (362.3776723954303,163.5) (362.3776723954303,189.4896220913107) (363.3776723954301,189.4896220913107) (363.3776723954301,215.4792441826214) (364.37767239543,215.4792441826214) (364.37767239543,241.4688662739321) (365.3776723954298,241.4688662739321) (365.3776723954298,267.4584883652428) (366.3776723954296,267.4584883652428) (366.3776723954296,293.4481104565535) (367.3776723954294,293.4481104565535) (367.3776723954294,319.4377325478642) (368.3776723954293,319.4377325478642) (368.3776723954293,345.427354639175) (369.3776723954291,345.427354639175) (369.3776723954291,371.4169767304857) (370.3776723954289,371.4169767304857) (370.3776723954289,397.4065988217964) (371.3776723954288,397.4065988217964) (371.3776723954288,423.3962209131071) (372.3776723954286,423.3962209131071) (372.3776723954286,449.3858430044178) (373.3776723954284,449.3858430044178) (373.3776723954284,475.3754650957285) (374.3776723954282,475.3754650957285) (374.3776723954282,501.3650871870392) (375.3776723954281,501.3650871870392) (375.3776723954281,527.3547092783499) (376.3776723954279,527.3547092783499) (376.3776723954279,553.3443313696606) (377.3776723954277,553.3443313696606) (377.3776723954277,579.3339534609713) (378.3776723954276,579.3339534609713) (378.3776723954276,605.323575552282) (379.3776723954274,605.323575552282) (379.3776723954274,631.3131976435927) (380.3776723954272,631.3131976435927) (380.3776723954272,657.3028197349034) (381.3776723954271,657.3028197349034) (381.3776723954271,683.2924418262141) (382.3776723954269,683.2924418262141) (382.3776723954269,709.2820639175249) (383.3776723954267,709.2820639175249) (383.3776723954267,735.2716860088356) (700,735.2716860088356)
batteryCharge[0]:
[0]: (0,100) (700,100)
user_guided_transport.end:
[0]: (0,0) (385.3776723954259,0) (385.3776723954259,1) (700,1)
[2K
Verifying formula 5 at /nta/queries/query[5]/formula
 -- Formula: simulate[<=700]{robot_inventory[0][0], user_guided_transport.end*2}
[2K -- Formula is satisfied.
robot_inventory[0][0]:
[0]: (0,0) (7.401282947546513,0) (7.401282947546513,1) (700,1)
user_guided_transport.end * 2:
[0]: (0,0) (385.0191378917477,0) (385.0191378917477,2) (700,2)
[2K
Verifying formula 6 at /nta/queries/query[6]/formula
 -- Formula: simulate[<=700]{bedroom[0], bedroom[1], kitchen[0], kitchen[1]}
[2K -- Formula is satisfied.
bedroom[0]:
[0]: (0,100) (700,100)
bedroom[1]:
[0]: (0,200) (700,200)
kitchen[0]:
[0]: (0,4400) (700,4400)
kitchen[1]:
[0]: (0,765) (700,765)
[2K
Verifying formula 7 at /nta/queries/query[7]/formula
 -- Formula: simulate[<=700]{rm_1.idle, rf_1.idle, rp_1.idle, rd_1.idle}
[2K -- Formula is satisfied.
rm_1.idle:
[0]: (0,0) (0,1) (0,0) (3,0) (3,1) (192.1438028501217,1) (192.1438028501217,0) (383.7616577943137,0) (383.7616577943137,1) (700,1)
rf_1.idle:
[0]: (0,0) (0,1) (700,1)
rp_1.idle:
[0]: (0,0) (0,1) (2,1) (2,0) (7.143802850113381,0) (7.143802850113381,1) (700,1)
rd_1.idle:
[0]: (0,0) (0,1) (700,1)
[2K
Verifying formula 8 at /nta/queries/query[8]/formula
 -- Formula: Pr[<=700](<>!rm_1.idle || !rf_1.idle || !rp_1.idle || !rd_1.idle)
[2K -- Formula is satisfied.
(72/72 runs) Pr(<> …) in [0.950056,1] (95% CI)
Values in [0,0] mean=0 steps=2.22045e-16: 72
[2K
Verifying formula 9 at /nta/queries/query[9]/formula
 -- Formula: Pr[<=700]([] (user_guided_transport.end imply (rm_1.idle && rf_1.idle && rp_1.idle && rd_1.idle)))
 -- Throughput: 687272 runs/sec, Load: 324 runs[K
[2K -- Formula is satisfied.
(72/72 runs) Pr([] …) in [0.950056,1] (95% CI)
[2K
Verifying formula 10 at /nta/queries/query[10]/formula
 -- Formula: Pr[<=700] (<> pow(robPositionX[0] - kitchen[0], 2) + pow(robPositionY[0] - kitchen[1], 2) <= 900 )
[2K -- Formula is satisfied.
(72/72 runs) Pr(<> …) in [0.950056,1] (95% CI)
Values in [382.64,387.584] mean=384.991 steps=0.549262: 8 11 7 9 11 4 7 6 9
[2K
Verifying formula 11 at /nta/queries/query[11]/formula
 -- Formula: Pr[<=700] (<> pow(robPositionX[0] - bedroom[0], 2) + pow(robPositionY[0] - bedroom[1], 2) <= 900 )
[2K -- Formula is satisfied.
(72/72 runs) Pr(<> …) in [0.950056,1] (95% CI)
Values in [2,2] mean=2 steps=2.22045e-16: 72
[2K
Verifying formula 12 at /nta/queries/query[12]/formula
 -- Formula: Pr[<=700] (<> pow(humanPositionX[0] - kitchen[0], 2) + pow(humanPositionY[0] - kitchen[1], 2) <= 900 )
[2K -- Formula is satisfied.
(72/72 runs) Pr(<> …) in [0.950056,1] (95% CI)
Values in [192.097,196.974] mean=194.556 steps=0.541898: 8 4 11 10 7 10 8 7 7
[2K
Verifying formula 13 at /nta/queries/query[13]/formula
 -- Formula: Pr[<=700] (<> pow(humanPositionX[0] - bedroom[0], 2) + pow(humanPositionY[0] - bedroom[1], 2) <= 900 )
[2K -- Formula is satisfied.
(72/72 runs) Pr(<> …) in [0.950056,1] (95% CI)
Values in [1,1] mean=1 steps=2.22045e-16: 72
[2K
Verifying formula 14 at /nta/queries/query[14]/formula
 -- Formula: Pr[<=700] (<> !isValidPosition(humanPositionX[0], humanPositionY[0]))
[2K -- Formula is satisfied.
(72/72 runs) Pr(<> …) in [0.950056,1] (95% CI)
Values in [0,0] mean=0 steps=2.22045e-16: 72
[2K
Verifying formula 15 at /nta/queries/query[15]/formula
 -- Formula: Pr[<=700] (<> !isValidPosition(robPositionX[0], robPositionY[0]))
[2K -- Formula is satisfied.
(72/72 runs) Pr(<> …) in [0.950056,1] (95% CI)
Values in [0,0] mean=0 steps=2.22045e-16: 72
[2K
Verifying formula 16 at /nta/queries/query[16]/formula
 -- Formula: Pr[<=700] (<> currP > 2)
 -- Throughput: 688855 runs/sec, Load: 324 runs[K
[2K -- Formula is satisfied.
(0/72 runs) Pr(<> …) in [0,0.0499441] (95% CI)
