Options for the verification:
  Generating no trace
  Search order is breadth first
  Using conservative space optimisation
  Seed is 1784948467
  State space representation uses minimal constraint systems with future testing
  Using HashMap + Compress integers for discrete state storage
[2K
Verifying formula 1 at /nta/queries/query[1]/formula
 -- Formula: simulate[<=700]{user_guided_transport_robot_def.s1_start, user_guided_transport_robot_def.s1_end, user_guided_transport_robot_def.s2_start, user_guided_transport_robot_def.s2_end, user_guided_transport_robot_def.s3_start, user_guided_transport_robot_def.s3_end, user_guided_transport.end}
[2K -- Formula is satisfied.
user_guided_transport_robot_def.s1_start:
[0]: (0,0) (0,1) (0,0) (700,0)
user_guided_transport_robot_def.s1_end:
[0]: (0,0) (2,0) (2,1) (2,0) (700,0)
user_guided_transport_robot_def.s2_start:
[0]: (0,0) (2,0) (2,1) (2,0) (700,0)
user_guided_transport_robot_def.s2_end:
[0]: (0,0) (8.653286836074791,0) (8.653286836074791,1) (8.653286836074791,0) (700,0)
user_guided_transport_robot_def.s3_start:
[0]: (0,0) (8.653286836074791,0) (8.653286836074791,1) (8.653286836074791,0) (700,0)
user_guided_transport_robot_def.s3_end:
[0]: (0,0) (199.2711417803024,0) (199.2711417803024,1) (199.2711417803024,0) (700,0)
user_guided_transport.end:
[0]: (0,0) (201.2711417803015,0) (201.2711417803015,1) (700,1)
[2K
Verifying formula 2 at /nta/queries/query[2]/formula
 -- Formula: simulate[<=700]{user_guided_transport_human_def.s1_start, user_guided_transport_human_def.s1_end, user_guided_transport_human_def.s2_start, user_guided_transport_human_def.s2_idle, user_guided_transport_human_def.s3_start, user_guided_transport_human_def.s3_end, user_guided_transport.end}
[2K -- Formula is satisfied.
user_guided_transport_human_def.s1_start:
[0]: (0,0) (0,1) (0,0) (700,0)
user_guided_transport_human_def.s1_end:
[0]: (0,0) (1,0) (1,1) (2,1) (2,0) (700,0)
user_guided_transport_human_def.s2_start:
[0]: (0,0) (2,0) (2,1) (2,0) (700,0)
user_guided_transport_human_def.s2_idle:
[0]: (0,0) (2,0) (2,1) (11.93407840200978,1) (11.93407840200978,0) (700,0)
user_guided_transport_human_def.s3_start:
[0]: (0,0) (11.93407840200978,0) (11.93407840200978,1) (11.93407840200978,0) (16.93407840200975,0) (16.93407840200975,1) (16.93407840200975,0) (21.93407840200975,0) (21.93407840200975,1) (21.93407840200975,0) (26.93407840200975,0) (26.93407840200975,1) (26.93407840200975,0) (31.93407840200975,0) (31.93407840200975,1) (31.93407840200975,0) (36.93407840200958,0) (36.93407840200958,1) (36.93407840200958,0) (41.9340784020094,0) (41.9340784020094,1) (41.9340784020094,0) (46.93407840200925,0) (46.93407840200925,1) (46.93407840200925,0) (51.93407840200914,0) (51.93407840200914,1) (51.93407840200914,0) (56.93407840200904,0) (56.93407840200904,1) (56.93407840200904,0) (61.93407840200893,0) (61.93407840200893,1) (61.93407840200893,0) (66.93407840200884,0) (66.93407840200884,1) (66.93407840200884,0) (71.93407840200877,0) (71.93407840200877,1) (71.93407840200877,0) (76.93407840200875,0) (76.93407840200875,1) (76.93407840200875,0) (81.93407840200896,0) (81.93407840200896,1) (81.93407840200896,0) (86.93407840200911,0) (86.93407840200911,1) (86.93407840200911,0) (91.93407840200925,0) (91.93407840200925,1) (91.93407840200925,0) (96.93407840200939,0) (96.93407840200939,1) (96.93407840200939,0) (101.9340784020091,0) (101.9340784020091,1) (101.9340784020091,0) (106.9340784020088,0) (106.9340784020088,1) (106.9340784020088,0) (111.9340784020086,0) (111.9340784020086,1) (111.9340784020086,0) (116.9340784020083,0) (116.9340784020083,1) (116.9340784020083,0) (121.934078402008,0) (121.934078402008,1) (121.934078402008,0) (126.9340784020077,0) (126.9340784020077,1) (126.9340784020077,0) (131.934078402008,0) (131.934078402008,1) (131.934078402008,0) (136.9340784020084,0) (136.9340784020084,1) (136.9340784020084,0) (141.9340784020088,0) (141.9340784020088,1) (141.9340784020088,0) (146.9340784020092,0) (146.9340784020092,1) (146.9340784020092,0) (151.9340784020097,0) (151.9340784020097,1) (151.9340784020097,0) (156.9340784020101,0) (156.9340784020101,1) (156.9340784020101,0) (161.9340784020105,0) (161.9340784020105,1) (161.9340784020105,0) (166.934078402011,0) (166.934078402011,1) (166.934078402011,0) (171.9340784020114,0) (171.9340784020114,1) (171.9340784020114,0) (176.9340784020118,0) (176.9340784020118,1) (176.9340784020118,0) (181.9340784020122,0) (181.9340784020122,1) (181.9340784020122,0) (186.9340784020127,0) (186.9340784020127,1) (186.9340784020127,0) (191.9340784020131,0) (191.9340784020131,1) (191.9340784020131,0) (196.9340784020135,0) (196.9340784020135,1) (196.9340784020135,0) (700,0)
user_guided_transport_human_def.s3_end:
[0]: (0,0) (196.9340784020135,0) (196.9340784020135,1) (202.5519333462388,1) (202.5519333462388,0) (700,0)
user_guided_transport.end:
[0]: (0,0) (204.5519333462379,0) (204.5519333462379,1) (700,1)
[2K
Verifying formula 3 at /nta/queries/query[3]/formula
 -- Formula: Pr[<=700] (<> user_guided_transport.end)
[2K -- Formula is satisfied.
(72/72 runs) Pr(<> …) in [0.950056,1] (95% CI)
Values in [199.619,204.409] mean=202.288 steps=0.532228: 8 4 4 7 8 16 5 12 8
[2K
Verifying formula 4 at /nta/queries/query[4]/formula
 -- Formula: simulate[<=700]{humanPositionX[0], humanPositionY[0], robPositionX[0], robPositionY[0], batteryCharge[0], user_guided_transport.end}
[2K -- Formula is satisfied.
humanPositionX[0]:
[0]: (0,0) (0,92.5) (1,92.5) (1,97.73313175708738) (8.262411872070489,97.73313175708738) (8.262411872070489,123.7285354798977) (9.262411872070487,123.7285354798977) (9.262411872070487,149.723939202708) (10.26241187207049,149.723939202708) (10.26241187207049,175.7193429255182) (11.26241187207049,175.7193429255182) (11.26241187207049,201.7147466483285) (12.26241187207049,201.7147466483285) (12.26241187207049,227.7101503711388) (13.26241187207048,227.7101503711388) (13.26241187207048,253.7055540939491) (14.26241187207049,253.7055540939491) (14.26241187207049,279.7009578167594) (15.26241187207048,279.7009578167594) (15.26241187207048,305.6963615395697) (16.26241187207048,305.6963615395697) (16.26241187207048,331.69176526238) (17.26241187207048,331.69176526238) (17.26241187207048,357.6871689851903) (18.26241187207047,357.6871689851903) (18.26241187207047,383.6825727080006) (19.26241187207046,383.6825727080006) (19.26241187207046,409.6779764308109) (20.26241187207046,409.6779764308109) (20.26241187207046,435.6733801536212) (21.26241187207045,435.6733801536212) (21.26241187207045,461.6687838764315) (22.26241187207044,461.6687838764315) (22.26241187207044,487.6641875992418) (23.26241187207043,487.6641875992418) (23.26241187207043,513.6595913220521) (24.26241187207043,513.6595913220521) (24.26241187207043,539.6549950448623) (25.26241187207042,539.6549950448623) (25.26241187207042,565.6503987676725) (26.26241187207041,565.6503987676725) (26.26241187207041,591.6458024904828) (27.26241187207041,591.6458024904828) (27.26241187207041,617.641206213293) (28.2624118720704,617.641206213293) (28.2624118720704,643.6366099361032) (29.26241187207039,643.6366099361032) (29.26241187207039,669.6320136589135) (30.26241187207038,669.6320136589135) (30.26241187207038,695.6274173817237) (31.26241187207038,695.6274173817237) (31.26241187207038,721.622821104534) (32.26241187207037,721.622821104534) (32.26241187207037,747.6182248273442) (33.26241187207039,747.6182248273442) (33.26241187207039,773.6136285501544) (34.26241187207042,773.6136285501544) (34.26241187207042,799.6090322729647) (35.26241187207044,799.6090322729647) (35.26241187207044,825.6044359957749) (36.26241187207046,825.6044359957749) (36.26241187207046,851.5998397185851) (37.26241187207048,851.5998397185851) (37.26241187207048,877.5952434413954) (38.2624118720705,877.5952434413954) (38.2624118720705,903.5906471642056) (39.26241187207052,903.5906471642056) (39.26241187207052,929.5860508870159) (40.26241187207054,929.5860508870159) (40.26241187207054,955.5814546098261) (41.26241187207057,955.5814546098261) (41.26241187207057,981.5768583326363) (42.26241187207058,981.5768583326363) (42.26241187207058,1007.572262055447) (43.26241187207059,1007.572262055447) (43.26241187207059,1033.567665778257) (44.26241187207061,1033.567665778257) (44.26241187207061,1059.563069501067) (45.26241187207062,1059.563069501067) (45.26241187207062,1085.558473223878) (46.26241187207064,1085.558473223878) (46.26241187207064,1111.553876946688) (47.26241187207065,1111.553876946688) (47.26241187207065,1137.549280669498) (48.26241187207067,1137.549280669498) (48.26241187207067,1163.544684392309) (49.26241187207069,1163.544684392309) (49.26241187207069,1189.540088115119) (50.26241187207071,1189.540088115119) (50.26241187207071,1215.535491837929) (51.26241187207074,1215.535491837929) (51.26241187207074,1241.53089556074) (52.26241187207076,1241.53089556074) (52.26241187207076,1267.52629928355) (53.26241187207078,1267.52629928355) (53.26241187207078,1293.52170300636) (54.2624118720708,1293.52170300636) (54.2624118720708,1319.517106729171) (55.26241187207082,1319.517106729171) (55.26241187207082,1345.512510451981) (56.26241187207084,1345.512510451981) (56.26241187207084,1371.507914174791) (57.26241187207086,1371.507914174791) (57.26241187207086,1397.503317897602) (58.26241187207087,1397.503317897602) (58.26241187207087,1423.498721620412) (59.26241187207089,1423.498721620412) (59.26241187207089,1478) (60.2624118720709,1478) (60.2624118720709,1504) (61.26241187207091,1504) (61.26241187207091,1530) (62.26241187207093,1530) (62.26241187207093,1556) (63.26241187207094,1556) (63.26241187207094,1582) (64.26241187207096,1582) (64.26241187207096,1608) (65.26241187207097,1608) (65.26241187207097,1634) (66.26241187207098,1634) (66.26241187207098,1660) (67.262411872071,1660) (67.262411872071,1686) (68.26241187207101,1686) (68.26241187207101,1712) (69.26241187207103,1712) (69.26241187207103,1738) (70.26241187207104,1738) (70.26241187207104,1764) (71.26241187207106,1764) (71.26241187207106,1790) (72.26241187207101,1790) (72.26241187207101,1816) (73.26241187207104,1816) (73.26241187207104,1842) (74.26241187207107,1842) (74.26241187207107,1868) (75.2624118720711,1868) (75.2624118720711,1894) (76.26241187207113,1894) (76.26241187207113,1920) (77.26241187207116,1920) (77.26241187207116,1946) (78.26241187207118,1946) (78.26241187207118,1972) (79.26241187207121,1972) (79.26241187207121,1998) (80.26241187207124,1998) (80.26241187207124,2024) (81.26241187207127,2024) (81.26241187207127,2050) (82.2624118720713,2050) (82.2624118720713,2076) (83.26241187207133,2076) (83.26241187207133,2102) (84.26241187207135,2102) (84.26241187207135,2128) (85.26241187207138,2128) (85.26241187207138,2154) (86.26241187207141,2154) (86.26241187207141,2180) (87.26241187207144,2180) (87.26241187207144,2206) (88.26241187207147,2206) (88.26241187207147,2232) (89.2624118720715,2232) (89.2624118720715,2258) (90.26241187207152,2258) (90.26241187207152,2284) (91.26241187207155,2284) (91.26241187207155,2310) (92.26241187207158,2310) (92.26241187207158,2336) (93.26241187207154,2336) (93.26241187207154,2362) (94.26241187207148,2362) (94.26241187207148,2388) (95.26241187207143,2388) (95.26241187207143,2414) (96.26241187207137,2414) (96.26241187207137,2440) (97.2624118720713,2440) (97.2624118720713,2466) (98.26241187207123,2466) (98.26241187207123,2492) (99.26241187207116,2492) (99.26241187207116,2518) (100.2624118720711,2518) (100.2624118720711,2544) (101.262411872071,2544) (101.262411872071,2570) (102.2624118720709,2570) (102.2624118720709,2596) (103.2624118720709,2596) (103.2624118720709,2622) (104.2624118720708,2622) (104.2624118720708,2648) (105.2624118720708,2648) (105.2624118720708,2674) (106.2624118720707,2674) (106.2624118720707,2700) (107.2624118720706,2700) (107.2624118720706,2726) (108.2624118720706,2726) (108.2624118720706,2752) (109.2624118720705,2752) (109.2624118720705,2778) (110.2624118720704,2778) (110.2624118720704,2804) (111.2624118720704,2804) (111.2624118720704,2830) (112.2624118720703,2830) (112.2624118720703,2856) (113.2624118720702,2856) (113.2624118720702,2882) (114.2624118720701,2882) (114.2624118720701,2908) (115.2624118720701,2908) (115.2624118720701,2934) (116.26241187207,2934) (116.26241187207,2960) (117.2624118720699,2960) (117.2624118720699,2986) (118.2624118720699,2986) (118.2624118720699,3012) (119.2624118720698,3012) (119.2624118720698,3038) (120.2624118720697,3038) (120.2624118720697,3088.5) (121.2624118720696,3088.5) (121.2624118720696,3114.5) (122.2624118720696,3114.5) (122.2624118720696,3140.5) (123.2624118720695,3140.5) (123.2624118720695,3166.5) (124.2624118720694,3166.5) (124.2624118720694,3192.5) (125.2624118720694,3192.5) (125.2624118720694,3218.5) (126.2624118720693,3218.5) (126.2624118720693,3244.5) (127.2624118720692,3244.5) (127.2624118720692,3270.5) (128.2624118720692,3270.5) (128.2624118720692,3296.5) (129.2624118720693,3296.5) (129.2624118720693,3322.5) (130.2624118720694,3322.5) (130.2624118720694,3348.5) (131.2624118720695,3348.5) (131.2624118720695,3374.5) (132.2624118720695,3374.5) (132.2624118720695,3400.5) (133.2624118720696,3400.5) (133.2624118720696,3426.5) (134.2624118720697,3426.5) (134.2624118720697,3452.5) (135.2624118720698,3452.5) (135.2624118720698,3478.5) (136.2624118720699,3478.5) (136.2624118720699,3504.5) (137.26241187207,3504.5) (137.26241187207,3530.5) (138.2624118720701,3530.5) (138.2624118720701,3556.5) (139.2624118720701,3556.5) (139.2624118720701,3582.5) (140.2624118720702,3582.5) (140.2624118720702,3608.5) (141.2624118720703,3608.5) (141.2624118720703,3634.5) (142.2624118720704,3634.5) (142.2624118720704,3660.5) (143.2624118720705,3660.5) (143.2624118720705,3686.5) (144.2624118720705,3686.5) (144.2624118720705,3712.5) (145.2624118720706,3712.5) (145.2624118720706,3738.5) (146.2624118720706,3738.5) (146.2624118720706,3764.5) (147.2624118720707,3764.5) (147.2624118720707,3790.5) (148.2624118720707,3790.5) (148.2624118720707,3816.5) (149.2624118720708,3816.5) (149.2624118720708,3842.5) (150.2624118720709,3842.5) (150.2624118720709,3868.5) (151.2624118720709,3868.5) (151.2624118720709,3894.5) (152.262411872071,3894.5) (152.262411872071,3920.5) (153.262411872071,3920.5) (153.262411872071,3946.5) (154.2624118720711,3946.5) (154.2624118720711,3972.5) (155.2624118720711,3972.5) (155.2624118720711,3998.5) (156.2624118720712,3998.5) (156.2624118720712,4024.5) (157.2624118720713,4024.5) (157.2624118720713,4050.5) (158.2624118720713,4050.5) (158.2624118720713,4076.5) (159.2624118720714,4076.5) (159.2624118720714,4102.5) (160.2624118720714,4102.5) (160.2624118720714,4128.5) (161.2624118720715,4128.5) (161.2624118720715,4154.5) (162.2624118720715,4154.5) (162.2624118720715,4180.5) (163.2624118720716,4180.5) (163.2624118720716,4206.5) (164.2624118720717,4206.5) (164.2624118720717,4232.5) (165.2624118720717,4232.5) (165.2624118720717,4258.5) (166.2624118720718,4258.5) (166.2624118720718,4284.5) (167.2624118720718,4284.5) (167.2624118720718,4310.5) (168.2624118720719,4310.5) (168.2624118720719,4336.5) (169.262411872072,4336.5) (169.262411872072,4362.5) (170.2624118720721,4362.5) (170.2624118720721,4388.5) (171.2624118720722,4388.5) (171.2624118720722,4416.265463717128) (172.2624118720722,4416.265463717128) (172.2624118720722,4415.530927434256) (173.2624118720723,4415.530927434256) (173.2624118720723,4414.796391151384) (174.2624118720724,4414.796391151384) (174.2624118720724,4414.061854868512) (175.2624118720725,4414.061854868512) (175.2624118720725,4413.327318585641) (176.2624118720726,4413.327318585641) (176.2624118720726,4412.592782302769) (177.2624118720726,4412.592782302769) (177.2624118720726,4411.858246019897) (178.2624118720727,4411.858246019897) (178.2624118720727,4411.123709737025) (179.2624118720727,4411.123709737025) (179.2624118720727,4410.389173454153) (180.2624118720728,4410.389173454153) (180.2624118720728,4409.654637171281) (181.2624118720728,4409.654637171281) (181.2624118720728,4408.920100888409) (182.2624118720729,4408.920100888409) (182.2624118720729,4408.185564605537) (183.262411872073,4408.185564605537) (183.262411872073,4407.451028322665) (184.262411872073,4407.451028322665) (184.262411872073,4406.716492039794) (185.2624118720731,4406.716492039794) (185.2624118720731,4405.981955756922) (186.2624118720731,4405.981955756922) (186.2624118720731,4405.24741947405) (187.2624118720732,4405.24741947405) (187.2624118720732,4404.512883191178) (188.2624118720733,4404.512883191178) (188.2624118720733,4403.778346908306) (189.2624118720734,4403.778346908306) (189.2624118720734,4403.043810625434) (190.2624118720734,4403.043810625434) (190.2624118720734,4402.309274342562) (191.2624118720735,4402.309274342562) (191.2624118720735,4401.57473805969) (192.2624118720736,4401.57473805969) (192.2624118720736,4400.840201776819) (700,4400.840201776819)
humanPositionY[0]:
[0]: (0,0) (0,163.5) (1,163.5) (1,188.9679078844919) (8.262411872070489,188.9679078844919) (8.262411872070489,188.479046668909) (9.262411872070487,188.479046668909) (9.262411872070487,187.9901854533261) (10.26241187207049,187.9901854533261) (10.26241187207049,187.5013242377432) (11.26241187207049,187.5013242377432) (11.26241187207049,187.0124630221603) (12.26241187207049,187.0124630221603) (12.26241187207049,186.5236018065774) (13.26241187207048,186.5236018065774) (13.26241187207048,186.0347405909945) (14.26241187207049,186.0347405909945) (14.26241187207049,185.5458793754117) (15.26241187207048,185.5458793754117) (15.26241187207048,185.0570181598288) (16.26241187207048,185.0570181598288) (16.26241187207048,184.5681569442459) (17.26241187207048,184.5681569442459) (17.26241187207048,184.079295728663) (18.26241187207047,184.079295728663) (18.26241187207047,183.5904345130801) (19.26241187207046,183.5904345130801) (19.26241187207046,183.1015732974972) (20.26241187207046,183.1015732974972) (20.26241187207046,182.6127120819143) (21.26241187207045,182.6127120819143) (21.26241187207045,182.1238508663315) (22.26241187207044,182.1238508663315) (22.26241187207044,181.6349896507486) (23.26241187207043,181.6349896507486) (23.26241187207043,181.1461284351657) (24.26241187207043,181.1461284351657) (24.26241187207043,180.6572672195828) (25.26241187207042,180.6572672195828) (25.26241187207042,180.1684060039999) (26.26241187207041,180.1684060039999) (26.26241187207041,179.679544788417) (27.26241187207041,179.679544788417) (27.26241187207041,179.1906835728341) (28.2624118720704,179.1906835728341) (28.2624118720704,178.7018223572512) (29.26241187207039,178.7018223572512) (29.26241187207039,178.2129611416684) (30.26241187207038,178.2129611416684) (30.26241187207038,177.7240999260855) (31.26241187207038,177.7240999260855) (31.26241187207038,177.2352387105026) (32.26241187207037,177.2352387105026) (32.26241187207037,176.7463774949197) (33.26241187207039,176.7463774949197) (33.26241187207039,176.2575162793368) (34.26241187207042,176.2575162793368) (34.26241187207042,175.7686550637539) (35.26241187207044,175.7686550637539) (35.26241187207044,175.279793848171) (36.26241187207046,175.279793848171) (36.26241187207046,174.7909326325882) (37.26241187207048,174.7909326325882) (37.26241187207048,174.3020714170053) (38.2624118720705,174.3020714170053) (38.2624118720705,173.8132102014224) (39.26241187207052,173.8132102014224) (39.26241187207052,173.3243489858395) (40.26241187207054,173.3243489858395) (40.26241187207054,172.8354877702566) (41.26241187207057,172.8354877702566) (41.26241187207057,172.3466265546737) (42.26241187207058,172.3466265546737) (42.26241187207058,171.8577653390908) (43.26241187207059,171.8577653390908) (43.26241187207059,171.3689041235079) (44.26241187207061,171.3689041235079) (44.26241187207061,170.8800429079251) (45.26241187207062,170.8800429079251) (45.26241187207062,170.3911816923422) (46.26241187207064,170.3911816923422) (46.26241187207064,169.9023204767593) (47.26241187207065,169.9023204767593) (47.26241187207065,169.4134592611764) (48.26241187207067,169.4134592611764) (48.26241187207067,168.9245980455935) (49.26241187207069,168.9245980455935) (49.26241187207069,168.4357368300106) (50.26241187207071,168.4357368300106) (50.26241187207071,167.9468756144277) (51.26241187207074,167.9468756144277) (51.26241187207074,167.4580143988449) (52.26241187207076,167.4580143988449) (52.26241187207076,166.969153183262) (53.26241187207078,166.969153183262) (53.26241187207078,166.4802919676791) (54.2624118720708,166.4802919676791) (54.2624118720708,165.9914307520962) (55.26241187207082,165.9914307520962) (55.26241187207082,165.5025695365133) (56.26241187207084,165.5025695365133) (56.26241187207084,165.0137083209304) (57.26241187207086,165.0137083209304) (57.26241187207086,164.5248471053475) (58.26241187207087,164.5248471053475) (58.26241187207087,164.0359858897646) (59.26241187207089,164.0359858897646) (59.26241187207089,163.5) (171.2624118720722,163.5) (171.2624118720722,189.4896220913107) (172.2624118720722,189.4896220913107) (172.2624118720722,215.4792441826214) (173.2624118720723,215.4792441826214) (173.2624118720723,241.4688662739321) (174.2624118720724,241.4688662739321) (174.2624118720724,267.4584883652428) (175.2624118720725,267.4584883652428) (175.2624118720725,293.4481104565535) (176.2624118720726,293.4481104565535) (176.2624118720726,319.4377325478642) (177.2624118720726,319.4377325478642) (177.2624118720726,345.427354639175) (178.2624118720727,345.427354639175) (178.2624118720727,371.4169767304857) (179.2624118720727,371.4169767304857) (179.2624118720727,397.4065988217964) (180.2624118720728,397.4065988217964) (180.2624118720728,423.3962209131071) (181.2624118720728,423.3962209131071) (181.2624118720728,449.3858430044178) (182.2624118720729,449.3858430044178) (182.2624118720729,475.3754650957285) (183.262411872073,475.3754650957285) (183.262411872073,501.3650871870392) (184.262411872073,501.3650871870392) (184.262411872073,527.3547092783499) (185.2624118720731,527.3547092783499) (185.2624118720731,553.3443313696606) (186.2624118720731,553.3443313696606) (186.2624118720731,579.3339534609713) (187.2624118720732,579.3339534609713) (187.2624118720732,605.323575552282) (188.2624118720733,605.323575552282) (188.2624118720733,631.3131976435927) (189.2624118720734,631.3131976435927) (189.2624118720734,657.3028197349034) (190.2624118720734,657.3028197349034) (190.2624118720734,683.2924418262141) (191.2624118720735,683.2924418262141) (191.2624118720735,709.2820639175249) (192.2624118720736,709.2820639175249) (192.2624118720736,735.2716860088356) (700,735.2716860088356)
robPositionX[0]:
[0]: (0,0) (0,92.5) (2,92.5) (2,97.73313175708738) (9.262411872070487,97.73313175708738) (9.262411872070487,123.7285354798977) (10.28121533455373,123.7285354798977) (10.28121533455373,149.723939202708) (11.28121533455373,149.723939202708) (11.28121533455373,175.7193429255182) (12.28121533455373,175.7193429255182) (12.28121533455373,201.7147466483285) (13.28121533455373,201.7147466483285) (13.28121533455373,227.7101503711388) (14.28121533455373,227.7101503711388) (14.28121533455373,253.7055540939491) (15.28121533455373,253.7055540939491) (15.28121533455373,279.7009578167594) (16.28121533455373,279.7009578167594) (16.28121533455373,305.6963615395697) (17.28121533455372,305.6963615395697) (17.28121533455372,331.69176526238) (18.28121533455371,331.69176526238) (18.28121533455371,357.6871689851903) (19.28121533455371,357.6871689851903) (19.28121533455371,383.6825727080006) (20.2812153345537,383.6825727080006) (20.2812153345537,409.6779764308109) (21.28121533455369,409.6779764308109) (21.28121533455369,435.6733801536212) (22.28121533455369,435.6733801536212) (22.28121533455369,461.6687838764315) (23.28121533455368,461.6687838764315) (23.28121533455368,487.6641875992418) (24.28121533455367,487.6641875992418) (24.28121533455367,513.6595913220521) (25.28121533455366,513.6595913220521) (25.28121533455366,539.6549950448623) (26.28121533455366,539.6549950448623) (26.28121533455366,565.6503987676725) (27.28121533455365,565.6503987676725) (27.28121533455365,591.6458024904828) (28.28121533455364,591.6458024904828) (28.28121533455364,617.641206213293) (29.28121533455364,617.641206213293) (29.28121533455364,643.6366099361032) (30.28121533455363,643.6366099361032) (30.28121533455363,669.6320136589135) (31.28121533455362,669.6320136589135) (31.28121533455362,695.6274173817237) (32.28121533455361,695.6274173817237) (32.28121533455361,721.622821104534) (33.28121533455364,721.622821104534) (33.28121533455364,747.6182248273442) (34.28121533455366,747.6182248273442) (34.28121533455366,773.6136285501544) (35.28121533455368,773.6136285501544) (35.28121533455368,799.6090322729647) (36.2812153345537,799.6090322729647) (36.2812153345537,825.6044359957749) (37.28121533455372,825.6044359957749) (37.28121533455372,851.5998397185851) (38.28121533455374,851.5998397185851) (38.28121533455374,877.5952434413954) (39.28121533455376,877.5952434413954) (39.28121533455376,903.5906471642056) (40.28121533455379,903.5906471642056) (40.28121533455379,929.5860508870159) (41.28121533455381,929.5860508870159) (41.28121533455381,955.5814546098261) (42.28121533455382,955.5814546098261) (42.28121533455382,981.5768583326363) (43.28121533455383,981.5768583326363) (43.28121533455383,1007.572262055447) (44.28121533455385,1007.572262055447) (44.28121533455385,1033.567665778257) (45.28121533455386,1033.567665778257) (45.28121533455386,1059.563069501067) (46.28121533455388,1059.563069501067) (46.28121533455388,1085.558473223878) (47.2812153345539,1085.558473223878) (47.2812153345539,1111.553876946688) (48.28121533455392,1111.553876946688) (48.28121533455392,1137.549280669498) (49.28121533455394,1137.549280669498) (49.28121533455394,1163.544684392309) (50.28121533455396,1163.544684392309) (50.28121533455396,1189.540088115119) (51.28121533455398,1189.540088115119) (51.28121533455398,1215.535491837929) (52.28121533455401,1215.535491837929) (52.28121533455401,1241.53089556074) (53.28121533455403,1241.53089556074) (53.28121533455403,1267.52629928355) (54.28121533455405,1267.52629928355) (54.28121533455405,1293.52170300636) (55.28121533455407,1293.52170300636) (55.28121533455407,1319.517106729171) (56.28121533455409,1319.517106729171) (56.28121533455409,1345.512510451981) (57.2812153345541,1345.512510451981) (57.2812153345541,1371.507914174791) (58.28121533455412,1371.507914174791) (58.28121533455412,1397.503317897602) (59.28121533455413,1397.503317897602) (59.28121533455413,1423.498721620412) (60.28121533455415,1423.498721620412) (60.28121533455415,1452) (61.28121533455416,1452) (61.28121533455416,1478) (62.28121533455418,1478) (62.28121533455418,1504) (63.28121533455419,1504) (63.28121533455419,1530) (64.2812153345542,1530) (64.2812153345542,1556) (65.28121533455422,1556) (65.28121533455422,1582) (66.28121533455423,1582) (66.28121533455423,1608) (67.28121533455425,1608) (67.28121533455425,1634) (68.28121533455426,1634) (68.28121533455426,1660) (69.28121533455428,1660) (69.28121533455428,1686) (70.28121533455429,1686) (70.28121533455429,1712) (71.2812153345543,1712) (71.2812153345543,1738) (72.28121533455426,1738) (72.28121533455426,1764) (73.28121533455429,1764) (73.28121533455429,1790) (74.28121533455432,1790) (74.28121533455432,1816) (75.28121533455435,1816) (75.28121533455435,1842) (76.28121533455437,1842) (76.28121533455437,1868) (77.2812153345544,1868) (77.2812153345544,1894) (78.28121533455443,1894) (78.28121533455443,1920) (79.28121533455446,1920) (79.28121533455446,1946) (80.28121533455449,1946) (80.28121533455449,1972) (81.28121533455452,1972) (81.28121533455452,1998) (82.28121533455455,1998) (82.28121533455455,2024) (83.28121533455457,2024) (83.28121533455457,2050) (84.2812153345546,2050) (84.2812153345546,2076) (85.28121533455463,2076) (85.28121533455463,2102) (86.28121533455466,2102) (86.28121533455466,2128) (87.28121533455469,2128) (87.28121533455469,2154) (88.28121533455472,2154) (88.28121533455472,2180) (89.28121533455474,2180) (89.28121533455474,2206) (90.28121533455477,2206) (90.28121533455477,2232) (91.2812153345548,2232) (91.2812153345548,2258) (92.28121533455483,2258) (92.28121533455483,2284) (93.28121533455479,2284) (93.28121533455479,2310) (94.28121533455473,2310) (94.28121533455473,2336) (95.28121533455467,2336) (95.28121533455467,2362) (96.28121533455462,2362) (96.28121533455462,2388) (97.28121533455455,2388) (97.28121533455455,2414) (98.28121533455447,2414) (98.28121533455447,2440) (99.2812153345544,2440) (99.2812153345544,2466) (100.2812153345543,2466) (100.2812153345543,2492) (101.2812153345543,2492) (101.2812153345543,2518) (102.2812153345542,2518) (102.2812153345542,2544) (103.2812153345541,2544) (103.2812153345541,2570) (104.2812153345541,2570) (104.2812153345541,2596) (105.281215334554,2596) (105.281215334554,2622) (106.281215334554,2622) (106.281215334554,2648) (107.2812153345539,2648) (107.2812153345539,2674) (108.2812153345538,2674) (108.2812153345538,2700) (109.2812153345538,2700) (109.2812153345538,2726) (110.2812153345537,2726) (110.2812153345537,2752) (111.2812153345536,2752) (111.2812153345536,2778) (112.2812153345536,2778) (112.2812153345536,2804) (113.2812153345535,2804) (113.2812153345535,2830) (114.2812153345534,2830) (114.2812153345534,2856) (115.2812153345533,2856) (115.2812153345533,2882) (116.2812153345533,2882) (116.2812153345533,2908) (117.2812153345532,2908) (117.2812153345532,2934) (118.2812153345531,2934) (118.2812153345531,2960) (119.2812153345531,2960) (119.2812153345531,2986) (120.281215334553,2986) (120.281215334553,3012) (121.2812153345529,3012) (121.2812153345529,3038) (122.2812153345528,3038) (122.2812153345528,3062.5) (123.2812153345528,3062.5) (123.2812153345528,3088.5) (124.2812153345527,3088.5) (124.2812153345527,3114.5) (125.2812153345526,3114.5) (125.2812153345526,3140.5) (126.2812153345526,3140.5) (126.2812153345526,3166.5) (127.2812153345525,3166.5) (127.2812153345525,3192.5) (128.2812153345525,3192.5) (128.2812153345525,3218.5) (129.2812153345526,3218.5) (129.2812153345526,3244.5) (130.2812153345527,3244.5) (130.2812153345527,3270.5) (131.2812153345527,3270.5) (131.2812153345527,3296.5) (132.2812153345528,3296.5) (132.2812153345528,3322.5) (133.2812153345529,3322.5) (133.2812153345529,3348.5) (134.281215334553,3348.5) (134.281215334553,3374.5) (135.2812153345531,3374.5) (135.2812153345531,3400.5) (136.2812153345532,3400.5) (136.2812153345532,3426.5) (137.2812153345533,3426.5) (137.2812153345533,3452.5) (138.2812153345533,3452.5) (138.2812153345533,3478.5) (139.2812153345534,3478.5) (139.2812153345534,3504.5) (140.2812153345535,3504.5) (140.2812153345535,3530.5) (141.2812153345536,3530.5) (141.2812153345536,3556.5) (142.2812153345537,3556.5) (142.2812153345537,3582.5) (143.2812153345537,3582.5) (143.2812153345537,3608.5) (144.2812153345538,3608.5) (144.2812153345538,3634.5) (145.2812153345538,3634.5) (145.2812153345538,3660.5) (146.2812153345539,3660.5) (146.2812153345539,3686.5) (147.281215334554,3686.5) (147.281215334554,3712.5) (148.281215334554,3712.5) (148.281215334554,3738.5) (149.2812153345541,3738.5) (149.2812153345541,3764.5) (150.2812153345541,3764.5) (150.2812153345541,3790.5) (151.2812153345542,3790.5) (151.2812153345542,3816.5) (152.2812153345542,3816.5) (152.2812153345542,3842.5) (153.2812153345543,3842.5) (153.2812153345543,3868.5) (154.2812153345544,3868.5) (154.2812153345544,3894.5) (155.2812153345544,3894.5) (155.2812153345544,3920.5) (156.2812153345545,3920.5) (156.2812153345545,3946.5) (157.2812153345545,3946.5) (157.2812153345545,3972.5) (158.2812153345546,3972.5) (158.2812153345546,3998.5) (159.2812153345546,3998.5) (159.2812153345546,4024.5) (160.2812153345547,4024.5) (160.2812153345547,4050.5) (161.2812153345548,4050.5) (161.2812153345548,4076.5) (162.2812153345548,4076.5) (162.2812153345548,4102.5) (163.2812153345549,4102.5) (163.2812153345549,4128.5) (164.2812153345549,4128.5) (164.2812153345549,4154.5) (165.281215334555,4154.5) (165.281215334555,4180.5) (166.281215334555,4180.5) (166.281215334555,4206.5) (167.2812153345551,4206.5) (167.2812153345551,4232.5) (168.2812153345552,4232.5) (168.2812153345552,4258.5) (169.2812153345553,4258.5) (169.2812153345553,4284.5) (170.2812153345554,4284.5) (170.2812153345554,4310.5) (171.2812153345555,4310.5) (171.2812153345555,4336.5) (172.2812153345556,4336.5) (172.2812153345556,4362.5) (173.2812153345556,4362.5) (173.2812153345556,4388.5) (174.2812153345557,4388.5) (174.2812153345557,4417) (176.8802668162974,4417) (176.8802668162974,4416.265463717128) (177.8802668162975,4416.265463717128) (177.8802668162975,4415.530927434256) (178.8802668162975,4415.530927434256) (178.8802668162975,4414.796391151384) (179.8802668162976,4414.796391151384) (179.8802668162976,4414.061854868512) (180.8802668162976,4414.061854868512) (180.8802668162976,4413.327318585641) (181.8802668162977,4413.327318585641) (181.8802668162977,4412.592782302769) (182.8802668162978,4412.592782302769) (182.8802668162978,4411.858246019897) (183.8802668162978,4411.858246019897) (183.8802668162978,4411.123709737025) (184.8802668162979,4411.123709737025) (184.8802668162979,4410.389173454153) (185.8802668162979,4410.389173454153) (185.8802668162979,4409.654637171281) (186.880266816298,4409.654637171281) (186.880266816298,4408.920100888409) (187.8802668162981,4408.920100888409) (187.8802668162981,4408.185564605537) (188.8802668162982,4408.185564605537) (188.8802668162982,4407.451028322665) (189.8802668162982,4407.451028322665) (189.8802668162982,4406.716492039794) (190.8802668162983,4406.716492039794) (190.8802668162983,4405.981955756922) (191.8802668162984,4405.981955756922) (191.8802668162984,4405.24741947405) (192.8802668162985,4405.24741947405) (192.8802668162985,4404.512883191178) (193.8802668162986,4404.512883191178) (193.8802668162986,4403.778346908306) (194.8802668162987,4403.778346908306) (194.8802668162987,4403.043810625434) (195.8802668162988,4403.043810625434) (195.8802668162988,4402.309274342562) (196.8802668162988,4402.309274342562) (196.8802668162988,4401.57473805969) (197.8802668162989,4401.57473805969) (197.8802668162989,4400.840201776819) (700,4400.840201776819)
robPositionY[0]:
[0]: (0,0) (0,163.5) (2,163.5) (2,188.9679078844919) (9.262411872070487,188.9679078844919) (9.262411872070487,188.479046668909) (10.28121533455373,188.479046668909) (10.28121533455373,187.9901854533261) (11.28121533455373,187.9901854533261) (11.28121533455373,187.5013242377432) (12.28121533455373,187.5013242377432) (12.28121533455373,187.0124630221603) (13.28121533455373,187.0124630221603) (13.28121533455373,186.5236018065774) (14.28121533455373,186.5236018065774) (14.28121533455373,186.0347405909945) (15.28121533455373,186.0347405909945) (15.28121533455373,185.5458793754117) (16.28121533455373,185.5458793754117) (16.28121533455373,185.0570181598288) (17.28121533455372,185.0570181598288) (17.28121533455372,184.5681569442459) (18.28121533455371,184.5681569442459) (18.28121533455371,184.079295728663) (19.28121533455371,184.079295728663) (19.28121533455371,183.5904345130801) (20.2812153345537,183.5904345130801) (20.2812153345537,183.1015732974972) (21.28121533455369,183.1015732974972) (21.28121533455369,182.6127120819143) (22.28121533455369,182.6127120819143) (22.28121533455369,182.1238508663315) (23.28121533455368,182.1238508663315) (23.28121533455368,181.6349896507486) (24.28121533455367,181.6349896507486) (24.28121533455367,181.1461284351657) (25.28121533455366,181.1461284351657) (25.28121533455366,180.6572672195828) (26.28121533455366,180.6572672195828) (26.28121533455366,180.1684060039999) (27.28121533455365,180.1684060039999) (27.28121533455365,179.679544788417) (28.28121533455364,179.679544788417) (28.28121533455364,179.1906835728341) (29.28121533455364,179.1906835728341) (29.28121533455364,178.7018223572512) (30.28121533455363,178.7018223572512) (30.28121533455363,178.2129611416684) (31.28121533455362,178.2129611416684) (31.28121533455362,177.7240999260855) (32.28121533455361,177.7240999260855) (32.28121533455361,177.2352387105026) (33.28121533455364,177.2352387105026) (33.28121533455364,176.7463774949197) (34.28121533455366,176.7463774949197) (34.28121533455366,176.2575162793368) (35.28121533455368,176.2575162793368) (35.28121533455368,175.7686550637539) (36.2812153345537,175.7686550637539) (36.2812153345537,175.279793848171) (37.28121533455372,175.279793848171) (37.28121533455372,174.7909326325882) (38.28121533455374,174.7909326325882) (38.28121533455374,174.3020714170053) (39.28121533455376,174.3020714170053) (39.28121533455376,173.8132102014224) (40.28121533455379,173.8132102014224) (40.28121533455379,173.3243489858395) (41.28121533455381,173.3243489858395) (41.28121533455381,172.8354877702566) (42.28121533455382,172.8354877702566) (42.28121533455382,172.3466265546737) (43.28121533455383,172.3466265546737) (43.28121533455383,171.8577653390908) (44.28121533455385,171.8577653390908) (44.28121533455385,171.3689041235079) (45.28121533455386,171.3689041235079) (45.28121533455386,170.8800429079251) (46.28121533455388,170.8800429079251) (46.28121533455388,170.3911816923422) (47.2812153345539,170.3911816923422) (47.2812153345539,169.9023204767593) (48.28121533455392,169.9023204767593) (48.28121533455392,169.4134592611764) (49.28121533455394,169.4134592611764) (49.28121533455394,168.9245980455935) (50.28121533455396,168.9245980455935) (50.28121533455396,168.4357368300106) (51.28121533455398,168.4357368300106) (51.28121533455398,167.9468756144277) (52.28121533455401,167.9468756144277) (52.28121533455401,167.4580143988449) (53.28121533455403,167.4580143988449) (53.28121533455403,166.969153183262) (54.28121533455405,166.969153183262) (54.28121533455405,166.4802919676791) (55.28121533455407,166.4802919676791) (55.28121533455407,165.9914307520962) (56.28121533455409,165.9914307520962) (56.28121533455409,165.5025695365133) (57.2812153345541,165.5025695365133) (57.2812153345541,165.0137083209304) (58.28121533455412,165.0137083209304) (58.28121533455412,164.5248471053475) (59.28121533455413,164.5248471053475) (59.28121533455413,164.0359858897646) (60.28121533455415,164.0359858897646) (60.28121533455415,163.5) (176.8802668162974,163.5) (176.8802668162974,189.4896220913107) (177.8802668162975,189.4896220913107) (177.8802668162975,215.4792441826214) (178.8802668162975,215.4792441826214) (178.8802668162975,241.4688662739321) (179.8802668162976,241.4688662739321) (179.8802668162976,267.4584883652428) (180.8802668162976,267.4584883652428) (180.8802668162976,293.4481104565535) (181.8802668162977,293.4481104565535) (181.8802668162977,319.4377325478642) (182.8802668162978,319.4377325478642) (182.8802668162978,345.427354639175) (183.8802668162978,345.427354639175) (183.8802668162978,371.4169767304857) (184.8802668162979,371.4169767304857) (184.8802668162979,397.4065988217964) (185.8802668162979,397.4065988217964) (185.8802668162979,423.3962209131071) (186.880266816298,423.3962209131071) (186.880266816298,449.3858430044178) (187.8802668162981,449.3858430044178) (187.8802668162981,475.3754650957285) (188.8802668162982,475.3754650957285) (188.8802668162982,501.3650871870392) (189.8802668162982,501.3650871870392) (189.8802668162982,527.3547092783499) (190.8802668162983,527.3547092783499) (190.8802668162983,553.3443313696606) (191.8802668162984,553.3443313696606) (191.8802668162984,579.3339534609713) (192.8802668162985,579.3339534609713) (192.8802668162985,605.323575552282) (193.8802668162986,605.323575552282) (193.8802668162986,631.3131976435927) (194.8802668162987,631.3131976435927) (194.8802668162987,657.3028197349034) (195.8802668162988,657.3028197349034) (195.8802668162988,683.2924418262141) (196.8802668162988,683.2924418262141) (196.8802668162988,709.2820639175249) (197.8802668162989,709.2820639175249) (197.8802668162989,735.2716860088356) (700,735.2716860088356)
batteryCharge[0]:
[0]: (0,100) (700,100)
user_guided_transport.end:
[0]: (0,0) (199.880266816298,0) (199.880266816298,1) (700,1)
[2K
Verifying formula 5 at /nta/queries/query[5]/formula
 -- Formula: simulate[<=700]{robot_inventory[0][0], user_guided_transport.end*2}
[2K -- Formula is satisfied.
robot_inventory[0][0]:
[0]: (0,0) (9.327992259622375,0) (9.327992259622375,1) (700,1)
user_guided_transport.end * 2:
[0]: (0,0) (201.9458472038405,0) (201.9458472038405,2) (700,2)
[2K
Verifying formula 6 at /nta/queries/query[6]/formula
 -- Formula: simulate[<=700]{bedroom[0], bedroom[1], kitchen[0], kitchen[1]}
[2K -- Formula is satisfied.
bedroom[0]:
[0]: (0,100) (700,100)
bedroom[1]:
[0]: (0,200) (700,200)
kitchen[0]:
[0]: (0,4400) (700,4400)
kitchen[1]:
[0]: (0,765) (700,765)
[2K
Verifying formula 7 at /nta/queries/query[7]/formula
 -- Formula: simulate[<=700]{rm_1.idle, rf_1.idle, rp_1.idle, rd_1.idle}
[2K -- Formula is satisfied.
rm_1.idle:
[0]: (0,0) (0,1) (0,0) (3,0) (3,1) (11.22235445440637,1) (11.22235445440637,0) (202.8402093986332,0) (202.8402093986332,1) (700,1)
rf_1.idle:
[0]: (0,0) (0,1) (700,1)
rp_1.idle:
[0]: (0,0) (0,1) (2,1) (2,0) (11.22235445440637,0) (11.22235445440637,1) (700,1)
rd_1.idle:
[0]: (0,0) (0,1) (700,1)
[2K
Verifying formula 8 at /nta/queries/query[8]/formula
 -- Formula: Pr[<=700](<>!rm_1.idle || !rf_1.idle || !rp_1.idle || !rd_1.idle)
[2K -- Formula is satisfied.
(72/72 runs) Pr(<> …) in [0.950056,1] (95% CI)
Values in [0,0] mean=0 steps=2.22045e-16: 72
[2K
Verifying formula 9 at /nta/queries/query[9]/formula
 -- Formula: Pr[<=700]([] (user_guided_transport.end imply (rm_1.idle && rf_1.idle && rp_1.idle && rd_1.idle)))
 -- Throughput: 498958 runs/sec, Load: 342 runs[K
[2K -- Formula is satisfied.
(72/72 runs) Pr([] …) in [0.950056,1] (95% CI)
[2K
Verifying formula 10 at /nta/queries/query[10]/formula
 -- Formula: Pr[<=700] (<> pow(robPositionX[0] - kitchen[0], 2) + pow(robPositionY[0] - kitchen[1], 2) <= 900 )
[2K -- Formula is satisfied.
(72/72 runs) Pr(<> …) in [0.950056,1] (95% CI)
Values in [197.719,202.618] mean=200.46 steps=0.544342: 4 6 7 10 8 9 7 13 8
[2K
Verifying formula 11 at /nta/queries/query[11]/formula
 -- Formula: Pr[<=700] (<> pow(robPositionX[0] - bedroom[0], 2) + pow(robPositionY[0] - bedroom[1], 2) <= 900 )
[2K -- Formula is satisfied.
(72/72 runs) Pr(<> …) in [0.950056,1] (95% CI)
Values in [2,2] mean=2 steps=2.22045e-16: 72
[2K
Verifying formula 12 at /nta/queries/query[12]/formula
 -- Formula: Pr[<=700] (<> pow(humanPositionX[0] - kitchen[0], 2) + pow(humanPositionY[0] - kitchen[1], 2) <= 900 )
[2K -- Formula is satisfied.
(72/72 runs) Pr(<> …) in [0.950056,1] (95% CI)
Values in [192.108,196.856] mean=194.376 steps=0.527602: 9 7 7 10 10 11 5 6 7
[2K
Verifying formula 13 at /nta/queries/query[13]/formula
 -- Formula: Pr[<=700] (<> pow(humanPositionX[0] - bedroom[0], 2) + pow(humanPositionY[0] - bedroom[1], 2) <= 900 )
[2K -- Formula is satisfied.
(72/72 runs) Pr(<> …) in [0.950056,1] (95% CI)
Values in [1,1] mean=1 steps=2.22045e-16: 72
[2K
Verifying formula 14 at /nta/queries/query[14]/formula
 -- Formula: Pr[<=700] (<> !isValidPosition(humanPositionX[0], humanPositionY[0]))
[2K -- Formula is satisfied.
(72/72 runs) Pr(<> …) in [0.950056,1] (95% CI)
Values in [0,0] mean=0 steps=2.22045e-16: 72
[2K
Verifying formula 15 at /nta/queries/query[15]/formula
 -- Formula: Pr[<=700] (<> !isValidPosition(robPositionX[0], robPositionY[0]))
[2K -- Formula is satisfied.
(72/72 runs) Pr(<> …) in [0.950056,1] (95% CI)
Values in [0,0] mean=0 steps=2.22045e-16: 72
[2K
Verifying formula 16 at /nta/queries/query[16]/formula
 -- Formula: Pr[<=700] (<> currP > 2)
 -- Throughput: 669010 runs/sec, Load: 326 runs[K
[2K -- Formula is satisfied.
(0/72 runs) Pr(<> …) in [0,0.0499441] (95% CI)
