Options for the verification:
  Generating no trace
  Search order is breadth first
  Using conservative space optimisation
  Seed is 1784972334
  State space representation uses minimal constraint systems with future testing
  Using HashMap + Compress integers for discrete state storage
[2K
Verifying formula 1 at /nta/queries/query[1]/formula
 -- Formula: simulate[<=700]{user_guided_transport_robot1_def.s1_start, user_guided_transport_robot1_def.s1_end, user_guided_transport_robot1_def.s2_start, user_guided_transport_robot1_def.s2_end, user_guided_transport_robot1_def.s3_start, user_guided_transport_robot1_def.s3_end, user_guided_transport.end}
[2K -- Formula is satisfied.
user_guided_transport_robot1_def.s1_start:
[0]: (0,0) (0,1) (0,0) (700,0)
user_guided_transport_robot1_def.s1_end:
[0]: (0,0) (2,0) (2,1) (2,0) (700,0)
user_guided_transport_robot1_def.s2_start:
[0]: (0,0) (2,0) (2,1) (2,0) (700,0)
user_guided_transport_robot1_def.s2_end:
[0]: (0,0) (10.08610497647896,0) (10.08610497647896,1) (10.08610497647896,0) (700,0)
user_guided_transport_robot1_def.s3_start:
[0]: (0,0) (10.08610497647896,0) (10.08610497647896,1) (10.08610497647896,0) (700,0)
user_guided_transport_robot1_def.s3_end:
[0]: (0,0) (231.313775117703,0) (231.313775117703,1) (231.313775117703,0) (700,0)
user_guided_transport.end:
[0]: (0,0) (233.3137751177021,0) (233.3137751177021,1) (700,1)
[2K
Verifying formula 2 at /nta/queries/query[2]/formula
 -- Formula: simulate[<=700]{user_guided_transport_human1_def.s1_start, user_guided_transport_human1_def.s1_end, user_guided_transport_human1_def.s2_start, user_guided_transport_human1_def.s2_idle, user_guided_transport_human1_def.s3_start, user_guided_transport_human1_def.s3_end, user_guided_transport.end}
[2K -- Formula is satisfied.
user_guided_transport_human1_def.s1_start:
[0]: (0,0) (0,1) (0,0) (700,0)
user_guided_transport_human1_def.s1_end:
[0]: (0,0) (1,0) (1,1) (2,1) (2,0) (700,0)
user_guided_transport_human1_def.s2_start:
[0]: (0,0) (2,0) (2,1) (2,0) (700,0)
user_guided_transport_human1_def.s2_idle:
[0]: (0,0) (2,0) (2,1) (9.718133995053012,1) (9.718133995053012,0) (700,0)
user_guided_transport_human1_def.s3_start:
[0]: (0,0) (9.718133995053012,0) (9.718133995053012,1) (9.718133995053012,0) (14.71813399505299,0) (14.71813399505299,1) (14.71813399505299,0) (19.71813399505299,0) (19.71813399505299,1) (19.71813399505299,0) (24.71813399505299,0) (24.71813399505299,1) (24.71813399505299,0) (29.71813399505299,0) (29.71813399505299,1) (29.71813399505299,0) (34.71813399505299,0) (34.71813399505299,1) (34.71813399505299,0) (39.71813399505299,0) (39.71813399505299,1) (39.71813399505299,0) (44.71813399505302,0) (44.71813399505302,1) (44.71813399505302,0) (49.71813399505298,0) (49.71813399505298,1) (49.71813399505298,0) (54.71813399505291,0) (54.71813399505291,1) (54.71813399505291,0) (59.71813399505284,0) (59.71813399505284,1) (59.71813399505284,0) (64.71813399505278,0) (64.71813399505278,1) (64.71813399505278,0) (69.71813399505272,0) (69.71813399505272,1) (69.71813399505272,0) (74.71813399505265,0) (74.71813399505265,1) (74.71813399505265,0) (79.71813399505253,0) (79.71813399505253,1) (79.71813399505253,0) (84.71813399505238,0) (84.71813399505238,1) (84.71813399505238,0) (89.71813399505227,0) (89.71813399505227,1) (89.71813399505227,0) (94.71813399505216,0) (94.71813399505216,1) (94.71813399505216,0) (99.718133995052,0) (99.718133995052,1) (99.718133995052,0) (104.7181339950519,0) (104.7181339950519,1) (104.7181339950519,0) (109.7181339950517,0) (109.7181339950517,1) (109.7181339950517,0) (114.7181339950516,0) (114.7181339950516,1) (114.7181339950516,0) (119.7181339950514,0) (119.7181339950514,1) (119.7181339950514,0) (124.7181339950513,0) (124.7181339950513,1) (124.7181339950513,0) (129.7181339950511,0) (129.7181339950511,1) (129.7181339950511,0) (134.718133995051,0) (134.718133995051,1) (134.718133995051,0) (139.7181339950509,0) (139.7181339950509,1) (139.7181339950509,0) (144.7181339950507,0) (144.7181339950507,1) (144.7181339950507,0) (149.7181339950506,0) (149.7181339950506,1) (149.7181339950506,0) (154.7181339950504,0) (154.7181339950504,1) (154.7181339950504,0) (159.7181339950503,0) (159.7181339950503,1) (159.7181339950503,0) (164.71813399505,0) (164.71813399505,1) (164.71813399505,0) (169.7181339950496,0) (169.7181339950496,1) (169.7181339950496,0) (174.7181339950492,0) (174.7181339950492,1) (174.7181339950492,0) (179.7181339950488,0) (179.7181339950488,1) (179.7181339950488,0) (184.7181339950483,0) (184.7181339950483,1) (184.7181339950483,0) (189.7181339950479,0) (189.7181339950479,1) (189.7181339950479,0) (194.7181339950475,0) (194.7181339950475,1) (194.7181339950475,0) (700,0)
user_guided_transport_human1_def.s3_end:
[0]: (0,0) (194.7181339950475,0) (194.7181339950475,1) (230.92700067378,1) (230.92700067378,0) (700,0)
user_guided_transport.end:
[0]: (0,0) (232.9270006737792,0) (232.9270006737792,1) (700,1)
[2K
Verifying formula 3 at /nta/queries/query[3]/formula
 -- Formula: Pr[<=700] (<> user_guided_transport.end)
[2K -- Formula is satisfied.
(72/72 runs) Pr(<> …) in [0.950056,1] (95% CI)
Values in [230.213,235.018] mean=232.686 steps=0.533907: 8 6 5 9 14 7 7 9 7
[2K
Verifying formula 4 at /nta/queries/query[4]/formula
 -- Formula: simulate[<=700]{humanPositionX[0], humanPositionY[0], robPositionX[0], robPositionY[0], batteryCharge[0], user_guided_transport.end}
[2K -- Formula is satisfied.
humanPositionX[0]:
[0]: (0,0) (0,92.5) (1,92.5) (1,97.73313175708738) (10.92337325810898,97.73313175708738) (10.92337325810898,123.7285354798977) (11.92337325810898,123.7285354798977) (11.92337325810898,149.723939202708) (12.92337325810898,149.723939202708) (12.92337325810898,175.7193429255182) (13.92337325810898,175.7193429255182) (13.92337325810898,201.7147466483285) (14.92337325810898,201.7147466483285) (14.92337325810898,227.7101503711388) (15.92337325810898,227.7101503711388) (15.92337325810898,253.7055540939491) (16.92337325810898,253.7055540939491) (16.92337325810898,279.7009578167594) (17.92337325810897,279.7009578167594) (17.92337325810897,305.6963615395697) (18.92337325810897,305.6963615395697) (18.92337325810897,331.69176526238) (19.92337325810896,331.69176526238) (19.92337325810896,357.6871689851903) (20.92337325810895,357.6871689851903) (20.92337325810895,383.6825727080006) (21.92337325810895,383.6825727080006) (21.92337325810895,409.6779764308109) (22.92337325810894,409.6779764308109) (22.92337325810894,435.6733801536212) (23.92337325810893,435.6733801536212) (23.92337325810893,461.6687838764315) (24.92337325810892,461.6687838764315) (24.92337325810892,487.6641875992418) (25.92337325810892,487.6641875992418) (25.92337325810892,513.6595913220521) (26.92337325810891,513.6595913220521) (26.92337325810891,539.6549950448623) (27.9233732581089,539.6549950448623) (27.9233732581089,565.6503987676725) (28.9233732581089,565.6503987676725) (28.9233732581089,591.6458024904828) (29.92337325810889,591.6458024904828) (29.92337325810889,617.641206213293) (30.92337325810888,617.641206213293) (30.92337325810888,643.6366099361032) (31.92337325810887,643.6366099361032) (31.92337325810887,669.6320136589135) (32.9233732581089,669.6320136589135) (32.9233732581089,695.6274173817237) (33.92337325810893,695.6274173817237) (33.92337325810893,721.622821104534) (34.92337325810896,721.622821104534) (34.92337325810896,747.6182248273442) (35.92337325810899,747.6182248273442) (35.92337325810899,773.6136285501544) (36.92337325810902,773.6136285501544) (36.92337325810902,799.6090322729647) (37.92337325810905,799.6090322729647) (37.92337325810905,825.6044359957749) (38.92337325810907,825.6044359957749) (38.92337325810907,851.5998397185851) (39.92337325810909,851.5998397185851) (39.92337325810909,877.5952434413954) (40.92337325810912,877.5952434413954) (40.92337325810912,903.5906471642056) (41.92337325810915,903.5906471642056) (41.92337325810915,929.5860508870159) (42.92337325810918,929.5860508870159) (42.92337325810918,955.5814546098261) (43.92337325810921,955.5814546098261) (43.92337325810921,981.5768583326363) (44.92337325810923,981.5768583326363) (44.92337325810923,1007.572262055447) (45.92337325810926,1007.572262055447) (45.92337325810926,1033.567665778257) (46.92337325810928,1033.567665778257) (46.92337325810928,1059.563069501067) (47.9233732581093,1059.563069501067) (47.9233732581093,1085.558473223878) (48.92337325810932,1085.558473223878) (48.92337325810932,1111.553876946688) (49.92337325810934,1111.553876946688) (49.92337325810934,1137.549280669498) (50.92337325810936,1137.549280669498) (50.92337325810936,1163.544684392309) (51.92337325810939,1163.544684392309) (51.92337325810939,1189.540088115119) (52.92337325810941,1189.540088115119) (52.92337325810941,1215.535491837929) (53.92337325810943,1215.535491837929) (53.92337325810943,1241.53089556074) (54.92337325810945,1241.53089556074) (54.92337325810945,1267.52629928355) (55.92337325810947,1267.52629928355) (55.92337325810947,1293.52170300636) (56.92337325810949,1293.52170300636) (56.92337325810949,1319.517106729171) (57.92337325810951,1319.517106729171) (57.92337325810951,1345.512510451981) (58.92337325810954,1345.512510451981) (58.92337325810954,1371.507914174791) (59.92337325810956,1371.507914174791) (59.92337325810956,1397.503317897602) (60.92337325810958,1397.503317897602) (60.92337325810958,1423.498721620412) (61.9233732581096,1423.498721620412) (61.9233732581096,1478) (62.92337325810962,1478) (62.92337325810962,1504) (63.92337325810963,1504) (63.92337325810963,1530) (64.92337325810963,1530) (64.92337325810963,1556) (65.92337325810966,1556) (65.92337325810966,1582) (66.92337325810968,1582) (66.92337325810968,1608) (67.92337325810971,1608) (67.92337325810971,1634) (68.92337325810973,1634) (68.92337325810973,1660) (69.92337325810975,1660) (69.92337325810975,1686) (70.92337325810976,1686) (70.92337325810976,1712) (71.92337325810978,1712) (71.92337325810978,1738) (72.92337325810979,1738) (72.92337325810979,1764) (73.92337325810981,1764) (73.92337325810981,1790) (74.92337325810986,1790) (74.92337325810986,1816) (75.92337325810983,1816) (75.92337325810983,1842) (76.92337325810979,1842) (76.92337325810979,1868) (77.92337325810975,1868) (77.92337325810975,1894) (78.92337325810971,1894) (78.92337325810971,1920) (79.92337325810966,1920) (79.92337325810966,1946) (80.92337325810959,1946) (80.92337325810959,1972) (81.92337325810955,1972) (81.92337325810955,1998) (82.92337325810949,1998) (82.92337325810949,2024) (83.92337325810942,2024) (83.92337325810942,2050) (84.92337325810936,2050) (84.92337325810936,2076) (85.92337325810931,2076) (85.92337325810931,2102) (86.92337325810925,2102) (86.92337325810925,2128) (87.92337325810919,2128) (87.92337325810919,2154) (88.92337325810914,2154) (88.92337325810914,2180) (89.92337325810908,2180) (89.92337325810908,2206) (90.92337325810904,2206) (90.92337325810904,2232) (91.92337325810897,2232) (91.92337325810897,2258) (92.92337325810891,2258) (92.92337325810891,2284) (93.92337325810885,2284) (93.92337325810885,2310) (94.9233732581088,2310) (94.9233732581088,2336) (95.92337325810874,2336) (95.92337325810874,2362) (96.92337325810867,2362) (96.92337325810867,2388) (97.92337325810861,2388) (97.92337325810861,2414) (98.92337325810855,2414) (98.92337325810855,2440) (99.9233732581085,2440) (99.9233732581085,2466) (100.9233732581084,2466) (100.9233732581084,2492) (101.9233732581084,2492) (101.9233732581084,2518) (102.9233732581083,2518) (102.9233732581083,2544) (103.9233732581083,2544) (103.9233732581083,2570) (104.9233732581082,2570) (104.9233732581082,2596) (105.9233732581082,2596) (105.9233732581082,2622) (106.9233732581081,2622) (106.9233732581081,2648) (107.923373258108,2648) (107.923373258108,2674) (108.923373258108,2674) (108.923373258108,2700) (109.9233732581079,2700) (109.9233732581079,2726) (110.9233732581079,2726) (110.9233732581079,2752) (111.9233732581078,2752) (111.9233732581078,2778) (112.9233732581078,2778) (112.9233732581078,2804) (113.9233732581077,2804) (113.9233732581077,2830) (114.9233732581076,2830) (114.9233732581076,2856) (115.9233732581076,2856) (115.9233732581076,2882) (116.9233732581075,2882) (116.9233732581075,2908) (117.9233732581075,2908) (117.9233732581075,2934) (118.9233732581074,2934) (118.9233732581074,2960) (119.9233732581074,2960) (119.9233732581074,2986) (120.9233732581073,2986) (120.9233732581073,3012) (121.9233732581072,3012) (121.9233732581072,3038) (122.9233732581072,3038) (122.9233732581072,3088.5) (123.9233732581071,3088.5) (123.9233732581071,3114.5) (124.9233732581071,3114.5) (124.9233732581071,3140.5) (125.923373258107,3140.5) (125.923373258107,3166.5) (126.923373258107,3166.5) (126.923373258107,3192.5) (127.9233732581069,3192.5) (127.9233732581069,3218.5) (128.923373258107,3218.5) (128.923373258107,3244.5) (129.9233732581071,3244.5) (129.9233732581071,3270.5) (130.9233732581071,3270.5) (130.9233732581071,3296.5) (131.9233732581072,3296.5) (131.9233732581072,3322.5) (132.9233732581073,3322.5) (132.9233732581073,3348.5) (133.9233732581074,3348.5) (133.9233732581074,3374.5) (134.9233732581075,3374.5) (134.9233732581075,3400.5) (135.9233732581076,3400.5) (135.9233732581076,3426.5) (136.9233732581077,3426.5) (136.9233732581077,3452.5) (137.9233732581077,3452.5) (137.9233732581077,3478.5) (138.9233732581078,3478.5) (138.9233732581078,3504.5) (139.9233732581079,3504.5) (139.9233732581079,3530.5) (140.923373258108,3530.5) (140.923373258108,3556.5) (141.9233732581081,3556.5) (141.9233732581081,3582.5) (142.9233732581082,3582.5) (142.9233732581082,3608.5) (143.9233732581083,3608.5) (143.9233732581083,3634.5) (144.9233732581083,3634.5) (144.9233732581083,3660.5) (145.9233732581084,3660.5) (145.9233732581084,3686.5) (146.9233732581085,3686.5) (146.9233732581085,3712.5) (147.9233732581086,3712.5) (147.9233732581086,3738.5) (148.9233732581087,3738.5) (148.9233732581087,3764.5) (149.9233732581088,3764.5) (149.9233732581088,3790.5) (150.9233732581089,3790.5) (150.9233732581089,3816.5) (151.9233732581089,3816.5) (151.9233732581089,3842.5) (152.923373258109,3842.5) (152.923373258109,3868.5) (153.9233732581091,3868.5) (153.9233732581091,3894.5) (154.9233732581092,3894.5) (154.9233732581092,3920.5) (155.9233732581093,3920.5) (155.9233732581093,3946.5) (156.9233732581094,3946.5) (156.9233732581094,3972.5) (157.9233732581095,3972.5) (157.9233732581095,3998.5) (158.9233732581095,3998.5) (158.9233732581095,4024.5) (159.9233732581096,4024.5) (159.9233732581096,4050.5) (160.9233732581097,4050.5) (160.9233732581097,4076.5) (161.9233732581098,4076.5) (161.9233732581098,4102.5) (162.9233732581099,4102.5) (162.9233732581099,4128.5) (163.92337325811,4128.5) (163.92337325811,4154.5) (164.92337325811,4154.5) (164.92337325811,4180.5) (165.9233732581101,4180.5) (165.9233732581101,4206.5) (166.9233732581102,4206.5) (166.9233732581102,4232.5) (167.9233732581103,4232.5) (167.9233732581103,4258.5) (168.9233732581104,4258.5) (168.9233732581104,4284.5) (169.9233732581105,4284.5) (169.9233732581105,4310.5) (170.9233732581106,4310.5) (170.9233732581106,4336.5) (171.9233732581106,4336.5) (171.9233732581106,4362.5) (172.9233732581107,4362.5) (172.9233732581107,4388.5) (173.9233732581108,4388.5) (173.9233732581108,4416.265463717128) (174.9233732581109,4416.265463717128) (174.9233732581109,4415.530927434256) (175.923373258111,4415.530927434256) (175.923373258111,4414.796391151384) (176.923373258111,4414.796391151384) (176.923373258111,4414.061854868512) (177.9233732581111,4414.061854868512) (177.9233732581111,4413.327318585641) (178.9233732581111,4413.327318585641) (178.9233732581111,4412.592782302769) (179.9233732581112,4412.592782302769) (179.9233732581112,4411.858246019897) (180.9233732581113,4411.858246019897) (180.9233732581113,4411.123709737025) (181.9233732581114,4411.123709737025) (181.9233732581114,4410.389173454153) (182.9233732581115,4410.389173454153) (182.9233732581115,4409.654637171281) (183.9233732581116,4409.654637171281) (183.9233732581116,4408.920100888409) (184.9233732581116,4408.920100888409) (184.9233732581116,4408.185564605537) (185.9233732581117,4408.185564605537) (185.9233732581117,4407.451028322665) (186.9233732581118,4407.451028322665) (186.9233732581118,4406.716492039794) (187.9233732581119,4406.716492039794) (187.9233732581119,4405.981955756922) (188.923373258112,4405.981955756922) (188.923373258112,4405.24741947405) (189.923373258112,4405.24741947405) (189.923373258112,4404.512883191178) (190.9233732581121,4404.512883191178) (190.9233732581121,4403.778346908306) (191.9233732581122,4403.778346908306) (191.9233732581122,4403.043810625434) (192.9233732581123,4403.043810625434) (192.9233732581123,4402.309274342562) (193.9233732581123,4402.309274342562) (193.9233732581123,4401.57473805969) (194.9233732581124,4401.57473805969) (194.9233732581124,4400.840201776819) (700,4400.840201776819)
humanPositionY[0]:
[0]: (0,0) (0,163.5) (1,163.5) (1,188.9679078844919) (10.92337325810898,188.9679078844919) (10.92337325810898,188.479046668909) (11.92337325810898,188.479046668909) (11.92337325810898,187.9901854533261) (12.92337325810898,187.9901854533261) (12.92337325810898,187.5013242377432) (13.92337325810898,187.5013242377432) (13.92337325810898,187.0124630221603) (14.92337325810898,187.0124630221603) (14.92337325810898,186.5236018065774) (15.92337325810898,186.5236018065774) (15.92337325810898,186.0347405909945) (16.92337325810898,186.0347405909945) (16.92337325810898,185.5458793754117) (17.92337325810897,185.5458793754117) (17.92337325810897,185.0570181598288) (18.92337325810897,185.0570181598288) (18.92337325810897,184.5681569442459) (19.92337325810896,184.5681569442459) (19.92337325810896,184.079295728663) (20.92337325810895,184.079295728663) (20.92337325810895,183.5904345130801) (21.92337325810895,183.5904345130801) (21.92337325810895,183.1015732974972) (22.92337325810894,183.1015732974972) (22.92337325810894,182.6127120819143) (23.92337325810893,182.6127120819143) (23.92337325810893,182.1238508663315) (24.92337325810892,182.1238508663315) (24.92337325810892,181.6349896507486) (25.92337325810892,181.6349896507486) (25.92337325810892,181.1461284351657) (26.92337325810891,181.1461284351657) (26.92337325810891,180.6572672195828) (27.9233732581089,180.6572672195828) (27.9233732581089,180.1684060039999) (28.9233732581089,180.1684060039999) (28.9233732581089,179.679544788417) (29.92337325810889,179.679544788417) (29.92337325810889,179.1906835728341) (30.92337325810888,179.1906835728341) (30.92337325810888,178.7018223572512) (31.92337325810887,178.7018223572512) (31.92337325810887,178.2129611416684) (32.9233732581089,178.2129611416684) (32.9233732581089,177.7240999260855) (33.92337325810893,177.7240999260855) (33.92337325810893,177.2352387105026) (34.92337325810896,177.2352387105026) (34.92337325810896,176.7463774949197) (35.92337325810899,176.7463774949197) (35.92337325810899,176.2575162793368) (36.92337325810902,176.2575162793368) (36.92337325810902,175.7686550637539) (37.92337325810905,175.7686550637539) (37.92337325810905,175.279793848171) (38.92337325810907,175.279793848171) (38.92337325810907,174.7909326325882) (39.92337325810909,174.7909326325882) (39.92337325810909,174.3020714170053) (40.92337325810912,174.3020714170053) (40.92337325810912,173.8132102014224) (41.92337325810915,173.8132102014224) (41.92337325810915,173.3243489858395) (42.92337325810918,173.3243489858395) (42.92337325810918,172.8354877702566) (43.92337325810921,172.8354877702566) (43.92337325810921,172.3466265546737) (44.92337325810923,172.3466265546737) (44.92337325810923,171.8577653390908) (45.92337325810926,171.8577653390908) (45.92337325810926,171.3689041235079) (46.92337325810928,171.3689041235079) (46.92337325810928,170.8800429079251) (47.9233732581093,170.8800429079251) (47.9233732581093,170.3911816923422) (48.92337325810932,170.3911816923422) (48.92337325810932,169.9023204767593) (49.92337325810934,169.9023204767593) (49.92337325810934,169.4134592611764) (50.92337325810936,169.4134592611764) (50.92337325810936,168.9245980455935) (51.92337325810939,168.9245980455935) (51.92337325810939,168.4357368300106) (52.92337325810941,168.4357368300106) (52.92337325810941,167.9468756144277) (53.92337325810943,167.9468756144277) (53.92337325810943,167.4580143988449) (54.92337325810945,167.4580143988449) (54.92337325810945,166.969153183262) (55.92337325810947,166.969153183262) (55.92337325810947,166.4802919676791) (56.92337325810949,166.4802919676791) (56.92337325810949,165.9914307520962) (57.92337325810951,165.9914307520962) (57.92337325810951,165.5025695365133) (58.92337325810954,165.5025695365133) (58.92337325810954,165.0137083209304) (59.92337325810956,165.0137083209304) (59.92337325810956,164.5248471053475) (60.92337325810958,164.5248471053475) (60.92337325810958,164.0359858897646) (61.9233732581096,164.0359858897646) (61.9233732581096,163.5) (173.9233732581108,163.5) (173.9233732581108,189.4896220913107) (174.9233732581109,189.4896220913107) (174.9233732581109,215.4792441826214) (175.923373258111,215.4792441826214) (175.923373258111,241.4688662739321) (176.923373258111,241.4688662739321) (176.923373258111,267.4584883652428) (177.9233732581111,267.4584883652428) (177.9233732581111,293.4481104565535) (178.9233732581111,293.4481104565535) (178.9233732581111,319.4377325478642) (179.9233732581112,319.4377325478642) (179.9233732581112,345.427354639175) (180.9233732581113,345.427354639175) (180.9233732581113,371.4169767304857) (181.9233732581114,371.4169767304857) (181.9233732581114,397.4065988217964) (182.9233732581115,397.4065988217964) (182.9233732581115,423.3962209131071) (183.9233732581116,423.3962209131071) (183.9233732581116,449.3858430044178) (184.9233732581116,449.3858430044178) (184.9233732581116,475.3754650957285) (185.9233732581117,475.3754650957285) (185.9233732581117,501.3650871870392) (186.9233732581118,501.3650871870392) (186.9233732581118,527.3547092783499) (187.9233732581119,527.3547092783499) (187.9233732581119,553.3443313696606) (188.923373258112,553.3443313696606) (188.923373258112,579.3339534609713) (189.923373258112,579.3339534609713) (189.923373258112,605.323575552282) (190.9233732581121,605.323575552282) (190.9233732581121,631.3131976435927) (191.9233732581122,631.3131976435927) (191.9233732581122,657.3028197349034) (192.9233732581123,657.3028197349034) (192.9233732581123,683.2924418262141) (193.9233732581123,683.2924418262141) (193.9233732581123,709.2820639175249) (194.9233732581124,709.2820639175249) (194.9233732581124,735.2716860088356) (700,735.2716860088356)
robPositionX[0]:
[0]: (0,0) (0,92.5) (2,92.5) (2,97.73313175708738) (12.92337325810898,97.73313175708738) (12.92337325810898,123.7285354798977) (13.94217672059222,123.7285354798977) (13.94217672059222,149.723939202708) (14.96098018307546,149.723939202708) (14.96098018307546,175.7193429255182) (15.96098018307546,175.7193429255182) (15.96098018307546,201.7147466483285) (16.96098018307546,201.7147466483285) (16.96098018307546,227.7101503711388) (17.96098018307545,227.7101503711388) (17.96098018307545,253.7055540939491) (18.96098018307545,253.7055540939491) (18.96098018307545,279.7009578167594) (19.96098018307544,279.7009578167594) (19.96098018307544,305.6963615395697) (20.96098018307543,305.6963615395697) (20.96098018307543,331.69176526238) (21.96098018307543,331.69176526238) (21.96098018307543,357.6871689851903) (22.96098018307542,357.6871689851903) (22.96098018307542,383.6825727080006) (23.96098018307541,383.6825727080006) (23.96098018307541,409.6779764308109) (24.96098018307541,409.6779764308109) (24.96098018307541,435.6733801536212) (25.9609801830754,435.6733801536212) (25.9609801830754,461.6687838764315) (26.96098018307539,461.6687838764315) (26.96098018307539,487.6641875992418) (27.96098018307539,487.6641875992418) (27.96098018307539,513.6595913220521) (28.96098018307538,513.6595913220521) (28.96098018307538,539.6549950448623) (29.96098018307537,539.6549950448623) (29.96098018307537,565.6503987676725) (30.96098018307536,565.6503987676725) (30.96098018307536,591.6458024904828) (31.96098018307536,591.6458024904828) (31.96098018307536,617.641206213293) (32.96098018307539,617.641206213293) (32.96098018307539,643.6366099361032) (33.96098018307541,643.6366099361032) (33.96098018307541,669.6320136589135) (34.96098018307544,669.6320136589135) (34.96098018307544,695.6274173817237) (35.96098018307547,695.6274173817237) (35.96098018307547,721.622821104534) (36.9609801830755,721.622821104534) (36.9609801830755,747.6182248273442) (37.96098018307553,747.6182248273442) (37.96098018307553,773.6136285501544) (38.96098018307556,773.6136285501544) (38.96098018307556,799.6090322729647) (39.96098018307558,799.6090322729647) (39.96098018307558,825.6044359957749) (40.96098018307561,825.6044359957749) (40.96098018307561,851.5998397185851) (41.96098018307563,851.5998397185851) (41.96098018307563,877.5952434413954) (42.96098018307566,877.5952434413954) (42.96098018307566,903.5906471642056) (43.96098018307569,903.5906471642056) (43.96098018307569,929.5860508870159) (44.96098018307572,929.5860508870159) (44.96098018307572,955.5814546098261) (45.96098018307575,955.5814546098261) (45.96098018307575,981.5768583326363) (46.96098018307577,981.5768583326363) (46.96098018307577,1007.572262055447) (47.96098018307579,1007.572262055447) (47.96098018307579,1033.567665778257) (48.96098018307581,1033.567665778257) (48.96098018307581,1059.563069501067) (49.96098018307583,1059.563069501067) (49.96098018307583,1085.558473223878) (50.96098018307585,1085.558473223878) (50.96098018307585,1111.553876946688) (51.96098018307588,1111.553876946688) (51.96098018307588,1137.549280669498) (52.9609801830759,1137.549280669498) (52.9609801830759,1163.544684392309) (53.96098018307592,1163.544684392309) (53.96098018307592,1189.540088115119) (54.96098018307594,1189.540088115119) (54.96098018307594,1215.535491837929) (55.96098018307596,1215.535491837929) (55.96098018307596,1241.53089556074) (56.96098018307598,1241.53089556074) (56.96098018307598,1267.52629928355) (57.960980183076,1267.52629928355) (57.960980183076,1293.52170300636) (58.96098018307602,1293.52170300636) (58.96098018307602,1319.517106729171) (59.96098018307605,1319.517106729171) (59.96098018307605,1345.512510451981) (60.96098018307607,1345.512510451981) (60.96098018307607,1371.507914174791) (61.96098018307609,1371.507914174791) (61.96098018307609,1397.503317897602) (62.97371103993525,1397.503317897602) (62.97371103993525,1423.501210954746) (63.98233025761446,1423.501210954746) (63.98233025761446,1449.500245178851) (64.98816569838236,1449.500245178851) (64.98816569838236,1475.499802499311) (65.99211642943067,1475.499802499311) (65.99211642943067,1501.499599591989) (66.99479116185081,1501.499599591989) (66.99479116185081,1527.499506587529) (67.99660201317307,1527.499506587529) (67.99660201317307,1553.499463958168) (68.9978279978813,1553.499463958168) (68.9978279978813,1579.49944441867) (69.99865801533127,1579.49944441867) (69.99865801533127,1605.499435462594) (70.99921995456101,1605.499435462594) (70.99921995456101,1631.49943135751) (71.99960039919434,1631.49943135751) (71.99960039919434,1657.499429475914) (72.99985796817754,1657.499429475914) (72.99985796817754,1683.499428613471) (74.00003234777117,1683.499428613471) (74.00003234777117,1709.499428218164) (75.00015040640547,1709.499428218164) (75.00015040640547,1735.499428036972) (76.00023033457285,1735.499428036972) (76.00023033457285,1761.499427953921) (77.00028444761395,1761.499427953921) (77.00028444761395,1787.499427915854) (78.00032108327559,1787.499427915854) (78.00032108327559,1813.499427898406) (79.00034588638705,1813.499427898406) (79.00034588638705,1839.499427890409) (80.00036267861391,1839.499427890409) (80.00036267861391,1865.499427886743) (81.00037404729167,1865.499427886743) (81.00037404729167,1891.499427885063) (82.00038174412724,1891.499427885063) (82.00038174412724,1917.499427884293) (83.00038695504003,1917.499427884293) (83.00038695504003,1943.499427883939) (84.00039048293512,1943.499427883939) (84.00039048293512,1969.499427883778) (85.00039287140109,1969.499427883778) (85.00039287140109,1995.499427883703) (86.00039448843451,1995.499427883703) (86.00039448843451,2021.499427883669) (87.0003955832389,2021.499427883669) (87.0003955832389,2047.499427883654) (88.00039632441248,2047.499427883654) (88.00039632441248,2073.499427883647) (89.00039682620778,2073.499427883647) (89.00039682620778,2099.499427883643) (90.00039716600648,2099.499427883643) (90.00039716600648,2125.499427883642) (91.00039739637279,2125.499427883642) (91.00039739637279,2151.499427883641) (92.00039755123014,2151.499427883641) (92.00039755123014,2177.499427883641) (93.00039765553821,2177.499427883641) (93.00039765553821,2203.499427883641) (94.00039772853863,2203.499427883641) (94.00039772853863,2229.499427883641) (95.00039777796013,2229.499427883641) (95.00039777796013,2255.499427883641) (96.00039781128008,2255.499427883641) (96.00039781128008,2281.499427883641) (97.00039783235344,2281.499427883641) (97.00039783235344,2307.499427883641) (98.00039783235339,2307.499427883641) (98.00039783235339,2333.499427883641) (99.00039783235333,2333.499427883641) (99.00039783235333,2359.499427883641) (100.0003978323533,2359.499427883641) (100.0003978323533,2385.499427883641) (101.0003978323532,2385.499427883641) (101.0003978323532,2411.499427883641) (102.0003978323532,2411.499427883641) (102.0003978323532,2437.499427883641) (103.0003978323531,2437.499427883641) (103.0003978323531,2463.499427883641) (104.000397832353,2463.499427883641) (104.000397832353,2489.499427883641) (105.000397832353,2489.499427883641) (105.000397832353,2515.499427883641) (106.0003978323529,2515.499427883641) (106.0003978323529,2541.499427883641) (107.0003978323529,2541.499427883641) (107.0003978323529,2567.499427883641) (108.0003978323528,2567.499427883641) (108.0003978323528,2593.499427883641) (109.0003978323528,2593.499427883641) (109.0003978323528,2619.499427883641) (110.0003978323527,2619.499427883641) (110.0003978323527,2645.499427883641) (111.0003978323526,2645.499427883641) (111.0003978323526,2671.499427883641) (112.0003978323526,2671.499427883641) (112.0003978323526,2697.499427883641) (113.0003978323525,2697.499427883641) (113.0003978323525,2723.499427883641) (114.0003978323525,2723.499427883641) (114.0003978323525,2749.499427883641) (115.0003978323524,2749.499427883641) (115.0003978323524,2775.499427883641) (116.0003978323524,2775.499427883641) (116.0003978323524,2801.499427883641) (117.0003978323523,2801.499427883641) (117.0003978323523,2827.499427883641) (118.0003978323522,2827.499427883641) (118.0003978323522,2853.499427883641) (119.0003978323522,2853.499427883641) (119.0003978323522,2879.499427883641) (120.0003978323521,2879.499427883641) (120.0003978323521,2905.499427883641) (121.0003978323521,2905.499427883641) (121.0003978323521,2931.499427883641) (122.000397832352,2931.499427883641) (122.000397832352,2957.499427883641) (123.000397832352,2957.499427883641) (123.000397832352,2983.499427883641) (124.0003978323519,2983.499427883641) (124.0003978323519,3009.499427883641) (125.0003978323519,3009.499427883641) (125.0003978323519,3035.499427883641) (126.0003978323518,3035.499427883641) (126.0003978323518,3061.499427883641) (127.0003978323517,3061.499427883641) (127.0003978323517,3087.499427883641) (128.0003978323517,3087.499427883641) (128.0003978323517,3113.499427883641) (129.0003978323518,3113.499427883641) (129.0003978323518,3139.499427883641) (130.0003978323518,3139.499427883641) (130.0003978323518,3165.499427883641) (131.0003978323519,3165.499427883641) (131.0003978323519,3191.499427883641) (132.000397832352,3191.499427883641) (132.000397832352,3217.499427883641) (133.0003978323521,3217.499427883641) (133.0003978323521,3243.499427883641) (134.0003978323522,3243.499427883641) (134.0003978323522,3269.499427883641) (135.0003978323523,3269.499427883641) (135.0003978323523,3295.499427883641) (136.0003978323523,3295.499427883641) (136.0003978323523,3321.499427883641) (137.0003978323524,3321.499427883641) (137.0003978323524,3347.499427883641) (138.0003978323525,3347.499427883641) (138.0003978323525,3373.499427883641) (139.0003978323526,3373.499427883641) (139.0003978323526,3399.499427883641) (140.0003978323527,3399.499427883641) (140.0003978323527,3425.499427883641) (141.0003978323528,3425.499427883641) (141.0003978323528,3451.499427883641) (142.0003978323529,3451.499427883641) (142.0003978323529,3477.499427883641) (143.0003978323529,3477.499427883641) (143.0003978323529,3503.499427883641) (144.000397832353,3503.499427883641) (144.000397832353,3529.499427883641) (145.0003978323531,3529.499427883641) (145.0003978323531,3555.499427883641) (146.0003978323532,3555.499427883641) (146.0003978323532,3581.499427883641) (147.0003978323533,3581.499427883641) (147.0003978323533,3607.499427883641) (148.0003978323534,3607.499427883641) (148.0003978323534,3633.499427883641) (149.0003978323535,3633.499427883641) (149.0003978323535,3659.499427883641) (150.0003978323535,3659.499427883641) (150.0003978323535,3685.499427883641) (151.0003978323536,3685.499427883641) (151.0003978323536,3711.499427883641) (152.0003978323537,3711.499427883641) (152.0003978323537,3737.499427883641) (153.0003978323538,3737.499427883641) (153.0003978323538,3763.499427883641) (154.0003978323539,3763.499427883641) (154.0003978323539,3789.499427883641) (155.000397832354,3789.499427883641) (155.000397832354,3815.499427883641) (156.0003978323541,3815.499427883641) (156.0003978323541,3841.499427883641) (157.0003978323541,3841.499427883641) (157.0003978323541,3867.499427883641) (158.0003978323542,3867.499427883641) (158.0003978323542,3893.499427883641) (159.0003978323543,3893.499427883641) (159.0003978323543,3919.499427883641) (160.0003978323544,3919.499427883641) (160.0003978323544,3945.499427883641) (161.0003978323545,3945.499427883641) (161.0003978323545,3971.499427883641) (162.0003978323546,3971.499427883641) (162.0003978323546,3997.499427883641) (163.0003978323547,3997.499427883641) (163.0003978323547,4023.499427883641) (164.0003978323547,4023.499427883641) (164.0003978323547,4049.499427883641) (165.0003978323548,4049.499427883641) (165.0003978323548,4075.499427883641) (166.0003978323549,4075.499427883641) (166.0003978323549,4101.49942788364) (167.000397832355,4101.49942788364) (167.000397832355,4127.49942788364) (168.0003978323551,4127.49942788364) (168.0003978323551,4153.49942788364) (169.0003978323552,4153.49942788364) (169.0003978323552,4179.49942788364) (170.0003978323552,4179.49942788364) (170.0003978323552,4205.49942788364) (171.0003978323553,4205.49942788364) (171.0003978323553,4231.49942788364) (172.0003978323554,4231.49942788364) (172.0003978323554,4257.49942788364) (173.0003978323555,4257.49942788364) (173.0003978323555,4283.49942788364) (174.0003978323556,4283.49942788364) (174.0003978323556,4309.49942788364) (175.2391796281105,4309.49942788364) (175.2391796281105,4334.761725317672) (176.755295725024,4334.761725317672) (176.755295725024,4357.375029374853) (178.5541529041974,4357.375029374853) (178.5541529041974,4371.80338971305) (180.6898605474909,4371.80338971305) (180.6898605474909,4380.472858151295) (182.9981590063956,4380.472858151295) (182.9981590063956,4385.010512952947) (185.4242990541419,4385.010512952947) (185.4242990541419,4388.172157803916) (187.8930002821646,4388.172157803916) (187.8930002821646,4390.428283375573) (190.3903673176925,4390.428283375573) (190.3903673176925,4391.835488330516) (192.9148324801453,4391.835488330516) (192.9148324801453,4392.871718959358) (195.4516703182672,4392.871718959358) (195.4516703182672,4393.515439372457) (198.0016255383434,4393.515439372457) (198.0016255383434,4394.057268921059) (200.5515807584196,4394.057268921059) (200.5515807584196,4394.599098469662) (203.1015359784957,4394.599098469662) (203.1015359784957,4395.140928018264) (205.651491198572,4395.140928018264) (205.651491198572,4395.682757566867) (208.2014464186481,4395.682757566867) (208.2014464186481,4396.224587115469) (210.7514016387243,4396.224587115469) (210.7514016387243,4396.766416664072) (213.3013568588005,4396.766416664072) (213.3013568588005,4397.308246212675) (215.8513120788767,4397.308246212675) (215.8513120788767,4397.850075761278) (218.4012672989529,4397.850075761278) (218.4012672989529,4398.391905309881) (220.9512225190291,4398.391905309881) (220.9512225190291,4398.933734858484) (223.5011777391054,4398.933734858484) (223.5011777391054,4399.475564407086) (226.0511329591816,4399.475564407086) (226.0511329591816,4400.01739395569) (228.6010881792578,4400.01739395569) (228.6010881792578,4400.559223504292) (231.151043399334,4400.559223504292) (231.151043399334,4400.840201776819) (700,4400.840201776819)
robPositionY[0]:
[0]: (0,0) (0,163.5) (2,163.5) (2,188.9679078844919) (12.92337325810898,188.9679078844919) (12.92337325810898,188.479046668909) (13.94217672059222,188.479046668909) (13.94217672059222,187.9901854533262) (14.96098018307546,187.9901854533262) (14.96098018307546,187.5013242377433) (15.96098018307546,187.5013242377433) (15.96098018307546,187.0124630221605) (16.96098018307546,187.0124630221605) (16.96098018307546,186.5236018065776) (17.96098018307545,186.5236018065776) (17.96098018307545,186.0347405909947) (18.96098018307545,186.0347405909947) (18.96098018307545,185.5458793754118) (19.96098018307544,185.5458793754118) (19.96098018307544,185.0570181598289) (20.96098018307543,185.0570181598289) (20.96098018307543,184.568156944246) (21.96098018307543,184.568156944246) (21.96098018307543,184.0792957286631) (22.96098018307542,184.0792957286631) (22.96098018307542,183.5904345130803) (23.96098018307541,183.5904345130803) (23.96098018307541,183.1015732974974) (24.96098018307541,183.1015732974974) (24.96098018307541,182.6127120819145) (25.9609801830754,182.6127120819145) (25.9609801830754,182.1238508663316) (26.96098018307539,182.1238508663316) (26.96098018307539,181.6349896507487) (27.96098018307539,181.6349896507487) (27.96098018307539,181.1461284351658) (28.96098018307538,181.1461284351658) (28.96098018307538,180.6572672195829) (29.96098018307537,180.6572672195829) (29.96098018307537,180.168406004) (30.96098018307536,180.168406004) (30.96098018307536,179.6795447884172) (31.96098018307536,179.6795447884172) (31.96098018307536,179.1906835728343) (32.96098018307539,179.1906835728343) (32.96098018307539,178.7018223572514) (33.96098018307541,178.7018223572514) (33.96098018307541,178.2129611416685) (34.96098018307544,178.2129611416685) (34.96098018307544,177.7240999260856) (35.96098018307547,177.7240999260856) (35.96098018307547,177.2352387105027) (36.9609801830755,177.2352387105027) (36.9609801830755,176.7463774949198) (37.96098018307553,176.7463774949198) (37.96098018307553,176.257516279337) (38.96098018307556,176.257516279337) (38.96098018307556,175.7686550637541) (39.96098018307558,175.7686550637541) (39.96098018307558,175.2797938481712) (40.96098018307561,175.2797938481712) (40.96098018307561,174.7909326325883) (41.96098018307563,174.7909326325883) (41.96098018307563,174.3020714170054) (42.96098018307566,174.3020714170054) (42.96098018307566,173.8132102014225) (43.96098018307569,173.8132102014225) (43.96098018307569,173.3243489858396) (44.96098018307572,173.3243489858396) (44.96098018307572,172.8354877702567) (45.96098018307575,172.8354877702567) (45.96098018307575,172.3466265546739) (46.96098018307577,172.3466265546739) (46.96098018307577,171.857765339091) (47.96098018307579,171.857765339091) (47.96098018307579,171.3689041235081) (48.96098018307581,171.3689041235081) (48.96098018307581,170.8800429079252) (49.96098018307583,170.8800429079252) (49.96098018307583,170.3911816923423) (50.96098018307585,170.3911816923423) (50.96098018307585,169.9023204767594) (51.96098018307588,169.9023204767594) (51.96098018307588,169.4134592611765) (52.9609801830759,169.4134592611765) (52.9609801830759,168.9245980455937) (53.96098018307592,168.9245980455937) (53.96098018307592,168.4357368300108) (54.96098018307594,168.4357368300108) (54.96098018307594,167.9468756144279) (55.96098018307596,167.9468756144279) (55.96098018307596,167.458014398845) (56.96098018307598,167.458014398845) (56.96098018307598,166.9691531832621) (57.960980183076,166.9691531832621) (57.960980183076,166.4802919676792) (58.96098018307602,166.4802919676792) (58.96098018307602,165.9914307520963) (59.96098018307605,165.9914307520963) (59.96098018307605,165.5025695365134) (60.96098018307607,165.5025695365134) (60.96098018307607,165.0137083209306) (61.96098018307609,165.0137083209306) (61.96098018307609,164.5248471053477) (62.97371103993525,164.5248471053477) (62.97371103993525,164.1938537681208) (63.98233025761446,164.1938537681208) (63.98233025761446,163.969756883213) (64.98816569838236,163.969756883213) (64.98816569838236,163.8180362843253) (65.99211642943067,163.8180362843253) (65.99211642943067,163.7153175442811) (66.99479116185081,163.7153175442811) (66.99479116185081,163.6457745842783) (67.99660201317307,163.6457745842783) (67.99660201317307,163.5986924756321) (68.9978279978813,163.5986924756321) (68.9978279978813,163.566816881204) (69.99865801533127,163.566816881204) (69.99865801533127,163.545236429983) (70.99921995456101,163.545236429983) (70.99921995456101,163.5306260107791) (71.99960039919434,163.5306260107791) (71.99960039919434,163.5207344505516) (72.99985796817754,163.5207344505516) (72.99985796817754,163.5140376570627) (74.00003234777117,163.5140376570627) (74.00003234777117,163.5095037876518) (75.00015040640547,163.5095037876518) (75.00015040640547,163.5064342631685) (76.00023033457285,163.5064342631685) (76.00023033457285,163.5043561308182) (77.00028444761395,163.5043561308182) (77.00028444761395,163.5029491917491) (78.00032108327559,163.5029491917491) (78.00032108327559,163.5019966645455) (79.00034588638705,163.5019966645455) (79.00034588638705,163.5013517836466) (80.00036267861391,163.5013517836466) (80.00036267861391,163.5009151857469) (81.00037404729167,163.5009151857469) (81.00037404729167,163.5006196001235) (82.00038174412724,163.5006196001235) (82.00038174412724,163.5004194823974) (83.00038695504003,163.5004194823974) (83.00038695504003,163.5002839986634) (84.00039048293512,163.5002839986634) (84.00039048293512,163.5001922733894) (85.00039287140109,163.5001922733894) (85.00039287140109,163.5001301732726) (86.00039448843451,163.5001301732726) (86.00039448843451,163.5000881304022) (87.0003955832389,163.5000881304022) (87.0003955832389,163.5000596654866) (88.00039632441248,163.5000596654866) (88.00039632441248,163.5000403949721) (89.00039682620778,163.5000403949721) (89.00039682620778,163.5000273482928) (90.00039716600648,163.5000273482928) (90.00039716600648,163.5000185135251) (91.00039739637279,163.5000185135251) (91.00039739637279,163.5000125239997) (92.00039755123014,163.5000125239997) (92.00039755123014,163.5000084977071) (93.00039765553821,163.5000084977071) (93.00039765553821,163.5000057856957) (94.00039772853863,163.5000057856957) (94.00039772853863,163.5000038876832) (95.00039777796013,163.5000038876832) (95.00039777796013,163.5000026027226) (96.00039781128008,163.5000026027226) (96.00039781128008,163.5000017364024) (97.00039783235344,163.5000017364024) (97.00039783235344,163.5000011884933) (98.00039783235339,163.5000011884933) (98.00039783235339,163.5000006405843) (175.2391796281105,163.5000006405843) (175.2391796281105,169.6494988603188) (176.755295725024,169.6494988603188) (176.755295725024,182.4806515605829) (178.5541529041974,182.4806515605829) (178.5541529041974,204.1098544573876) (180.6898605474909,204.1098544573876) (180.6898605474909,228.6218987825405) (182.9981590063956,228.6218987825405) (182.9981590063956,254.2228692504944) (185.4242990541419,254.2228692504944) (185.4242990541419,280.0299225855101) (187.8930002821646,280.0299225855101) (187.8930002821646,305.9318510350467) (190.3903673176925,305.9318510350467) (190.3903673176925,331.8937418408948) (192.9148324801453,331.8937418408948) (192.9148324801453,357.873084135954) (195.4516703182672,357.873084135954) (195.4516703182672,383.8651141457428) (198.0016255383434,383.8651141457428) (198.0016255383434,409.8594677776426) (200.5515807584196,409.8594677776426) (200.5515807584196,435.8538214095424) (203.1015359784957,435.8538214095424) (203.1015359784957,461.8481750414421) (205.651491198572,461.8481750414421) (205.651491198572,487.8425286733419) (208.2014464186481,487.8425286733419) (208.2014464186481,513.8368823052417) (210.7514016387243,513.8368823052417) (210.7514016387243,539.8312359371415) (213.3013568588005,539.8312359371415) (213.3013568588005,565.8255895690413) (215.8513120788767,565.8255895690413) (215.8513120788767,591.8199432009411) (218.4012672989529,591.8199432009411) (218.4012672989529,617.8142968328409) (220.9512225190291,617.8142968328409) (220.9512225190291,643.8086504647407) (223.5011777391054,643.8086504647407) (223.5011777391054,669.8030040966405) (226.0511329591816,669.8030040966405) (226.0511329591816,695.7973577285403) (228.6010881792578,695.7973577285403) (228.6010881792578,721.7917113604401) (231.151043399334,721.7917113604401) (231.151043399334,735.2716860088356) (700,735.2716860088356)
batteryCharge[0]:
[0]: (0,100) (700,100)
user_guided_transport.end:
[0]: (0,0) (233.1510433993331,0) (233.1510433993331,1) (700,1)
[2K
Verifying formula 5 at /nta/queries/query[5]/formula
 -- Formula: simulate[<=700]{robot_inventory[0][0], user_guided_transport.end*2}
[2K -- Formula is satisfied.
robot_inventory[0][0]:
[0]: (0,0) (11.42363338143408,0) (11.42363338143408,1) (700,1)
user_guided_transport.end * 2:
[0]: (0,0) (234.632500060159,0) (234.632500060159,2) (700,2)
[2K
Verifying formula 6 at /nta/queries/query[6]/formula
 -- Formula: simulate[<=700]{bedroom[0], bedroom[1], kitchen[0], kitchen[1]}
[2K -- Formula is satisfied.
bedroom[0]:
[0]: (0,100) (700,100)
bedroom[1]:
[0]: (0,200) (700,200)
kitchen[0]:
[0]: (0,4400) (700,4400)
kitchen[1]:
[0]: (0,765) (700,765)
[2K
Verifying formula 7 at /nta/queries/query[7]/formula
 -- Formula: simulate[<=700]{rm_1.idle, rf_1.idle, rp_1.idle, rd_1.idle}
[2K -- Formula is satisfied.
rm_1.idle:
[0]: (0,0) (0,1) (0,0) (3,0) (3,1) (700,1)
rf_1.idle:
[0]: (0,0) (0,1) (8.770600145468835,1) (8.770600145468835,0) (230.9794668242081,0) (230.9794668242081,1) (700,1)
rp_1.idle:
[0]: (0,0) (0,1) (2,1) (2,0) (8.770600145468835,0) (8.770600145468835,1) (700,1)
rd_1.idle:
[0]: (0,0) (0,1) (700,1)
[2K
Verifying formula 8 at /nta/queries/query[8]/formula
 -- Formula: Pr[<=700](<>!rm_1.idle || !rf_1.idle || !rp_1.idle || !rd_1.idle)
[2K -- Formula is satisfied.
(72/72 runs) Pr(<> …) in [0.950056,1] (95% CI)
Values in [0,0] mean=0 steps=2.22045e-16: 72
[2K
Verifying formula 9 at /nta/queries/query[9]/formula
 -- Formula: Pr[<=700]([] (user_guided_transport.end imply (rm_1.idle && rf_1.idle && rp_1.idle && rd_1.idle)))
 -- Throughput: 580382 runs/sec, Load: 333 runs[K
[2K -- Formula is satisfied.
(72/72 runs) Pr([] …) in [0.950056,1] (95% CI)
[2K
Verifying formula 10 at /nta/queries/query[10]/formula
 -- Formula: Pr[<=700] (<> pow(robPositionX[0] - bedroom[0], 2) + pow(robPositionY[0] - bedroom[1], 2) <= 900 )
[2K -- Formula is satisfied.
(72/72 runs) Pr(<> …) in [0.950056,1] (95% CI)
Values in [2,2] mean=2 steps=2.22045e-16: 72
[2K
Verifying formula 11 at /nta/queries/query[11]/formula
 -- Formula: Pr[<=700] (<> pow(humanPositionX[0] - kitchen[0], 2) + pow(humanPositionY[0] - kitchen[1], 2) <= 900 )
[2K -- Formula is satisfied.
(72/72 runs) Pr(<> …) in [0.950056,1] (95% CI)
Values in [192.07,196.924] mean=194.373 steps=0.539346: 9 7 9 8 11 8 4 10 6
[2K
Verifying formula 12 at /nta/queries/query[12]/formula
 -- Formula: Pr[<=700] (<> pow(humanPositionX[0] - bedroom[0], 2) + pow(humanPositionY[0] - bedroom[1], 2) <= 900 )
[2K -- Formula is satisfied.
(72/72 runs) Pr(<> …) in [0.950056,1] (95% CI)
Values in [1,1] mean=1 steps=2.22045e-16: 72
[2K
Verifying formula 13 at /nta/queries/query[13]/formula
 -- Formula: Pr[<=700] (<> !isValidPosition(humanPositionX[0], humanPositionY[0]))
[2K -- Formula is satisfied.
(72/72 runs) Pr(<> …) in [0.950056,1] (95% CI)
Values in [0,0] mean=0 steps=2.22045e-16: 72
[2K
Verifying formula 14 at /nta/queries/query[14]/formula
 -- Formula: Pr[<=700] (<> !isValidPosition(robPositionX[0], robPositionY[0]))
[2K -- Formula is satisfied.
(72/72 runs) Pr(<> …) in [0.950056,1] (95% CI)
Values in [0,0] mean=0 steps=2.22045e-16: 72
[2K
Verifying formula 15 at /nta/queries/query[15]/formula
 -- Formula: Pr[<=700] (<> currP > 2)
 -- Throughput: 581394 runs/sec, Load: 333 runs[K
[2K -- Formula is satisfied.
(0/72 runs) Pr(<> …) in [0,0.0499441] (95% CI)
