Options for the verification:
  Generating no trace
  Search order is breadth first
  Using conservative space optimisation
  Seed is 1784948780
  State space representation uses minimal constraint systems with future testing
  Using HashMap + Compress integers for discrete state storage
[2K
Verifying formula 1 at /nta/queries/query[1]/formula
 -- Formula: simulate[<=700]{user_guided_transport_robot_def.s1_start, user_guided_transport_robot_def.s1_end, user_guided_transport_robot_def.s2_start, user_guided_transport_robot_def.s2_end, user_guided_transport_robot_def.s3_start, user_guided_transport_robot_def.s3_end, user_guided_transport.end}
[2K -- Formula is satisfied.
user_guided_transport_robot_def.s1_start:
[0]: (0,0) (0,1) (0,0) (700,0)
user_guided_transport_robot_def.s1_end:
[0]: (0,0) (2,0) (2,1) (2,0) (700,0)
user_guided_transport_robot_def.s2_start:
[0]: (0,0) (2,0) (2,1) (2,0) (700,0)
user_guided_transport_robot_def.s2_end:
[0]: (0,0) (9.452048908132536,0) (9.452048908132536,1) (9.452048908132536,0) (700,0)
user_guided_transport_robot_def.s3_start:
[0]: (0,0) (9.452048908132536,0) (9.452048908132536,1) (9.452048908132536,0) (700,0)
user_guided_transport_robot_def.s3_end:
[0]: (0,0) (200.0699038523604,0) (200.0699038523604,1) (200.0699038523604,0) (700,0)
user_guided_transport.end:
[0]: (0,0) (202.0699038523595,0) (202.0699038523595,1) (700,1)
[2K
Verifying formula 2 at /nta/queries/query[2]/formula
 -- Formula: simulate[<=700]{user_guided_transport_human_def.s1_start, user_guided_transport_human_def.s1_end, user_guided_transport_human_def.s2_start, user_guided_transport_human_def.s2_idle, user_guided_transport_human_def.s3_start, user_guided_transport_human_def.s3_end, user_guided_transport.end}
[2K -- Formula is satisfied.
user_guided_transport_human_def.s1_start:
[0]: (0,0) (0,1) (0,0) (700,0)
user_guided_transport_human_def.s1_end:
[0]: (0,0) (1,0) (1,1) (2,1) (2,0) (700,0)
user_guided_transport_human_def.s2_start:
[0]: (0,0) (2,0) (2,1) (2,0) (700,0)
user_guided_transport_human_def.s2_idle:
[0]: (0,0) (2,0) (2,1) (10.75166976822151,1) (10.75166976822151,0) (700,0)
user_guided_transport_human_def.s3_start:
[0]: (0,0) (10.75166976822151,0) (10.75166976822151,1) (10.75166976822151,0) (15.75166976822148,0) (15.75166976822148,1) (15.75166976822148,0) (20.7516697682215,0) (20.7516697682215,1) (20.7516697682215,0) (25.75166976822154,0) (25.75166976822154,1) (25.75166976822154,0) (30.75166976822157,0) (30.75166976822157,1) (30.75166976822157,0) (35.75166976822158,0) (35.75166976822158,1) (35.75166976822158,0) (40.75166976822158,0) (40.75166976822158,1) (40.75166976822158,0) (45.75166976822159,0) (45.75166976822159,1) (45.75166976822159,0) (50.75166976822166,0) (50.75166976822166,1) (50.75166976822166,0) (55.75166976822172,0) (55.75166976822172,1) (55.75166976822172,0) (60.75166976822176,0) (60.75166976822176,1) (60.75166976822176,0) (65.7516697682218,0) (65.7516697682218,1) (65.7516697682218,0) (70.75166976822187,0) (70.75166976822187,1) (70.75166976822187,0) (75.75166976822194,0) (75.75166976822194,1) (75.75166976822194,0) (80.75166976822202,0) (80.75166976822202,1) (80.75166976822202,0) (85.75166976822207,0) (85.75166976822207,1) (85.75166976822207,0) (90.75166976822207,0) (90.75166976822207,1) (90.75166976822207,0) (95.75166976822214,0) (95.75166976822214,1) (95.75166976822214,0) (100.7516697682222,0) (100.7516697682222,1) (100.7516697682222,0) (105.7516697682223,0) (105.7516697682223,1) (105.7516697682223,0) (110.7516697682223,0) (110.7516697682223,1) (110.7516697682223,0) (115.7516697682223,0) (115.7516697682223,1) (115.7516697682223,0) (120.7516697682223,0) (120.7516697682223,1) (120.7516697682223,0) (125.7516697682224,0) (125.7516697682224,1) (125.7516697682224,0) (130.7516697682225,0) (130.7516697682225,1) (130.7516697682225,0) (135.7516697682226,0) (135.7516697682226,1) (135.7516697682226,0) (140.7516697682227,0) (140.7516697682227,1) (140.7516697682227,0) (145.7516697682229,0) (145.7516697682229,1) (145.7516697682229,0) (150.751669768223,0) (150.751669768223,1) (150.751669768223,0) (155.751669768223,0) (155.751669768223,1) (155.751669768223,0) (160.751669768223,0) (160.751669768223,1) (160.751669768223,0) (165.751669768223,0) (165.751669768223,1) (165.751669768223,0) (170.751669768223,0) (170.751669768223,1) (170.751669768223,0) (175.751669768223,0) (175.751669768223,1) (175.751669768223,0) (180.7516697682228,0) (180.7516697682228,1) (180.7516697682228,0) (185.7516697682223,0) (185.7516697682223,1) (185.7516697682223,0) (190.7516697682219,0) (190.7516697682219,1) (190.7516697682219,0) (700,0)
user_guided_transport_human_def.s3_end:
[0]: (0,0) (195.7516697682215,0) (195.7516697682215,1) (201.3695247124459,1) (201.3695247124459,0) (700,0)
user_guided_transport.end:
[0]: (0,0) (203.369524712445,0) (203.369524712445,1) (700,1)
[2K
Verifying formula 3 at /nta/queries/query[3]/formula
 -- Formula: Pr[<=700] (<> user_guided_transport.end)
[2K -- Formula is satisfied.
(72/72 runs) Pr(<> …) in [0.950056,1] (95% CI)
Values in [199.651,204.618] mean=202.204 steps=0.551896: 15 2 9 7 2 6 10 11 10
[2K
Verifying formula 4 at /nta/queries/query[4]/formula
 -- Formula: simulate[<=700]{humanPositionX[0], humanPositionY[0], robPositionX[0], robPositionY[0], batteryCharge[0], user_guided_transport.end}
[2K -- Formula is satisfied.
humanPositionX[0]:
[0]: (0,0) (0,92.5) (1,92.5) (1,97.73313175708738) (12.82868877931176,97.73313175708738) (12.82868877931176,123.7285354798977) (13.82868877931176,123.7285354798977) (13.82868877931176,149.723939202708) (14.82868877931176,149.723939202708) (14.82868877931176,175.7193429255182) (15.82868877931176,175.7193429255182) (15.82868877931176,201.7147466483285) (16.82868877931176,201.7147466483285) (16.82868877931176,227.7101503711388) (17.82868877931176,227.7101503711388) (17.82868877931176,253.7055540939491) (18.82868877931176,253.7055540939491) (18.82868877931176,279.7009578167594) (19.82868877931177,279.7009578167594) (19.82868877931177,305.6963615395697) (20.82868877931178,305.6963615395697) (20.82868877931178,331.69176526238) (21.82868877931177,331.69176526238) (21.82868877931177,357.6871689851903) (22.82868877931176,357.6871689851903) (22.82868877931176,383.6825727080006) (23.82868877931175,383.6825727080006) (23.82868877931175,409.6779764308109) (24.82868877931175,409.6779764308109) (24.82868877931175,435.6733801536212) (25.82868877931174,435.6733801536212) (25.82868877931174,461.6687838764315) (26.82868877931173,461.6687838764315) (26.82868877931173,487.6641875992418) (27.82868877931173,487.6641875992418) (27.82868877931173,513.6595913220521) (28.82868877931172,513.6595913220521) (28.82868877931172,539.6549950448623) (29.82868877931171,539.6549950448623) (29.82868877931171,565.6503987676725) (30.8286887793117,565.6503987676725) (30.8286887793117,591.6458024904828) (31.8286887793117,591.6458024904828) (31.8286887793117,617.641206213293) (32.82868877931172,617.641206213293) (32.82868877931172,643.6366099361032) (33.82868877931175,643.6366099361032) (33.82868877931175,669.6320136589135) (34.82868877931178,669.6320136589135) (34.82868877931178,695.6274173817237) (35.8286887793118,695.6274173817237) (35.8286887793118,721.622821104534) (36.82868877931183,721.622821104534) (36.82868877931183,747.6182248273442) (37.82868877931186,747.6182248273442) (37.82868877931186,773.6136285501544) (38.82868877931189,773.6136285501544) (38.82868877931189,799.6090322729647) (39.82868877931192,799.6090322729647) (39.82868877931192,825.6044359957749) (40.82868877931195,825.6044359957749) (40.82868877931195,851.5998397185851) (41.82868877931197,851.5998397185851) (41.82868877931197,877.5952434413954) (42.828688779312,877.5952434413954) (42.828688779312,903.5906471642056) (43.82868877931203,903.5906471642056) (43.82868877931203,929.5860508870159) (44.82868877931206,929.5860508870159) (44.82868877931206,955.5814546098261) (45.82868877931209,955.5814546098261) (45.82868877931209,981.5768583326363) (46.8286887793121,981.5768583326363) (46.8286887793121,1007.572262055447) (47.82868877931212,1007.572262055447) (47.82868877931212,1033.567665778257) (48.82868877931215,1033.567665778257) (48.82868877931215,1059.563069501067) (49.82868877931217,1059.563069501067) (49.82868877931217,1085.558473223878) (50.82868877931219,1085.558473223878) (50.82868877931219,1111.553876946688) (51.82868877931221,1111.553876946688) (51.82868877931221,1137.549280669498) (52.82868877931223,1137.549280669498) (52.82868877931223,1163.544684392309) (53.82868877931225,1163.544684392309) (53.82868877931225,1189.540088115119) (54.82868877931227,1189.540088115119) (54.82868877931227,1215.535491837929) (55.82868877931229,1215.535491837929) (55.82868877931229,1241.53089556074) (56.82868877931232,1241.53089556074) (56.82868877931232,1267.52629928355) (57.82868877931234,1267.52629928355) (57.82868877931234,1293.52170300636) (58.82868877931236,1293.52170300636) (58.82868877931236,1319.517106729171) (59.82868877931238,1319.517106729171) (59.82868877931238,1345.512510451981) (60.8286887793124,1345.512510451981) (60.8286887793124,1371.507914174791) (61.82868877931242,1371.507914174791) (61.82868877931242,1397.503317897602) (62.82868877931243,1397.503317897602) (62.82868877931243,1423.498721620412) (63.82868877931244,1423.498721620412) (63.82868877931244,1478) (64.82868877931246,1478) (64.82868877931246,1504) (65.82868877931247,1504) (65.82868877931247,1530) (66.82868877931249,1530) (66.82868877931249,1556) (67.8286887793125,1556) (67.8286887793125,1582) (68.82868877931251,1582) (68.82868877931251,1608) (69.82868877931253,1608) (69.82868877931253,1634) (70.82868877931254,1634) (70.82868877931254,1660) (71.82868877931256,1660) (71.82868877931256,1686) (72.82868877931257,1686) (72.82868877931257,1712) (73.82868877931259,1712) (73.82868877931259,1738) (74.8286887793126,1738) (74.8286887793126,1764) (75.82868877931261,1764) (75.82868877931261,1790) (76.82868877931263,1790) (76.82868877931263,1816) (77.82868877931266,1816) (77.82868877931266,1842) (78.82868877931269,1842) (78.82868877931269,1868) (79.82868877931271,1868) (79.82868877931271,1894) (80.82868877931274,1894) (80.82868877931274,1920) (81.82868877931277,1920) (81.82868877931277,1946) (82.8286887793128,1946) (82.8286887793128,1972) (83.82868877931283,1972) (83.82868877931283,1998) (84.82868877931286,1998) (84.82868877931286,2024) (85.82868877931288,2024) (85.82868877931288,2050) (86.82868877931291,2050) (86.82868877931291,2076) (87.82868877931294,2076) (87.82868877931294,2102) (88.82868877931297,2102) (88.82868877931297,2128) (89.828688779313,2128) (89.828688779313,2154) (90.82868877931303,2154) (90.82868877931303,2180) (91.82868877931305,2180) (91.82868877931305,2206) (92.82868877931308,2206) (92.82868877931308,2232) (93.82868877931311,2232) (93.82868877931311,2258) (94.82868877931314,2258) (94.82868877931314,2284) (95.82868877931317,2284) (95.82868877931317,2310) (96.8286887793132,2310) (96.8286887793132,2336) (97.82868877931315,2336) (97.82868877931315,2362) (98.8286887793131,2362) (98.8286887793131,2388) (99.82868877931304,2388) (99.82868877931304,2414) (100.828688779313,2414) (100.828688779313,2440) (101.8286887793129,2440) (101.8286887793129,2466) (102.8286887793129,2466) (102.8286887793129,2492) (103.8286887793128,2492) (103.8286887793128,2518) (104.8286887793127,2518) (104.8286887793127,2544) (105.8286887793127,2544) (105.8286887793127,2570) (106.8286887793126,2570) (106.8286887793126,2596) (107.8286887793126,2596) (107.8286887793126,2622) (108.8286887793125,2622) (108.8286887793125,2648) (109.8286887793124,2648) (109.8286887793124,2674) (110.8286887793124,2674) (110.8286887793124,2700) (111.8286887793123,2700) (111.8286887793123,2726) (112.8286887793122,2726) (112.8286887793122,2752) (113.8286887793122,2752) (113.8286887793122,2778) (114.8286887793121,2778) (114.8286887793121,2804) (115.828688779312,2804) (115.828688779312,2830) (116.828688779312,2830) (116.828688779312,2856) (117.8286887793119,2856) (117.8286887793119,2882) (118.8286887793118,2882) (118.8286887793118,2908) (119.8286887793117,2908) (119.8286887793117,2934) (120.8286887793117,2934) (120.8286887793117,2960) (121.8286887793116,2960) (121.8286887793116,2986) (122.8286887793115,2986) (122.8286887793115,3012) (123.8286887793115,3012) (123.8286887793115,3038) (124.8286887793114,3038) (124.8286887793114,3088.5) (125.8286887793113,3088.5) (125.8286887793113,3114.5) (126.8286887793112,3114.5) (126.8286887793112,3140.5) (127.8286887793112,3140.5) (127.8286887793112,3166.5) (128.8286887793112,3166.5) (128.8286887793112,3192.5) (129.8286887793113,3192.5) (129.8286887793113,3218.5) (130.8286887793114,3218.5) (130.8286887793114,3244.5) (131.8286887793115,3244.5) (131.8286887793115,3270.5) (132.8286887793116,3270.5) (132.8286887793116,3296.5) (133.8286887793117,3296.5) (133.8286887793117,3322.5) (134.8286887793118,3322.5) (134.8286887793118,3348.5) (135.8286887793118,3348.5) (135.8286887793118,3374.5) (136.8286887793119,3374.5) (136.8286887793119,3400.5) (137.828688779312,3400.5) (137.828688779312,3426.5) (138.828688779312,3426.5) (138.828688779312,3452.5) (139.8286887793121,3452.5) (139.8286887793121,3478.5) (140.8286887793121,3478.5) (140.8286887793121,3504.5) (141.8286887793122,3504.5) (141.8286887793122,3530.5) (142.8286887793122,3530.5) (142.8286887793122,3556.5) (143.8286887793123,3556.5) (143.8286887793123,3582.5) (144.8286887793124,3582.5) (144.8286887793124,3608.5) (145.8286887793124,3608.5) (145.8286887793124,3634.5) (146.8286887793125,3634.5) (146.8286887793125,3660.5) (147.8286887793125,3660.5) (147.8286887793125,3686.5) (148.8286887793126,3686.5) (148.8286887793126,3712.5) (149.8286887793126,3712.5) (149.8286887793126,3738.5) (150.8286887793127,3738.5) (150.8286887793127,3764.5) (151.8286887793128,3764.5) (151.8286887793128,3790.5) (152.8286887793128,3790.5) (152.8286887793128,3816.5) (153.8286887793129,3816.5) (153.8286887793129,3842.5) (154.8286887793129,3842.5) (154.8286887793129,3868.5) (155.828688779313,3868.5) (155.828688779313,3894.5) (156.828688779313,3894.5) (156.828688779313,3920.5) (157.8286887793131,3920.5) (157.8286887793131,3946.5) (158.8286887793132,3946.5) (158.8286887793132,3972.5) (159.8286887793133,3972.5) (159.8286887793133,3998.5) (160.8286887793134,3998.5) (160.8286887793134,4024.5) (161.8286887793135,4024.5) (161.8286887793135,4050.5) (162.8286887793136,4050.5) (162.8286887793136,4076.5) (163.8286887793136,4076.5) (163.8286887793136,4102.5) (164.8286887793137,4102.5) (164.8286887793137,4128.5) (165.8286887793138,4128.5) (165.8286887793138,4154.5) (166.8286887793139,4154.5) (166.8286887793139,4180.5) (167.828688779314,4180.5) (167.828688779314,4206.5) (168.8286887793141,4206.5) (168.8286887793141,4232.5) (169.8286887793141,4232.5) (169.8286887793141,4258.5) (170.8286887793142,4258.5) (170.8286887793142,4284.5) (171.8286887793143,4284.5) (171.8286887793143,4310.5) (172.8286887793144,4310.5) (172.8286887793144,4336.5) (173.8286887793145,4336.5) (173.8286887793145,4362.5) (174.8286887793146,4362.5) (174.8286887793146,4388.5) (175.8286887793147,4388.5) (175.8286887793147,4416.265463717128) (176.8286887793147,4416.265463717128) (176.8286887793147,4415.530927434256) (177.8286887793148,4415.530927434256) (177.8286887793148,4414.796391151384) (178.8286887793149,4414.796391151384) (178.8286887793149,4414.061854868512) (179.8286887793149,4414.061854868512) (179.8286887793149,4413.327318585641) (180.828688779315,4413.327318585641) (180.828688779315,4412.592782302769) (181.8286887793151,4412.592782302769) (181.8286887793151,4411.858246019897) (182.8286887793152,4411.858246019897) (182.8286887793152,4411.123709737025) (183.8286887793153,4411.123709737025) (183.8286887793153,4410.389173454153) (184.8286887793153,4410.389173454153) (184.8286887793153,4409.654637171281) (185.8286887793154,4409.654637171281) (185.8286887793154,4408.920100888409) (186.8286887793155,4408.920100888409) (186.8286887793155,4408.185564605537) (187.8286887793156,4408.185564605537) (187.8286887793156,4407.451028322665) (188.8286887793157,4407.451028322665) (188.8286887793157,4406.716492039794) (189.8286887793158,4406.716492039794) (189.8286887793158,4405.981955756922) (190.8286887793159,4405.981955756922) (190.8286887793159,4405.24741947405) (191.8286887793159,4405.24741947405) (191.8286887793159,4404.512883191178) (192.828688779316,4404.512883191178) (192.828688779316,4403.778346908306) (193.8286887793161,4403.778346908306) (193.8286887793161,4403.043810625434) (194.8286887793161,4403.043810625434) (194.8286887793161,4402.309274342562) (195.8286887793162,4402.309274342562) (195.8286887793162,4401.57473805969) (196.8286887793162,4401.57473805969) (196.8286887793162,4400.840201776819) (700,4400.840201776819)
humanPositionY[0]:
[0]: (0,0) (0,163.5) (1,163.5) (1,188.9679078844919) (12.82868877931176,188.9679078844919) (12.82868877931176,188.479046668909) (13.82868877931176,188.479046668909) (13.82868877931176,187.9901854533261) (14.82868877931176,187.9901854533261) (14.82868877931176,187.5013242377432) (15.82868877931176,187.5013242377432) (15.82868877931176,187.0124630221603) (16.82868877931176,187.0124630221603) (16.82868877931176,186.5236018065774) (17.82868877931176,186.5236018065774) (17.82868877931176,186.0347405909945) (18.82868877931176,186.0347405909945) (18.82868877931176,185.5458793754117) (19.82868877931177,185.5458793754117) (19.82868877931177,185.0570181598288) (20.82868877931178,185.0570181598288) (20.82868877931178,184.5681569442459) (21.82868877931177,184.5681569442459) (21.82868877931177,184.079295728663) (22.82868877931176,184.079295728663) (22.82868877931176,183.5904345130801) (23.82868877931175,183.5904345130801) (23.82868877931175,183.1015732974972) (24.82868877931175,183.1015732974972) (24.82868877931175,182.6127120819143) (25.82868877931174,182.6127120819143) (25.82868877931174,182.1238508663315) (26.82868877931173,182.1238508663315) (26.82868877931173,181.6349896507486) (27.82868877931173,181.6349896507486) (27.82868877931173,181.1461284351657) (28.82868877931172,181.1461284351657) (28.82868877931172,180.6572672195828) (29.82868877931171,180.6572672195828) (29.82868877931171,180.1684060039999) (30.8286887793117,180.1684060039999) (30.8286887793117,179.679544788417) (31.8286887793117,179.679544788417) (31.8286887793117,179.1906835728341) (32.82868877931172,179.1906835728341) (32.82868877931172,178.7018223572512) (33.82868877931175,178.7018223572512) (33.82868877931175,178.2129611416684) (34.82868877931178,178.2129611416684) (34.82868877931178,177.7240999260855) (35.8286887793118,177.7240999260855) (35.8286887793118,177.2352387105026) (36.82868877931183,177.2352387105026) (36.82868877931183,176.7463774949197) (37.82868877931186,176.7463774949197) (37.82868877931186,176.2575162793368) (38.82868877931189,176.2575162793368) (38.82868877931189,175.7686550637539) (39.82868877931192,175.7686550637539) (39.82868877931192,175.279793848171) (40.82868877931195,175.279793848171) (40.82868877931195,174.7909326325882) (41.82868877931197,174.7909326325882) (41.82868877931197,174.3020714170053) (42.828688779312,174.3020714170053) (42.828688779312,173.8132102014224) (43.82868877931203,173.8132102014224) (43.82868877931203,173.3243489858395) (44.82868877931206,173.3243489858395) (44.82868877931206,172.8354877702566) (45.82868877931209,172.8354877702566) (45.82868877931209,172.3466265546737) (46.8286887793121,172.3466265546737) (46.8286887793121,171.8577653390908) (47.82868877931212,171.8577653390908) (47.82868877931212,171.3689041235079) (48.82868877931215,171.3689041235079) (48.82868877931215,170.8800429079251) (49.82868877931217,170.8800429079251) (49.82868877931217,170.3911816923422) (50.82868877931219,170.3911816923422) (50.82868877931219,169.9023204767593) (51.82868877931221,169.9023204767593) (51.82868877931221,169.4134592611764) (52.82868877931223,169.4134592611764) (52.82868877931223,168.9245980455935) (53.82868877931225,168.9245980455935) (53.82868877931225,168.4357368300106) (54.82868877931227,168.4357368300106) (54.82868877931227,167.9468756144277) (55.82868877931229,167.9468756144277) (55.82868877931229,167.4580143988449) (56.82868877931232,167.4580143988449) (56.82868877931232,166.969153183262) (57.82868877931234,166.969153183262) (57.82868877931234,166.4802919676791) (58.82868877931236,166.4802919676791) (58.82868877931236,165.9914307520962) (59.82868877931238,165.9914307520962) (59.82868877931238,165.5025695365133) (60.8286887793124,165.5025695365133) (60.8286887793124,165.0137083209304) (61.82868877931242,165.0137083209304) (61.82868877931242,164.5248471053475) (62.82868877931243,164.5248471053475) (62.82868877931243,164.0359858897646) (63.82868877931244,164.0359858897646) (63.82868877931244,163.5) (175.8286887793147,163.5) (175.8286887793147,189.4896220913107) (176.8286887793147,189.4896220913107) (176.8286887793147,215.4792441826214) (177.8286887793148,215.4792441826214) (177.8286887793148,241.4688662739321) (178.8286887793149,241.4688662739321) (178.8286887793149,267.4584883652428) (179.8286887793149,267.4584883652428) (179.8286887793149,293.4481104565535) (180.828688779315,293.4481104565535) (180.828688779315,319.4377325478642) (181.8286887793151,319.4377325478642) (181.8286887793151,345.427354639175) (182.8286887793152,345.427354639175) (182.8286887793152,371.4169767304857) (183.8286887793153,371.4169767304857) (183.8286887793153,397.4065988217964) (184.8286887793153,397.4065988217964) (184.8286887793153,423.3962209131071) (185.8286887793154,423.3962209131071) (185.8286887793154,449.3858430044178) (186.8286887793155,449.3858430044178) (186.8286887793155,475.3754650957285) (187.8286887793156,475.3754650957285) (187.8286887793156,501.3650871870392) (188.8286887793157,501.3650871870392) (188.8286887793157,527.3547092783499) (189.8286887793158,527.3547092783499) (189.8286887793158,553.3443313696606) (190.8286887793159,553.3443313696606) (190.8286887793159,579.3339534609713) (191.8286887793159,579.3339534609713) (191.8286887793159,605.323575552282) (192.828688779316,605.323575552282) (192.828688779316,631.3131976435927) (193.8286887793161,631.3131976435927) (193.8286887793161,657.3028197349034) (194.8286887793161,657.3028197349034) (194.8286887793161,683.2924418262141) (195.8286887793162,683.2924418262141) (195.8286887793162,709.2820639175249) (196.8286887793162,709.2820639175249) (196.8286887793162,735.2716860088356) (700,735.2716860088356)
robPositionX[0]:
[0]: (0,0) (0,92.5) (2,92.5) (2,97.73313175708738) (13.82868877931176,97.73313175708738) (13.82868877931176,123.7285354798977) (14.84749224179501,123.7285354798977) (14.84749224179501,149.723939202708) (15.847492241795,149.723939202708) (15.847492241795,175.7193429255182) (16.84749224179501,175.7193429255182) (16.84749224179501,201.7147466483285) (17.847492241795,201.7147466483285) (17.847492241795,227.7101503711388) (18.84749224179501,227.7101503711388) (18.84749224179501,253.7055540939491) (19.84749224179501,253.7055540939491) (19.84749224179501,279.7009578167594) (20.84749224179502,279.7009578167594) (20.84749224179502,305.6963615395697) (21.84749224179501,305.6963615395697) (21.84749224179501,331.69176526238) (22.84749224179501,331.69176526238) (22.84749224179501,357.6871689851903) (23.847492241795,357.6871689851903) (23.847492241795,383.6825727080006) (24.84749224179499,383.6825727080006) (24.84749224179499,409.6779764308109) (25.84749224179498,409.6779764308109) (25.84749224179498,435.6733801536212) (26.84749224179498,435.6733801536212) (26.84749224179498,461.6687838764315) (27.84749224179497,461.6687838764315) (27.84749224179497,487.6641875992418) (28.84749224179496,487.6641875992418) (28.84749224179496,513.6595913220521) (29.84749224179496,513.6595913220521) (29.84749224179496,539.6549950448623) (30.84749224179495,539.6549950448623) (30.84749224179495,565.6503987676725) (31.84749224179494,565.6503987676725) (31.84749224179494,591.6458024904828) (32.84749224179496,591.6458024904828) (32.84749224179496,617.641206213293) (33.84749224179499,617.641206213293) (33.84749224179499,643.6366099361032) (34.84749224179502,643.6366099361032) (34.84749224179502,669.6320136589135) (35.84749224179505,669.6320136589135) (35.84749224179505,695.6274173817237) (36.84749224179507,695.6274173817237) (36.84749224179507,721.622821104534) (37.8474922417951,721.622821104534) (37.8474922417951,747.6182248273442) (38.84749224179513,747.6182248273442) (38.84749224179513,773.6136285501544) (39.84749224179516,773.6136285501544) (39.84749224179516,799.6090322729647) (40.84749224179519,799.6090322729647) (40.84749224179519,825.6044359957749) (41.84749224179522,825.6044359957749) (41.84749224179522,851.5998397185851) (42.84749224179524,851.5998397185851) (42.84749224179524,877.5952434413954) (43.84749224179527,877.5952434413954) (43.84749224179527,903.5906471642056) (44.8474922417953,903.5906471642056) (44.8474922417953,929.5860508870159) (45.84749224179533,929.5860508870159) (45.84749224179533,955.5814546098261) (46.84749224179535,955.5814546098261) (46.84749224179535,981.5768583326363) (47.84749224179537,981.5768583326363) (47.84749224179537,1007.572262055447) (48.84749224179539,1007.572262055447) (48.84749224179539,1033.567665778257) (49.84749224179541,1033.567665778257) (49.84749224179541,1059.563069501067) (50.84749224179544,1059.563069501067) (50.84749224179544,1085.558473223878) (51.84749224179546,1085.558473223878) (51.84749224179546,1111.553876946688) (52.84749224179548,1111.553876946688) (52.84749224179548,1137.549280669498) (53.8474922417955,1137.549280669498) (53.8474922417955,1163.544684392309) (54.84749224179552,1163.544684392309) (54.84749224179552,1189.540088115119) (55.84749224179554,1189.540088115119) (55.84749224179554,1215.535491837929) (56.84749224179556,1215.535491837929) (56.84749224179556,1241.53089556074) (57.84749224179559,1241.53089556074) (57.84749224179559,1267.52629928355) (58.84749224179561,1267.52629928355) (58.84749224179561,1293.52170300636) (59.84749224179563,1293.52170300636) (59.84749224179563,1319.517106729171) (60.84749224179565,1319.517106729171) (60.84749224179565,1345.512510451981) (61.84749224179566,1345.512510451981) (61.84749224179566,1371.507914174791) (62.84749224179568,1371.507914174791) (62.84749224179568,1397.503317897602) (63.84749224179569,1397.503317897602) (63.84749224179569,1423.498721620412) (64.84749224179571,1423.498721620412) (64.84749224179571,1452) (65.84749224179572,1452) (65.84749224179572,1478) (66.84749224179573,1478) (66.84749224179573,1504) (67.84749224179575,1504) (67.84749224179575,1530) (68.84749224179576,1530) (68.84749224179576,1556) (69.84749224179578,1556) (69.84749224179578,1582) (70.84749224179579,1582) (70.84749224179579,1608) (71.84749224179581,1608) (71.84749224179581,1634) (72.84749224179582,1634) (72.84749224179582,1660) (73.84749224179583,1660) (73.84749224179583,1686) (74.84749224179585,1686) (74.84749224179585,1712) (75.84749224179586,1712) (75.84749224179586,1738) (76.84749224179588,1738) (76.84749224179588,1764) (77.8474922417959,1764) (77.8474922417959,1790) (78.84749224179593,1790) (78.84749224179593,1816) (79.84749224179596,1816) (79.84749224179596,1842) (80.84749224179599,1842) (80.84749224179599,1868) (81.84749224179602,1868) (81.84749224179602,1894) (82.84749224179605,1894) (82.84749224179605,1920) (83.84749224179608,1920) (83.84749224179608,1946) (84.8474922417961,1946) (84.8474922417961,1972) (85.84749224179613,1972) (85.84749224179613,1998) (86.84749224179616,1998) (86.84749224179616,2024) (87.84749224179619,2024) (87.84749224179619,2050) (88.84749224179622,2050) (88.84749224179622,2076) (89.84749224179625,2076) (89.84749224179625,2102) (90.84749224179627,2102) (90.84749224179627,2128) (91.8474922417963,2128) (91.8474922417963,2154) (92.84749224179633,2154) (92.84749224179633,2180) (93.84749224179636,2180) (93.84749224179636,2206) (94.84749224179639,2206) (94.84749224179639,2232) (95.84749224179642,2232) (95.84749224179642,2258) (96.84749224179645,2258) (96.84749224179645,2284) (97.8474922417964,2284) (97.8474922417964,2310) (98.84749224179635,2310) (98.84749224179635,2336) (99.84749224179629,2336) (99.84749224179629,2362) (100.8474922417962,2362) (100.8474922417962,2388) (101.8474922417962,2388) (101.8474922417962,2414) (102.8474922417961,2414) (102.8474922417961,2440) (103.8474922417961,2440) (103.8474922417961,2466) (104.847492241796,2466) (104.847492241796,2492) (105.8474922417959,2492) (105.8474922417959,2518) (106.8474922417959,2518) (106.8474922417959,2544) (107.8474922417958,2544) (107.8474922417958,2570) (108.8474922417958,2570) (108.8474922417958,2596) (109.8474922417957,2596) (109.8474922417957,2622) (110.8474922417956,2622) (110.8474922417956,2648) (111.8474922417956,2648) (111.8474922417956,2674) (112.8474922417955,2674) (112.8474922417955,2700) (113.8474922417954,2700) (113.8474922417954,2726) (114.8474922417954,2726) (114.8474922417954,2752) (115.8474922417953,2752) (115.8474922417953,2778) (116.8474922417952,2778) (116.8474922417952,2804) (117.8474922417952,2804) (117.8474922417952,2830) (118.8474922417951,2830) (118.8474922417951,2856) (119.847492241795,2856) (119.847492241795,2882) (120.8474922417949,2882) (120.8474922417949,2908) (121.8474922417949,2908) (121.8474922417949,2934) (122.8474922417948,2934) (122.8474922417948,2960) (123.8474922417947,2960) (123.8474922417947,2986) (124.8474922417947,2986) (124.8474922417947,3012) (125.8474922417946,3012) (125.8474922417946,3038) (126.8474922417945,3038) (126.8474922417945,3062.5) (127.8474922417945,3062.5) (127.8474922417945,3088.5) (128.8474922417945,3088.5) (128.8474922417945,3114.5) (129.8474922417946,3114.5) (129.8474922417946,3140.5) (130.8474922417947,3140.5) (130.8474922417947,3166.5) (131.8474922417948,3166.5) (131.8474922417948,3192.5) (132.8474922417949,3192.5) (132.8474922417949,3218.5) (133.847492241795,3218.5) (133.847492241795,3244.5) (134.847492241795,3244.5) (134.847492241795,3270.5) (135.8474922417951,3270.5) (135.8474922417951,3296.5) (136.8474922417952,3296.5) (136.8474922417952,3322.5) (137.8474922417952,3322.5) (137.8474922417952,3348.5) (138.8474922417953,3348.5) (138.8474922417953,3374.5) (139.8474922417954,3374.5) (139.8474922417954,3400.5) (140.8474922417954,3400.5) (140.8474922417954,3426.5) (141.8474922417955,3426.5) (141.8474922417955,3452.5) (142.8474922417955,3452.5) (142.8474922417955,3478.5) (143.8474922417956,3478.5) (143.8474922417956,3504.5) (144.8474922417956,3504.5) (144.8474922417956,3530.5) (145.8474922417957,3530.5) (145.8474922417957,3556.5) (146.8474922417957,3556.5) (146.8474922417957,3582.5) (147.8474922417958,3582.5) (147.8474922417958,3608.5) (148.8474922417959,3608.5) (148.8474922417959,3634.5) (149.8474922417959,3634.5) (149.8474922417959,3660.5) (150.847492241796,3660.5) (150.847492241796,3686.5) (151.847492241796,3686.5) (151.847492241796,3712.5) (152.8474922417961,3712.5) (152.8474922417961,3738.5) (153.8474922417961,3738.5) (153.8474922417961,3764.5) (154.8474922417962,3764.5) (154.8474922417962,3790.5) (155.8474922417963,3790.5) (155.8474922417963,3816.5) (156.8474922417963,3816.5) (156.8474922417963,3842.5) (157.8474922417964,3842.5) (157.8474922417964,3868.5) (158.8474922417965,3868.5) (158.8474922417965,3894.5) (159.8474922417966,3894.5) (159.8474922417966,3920.5) (160.8474922417967,3920.5) (160.8474922417967,3946.5) (161.8474922417968,3946.5) (161.8474922417968,3972.5) (162.8474922417969,3972.5) (162.8474922417969,3998.5) (163.8474922417969,3998.5) (163.8474922417969,4024.5) (164.847492241797,4024.5) (164.847492241797,4050.5) (165.8474922417971,4050.5) (165.8474922417971,4076.5) (166.8474922417972,4076.5) (166.8474922417972,4102.5) (167.8474922417973,4102.5) (167.8474922417973,4128.5) (168.8474922417974,4128.5) (168.8474922417974,4154.5) (169.8474922417975,4154.5) (169.8474922417975,4180.5) (170.8474922417975,4180.5) (170.8474922417975,4206.5) (171.8474922417976,4206.5) (171.8474922417976,4232.5) (172.8474922417977,4232.5) (172.8474922417977,4258.5) (173.8474922417978,4258.5) (173.8474922417978,4284.5) (174.8474922417979,4284.5) (174.8474922417979,4310.5) (175.847492241798,4310.5) (175.847492241798,4336.5) (176.8474922417981,4336.5) (176.8474922417981,4362.5) (177.8474922417981,4362.5) (177.8474922417981,4388.5) (178.8474922417982,4388.5) (178.8474922417982,4417) (181.4465437235399,4417) (181.4465437235399,4416.265463717128) (182.44654372354,4416.265463717128) (182.44654372354,4415.530927434256) (183.4465437235401,4415.530927434256) (183.4465437235401,4414.796391151384) (184.4465437235401,4414.796391151384) (184.4465437235401,4414.061854868512) (185.4465437235402,4414.061854868512) (185.4465437235402,4413.327318585641) (186.4465437235403,4413.327318585641) (186.4465437235403,4412.592782302769) (187.4465437235404,4412.592782302769) (187.4465437235404,4411.858246019897) (188.4465437235405,4411.858246019897) (188.4465437235405,4411.123709737025) (189.4465437235406,4411.123709737025) (189.4465437235406,4410.389173454153) (190.4465437235407,4410.389173454153) (190.4465437235407,4409.654637171281) (191.4465437235407,4409.654637171281) (191.4465437235407,4408.920100888409) (192.4465437235408,4408.920100888409) (192.4465437235408,4408.185564605537) (193.4465437235409,4408.185564605537) (193.4465437235409,4407.451028322665) (194.4465437235409,4407.451028322665) (194.4465437235409,4406.716492039794) (195.446543723541,4406.716492039794) (195.446543723541,4405.981955756922) (196.4465437235411,4405.981955756922) (196.4465437235411,4405.24741947405) (197.4465437235411,4405.24741947405) (197.4465437235411,4404.512883191178) (198.4465437235412,4404.512883191178) (198.4465437235412,4403.778346908306) (199.4465437235412,4403.778346908306) (199.4465437235412,4403.043810625434) (200.4465437235413,4403.043810625434) (200.4465437235413,4402.309274342562) (201.4465437235413,4402.309274342562) (201.4465437235413,4401.57473805969) (202.4465437235414,4401.57473805969) (202.4465437235414,4400.840201776819) (700,4400.840201776819)
robPositionY[0]:
[0]: (0,0) (0,163.5) (2,163.5) (2,188.9679078844919) (13.82868877931176,188.9679078844919) (13.82868877931176,188.479046668909) (14.84749224179501,188.479046668909) (14.84749224179501,187.9901854533261) (15.847492241795,187.9901854533261) (15.847492241795,187.5013242377432) (16.84749224179501,187.5013242377432) (16.84749224179501,187.0124630221603) (17.847492241795,187.0124630221603) (17.847492241795,186.5236018065774) (18.84749224179501,186.5236018065774) (18.84749224179501,186.0347405909945) (19.84749224179501,186.0347405909945) (19.84749224179501,185.5458793754117) (20.84749224179502,185.5458793754117) (20.84749224179502,185.0570181598288) (21.84749224179501,185.0570181598288) (21.84749224179501,184.5681569442459) (22.84749224179501,184.5681569442459) (22.84749224179501,184.079295728663) (23.847492241795,184.079295728663) (23.847492241795,183.5904345130801) (24.84749224179499,183.5904345130801) (24.84749224179499,183.1015732974972) (25.84749224179498,183.1015732974972) (25.84749224179498,182.6127120819143) (26.84749224179498,182.6127120819143) (26.84749224179498,182.1238508663315) (27.84749224179497,182.1238508663315) (27.84749224179497,181.6349896507486) (28.84749224179496,181.6349896507486) (28.84749224179496,181.1461284351657) (29.84749224179496,181.1461284351657) (29.84749224179496,180.6572672195828) (30.84749224179495,180.6572672195828) (30.84749224179495,180.1684060039999) (31.84749224179494,180.1684060039999) (31.84749224179494,179.679544788417) (32.84749224179496,179.679544788417) (32.84749224179496,179.1906835728341) (33.84749224179499,179.1906835728341) (33.84749224179499,178.7018223572512) (34.84749224179502,178.7018223572512) (34.84749224179502,178.2129611416684) (35.84749224179505,178.2129611416684) (35.84749224179505,177.7240999260855) (36.84749224179507,177.7240999260855) (36.84749224179507,177.2352387105026) (37.8474922417951,177.2352387105026) (37.8474922417951,176.7463774949197) (38.84749224179513,176.7463774949197) (38.84749224179513,176.2575162793368) (39.84749224179516,176.2575162793368) (39.84749224179516,175.7686550637539) (40.84749224179519,175.7686550637539) (40.84749224179519,175.279793848171) (41.84749224179522,175.279793848171) (41.84749224179522,174.7909326325882) (42.84749224179524,174.7909326325882) (42.84749224179524,174.3020714170053) (43.84749224179527,174.3020714170053) (43.84749224179527,173.8132102014224) (44.8474922417953,173.8132102014224) (44.8474922417953,173.3243489858395) (45.84749224179533,173.3243489858395) (45.84749224179533,172.8354877702566) (46.84749224179535,172.8354877702566) (46.84749224179535,172.3466265546737) (47.84749224179537,172.3466265546737) (47.84749224179537,171.8577653390908) (48.84749224179539,171.8577653390908) (48.84749224179539,171.3689041235079) (49.84749224179541,171.3689041235079) (49.84749224179541,170.8800429079251) (50.84749224179544,170.8800429079251) (50.84749224179544,170.3911816923422) (51.84749224179546,170.3911816923422) (51.84749224179546,169.9023204767593) (52.84749224179548,169.9023204767593) (52.84749224179548,169.4134592611764) (53.8474922417955,169.4134592611764) (53.8474922417955,168.9245980455935) (54.84749224179552,168.9245980455935) (54.84749224179552,168.4357368300106) (55.84749224179554,168.4357368300106) (55.84749224179554,167.9468756144277) (56.84749224179556,167.9468756144277) (56.84749224179556,167.4580143988449) (57.84749224179559,167.4580143988449) (57.84749224179559,166.969153183262) (58.84749224179561,166.969153183262) (58.84749224179561,166.4802919676791) (59.84749224179563,166.4802919676791) (59.84749224179563,165.9914307520962) (60.84749224179565,165.9914307520962) (60.84749224179565,165.5025695365133) (61.84749224179566,165.5025695365133) (61.84749224179566,165.0137083209304) (62.84749224179568,165.0137083209304) (62.84749224179568,164.5248471053475) (63.84749224179569,164.5248471053475) (63.84749224179569,164.0359858897646) (64.84749224179571,164.0359858897646) (64.84749224179571,163.5) (181.4465437235399,163.5) (181.4465437235399,189.4896220913107) (182.44654372354,189.4896220913107) (182.44654372354,215.4792441826214) (183.4465437235401,215.4792441826214) (183.4465437235401,241.4688662739321) (184.4465437235401,241.4688662739321) (184.4465437235401,267.4584883652428) (185.4465437235402,267.4584883652428) (185.4465437235402,293.4481104565535) (186.4465437235403,293.4481104565535) (186.4465437235403,319.4377325478642) (187.4465437235404,319.4377325478642) (187.4465437235404,345.427354639175) (188.4465437235405,345.427354639175) (188.4465437235405,371.4169767304857) (189.4465437235406,371.4169767304857) (189.4465437235406,397.4065988217964) (190.4465437235407,397.4065988217964) (190.4465437235407,423.3962209131071) (191.4465437235407,423.3962209131071) (191.4465437235407,449.3858430044178) (192.4465437235408,449.3858430044178) (192.4465437235408,475.3754650957285) (193.4465437235409,475.3754650957285) (193.4465437235409,501.3650871870392) (194.4465437235409,501.3650871870392) (194.4465437235409,527.3547092783499) (195.446543723541,527.3547092783499) (195.446543723541,553.3443313696606) (196.4465437235411,553.3443313696606) (196.4465437235411,579.3339534609713) (197.4465437235411,579.3339534609713) (197.4465437235411,605.323575552282) (198.4465437235412,605.323575552282) (198.4465437235412,631.3131976435927) (199.4465437235412,631.3131976435927) (199.4465437235412,657.3028197349034) (200.4465437235413,657.3028197349034) (200.4465437235413,683.2924418262141) (201.4465437235413,683.2924418262141) (201.4465437235413,709.2820639175249) (202.4465437235414,709.2820639175249) (202.4465437235414,735.2716860088356) (700,735.2716860088356)
batteryCharge[0]:
[0]: (0,100) (700,100)
user_guided_transport.end:
[0]: (0,0) (204.4465437235405,0) (204.4465437235405,1) (700,1)
[2K
Verifying formula 5 at /nta/queries/query[5]/formula
 -- Formula: simulate[<=700]{robot_inventory[0][0], user_guided_transport.end*2}
[2K -- Formula is satisfied.
robot_inventory[0][0]:
[0]: (0,0) (8.603337727108748,0) (8.603337727108748,1) (700,1)
user_guided_transport.end * 2:
[0]: (0,0) (201.2211926713369,0) (201.2211926713369,2) (700,2)
[2K
Verifying formula 6 at /nta/queries/query[6]/formula
 -- Formula: simulate[<=700]{bedroom[0], bedroom[1], kitchen[0], kitchen[1]}
[2K -- Formula is satisfied.
bedroom[0]:
[0]: (0,100) (700,100)
bedroom[1]:
[0]: (0,200) (700,200)
kitchen[0]:
[0]: (0,4400) (700,4400)
kitchen[1]:
[0]: (0,765) (700,765)
[2K
Verifying formula 7 at /nta/queries/query[7]/formula
 -- Formula: simulate[<=700]{rm_1.idle, rf_1.idle, rp_1.idle, rd_1.idle}
[2K -- Formula is satisfied.
rm_1.idle:
[0]: (0,0) (0,1) (0,0) (3,0) (3,1) (9.921213328173852,1) (9.921213328173852,0) (201.5390682724022,0) (201.5390682724022,1) (700,1)
rf_1.idle:
[0]: (0,0) (0,1) (700,1)
rp_1.idle:
[0]: (0,0) (0,1) (2,1) (2,0) (9.921213328173852,0) (9.921213328173852,1) (700,1)
rd_1.idle:
[0]: (0,0) (0,1) (700,1)
[2K
Verifying formula 8 at /nta/queries/query[8]/formula
 -- Formula: Pr[<=700](<>!rm_1.idle || !rf_1.idle || !rp_1.idle || !rd_1.idle)
[2K -- Formula is satisfied.
(72/72 runs) Pr(<> …) in [0.950056,1] (95% CI)
Values in [0,0] mean=0 steps=2.22045e-16: 72
[2K
Verifying formula 9 at /nta/queries/query[9]/formula
 -- Formula: Pr[<=700]([] (user_guided_transport.end imply (rm_1.idle && rf_1.idle && rp_1.idle && rd_1.idle)))
 -- Throughput: 547365 runs/sec, Load: 337 runs[K
[2K -- Formula is satisfied.
(72/72 runs) Pr([] …) in [0.950056,1] (95% CI)
[2K
Verifying formula 10 at /nta/queries/query[10]/formula
 -- Formula: Pr[<=700] (<> pow(robPositionX[0] - kitchen[0], 2) + pow(robPositionY[0] - kitchen[1], 2) <= 900 )
[2K -- Formula is satisfied.
(72/72 runs) Pr(<> …) in [0.950056,1] (95% CI)
Values in [197.639,202.609] mean=200.116 steps=0.55215: 10 11 9 2 3 8 12 10 7
[2K
Verifying formula 11 at /nta/queries/query[11]/formula
 -- Formula: Pr[<=700] (<> pow(robPositionX[0] - bedroom[0], 2) + pow(robPositionY[0] - bedroom[1], 2) <= 900 )
[2K -- Formula is satisfied.
(72/72 runs) Pr(<> …) in [0.950056,1] (95% CI)
Values in [2,2] mean=2 steps=2.22045e-16: 72
[2K
Verifying formula 12 at /nta/queries/query[12]/formula
 -- Formula: Pr[<=700] (<> pow(humanPositionX[0] - kitchen[0], 2) + pow(humanPositionY[0] - kitchen[1], 2) <= 900 )
[2K -- Formula is satisfied.
(72/72 runs) Pr(<> …) in [0.950056,1] (95% CI)
Values in [192.008,196.952] mean=194.487 steps=0.549304: 9 7 10 5 8 7 9 8 9
[2K
Verifying formula 13 at /nta/queries/query[13]/formula
 -- Formula: Pr[<=700] (<> pow(humanPositionX[0] - bedroom[0], 2) + pow(humanPositionY[0] - bedroom[1], 2) <= 900 )
[2K -- Formula is satisfied.
(72/72 runs) Pr(<> …) in [0.950056,1] (95% CI)
Values in [1,1] mean=1 steps=2.22045e-16: 72
[2K
Verifying formula 14 at /nta/queries/query[14]/formula
 -- Formula: Pr[<=700] (<> !isValidPosition(humanPositionX[0], humanPositionY[0]))
[2K -- Formula is satisfied.
(72/72 runs) Pr(<> …) in [0.950056,1] (95% CI)
Values in [0,0] mean=0 steps=2.22045e-16: 72
[2K
Verifying formula 15 at /nta/queries/query[15]/formula
 -- Formula: Pr[<=700] (<> !isValidPosition(robPositionX[0], robPositionY[0]))
[2K -- Formula is satisfied.
(72/72 runs) Pr(<> …) in [0.950056,1] (95% CI)
Values in [0,0] mean=0 steps=2.22045e-16: 72
[2K
Verifying formula 16 at /nta/queries/query[16]/formula
 -- Formula: Pr[<=700] (<> currP > 2)
 -- Throughput: 658181 runs/sec, Load: 327 runs[K
[2K -- Formula is satisfied.
(0/72 runs) Pr(<> …) in [0,0.0499441] (95% CI)
