Options for the verification:
  Generating no trace
  Search order is breadth first
  Using conservative space optimisation
  Seed is 1784947248
  State space representation uses minimal constraint systems with future testing
  Using HashMap + Compress integers for discrete state storage
[2K
Verifying formula 1 at /nta/queries/query[1]/formula
 -- Formula: simulate[<=700]{user_guided_transport_human_def.s1_start, user_guided_transport_human_def.s1_end, user_guided_transport_human_def.s2_start, user_guided_transport_human_def.s2_idle, user_guided_transport_human_def.s3_start, user_guided_transport_human_def.s3_end, user_guided_transport.end}
[2K -- Formula is satisfied.
user_guided_transport_human_def.s1_start:
[0]: (0,0) (0,1) (0,0) (700,0)
user_guided_transport_human_def.s1_end:
[0]: (0,0) (1,0) (1,1) (2,1) (2,0) (700,0)
user_guided_transport_human_def.s2_start:
[0]: (0,0) (2,0) (2,1) (2,0) (700,0)
user_guided_transport_human_def.s2_idle:
[0]: (0,0) (2,0) (2,1) (11.57971161610659,1) (11.57971161610659,0) (700,0)
user_guided_transport_human_def.s3_start:
[0]: (0,0) (11.57971161610659,0) (11.57971161610659,1) (11.57971161610659,0) (16.57971161610656,0) (16.57971161610656,1) (16.57971161610656,0) (21.57971161610657,0) (21.57971161610657,1) (21.57971161610657,0) (26.57971161610661,0) (26.57971161610661,1) (26.57971161610661,0) (31.57971161610664,0) (31.57971161610664,1) (31.57971161610664,0) (36.57971161610649,0) (36.57971161610649,1) (36.57971161610649,0) (41.57971161610631,0) (41.57971161610631,1) (41.57971161610631,0) (46.57971161610615,0) (46.57971161610615,1) (46.57971161610615,0) (51.57971161610615,0) (51.57971161610615,1) (51.57971161610615,0) (56.57971161610611,0) (56.57971161610611,1) (56.57971161610611,0) (61.5797116161061,0) (61.5797116161061,1) (61.5797116161061,0) (66.57971161610608,0) (66.57971161610608,1) (66.57971161610608,0) (71.57971161610607,0) (71.57971161610607,1) (71.57971161610607,0) (76.5797116161061,0) (76.5797116161061,1) (76.5797116161061,0) (81.57971161610624,0) (81.57971161610624,1) (81.57971161610624,0) (86.57971161610638,0) (86.57971161610638,1) (86.57971161610638,0) (91.57971161610652,0) (91.57971161610652,1) (91.57971161610652,0) (96.57971161610666,0) (96.57971161610666,1) (96.57971161610666,0) (101.5797116161063,0) (101.5797116161063,1) (101.5797116161063,0) (106.579711616106,0) (106.579711616106,1) (106.579711616106,0) (111.5797116161056,0) (111.5797116161056,1) (111.5797116161056,0) (116.5797116161053,0) (116.5797116161053,1) (116.5797116161053,0) (121.5797116161049,0) (121.5797116161049,1) (121.5797116161049,0) (126.5797116161045,0) (126.5797116161045,1) (126.5797116161045,0) (131.5797116161047,0) (131.5797116161047,1) (131.5797116161047,0) (136.5797116161052,0) (136.5797116161052,1) (136.5797116161052,0) (141.5797116161056,0) (141.5797116161056,1) (141.5797116161056,0) (146.579711616106,0) (146.579711616106,1) (146.579711616106,0) (151.5797116161064,0) (151.5797116161064,1) (151.5797116161064,0) (156.5797116161069,0) (156.5797116161069,1) (156.5797116161069,0) (161.5797116161073,0) (161.5797116161073,1) (161.5797116161073,0) (166.5797116161077,0) (166.5797116161077,1) (166.5797116161077,0) (171.5797116161081,0) (171.5797116161081,1) (171.5797116161081,0) (176.5797116161086,0) (176.5797116161086,1) (176.5797116161086,0) (181.5797116161089,0) (181.5797116161089,1) (181.5797116161089,0) (186.5797116161092,0) (186.5797116161092,1) (186.5797116161092,0) (191.5797116161095,0) (191.5797116161095,1) (191.5797116161095,0) (196.5797116161098,0) (196.5797116161098,1) (196.5797116161098,0) (700,0)
user_guided_transport_human_def.s3_end:
[0]: (0,0) (196.5797116161098,0) (196.5797116161098,1) (202.1975665603349,1) (202.1975665603349,0) (700,0)
user_guided_transport.end:
[0]: (0,0) (204.197566560334,0) (204.197566560334,1) (700,1)
[2K
Verifying formula 2 at /nta/queries/query[2]/formula
 -- Formula: simulate[<=700]{user_guided_transport_robot_def.s1_start, user_guided_transport_robot_def.s1_end, user_guided_transport_robot_def.s2_start, user_guided_transport_robot_def.s2_end, user_guided_transport_robot_def.s3_start, user_guided_transport_robot_def.s3_end, user_guided_transport.end}
[2K -- Formula is satisfied.
user_guided_transport_robot_def.s1_start:
[0]: (0,0) (0,1) (0,0) (700,0)
user_guided_transport_robot_def.s1_end:
[0]: (0,0) (2,0) (2,1) (2,0) (700,0)
user_guided_transport_robot_def.s2_start:
[0]: (0,0) (2,0) (2,1) (2,0) (700,0)
user_guided_transport_robot_def.s2_end:
[0]: (0,0) (10.83842427442851,0) (10.83842427442851,1) (10.83842427442851,0) (700,0)
user_guided_transport_robot_def.s3_start:
[0]: (0,0) (10.83842427442851,0) (10.83842427442851,1) (10.83842427442851,0) (700,0)
user_guided_transport_robot_def.s3_end:
[0]: (0,0) (201.4562792186638,0) (201.4562792186638,1) (201.4562792186638,0) (700,0)
user_guided_transport.end:
[0]: (0,0) (203.4562792186628,0) (203.4562792186628,1) (700,1)
[2K
Verifying formula 3 at /nta/queries/query[3]/formula
 -- Formula: Pr[<=700] (<> user_guided_transport.end)
[2K -- Formula is satisfied.
(72/72 runs) Pr(<> …) in [0.950056,1] (95% CI)
Values in [199.842,204.59] mean=202.42 steps=0.527591: 7 5 6 9 8 7 11 12 7
[2K
Verifying formula 4 at /nta/queries/query[4]/formula
 -- Formula: simulate[<=700]{humanPositionX[0], humanPositionY[0], robPositionX[0], robPositionY[0], batteryCharge[0], user_guided_transport.end}
[2K -- Formula is satisfied.
humanPositionX[0]:
[0]: (0,0) (0,92.5) (1,92.5) (1,97.73313175708738) (8.77375325115613,97.73313175708738) (8.77375325115613,123.7285354798977) (9.773753251156126,123.7285354798977) (9.773753251156126,149.723939202708) (10.77375325115613,149.723939202708) (10.77375325115613,175.7193429255182) (11.77375325115612,175.7193429255182) (11.77375325115612,201.7147466483285) (12.77375325115612,201.7147466483285) (12.77375325115612,227.7101503711388) (13.77375325115612,227.7101503711388) (13.77375325115612,253.7055540939491) (14.77375325115612,253.7055540939491) (14.77375325115612,279.7009578167594) (15.77375325115612,279.7009578167594) (15.77375325115612,305.6963615395697) (16.77375325115612,305.6963615395697) (16.77375325115612,331.69176526238) (17.77375325115612,331.69176526238) (17.77375325115612,357.6871689851903) (18.77375325115612,357.6871689851903) (18.77375325115612,383.6825727080006) (19.77375325115612,383.6825727080006) (19.77375325115612,409.6779764308109) (20.77375325115612,409.6779764308109) (20.77375325115612,435.6733801536212) (21.77375325115612,435.6733801536212) (21.77375325115612,461.6687838764315) (22.77375325115612,461.6687838764315) (22.77375325115612,487.6641875992418) (23.77375325115612,487.6641875992418) (23.77375325115612,513.6595913220521) (24.77375325115612,513.6595913220521) (24.77375325115612,539.6549950448623) (25.77375325115613,539.6549950448623) (25.77375325115613,565.6503987676725) (26.77375325115613,565.6503987676725) (26.77375325115613,591.6458024904828) (27.77375325115613,591.6458024904828) (27.77375325115613,617.641206213293) (28.77375325115613,617.641206213293) (28.77375325115613,643.6366099361032) (29.77375325115613,643.6366099361032) (29.77375325115613,669.6320136589135) (30.77375325115613,669.6320136589135) (30.77375325115613,695.6274173817237) (31.77375325115613,695.6274173817237) (31.77375325115613,721.622821104534) (32.7737532511561,721.622821104534) (32.7737532511561,747.6182248273442) (33.77375325115607,747.6182248273442) (33.77375325115607,773.6136285501544) (34.77375325115603,773.6136285501544) (34.77375325115603,799.6090322729647) (35.77375325115599,799.6090322729647) (35.77375325115599,825.6044359957749) (36.77375325115596,825.6044359957749) (36.77375325115596,851.5998397185851) (37.77375325115592,851.5998397185851) (37.77375325115592,877.5952434413954) (38.7737532511559,877.5952434413954) (38.7737532511559,903.5906471642056) (39.77375325115587,903.5906471642056) (39.77375325115587,929.5860508870159) (40.77375325115584,929.5860508870159) (40.77375325115584,955.5814546098261) (41.77375325115581,955.5814546098261) (41.77375325115581,981.5768583326363) (42.77375325115584,981.5768583326363) (42.77375325115584,1007.572262055447) (43.77375325115587,1007.572262055447) (43.77375325115587,1033.567665778257) (44.7737532511559,1033.567665778257) (44.7737532511559,1059.563069501067) (45.77375325115592,1059.563069501067) (45.77375325115592,1085.558473223878) (46.77375325115595,1085.558473223878) (46.77375325115595,1111.553876946688) (47.77375325115598,1111.553876946688) (47.77375325115598,1137.549280669498) (48.77375325115602,1137.549280669498) (48.77375325115602,1163.544684392309) (49.77375325115605,1163.544684392309) (49.77375325115605,1189.540088115119) (50.77375325115609,1189.540088115119) (50.77375325115609,1215.535491837929) (51.77375325115612,1215.535491837929) (51.77375325115612,1241.53089556074) (52.77375325115615,1241.53089556074) (52.77375325115615,1267.52629928355) (53.77375325115618,1267.52629928355) (53.77375325115618,1293.52170300636) (54.77375325115621,1293.52170300636) (54.77375325115621,1319.517106729171) (55.77375325115624,1319.517106729171) (55.77375325115624,1345.512510451981) (56.77375325115626,1345.512510451981) (56.77375325115626,1371.507914174791) (57.77375325115629,1371.507914174791) (57.77375325115629,1397.503317897602) (58.77375325115633,1397.503317897602) (58.77375325115633,1423.498721620412) (59.77375325115636,1423.498721620412) (59.77375325115636,1478) (60.7737532511564,1478) (60.7737532511564,1504) (61.77375325115644,1504) (61.77375325115644,1530) (62.77375325115646,1530) (62.77375325115646,1556) (63.77375325115649,1556) (63.77375325115649,1582) (64.77375325115652,1582) (64.77375325115652,1608) (65.77375325115656,1608) (65.77375325115656,1634) (66.77375325115661,1634) (66.77375325115661,1660) (67.77375325115663,1660) (67.77375325115663,1686) (68.77375325115666,1686) (68.77375325115666,1712) (69.77375325115669,1712) (69.77375325115669,1738) (70.77375325115672,1738) (70.77375325115672,1764) (71.77375325115675,1764) (71.77375325115675,1790) (72.77375325115678,1790) (72.77375325115678,1816) (73.7737532511568,1816) (73.7737532511568,1842) (74.77375325115683,1842) (74.77375325115683,1868) (75.77375325115686,1868) (75.77375325115686,1894) (76.77375325115689,1894) (76.77375325115689,1920) (77.77375325115693,1920) (77.77375325115693,1946) (78.77375325115696,1946) (78.77375325115696,1972) (79.77375325115699,1972) (79.77375325115699,1998) (80.77375325115702,1998) (80.77375325115702,2024) (81.77375325115705,2024) (81.77375325115705,2050) (82.77375325115707,2050) (82.77375325115707,2076) (83.7737532511571,2076) (83.7737532511571,2102) (84.77375325115713,2102) (84.77375325115713,2128) (85.77375325115716,2128) (85.77375325115716,2154) (86.77375325115719,2154) (86.77375325115719,2180) (87.77375325115722,2180) (87.77375325115722,2206) (88.77375325115725,2206) (88.77375325115725,2232) (89.77375325115727,2232) (89.77375325115727,2258) (90.7737532511573,2258) (90.7737532511573,2284) (91.77375325115733,2284) (91.77375325115733,2310) (92.77375325115736,2310) (92.77375325115736,2336) (93.7737532511573,2336) (93.7737532511573,2362) (94.77375325115725,2362) (94.77375325115725,2388) (95.77375325115717,2388) (95.77375325115717,2414) (96.7737532511571,2414) (96.7737532511571,2440) (97.77375325115703,2440) (97.77375325115703,2466) (98.77375325115696,2466) (98.77375325115696,2492) (99.77375325115689,2492) (99.77375325115689,2518) (100.7737532511568,2518) (100.7737532511568,2544) (101.7737532511567,2544) (101.7737532511567,2570) (102.7737532511567,2570) (102.7737532511567,2596) (103.7737532511566,2596) (103.7737532511566,2622) (104.7737532511565,2622) (104.7737532511565,2648) (105.7737532511565,2648) (105.7737532511565,2674) (106.7737532511564,2674) (106.7737532511564,2700) (107.7737532511563,2700) (107.7737532511563,2726) (108.7737532511563,2726) (108.7737532511563,2752) (109.7737532511562,2752) (109.7737532511562,2778) (110.7737532511561,2778) (110.7737532511561,2804) (111.773753251156,2804) (111.773753251156,2830) (112.773753251156,2830) (112.773753251156,2856) (113.7737532511559,2856) (113.7737532511559,2882) (114.7737532511558,2882) (114.7737532511558,2908) (115.7737532511558,2908) (115.7737532511558,2934) (116.7737532511557,2934) (116.7737532511557,2960) (117.7737532511556,2960) (117.7737532511556,2986) (118.7737532511555,2986) (118.7737532511555,3012) (119.7737532511555,3012) (119.7737532511555,3038) (120.7737532511554,3038) (120.7737532511554,3088.5) (121.7737532511553,3088.5) (121.7737532511553,3114.5) (122.7737532511553,3114.5) (122.7737532511553,3140.5) (123.7737532511552,3140.5) (123.7737532511552,3166.5) (124.7737532511551,3166.5) (124.7737532511551,3192.5) (125.773753251155,3192.5) (125.773753251155,3218.5) (126.773753251155,3218.5) (126.773753251155,3244.5) (127.7737532511549,3244.5) (127.7737532511549,3270.5) (128.7737532511549,3270.5) (128.7737532511549,3296.5) (129.773753251155,3296.5) (129.773753251155,3322.5) (130.773753251155,3322.5) (130.773753251155,3348.5) (131.7737532511551,3348.5) (131.7737532511551,3374.5) (132.7737532511551,3374.5) (132.7737532511551,3400.5) (133.7737532511552,3400.5) (133.7737532511552,3426.5) (134.7737532511553,3426.5) (134.7737532511553,3452.5) (135.7737532511553,3452.5) (135.7737532511553,3478.5) (136.7737532511554,3478.5) (136.7737532511554,3504.5) (137.7737532511554,3504.5) (137.7737532511554,3530.5) (138.7737532511555,3530.5) (138.7737532511555,3556.5) (139.7737532511555,3556.5) (139.7737532511555,3582.5) (140.7737532511556,3582.5) (140.7737532511556,3608.5) (141.7737532511557,3608.5) (141.7737532511557,3634.5) (142.7737532511557,3634.5) (142.7737532511557,3660.5) (143.7737532511558,3660.5) (143.7737532511558,3686.5) (144.7737532511558,3686.5) (144.7737532511558,3712.5) (145.7737532511559,3712.5) (145.7737532511559,3738.5) (146.7737532511559,3738.5) (146.7737532511559,3764.5) (147.773753251156,3764.5) (147.773753251156,3790.5) (148.7737532511561,3790.5) (148.7737532511561,3816.5) (149.7737532511561,3816.5) (149.7737532511561,3842.5) (150.7737532511562,3842.5) (150.7737532511562,3868.5) (151.7737532511562,3868.5) (151.7737532511562,3894.5) (152.7737532511563,3894.5) (152.7737532511563,3920.5) (153.7737532511563,3920.5) (153.7737532511563,3946.5) (154.7737532511564,3946.5) (154.7737532511564,3972.5) (155.7737532511564,3972.5) (155.7737532511564,3998.5) (156.7737532511565,3998.5) (156.7737532511565,4024.5) (157.7737532511566,4024.5) (157.7737532511566,4050.5) (158.7737532511566,4050.5) (158.7737532511566,4076.5) (159.7737532511567,4076.5) (159.7737532511567,4102.5) (160.7737532511567,4102.5) (160.7737532511567,4128.5) (161.7737532511568,4128.5) (161.7737532511568,4154.5) (162.7737532511568,4154.5) (162.7737532511568,4180.5) (163.7737532511569,4180.5) (163.7737532511569,4206.5) (164.773753251157,4206.5) (164.773753251157,4232.5) (165.773753251157,4232.5) (165.773753251157,4258.5) (166.7737532511571,4258.5) (166.7737532511571,4284.5) (167.7737532511571,4284.5) (167.7737532511571,4310.5) (168.7737532511572,4310.5) (168.7737532511572,4336.5) (169.7737532511572,4336.5) (169.7737532511572,4362.5) (170.7737532511573,4362.5) (170.7737532511573,4388.5) (171.7737532511574,4388.5) (171.7737532511574,4416.265463717128) (172.7737532511574,4416.265463717128) (172.7737532511574,4415.530927434256) (173.7737532511575,4415.530927434256) (173.7737532511575,4414.796391151384) (174.7737532511575,4414.796391151384) (174.7737532511575,4414.061854868512) (175.7737532511576,4414.061854868512) (175.7737532511576,4413.327318585641) (176.7737532511577,4413.327318585641) (176.7737532511577,4412.592782302769) (177.7737532511578,4412.592782302769) (177.7737532511578,4411.858246019897) (178.7737532511578,4411.858246019897) (178.7737532511578,4411.123709737025) (179.7737532511579,4411.123709737025) (179.7737532511579,4410.389173454153) (180.773753251158,4410.389173454153) (180.773753251158,4409.654637171281) (181.7737532511581,4409.654637171281) (181.7737532511581,4408.920100888409) (182.7737532511582,4408.920100888409) (182.7737532511582,4408.185564605537) (183.7737532511583,4408.185564605537) (183.7737532511583,4407.451028322665) (184.7737532511584,4407.451028322665) (184.7737532511584,4406.716492039794) (185.7737532511584,4406.716492039794) (185.7737532511584,4405.981955756922) (186.7737532511585,4405.981955756922) (186.7737532511585,4405.24741947405) (187.7737532511586,4405.24741947405) (187.7737532511586,4404.512883191178) (188.7737532511587,4404.512883191178) (188.7737532511587,4403.778346908306) (189.7737532511588,4403.778346908306) (189.7737532511588,4403.043810625434) (190.7737532511589,4403.043810625434) (190.7737532511589,4402.309274342562) (191.773753251159,4402.309274342562) (191.773753251159,4401.57473805969) (192.773753251159,4401.57473805969) (192.773753251159,4400.840201776819) (700,4400.840201776819)
humanPositionY[0]:
[0]: (0,0) (0,163.5) (1,163.5) (1,188.9679078844919) (8.77375325115613,188.9679078844919) (8.77375325115613,188.479046668909) (9.773753251156126,188.479046668909) (9.773753251156126,187.9901854533261) (10.77375325115613,187.9901854533261) (10.77375325115613,187.5013242377432) (11.77375325115612,187.5013242377432) (11.77375325115612,187.0124630221603) (12.77375325115612,187.0124630221603) (12.77375325115612,186.5236018065774) (13.77375325115612,186.5236018065774) (13.77375325115612,186.0347405909945) (14.77375325115612,186.0347405909945) (14.77375325115612,185.5458793754117) (15.77375325115612,185.5458793754117) (15.77375325115612,185.0570181598288) (16.77375325115612,185.0570181598288) (16.77375325115612,184.5681569442459) (17.77375325115612,184.5681569442459) (17.77375325115612,184.079295728663) (18.77375325115612,184.079295728663) (18.77375325115612,183.5904345130801) (19.77375325115612,183.5904345130801) (19.77375325115612,183.1015732974972) (20.77375325115612,183.1015732974972) (20.77375325115612,182.6127120819143) (21.77375325115612,182.6127120819143) (21.77375325115612,182.1238508663315) (22.77375325115612,182.1238508663315) (22.77375325115612,181.6349896507486) (23.77375325115612,181.6349896507486) (23.77375325115612,181.1461284351657) (24.77375325115612,181.1461284351657) (24.77375325115612,180.6572672195828) (25.77375325115613,180.6572672195828) (25.77375325115613,180.1684060039999) (26.77375325115613,180.1684060039999) (26.77375325115613,179.679544788417) (27.77375325115613,179.679544788417) (27.77375325115613,179.1906835728341) (28.77375325115613,179.1906835728341) (28.77375325115613,178.7018223572512) (29.77375325115613,178.7018223572512) (29.77375325115613,178.2129611416684) (30.77375325115613,178.2129611416684) (30.77375325115613,177.7240999260855) (31.77375325115613,177.7240999260855) (31.77375325115613,177.2352387105026) (32.7737532511561,177.2352387105026) (32.7737532511561,176.7463774949197) (33.77375325115607,176.7463774949197) (33.77375325115607,176.2575162793368) (34.77375325115603,176.2575162793368) (34.77375325115603,175.7686550637539) (35.77375325115599,175.7686550637539) (35.77375325115599,175.279793848171) (36.77375325115596,175.279793848171) (36.77375325115596,174.7909326325882) (37.77375325115592,174.7909326325882) (37.77375325115592,174.3020714170053) (38.7737532511559,174.3020714170053) (38.7737532511559,173.8132102014224) (39.77375325115587,173.8132102014224) (39.77375325115587,173.3243489858395) (40.77375325115584,173.3243489858395) (40.77375325115584,172.8354877702566) (41.77375325115581,172.8354877702566) (41.77375325115581,172.3466265546737) (42.77375325115584,172.3466265546737) (42.77375325115584,171.8577653390908) (43.77375325115587,171.8577653390908) (43.77375325115587,171.3689041235079) (44.7737532511559,171.3689041235079) (44.7737532511559,170.8800429079251) (45.77375325115592,170.8800429079251) (45.77375325115592,170.3911816923422) (46.77375325115595,170.3911816923422) (46.77375325115595,169.9023204767593) (47.77375325115598,169.9023204767593) (47.77375325115598,169.4134592611764) (48.77375325115602,169.4134592611764) (48.77375325115602,168.9245980455935) (49.77375325115605,168.9245980455935) (49.77375325115605,168.4357368300106) (50.77375325115609,168.4357368300106) (50.77375325115609,167.9468756144277) (51.77375325115612,167.9468756144277) (51.77375325115612,167.4580143988449) (52.77375325115615,167.4580143988449) (52.77375325115615,166.969153183262) (53.77375325115618,166.969153183262) (53.77375325115618,166.4802919676791) (54.77375325115621,166.4802919676791) (54.77375325115621,165.9914307520962) (55.77375325115624,165.9914307520962) (55.77375325115624,165.5025695365133) (56.77375325115626,165.5025695365133) (56.77375325115626,165.0137083209304) (57.77375325115629,165.0137083209304) (57.77375325115629,164.5248471053475) (58.77375325115633,164.5248471053475) (58.77375325115633,164.0359858897646) (59.77375325115636,164.0359858897646) (59.77375325115636,163.5) (171.7737532511574,163.5) (171.7737532511574,189.4896220913107) (172.7737532511574,189.4896220913107) (172.7737532511574,215.4792441826214) (173.7737532511575,215.4792441826214) (173.7737532511575,241.4688662739321) (174.7737532511575,241.4688662739321) (174.7737532511575,267.4584883652428) (175.7737532511576,267.4584883652428) (175.7737532511576,293.4481104565535) (176.7737532511577,293.4481104565535) (176.7737532511577,319.4377325478642) (177.7737532511578,319.4377325478642) (177.7737532511578,345.427354639175) (178.7737532511578,345.427354639175) (178.7737532511578,371.4169767304857) (179.7737532511579,371.4169767304857) (179.7737532511579,397.4065988217964) (180.773753251158,397.4065988217964) (180.773753251158,423.3962209131071) (181.7737532511581,423.3962209131071) (181.7737532511581,449.3858430044178) (182.7737532511582,449.3858430044178) (182.7737532511582,475.3754650957285) (183.7737532511583,475.3754650957285) (183.7737532511583,501.3650871870392) (184.7737532511584,501.3650871870392) (184.7737532511584,527.3547092783499) (185.7737532511584,527.3547092783499) (185.7737532511584,553.3443313696606) (186.7737532511585,553.3443313696606) (186.7737532511585,579.3339534609713) (187.7737532511586,579.3339534609713) (187.7737532511586,605.323575552282) (188.7737532511587,605.323575552282) (188.7737532511587,631.3131976435927) (189.7737532511588,631.3131976435927) (189.7737532511588,657.3028197349034) (190.7737532511589,657.3028197349034) (190.7737532511589,683.2924418262141) (191.773753251159,683.2924418262141) (191.773753251159,709.2820639175249) (192.773753251159,709.2820639175249) (192.773753251159,735.2716860088356) (700,735.2716860088356)
robPositionX[0]:
[0]: (0,0) (0,92.5) (2,92.5) (2,97.73313175708738) (9.773753251156126,97.73313175708738) (9.773753251156126,123.7285354798977) (10.79255671363937,123.7285354798977) (10.79255671363937,149.723939202708) (11.79255671363937,149.723939202708) (11.79255671363937,175.7193429255182) (12.79255671363937,175.7193429255182) (12.79255671363937,201.7147466483285) (13.79255671363936,201.7147466483285) (13.79255671363936,227.7101503711388) (14.79255671363936,227.7101503711388) (14.79255671363936,253.7055540939491) (15.79255671363936,253.7055540939491) (15.79255671363936,279.7009578167594) (16.79255671363936,279.7009578167594) (16.79255671363936,305.6963615395697) (17.79255671363936,305.6963615395697) (17.79255671363936,331.69176526238) (18.79255671363936,331.69176526238) (18.79255671363936,357.6871689851903) (19.79255671363936,357.6871689851903) (19.79255671363936,383.6825727080006) (20.79255671363936,383.6825727080006) (20.79255671363936,409.6779764308109) (21.79255671363936,409.6779764308109) (21.79255671363936,435.6733801536212) (22.79255671363936,435.6733801536212) (22.79255671363936,461.6687838764315) (23.79255671363937,461.6687838764315) (23.79255671363937,487.6641875992418) (24.79255671363937,487.6641875992418) (24.79255671363937,513.6595913220521) (25.79255671363937,513.6595913220521) (25.79255671363937,539.6549950448623) (26.79255671363938,539.6549950448623) (26.79255671363938,565.6503987676725) (27.79255671363938,565.6503987676725) (27.79255671363938,591.6458024904828) (28.79255671363938,591.6458024904828) (28.79255671363938,617.641206213293) (29.79255671363938,617.641206213293) (29.79255671363938,643.6366099361032) (30.79255671363938,643.6366099361032) (30.79255671363938,669.6320136589135) (31.79255671363938,669.6320136589135) (31.79255671363938,695.6274173817237) (32.79255671363935,695.6274173817237) (32.79255671363935,721.622821104534) (33.79255671363931,721.622821104534) (33.79255671363931,747.6182248273442) (34.79255671363928,747.6182248273442) (34.79255671363928,773.6136285501544) (35.79255671363924,773.6136285501544) (35.79255671363924,799.6090322729647) (36.79255671363921,799.6090322729647) (36.79255671363921,825.6044359957749) (37.79255671363918,825.6044359957749) (37.79255671363918,851.5998397185851) (38.79255671363915,851.5998397185851) (38.79255671363915,877.5952434413954) (39.79255671363912,877.5952434413954) (39.79255671363912,903.5906471642056) (40.79255671363909,903.5906471642056) (40.79255671363909,929.5860508870159) (41.79255671363907,929.5860508870159) (41.79255671363907,955.5814546098261) (42.79255671363909,955.5814546098261) (42.79255671363909,981.5768583326363) (43.79255671363912,981.5768583326363) (43.79255671363912,1007.572262055447) (44.79255671363915,1007.572262055447) (44.79255671363915,1033.567665778257) (45.79255671363918,1033.567665778257) (45.79255671363918,1059.563069501067) (46.79255671363921,1059.563069501067) (46.79255671363921,1085.558473223878) (47.79255671363924,1085.558473223878) (47.79255671363924,1111.553876946688) (48.79255671363928,1111.553876946688) (48.79255671363928,1137.549280669498) (49.79255671363931,1137.549280669498) (49.79255671363931,1163.544684392309) (50.79255671363935,1163.544684392309) (50.79255671363935,1189.540088115119) (51.79255671363939,1189.540088115119) (51.79255671363939,1215.535491837929) (52.79255671363941,1215.535491837929) (52.79255671363941,1241.53089556074) (53.79255671363944,1241.53089556074) (53.79255671363944,1267.52629928355) (54.79255671363947,1267.52629928355) (54.79255671363947,1293.52170300636) (55.7925567136395,1293.52170300636) (55.7925567136395,1319.517106729171) (56.79255671363953,1319.517106729171) (56.79255671363953,1345.512510451981) (57.79255671363956,1345.512510451981) (57.79255671363956,1371.507914174791) (58.7925567136396,1371.507914174791) (58.7925567136396,1397.503317897602) (59.79255671363963,1397.503317897602) (59.79255671363963,1423.498721620412) (60.79255671363967,1423.498721620412) (60.79255671363967,1452) (61.7925567136397,1452) (61.7925567136397,1478) (62.79255671363973,1478) (62.79255671363973,1504) (63.79255671363976,1504) (63.79255671363976,1530) (64.7925567136398,1530) (64.7925567136398,1556) (65.79255671363984,1556) (65.79255671363984,1582) (66.79255671363988,1582) (66.79255671363988,1608) (67.79255671363991,1608) (67.79255671363991,1634) (68.79255671363994,1634) (68.79255671363994,1660) (69.79255671363997,1660) (69.79255671363997,1686) (70.79255671364,1686) (70.79255671364,1712) (71.79255671364002,1712) (71.79255671364002,1738) (72.79255671364005,1738) (72.79255671364005,1764) (73.79255671364008,1764) (73.79255671364008,1790) (74.79255671364011,1790) (74.79255671364011,1816) (75.79255671364014,1816) (75.79255671364014,1842) (76.79255671364017,1842) (76.79255671364017,1868) (77.79255671364021,1868) (77.79255671364021,1894) (78.79255671364024,1894) (78.79255671364024,1920) (79.79255671364027,1920) (79.79255671364027,1946) (80.79255671364029,1946) (80.79255671364029,1972) (81.79255671364032,1972) (81.79255671364032,1998) (82.79255671364035,1998) (82.79255671364035,2024) (83.79255671364038,2024) (83.79255671364038,2050) (84.79255671364041,2050) (84.79255671364041,2076) (85.79255671364044,2076) (85.79255671364044,2102) (86.79255671364047,2102) (86.79255671364047,2128) (87.79255671364049,2128) (87.79255671364049,2154) (88.79255671364052,2154) (88.79255671364052,2180) (89.79255671364055,2180) (89.79255671364055,2206) (90.79255671364058,2206) (90.79255671364058,2232) (91.79255671364061,2232) (91.79255671364061,2258) (92.79255671364064,2258) (92.79255671364064,2284) (93.79255671364058,2284) (93.79255671364058,2310) (94.79255671364052,2310) (94.79255671364052,2336) (95.79255671364045,2336) (95.79255671364045,2362) (96.79255671364038,2362) (96.79255671364038,2388) (97.79255671364031,2388) (97.79255671364031,2414) (98.79255671364024,2414) (98.79255671364024,2440) (99.79255671364017,2440) (99.79255671364017,2466) (100.7925567136401,2466) (100.7925567136401,2492) (101.79255671364,2492) (101.79255671364,2518) (102.79255671364,2518) (102.79255671364,2544) (103.7925567136399,2544) (103.7925567136399,2570) (104.7925567136398,2570) (104.7925567136398,2596) (105.7925567136397,2596) (105.7925567136397,2622) (106.7925567136397,2622) (106.7925567136397,2648) (107.7925567136396,2648) (107.7925567136396,2674) (108.7925567136395,2674) (108.7925567136395,2700) (109.7925567136395,2700) (109.7925567136395,2726) (110.7925567136394,2726) (110.7925567136394,2752) (111.7925567136393,2752) (111.7925567136393,2778) (112.7925567136392,2778) (112.7925567136392,2804) (113.7925567136392,2804) (113.7925567136392,2830) (114.7925567136391,2830) (114.7925567136391,2856) (115.792556713639,2856) (115.792556713639,2882) (116.792556713639,2882) (116.792556713639,2908) (117.7925567136389,2908) (117.7925567136389,2934) (118.7925567136388,2934) (118.7925567136388,2960) (119.7925567136387,2960) (119.7925567136387,2986) (120.7925567136387,2986) (120.7925567136387,3012) (121.7925567136386,3012) (121.7925567136386,3038) (122.7925567136385,3038) (122.7925567136385,3062.5) (123.7925567136385,3062.5) (123.7925567136385,3088.5) (124.7925567136384,3088.5) (124.7925567136384,3114.5) (125.7925567136383,3114.5) (125.7925567136383,3140.5) (126.7925567136382,3140.5) (126.7925567136382,3166.5) (127.7925567136382,3166.5) (127.7925567136382,3192.5) (128.7925567136382,3192.5) (128.7925567136382,3218.5) (129.7925567136382,3218.5) (129.7925567136382,3244.5) (130.7925567136383,3244.5) (130.7925567136383,3270.5) (131.7925567136384,3270.5) (131.7925567136384,3296.5) (132.7925567136384,3296.5) (132.7925567136384,3322.5) (133.7925567136385,3322.5) (133.7925567136385,3348.5) (134.7925567136385,3348.5) (134.7925567136385,3374.5) (135.7925567136386,3374.5) (135.7925567136386,3400.5) (136.7925567136386,3400.5) (136.7925567136386,3426.5) (137.7925567136387,3426.5) (137.7925567136387,3452.5) (138.7925567136388,3452.5) (138.7925567136388,3478.5) (139.7925567136388,3478.5) (139.7925567136388,3504.5) (140.7925567136389,3504.5) (140.7925567136389,3530.5) (141.7925567136389,3530.5) (141.7925567136389,3556.5) (142.792556713639,3556.5) (142.792556713639,3582.5) (143.792556713639,3582.5) (143.792556713639,3608.5) (144.7925567136391,3608.5) (144.7925567136391,3634.5) (145.7925567136392,3634.5) (145.7925567136392,3660.5) (146.7925567136392,3660.5) (146.7925567136392,3686.5) (147.7925567136393,3686.5) (147.7925567136393,3712.5) (148.7925567136393,3712.5) (148.7925567136393,3738.5) (149.7925567136394,3738.5) (149.7925567136394,3764.5) (150.7925567136394,3764.5) (150.7925567136394,3790.5) (151.7925567136395,3790.5) (151.7925567136395,3816.5) (152.7925567136396,3816.5) (152.7925567136396,3842.5) (153.7925567136396,3842.5) (153.7925567136396,3868.5) (154.7925567136397,3868.5) (154.7925567136397,3894.5) (155.7925567136397,3894.5) (155.7925567136397,3920.5) (156.7925567136398,3920.5) (156.7925567136398,3946.5) (157.7925567136398,3946.5) (157.7925567136398,3972.5) (158.7925567136399,3972.5) (158.7925567136399,3998.5) (159.79255671364,3998.5) (159.79255671364,4024.5) (160.79255671364,4024.5) (160.79255671364,4050.5) (161.7925567136401,4050.5) (161.7925567136401,4076.5) (162.7925567136401,4076.5) (162.7925567136401,4102.5) (163.7925567136402,4102.5) (163.7925567136402,4128.5) (164.7925567136402,4128.5) (164.7925567136402,4154.5) (165.7925567136403,4154.5) (165.7925567136403,4180.5) (166.7925567136404,4180.5) (166.7925567136404,4206.5) (167.7925567136404,4206.5) (167.7925567136404,4232.5) (168.7925567136405,4232.5) (168.7925567136405,4258.5) (169.7925567136405,4258.5) (169.7925567136405,4284.5) (170.7925567136406,4284.5) (170.7925567136406,4310.5) (171.7925567136406,4310.5) (171.7925567136406,4336.5) (172.7925567136407,4336.5) (172.7925567136407,4362.5) (173.7925567136407,4362.5) (173.7925567136407,4388.5) (174.7925567136408,4388.5) (174.7925567136408,4417) (177.3916081953825,4417) (177.3916081953825,4416.265463717128) (178.3916081953826,4416.265463717128) (178.3916081953826,4415.530927434256) (179.3916081953827,4415.530927434256) (179.3916081953827,4414.796391151384) (180.3916081953828,4414.796391151384) (180.3916081953828,4414.061854868512) (181.3916081953829,4414.061854868512) (181.3916081953829,4413.327318585641) (182.391608195383,4413.327318585641) (182.391608195383,4412.592782302769) (183.391608195383,4412.592782302769) (183.391608195383,4411.858246019897) (184.3916081953831,4411.858246019897) (184.3916081953831,4411.123709737025) (185.3916081953832,4411.123709737025) (185.3916081953832,4410.389173454153) (186.3916081953833,4410.389173454153) (186.3916081953833,4409.654637171281) (187.3916081953834,4409.654637171281) (187.3916081953834,4408.920100888409) (188.3916081953835,4408.920100888409) (188.3916081953835,4408.185564605537) (189.3916081953836,4408.185564605537) (189.3916081953836,4407.451028322665) (190.3916081953836,4407.451028322665) (190.3916081953836,4406.716492039794) (191.3916081953837,4406.716492039794) (191.3916081953837,4405.981955756922) (192.3916081953838,4405.981955756922) (192.3916081953838,4405.24741947405) (193.3916081953839,4405.24741947405) (193.3916081953839,4404.512883191178) (194.391608195384,4404.512883191178) (194.391608195384,4403.778346908306) (195.3916081953841,4403.778346908306) (195.3916081953841,4403.043810625434) (196.3916081953842,4403.043810625434) (196.3916081953842,4402.309274342562) (197.3916081953842,4402.309274342562) (197.3916081953842,4401.57473805969) (198.3916081953843,4401.57473805969) (198.3916081953843,4400.840201776819) (700,4400.840201776819)
robPositionY[0]:
[0]: (0,0) (0,163.5) (2,163.5) (2,188.9679078844919) (9.773753251156126,188.9679078844919) (9.773753251156126,188.479046668909) (10.79255671363937,188.479046668909) (10.79255671363937,187.9901854533261) (11.79255671363937,187.9901854533261) (11.79255671363937,187.5013242377432) (12.79255671363937,187.5013242377432) (12.79255671363937,187.0124630221603) (13.79255671363936,187.0124630221603) (13.79255671363936,186.5236018065774) (14.79255671363936,186.5236018065774) (14.79255671363936,186.0347405909945) (15.79255671363936,186.0347405909945) (15.79255671363936,185.5458793754117) (16.79255671363936,185.5458793754117) (16.79255671363936,185.0570181598288) (17.79255671363936,185.0570181598288) (17.79255671363936,184.5681569442459) (18.79255671363936,184.5681569442459) (18.79255671363936,184.079295728663) (19.79255671363936,184.079295728663) (19.79255671363936,183.5904345130801) (20.79255671363936,183.5904345130801) (20.79255671363936,183.1015732974972) (21.79255671363936,183.1015732974972) (21.79255671363936,182.6127120819143) (22.79255671363936,182.6127120819143) (22.79255671363936,182.1238508663315) (23.79255671363937,182.1238508663315) (23.79255671363937,181.6349896507486) (24.79255671363937,181.6349896507486) (24.79255671363937,181.1461284351657) (25.79255671363937,181.1461284351657) (25.79255671363937,180.6572672195828) (26.79255671363938,180.6572672195828) (26.79255671363938,180.1684060039999) (27.79255671363938,180.1684060039999) (27.79255671363938,179.679544788417) (28.79255671363938,179.679544788417) (28.79255671363938,179.1906835728341) (29.79255671363938,179.1906835728341) (29.79255671363938,178.7018223572512) (30.79255671363938,178.7018223572512) (30.79255671363938,178.2129611416684) (31.79255671363938,178.2129611416684) (31.79255671363938,177.7240999260855) (32.79255671363935,177.7240999260855) (32.79255671363935,177.2352387105026) (33.79255671363931,177.2352387105026) (33.79255671363931,176.7463774949197) (34.79255671363928,176.7463774949197) (34.79255671363928,176.2575162793368) (35.79255671363924,176.2575162793368) (35.79255671363924,175.7686550637539) (36.79255671363921,175.7686550637539) (36.79255671363921,175.279793848171) (37.79255671363918,175.279793848171) (37.79255671363918,174.7909326325882) (38.79255671363915,174.7909326325882) (38.79255671363915,174.3020714170053) (39.79255671363912,174.3020714170053) (39.79255671363912,173.8132102014224) (40.79255671363909,173.8132102014224) (40.79255671363909,173.3243489858395) (41.79255671363907,173.3243489858395) (41.79255671363907,172.8354877702566) (42.79255671363909,172.8354877702566) (42.79255671363909,172.3466265546737) (43.79255671363912,172.3466265546737) (43.79255671363912,171.8577653390908) (44.79255671363915,171.8577653390908) (44.79255671363915,171.3689041235079) (45.79255671363918,171.3689041235079) (45.79255671363918,170.8800429079251) (46.79255671363921,170.8800429079251) (46.79255671363921,170.3911816923422) (47.79255671363924,170.3911816923422) (47.79255671363924,169.9023204767593) (48.79255671363928,169.9023204767593) (48.79255671363928,169.4134592611764) (49.79255671363931,169.4134592611764) (49.79255671363931,168.9245980455935) (50.79255671363935,168.9245980455935) (50.79255671363935,168.4357368300106) (51.79255671363939,168.4357368300106) (51.79255671363939,167.9468756144277) (52.79255671363941,167.9468756144277) (52.79255671363941,167.4580143988449) (53.79255671363944,167.4580143988449) (53.79255671363944,166.969153183262) (54.79255671363947,166.969153183262) (54.79255671363947,166.4802919676791) (55.7925567136395,166.4802919676791) (55.7925567136395,165.9914307520962) (56.79255671363953,165.9914307520962) (56.79255671363953,165.5025695365133) (57.79255671363956,165.5025695365133) (57.79255671363956,165.0137083209304) (58.7925567136396,165.0137083209304) (58.7925567136396,164.5248471053475) (59.79255671363963,164.5248471053475) (59.79255671363963,164.0359858897646) (60.79255671363967,164.0359858897646) (60.79255671363967,163.5) (177.3916081953825,163.5) (177.3916081953825,189.4896220913107) (178.3916081953826,189.4896220913107) (178.3916081953826,215.4792441826214) (179.3916081953827,215.4792441826214) (179.3916081953827,241.4688662739321) (180.3916081953828,241.4688662739321) (180.3916081953828,267.4584883652428) (181.3916081953829,267.4584883652428) (181.3916081953829,293.4481104565535) (182.391608195383,293.4481104565535) (182.391608195383,319.4377325478642) (183.391608195383,319.4377325478642) (183.391608195383,345.427354639175) (184.3916081953831,345.427354639175) (184.3916081953831,371.4169767304857) (185.3916081953832,371.4169767304857) (185.3916081953832,397.4065988217964) (186.3916081953833,397.4065988217964) (186.3916081953833,423.3962209131071) (187.3916081953834,423.3962209131071) (187.3916081953834,449.3858430044178) (188.3916081953835,449.3858430044178) (188.3916081953835,475.3754650957285) (189.3916081953836,475.3754650957285) (189.3916081953836,501.3650871870392) (190.3916081953836,501.3650871870392) (190.3916081953836,527.3547092783499) (191.3916081953837,527.3547092783499) (191.3916081953837,553.3443313696606) (192.3916081953838,553.3443313696606) (192.3916081953838,579.3339534609713) (193.3916081953839,579.3339534609713) (193.3916081953839,605.323575552282) (194.391608195384,605.323575552282) (194.391608195384,631.3131976435927) (195.3916081953841,631.3131976435927) (195.3916081953841,657.3028197349034) (196.3916081953842,657.3028197349034) (196.3916081953842,683.2924418262141) (197.3916081953842,683.2924418262141) (197.3916081953842,709.2820639175249) (198.3916081953843,709.2820639175249) (198.3916081953843,735.2716860088356) (700,735.2716860088356)
batteryCharge[0]:
[0]: (0,100) (700,100)
user_guided_transport.end:
[0]: (0,0) (200.3916081953834,0) (200.3916081953834,1) (700,1)
[2K
Verifying formula 5 at /nta/queries/query[5]/formula
 -- Formula: simulate[<=700]{robot_inventory[0][0], user_guided_transport.end*2}
[2K -- Formula is satisfied.
robot_inventory[0][0]:
[0]: (0,0) (9.475590120494761,0) (9.475590120494761,1) (700,1)
user_guided_transport.end * 2:
[0]: (0,0) (202.0934450647217,0) (202.0934450647217,2) (700,2)
[2K
Verifying formula 6 at /nta/queries/query[6]/formula
 -- Formula: simulate[<=700]{bedroom[0], bedroom[1], kitchen[0], kitchen[1]}
[2K -- Formula is satisfied.
bedroom[0]:
[0]: (0,100) (700,100)
bedroom[1]:
[0]: (0,200) (700,200)
kitchen[0]:
[0]: (0,4400) (700,4400)
kitchen[1]:
[0]: (0,765) (700,765)
[2K
Verifying formula 7 at /nta/queries/query[7]/formula
 -- Formula: simulate[<=700]{rm_1.idle, rf_1.idle, rp_1.idle, rd_1.idle}
[2K -- Formula is satisfied.
rm_1.idle:
[0]: (0,0) (0,1) (0,0) (3,0) (3,1) (7.468195913803596,1) (7.468195913803596,0) (199.0860508580303,0) (199.0860508580303,1) (700,1)
rf_1.idle:
[0]: (0,0) (0,1) (700,1)
rp_1.idle:
[0]: (0,0) (0,1) (2,1) (2,0) (7.468195913803596,0) (7.468195913803596,1) (700,1)
rd_1.idle:
[0]: (0,0) (0,1) (700,1)
[2K
Verifying formula 8 at /nta/queries/query[8]/formula
 -- Formula: Pr[<=700](<>!rm_1.idle || !rf_1.idle || !rp_1.idle || !rd_1.idle)
[2K -- Formula is satisfied.
(72/72 runs) Pr(<> …) in [0.950056,1] (95% CI)
Values in [0,0] mean=0 steps=2.22045e-16: 72
[2K
Verifying formula 9 at /nta/queries/query[9]/formula
 -- Formula: Pr[<=700]([] (user_guided_transport.end imply (rm_1.idle && rf_1.idle && rp_1.idle && rd_1.idle)))
 -- Throughput: 691483 runs/sec, Load: 324 runs[K
[2K -- Formula is satisfied.
(72/72 runs) Pr([] …) in [0.950056,1] (95% CI)
[2K
Verifying formula 10 at /nta/queries/query[10]/formula
 -- Formula: Pr[<=700] (<> pow(humanPositionX[0] - kitchen[0], 2) + pow(humanPositionY[0] - kitchen[1], 2) <= 900 )
[2K -- Formula is satisfied.
(72/72 runs) Pr(<> …) in [0.950056,1] (95% CI)
Values in [192.226,196.992] mean=194.558 steps=0.529634: 9 9 8 9 5 9 7 7 9
[2K
Verifying formula 11 at /nta/queries/query[11]/formula
 -- Formula: Pr[<=700] (<> pow(humanPositionX[0] - bedroom[0], 2) + pow(humanPositionY[0] - bedroom[1], 2) <= 900 )
[2K -- Formula is satisfied.
(72/72 runs) Pr(<> …) in [0.950056,1] (95% CI)
Values in [1,1] mean=1 steps=2.22045e-16: 72
[2K
Verifying formula 12 at /nta/queries/query[12]/formula
 -- Formula: Pr[<=700] (<> pow(robPositionX[0] - kitchen[0], 2) + pow(robPositionY[0] - kitchen[1], 2) <= 900 )
[2K -- Formula is satisfied.
(72/72 runs) Pr(<> …) in [0.950056,1] (95% CI)
Values in [197.619,202.562] mean=199.897 steps=0.549238: 14 7 10 4 5 9 10 6 7
[2K
Verifying formula 13 at /nta/queries/query[13]/formula
 -- Formula: Pr[<=700] (<> pow(robPositionX[0] - bedroom[0], 2) + pow(robPositionY[0] - bedroom[1], 2) <= 900 )
[2K -- Formula is satisfied.
(72/72 runs) Pr(<> …) in [0.950056,1] (95% CI)
Values in [2,2] mean=2 steps=2.22045e-16: 72
[2K
Verifying formula 14 at /nta/queries/query[14]/formula
 -- Formula: Pr[<=700] (<> !isValidPosition(humanPositionX[0], humanPositionY[0]))
[2K -- Formula is satisfied.
(72/72 runs) Pr(<> …) in [0.950056,1] (95% CI)
Values in [0,0] mean=0 steps=2.22045e-16: 72
[2K
Verifying formula 15 at /nta/queries/query[15]/formula
 -- Formula: Pr[<=700] (<> !isValidPosition(robPositionX[0], robPositionY[0]))
[2K -- Formula is satisfied.
(72/72 runs) Pr(<> …) in [0.950056,1] (95% CI)
Values in [0,0] mean=0 steps=2.22045e-16: 72
[2K
Verifying formula 16 at /nta/queries/query[16]/formula
 -- Formula: Pr[<=700] (<> currP > 2)
 -- Throughput: 700441 runs/sec, Load: 323 runs[K
[2K -- Formula is satisfied.
(0/72 runs) Pr(<> …) in [0,0.0499441] (95% CI)
