Options for the verification:
  Generating no trace
  Search order is breadth first
  Using conservative space optimisation
  Seed is 1784917979
  State space representation uses minimal constraint systems with future testing
  Using HashMap + Compress integers for discrete state storage
[2K
Verifying formula 1 at /nta/queries/query[1]/formula
 -- Formula: simulate[<=700]{user_guided_transport_robot_def.s1_start, user_guided_transport_robot_def.s1_end, user_guided_transport_robot_def.s2_start, user_guided_transport_robot_def.s2_end, user_guided_transport_robot_def.s3_start, user_guided_transport_robot_def.s3_end, user_guided_transport.end}
[2K -- Formula is satisfied.
user_guided_transport_robot_def.s1_start:
[0]: (0,0) (0,1) (0,0) (700,0)
user_guided_transport_robot_def.s1_end:
[0]: (0,0) (2,0) (2,1) (2,0) (700,0)
user_guided_transport_robot_def.s2_start:
[0]: (0,0) (2,0) (2,1) (2,0) (700,0)
user_guided_transport_robot_def.s2_end:
[0]: (0,0) (8.048980417661369,0) (8.048980417661369,1) (8.048980417661369,0) (700,0)
user_guided_transport_robot_def.s3_start:
[0]: (0,0) (8.048980417661369,0) (8.048980417661369,1) (8.048980417661369,0) (700,0)
user_guided_transport_robot_def.s3_end:
[0]: (0,0) (198.6668353618957,0) (198.6668353618957,1) (198.6668353618957,0) (700,0)
user_guided_transport.end:
[0]: (0,0) (200.6668353618948,0) (200.6668353618948,1) (700,1)
[2K
Verifying formula 2 at /nta/queries/query[2]/formula
 -- Formula: simulate[<=700]{user_guided_transport_human_def.s1_start, user_guided_transport_human_def.s1_end, user_guided_transport_human_def.s2_start, user_guided_transport_human_def.s2_idle, user_guided_transport_human_def.s3_start, user_guided_transport_human_def.s3_end, user_guided_transport.end}
[2K -- Formula is satisfied.
user_guided_transport_human_def.s1_start:
[0]: (0,0) (0,1) (0,0) (700,0)
user_guided_transport_human_def.s1_end:
[0]: (0,0) (1,0) (1,1) (2,1) (2,0) (700,0)
user_guided_transport_human_def.s2_start:
[0]: (0,0) (2,0) (2,1) (2,0) (700,0)
user_guided_transport_human_def.s2_idle:
[0]: (0,0) (2,0) (2,1) (7.519947828245994,1) (7.519947828245994,0) (700,0)
user_guided_transport_human_def.s3_start:
[0]: (0,0) (7.519947828245994,0) (7.519947828245994,1) (7.519947828245994,0) (12.51994782824597,0) (12.51994782824597,1) (12.51994782824597,0) (17.51994782824597,0) (17.51994782824597,1) (17.51994782824597,0) (22.51994782824597,0) (22.51994782824597,1) (22.51994782824597,0) (27.51994782824597,0) (27.51994782824597,1) (27.51994782824597,0) (32.519947828246,0) (32.519947828246,1) (32.519947828246,0) (37.51994782824617,0) (37.51994782824617,1) (37.51994782824617,0) (42.51994782824634,0) (42.51994782824634,1) (42.51994782824634,0) (47.51994782824644,0) (47.51994782824644,1) (47.51994782824644,0) (52.51994782824655,0) (52.51994782824655,1) (52.51994782824655,0) (57.51994782824666,0) (57.51994782824666,1) (57.51994782824666,0) (62.51994782824676,0) (62.51994782824676,1) (62.51994782824676,0) (67.51994782824688,0) (67.51994782824688,1) (67.51994782824688,0) (72.51994782824703,0) (72.51994782824703,1) (72.51994782824703,0) (77.51994782824704,0) (77.51994782824704,1) (77.51994782824704,0) (82.51994782824704,0) (82.51994782824704,1) (82.51994782824704,0) (87.51994782824704,0) (87.51994782824704,1) (87.51994782824704,0) (92.5199478282471,0) (92.5199478282471,1) (92.5199478282471,0) (97.51994782824683,0) (97.51994782824683,1) (97.51994782824683,0) (102.5199478282465,0) (102.5199478282465,1) (102.5199478282465,0) (107.5199478282461,0) (107.5199478282461,1) (107.5199478282461,0) (112.5199478282458,0) (112.5199478282458,1) (112.5199478282458,0) (117.5199478282454,0) (117.5199478282454,1) (117.5199478282454,0) (122.5199478282451,0) (122.5199478282451,1) (122.5199478282451,0) (127.5199478282447,0) (127.5199478282447,1) (127.5199478282447,0) (132.5199478282451,0) (132.5199478282451,1) (132.5199478282451,0) (137.5199478282455,0) (137.5199478282455,1) (137.5199478282455,0) (142.5199478282459,0) (142.5199478282459,1) (142.5199478282459,0) (147.5199478282463,0) (147.5199478282463,1) (147.5199478282463,0) (152.5199478282468,0) (152.5199478282468,1) (152.5199478282468,0) (157.5199478282472,0) (157.5199478282472,1) (157.5199478282472,0) (162.5199478282476,0) (162.5199478282476,1) (162.5199478282476,0) (167.519947828248,0) (167.519947828248,1) (167.519947828248,0) (172.5199478282485,0) (172.5199478282485,1) (172.5199478282485,0) (177.5199478282488,0) (177.5199478282488,1) (177.5199478282488,0) (182.5199478282491,0) (182.5199478282491,1) (182.5199478282491,0) (187.5199478282494,0) (187.5199478282494,1) (187.5199478282494,0) (700,0)
user_guided_transport_human_def.s3_end:
[0]: (0,0) (192.5199478282497,0) (192.5199478282497,1) (198.1378027724748,1) (198.1378027724748,0) (700,0)
user_guided_transport.end:
[0]: (0,0) (200.1378027724739,0) (200.1378027724739,1) (700,1)
[2K
Verifying formula 3 at /nta/queries/query[3]/formula
 -- Formula: Pr[<=700] (<> user_guided_transport.end)
[2K -- Formula is satisfied.
(72/72 runs) Pr(<> …) in [0.950056,1] (95% CI)
Values in [199.692,204.515] mean=202.286 steps=0.535966: 6 8 7 7 9 7 7 8 13
[2K
Verifying formula 4 at /nta/queries/query[4]/formula
 -- Formula: simulate[<=700]{humanPositionX[0], humanPositionY[0], robPositionX[0], robPositionY[0], batteryCharge[0], user_guided_transport.end}
[2K -- Formula is satisfied.
humanPositionX[0]:
[0]: (0,0) (0,92.5) (1,92.5) (1,97.73313175708738) (8.777859381284522,97.73313175708738) (8.777859381284522,123.7285354798977) (9.777859381284518,123.7285354798977) (9.777859381284518,149.723939202708) (10.77785938128452,149.723939202708) (10.77785938128452,175.7193429255182) (11.77785938128452,175.7193429255182) (11.77785938128452,201.7147466483285) (12.77785938128452,201.7147466483285) (12.77785938128452,227.7101503711388) (13.77785938128452,227.7101503711388) (13.77785938128452,253.7055540939491) (14.77785938128452,253.7055540939491) (14.77785938128452,279.7009578167594) (15.77785938128451,279.7009578167594) (15.77785938128451,305.6963615395697) (16.77785938128451,305.6963615395697) (16.77785938128451,331.69176526238) (17.77785938128451,331.69176526238) (17.77785938128451,357.6871689851903) (18.7778593812845,357.6871689851903) (18.7778593812845,383.6825727080006) (19.77785938128449,383.6825727080006) (19.77785938128449,409.6779764308109) (20.77785938128449,409.6779764308109) (20.77785938128449,435.6733801536212) (21.77785938128448,435.6733801536212) (21.77785938128448,461.6687838764315) (22.77785938128447,461.6687838764315) (22.77785938128447,487.6641875992418) (23.77785938128446,487.6641875992418) (23.77785938128446,513.6595913220521) (24.77785938128446,513.6595913220521) (24.77785938128446,539.6549950448623) (25.77785938128445,539.6549950448623) (25.77785938128445,565.6503987676725) (26.77785938128444,565.6503987676725) (26.77785938128444,591.6458024904828) (27.77785938128444,591.6458024904828) (27.77785938128444,617.641206213293) (28.77785938128443,617.641206213293) (28.77785938128443,643.6366099361032) (29.77785938128442,643.6366099361032) (29.77785938128442,669.6320136589135) (30.77785938128442,669.6320136589135) (30.77785938128442,695.6274173817237) (31.77785938128441,695.6274173817237) (31.77785938128441,721.622821104534) (32.77785938128442,721.622821104534) (32.77785938128442,747.6182248273442) (33.77785938128445,747.6182248273442) (33.77785938128445,773.6136285501544) (34.77785938128448,773.6136285501544) (34.77785938128448,799.6090322729647) (35.77785938128451,799.6090322729647) (35.77785938128451,825.6044359957749) (36.77785938128454,825.6044359957749) (36.77785938128454,851.5998397185851) (37.77785938128456,851.5998397185851) (37.77785938128456,877.5952434413954) (38.77785938128459,877.5952434413954) (38.77785938128459,903.5906471642056) (39.77785938128462,903.5906471642056) (39.77785938128462,929.5860508870159) (40.77785938128465,929.5860508870159) (40.77785938128465,955.5814546098261) (41.77785938128468,955.5814546098261) (41.77785938128468,981.5768583326363) (42.7778593812847,981.5768583326363) (42.7778593812847,1007.572262055447) (43.77785938128472,1007.572262055447) (43.77785938128472,1033.567665778257) (44.77785938128474,1033.567665778257) (44.77785938128474,1059.563069501067) (45.77785938128476,1059.563069501067) (45.77785938128476,1085.558473223878) (46.77785938128478,1085.558473223878) (46.77785938128478,1111.553876946688) (47.7778593812848,1111.553876946688) (47.7778593812848,1137.549280669498) (48.77785938128482,1137.549280669498) (48.77785938128482,1163.544684392309) (49.77785938128484,1163.544684392309) (49.77785938128484,1189.540088115119) (50.77785938128486,1189.540088115119) (50.77785938128486,1215.535491837929) (51.77785938128488,1215.535491837929) (51.77785938128488,1241.53089556074) (52.77785938128491,1241.53089556074) (52.77785938128491,1267.52629928355) (53.77785938128493,1267.52629928355) (53.77785938128493,1293.52170300636) (54.77785938128495,1293.52170300636) (54.77785938128495,1319.517106729171) (55.77785938128497,1319.517106729171) (55.77785938128497,1345.512510451981) (56.77785938128499,1345.512510451981) (56.77785938128499,1371.507914174791) (57.777859381285,1371.507914174791) (57.777859381285,1397.503317897602) (58.77785938128503,1397.503317897602) (58.77785938128503,1423.498721620412) (59.77785938128505,1423.498721620412) (59.77785938128505,1478) (60.77785938128507,1478) (60.77785938128507,1504) (61.77785938128509,1504) (61.77785938128509,1530) (62.77785938128511,1530) (62.77785938128511,1556) (63.77785938128513,1556) (63.77785938128513,1582) (64.77785938128514,1582) (64.77785938128514,1608) (65.77785938128515,1608) (65.77785938128515,1634) (66.77785938128517,1634) (66.77785938128517,1660) (67.77785938128518,1660) (67.77785938128518,1686) (68.7778593812852,1686) (68.7778593812852,1712) (69.77785938128521,1712) (69.77785938128521,1738) (70.77785938128523,1738) (70.77785938128523,1764) (71.77785938128524,1764) (71.77785938128524,1790) (72.77785938128527,1790) (72.77785938128527,1816) (73.77785938128527,1816) (73.77785938128527,1842) (74.77785938128527,1842) (74.77785938128527,1868) (75.77785938128527,1868) (75.77785938128527,1894) (76.77785938128527,1894) (76.77785938128527,1920) (77.77785938128527,1920) (77.77785938128527,1946) (78.77785938128527,1946) (78.77785938128527,1972) (79.77785938128527,1972) (79.77785938128527,1998) (80.77785938128527,1998) (80.77785938128527,2024) (81.77785938128527,2024) (81.77785938128527,2050) (82.77785938128527,2050) (82.77785938128527,2076) (83.77785938128527,2076) (83.77785938128527,2102) (84.77785938128527,2102) (84.77785938128527,2128) (85.77785938128527,2128) (85.77785938128527,2154) (86.77785938128527,2154) (86.77785938128527,2180) (87.77785938128527,2180) (87.77785938128527,2206) (88.77785938128527,2206) (88.77785938128527,2232) (89.77785938128527,2232) (89.77785938128527,2258) (90.77785938128527,2258) (90.77785938128527,2284) (91.77785938128527,2284) (91.77785938128527,2310) (92.77785938128527,2310) (92.77785938128527,2336) (93.77785938128523,2336) (93.77785938128523,2362) (94.77785938128515,2362) (94.77785938128515,2388) (95.77785938128508,2388) (95.77785938128508,2414) (96.77785938128501,2414) (96.77785938128501,2440) (97.77785938128494,2440) (97.77785938128494,2466) (98.77785938128488,2466) (98.77785938128488,2492) (99.77785938128483,2492) (99.77785938128483,2518) (100.7778593812848,2518) (100.7778593812848,2544) (101.7778593812847,2544) (101.7778593812847,2570) (102.7778593812846,2570) (102.7778593812846,2596) (103.7778593812846,2596) (103.7778593812846,2622) (104.7778593812845,2622) (104.7778593812845,2648) (105.7778593812844,2648) (105.7778593812844,2674) (106.7778593812844,2674) (106.7778593812844,2700) (107.7778593812843,2700) (107.7778593812843,2726) (108.7778593812842,2726) (108.7778593812842,2752) (109.7778593812841,2752) (109.7778593812841,2778) (110.7778593812841,2778) (110.7778593812841,2804) (111.777859381284,2804) (111.777859381284,2830) (112.7778593812839,2830) (112.7778593812839,2856) (113.7778593812839,2856) (113.7778593812839,2882) (114.7778593812838,2882) (114.7778593812838,2908) (115.7778593812837,2908) (115.7778593812837,2934) (116.7778593812836,2934) (116.7778593812836,2960) (117.7778593812836,2960) (117.7778593812836,2986) (118.7778593812835,2986) (118.7778593812835,3012) (119.7778593812835,3012) (119.7778593812835,3038) (120.7778593812834,3038) (120.7778593812834,3088.5) (121.7778593812833,3088.5) (121.7778593812833,3114.5) (122.7778593812833,3114.5) (122.7778593812833,3140.5) (123.7778593812832,3140.5) (123.7778593812832,3166.5) (124.7778593812831,3166.5) (124.7778593812831,3192.5) (125.7778593812831,3192.5) (125.7778593812831,3218.5) (126.777859381283,3218.5) (126.777859381283,3244.5) (127.7778593812829,3244.5) (127.7778593812829,3270.5) (128.777859381283,3270.5) (128.777859381283,3296.5) (129.777859381283,3296.5) (129.777859381283,3322.5) (130.7778593812831,3322.5) (130.7778593812831,3348.5) (131.7778593812832,3348.5) (131.7778593812832,3374.5) (132.7778593812833,3374.5) (132.7778593812833,3400.5) (133.7778593812834,3400.5) (133.7778593812834,3426.5) (134.7778593812835,3426.5) (134.7778593812835,3452.5) (135.7778593812835,3452.5) (135.7778593812835,3478.5) (136.7778593812836,3478.5) (136.7778593812836,3504.5) (137.7778593812837,3504.5) (137.7778593812837,3530.5) (138.7778593812838,3530.5) (138.7778593812838,3556.5) (139.7778593812839,3556.5) (139.7778593812839,3582.5) (140.777859381284,3582.5) (140.777859381284,3608.5) (141.7778593812841,3608.5) (141.7778593812841,3634.5) (142.7778593812841,3634.5) (142.7778593812841,3660.5) (143.7778593812842,3660.5) (143.7778593812842,3686.5) (144.7778593812843,3686.5) (144.7778593812843,3712.5) (145.7778593812844,3712.5) (145.7778593812844,3738.5) (146.7778593812845,3738.5) (146.7778593812845,3764.5) (147.7778593812846,3764.5) (147.7778593812846,3790.5) (148.7778593812847,3790.5) (148.7778593812847,3816.5) (149.7778593812847,3816.5) (149.7778593812847,3842.5) (150.7778593812848,3842.5) (150.7778593812848,3868.5) (151.7778593812849,3868.5) (151.7778593812849,3894.5) (152.777859381285,3894.5) (152.777859381285,3920.5) (153.777859381285,3920.5) (153.777859381285,3946.5) (154.7778593812851,3946.5) (154.7778593812851,3972.5) (155.7778593812851,3972.5) (155.7778593812851,3998.5) (156.7778593812852,3998.5) (156.7778593812852,4024.5) (157.7778593812853,4024.5) (157.7778593812853,4050.5) (158.7778593812853,4050.5) (158.7778593812853,4076.5) (159.7778593812854,4076.5) (159.7778593812854,4102.5) (160.7778593812854,4102.5) (160.7778593812854,4128.5) (161.7778593812855,4128.5) (161.7778593812855,4154.5) (162.7778593812855,4154.5) (162.7778593812855,4180.5) (163.7778593812856,4180.5) (163.7778593812856,4206.5) (164.7778593812857,4206.5) (164.7778593812857,4232.5) (165.7778593812857,4232.5) (165.7778593812857,4258.5) (166.7778593812858,4258.5) (166.7778593812858,4284.5) (167.7778593812858,4284.5) (167.7778593812858,4310.5) (168.7778593812859,4310.5) (168.7778593812859,4336.5) (169.777859381286,4336.5) (169.777859381286,4362.5) (170.7778593812861,4362.5) (170.7778593812861,4388.5) (171.7778593812862,4388.5) (171.7778593812862,4416.265463717128) (172.7778593812862,4416.265463717128) (172.7778593812862,4415.530927434256) (173.7778593812863,4415.530927434256) (173.7778593812863,4414.796391151384) (174.7778593812864,4414.796391151384) (174.7778593812864,4414.061854868512) (175.7778593812865,4414.061854868512) (175.7778593812865,4413.327318585641) (176.7778593812866,4413.327318585641) (176.7778593812866,4412.592782302769) (177.7778593812866,4412.592782302769) (177.7778593812866,4411.858246019897) (178.7778593812867,4411.858246019897) (178.7778593812867,4411.123709737025) (179.7778593812867,4411.123709737025) (179.7778593812867,4410.389173454153) (180.7778593812868,4410.389173454153) (180.7778593812868,4409.654637171281) (181.7778593812868,4409.654637171281) (181.7778593812868,4408.920100888409) (182.7778593812869,4408.920100888409) (182.7778593812869,4408.185564605537) (183.777859381287,4408.185564605537) (183.777859381287,4407.451028322665) (184.7778593812871,4407.451028322665) (184.7778593812871,4406.716492039794) (185.7778593812872,4406.716492039794) (185.7778593812872,4405.981955756922) (186.7778593812872,4405.981955756922) (186.7778593812872,4405.24741947405) (187.7778593812873,4405.24741947405) (187.7778593812873,4404.512883191178) (188.7778593812874,4404.512883191178) (188.7778593812874,4403.778346908306) (189.7778593812875,4403.778346908306) (189.7778593812875,4403.043810625434) (190.7778593812876,4403.043810625434) (190.7778593812876,4402.309274342562) (191.7778593812877,4402.309274342562) (191.7778593812877,4401.57473805969) (192.7778593812878,4401.57473805969) (192.7778593812878,4400.840201776819) (700,4400.840201776819)
humanPositionY[0]:
[0]: (0,0) (0,163.5) (1,163.5) (1,188.9679078844919) (8.777859381284522,188.9679078844919) (8.777859381284522,188.479046668909) (9.777859381284518,188.479046668909) (9.777859381284518,187.9901854533261) (10.77785938128452,187.9901854533261) (10.77785938128452,187.5013242377432) (11.77785938128452,187.5013242377432) (11.77785938128452,187.0124630221603) (12.77785938128452,187.0124630221603) (12.77785938128452,186.5236018065774) (13.77785938128452,186.5236018065774) (13.77785938128452,186.0347405909945) (14.77785938128452,186.0347405909945) (14.77785938128452,185.5458793754117) (15.77785938128451,185.5458793754117) (15.77785938128451,185.0570181598288) (16.77785938128451,185.0570181598288) (16.77785938128451,184.5681569442459) (17.77785938128451,184.5681569442459) (17.77785938128451,184.079295728663) (18.7778593812845,184.079295728663) (18.7778593812845,183.5904345130801) (19.77785938128449,183.5904345130801) (19.77785938128449,183.1015732974972) (20.77785938128449,183.1015732974972) (20.77785938128449,182.6127120819143) (21.77785938128448,182.6127120819143) (21.77785938128448,182.1238508663315) (22.77785938128447,182.1238508663315) (22.77785938128447,181.6349896507486) (23.77785938128446,181.6349896507486) (23.77785938128446,181.1461284351657) (24.77785938128446,181.1461284351657) (24.77785938128446,180.6572672195828) (25.77785938128445,180.6572672195828) (25.77785938128445,180.1684060039999) (26.77785938128444,180.1684060039999) (26.77785938128444,179.679544788417) (27.77785938128444,179.679544788417) (27.77785938128444,179.1906835728341) (28.77785938128443,179.1906835728341) (28.77785938128443,178.7018223572512) (29.77785938128442,178.7018223572512) (29.77785938128442,178.2129611416684) (30.77785938128442,178.2129611416684) (30.77785938128442,177.7240999260855) (31.77785938128441,177.7240999260855) (31.77785938128441,177.2352387105026) (32.77785938128442,177.2352387105026) (32.77785938128442,176.7463774949197) (33.77785938128445,176.7463774949197) (33.77785938128445,176.2575162793368) (34.77785938128448,176.2575162793368) (34.77785938128448,175.7686550637539) (35.77785938128451,175.7686550637539) (35.77785938128451,175.279793848171) (36.77785938128454,175.279793848171) (36.77785938128454,174.7909326325882) (37.77785938128456,174.7909326325882) (37.77785938128456,174.3020714170053) (38.77785938128459,174.3020714170053) (38.77785938128459,173.8132102014224) (39.77785938128462,173.8132102014224) (39.77785938128462,173.3243489858395) (40.77785938128465,173.3243489858395) (40.77785938128465,172.8354877702566) (41.77785938128468,172.8354877702566) (41.77785938128468,172.3466265546737) (42.7778593812847,172.3466265546737) (42.7778593812847,171.8577653390908) (43.77785938128472,171.8577653390908) (43.77785938128472,171.3689041235079) (44.77785938128474,171.3689041235079) (44.77785938128474,170.8800429079251) (45.77785938128476,170.8800429079251) (45.77785938128476,170.3911816923422) (46.77785938128478,170.3911816923422) (46.77785938128478,169.9023204767593) (47.7778593812848,169.9023204767593) (47.7778593812848,169.4134592611764) (48.77785938128482,169.4134592611764) (48.77785938128482,168.9245980455935) (49.77785938128484,168.9245980455935) (49.77785938128484,168.4357368300106) (50.77785938128486,168.4357368300106) (50.77785938128486,167.9468756144277) (51.77785938128488,167.9468756144277) (51.77785938128488,167.4580143988449) (52.77785938128491,167.4580143988449) (52.77785938128491,166.969153183262) (53.77785938128493,166.969153183262) (53.77785938128493,166.4802919676791) (54.77785938128495,166.4802919676791) (54.77785938128495,165.9914307520962) (55.77785938128497,165.9914307520962) (55.77785938128497,165.5025695365133) (56.77785938128499,165.5025695365133) (56.77785938128499,165.0137083209304) (57.777859381285,165.0137083209304) (57.777859381285,164.5248471053475) (58.77785938128503,164.5248471053475) (58.77785938128503,164.0359858897646) (59.77785938128505,164.0359858897646) (59.77785938128505,163.5) (171.7778593812862,163.5) (171.7778593812862,189.4896220913107) (172.7778593812862,189.4896220913107) (172.7778593812862,215.4792441826214) (173.7778593812863,215.4792441826214) (173.7778593812863,241.4688662739321) (174.7778593812864,241.4688662739321) (174.7778593812864,267.4584883652428) (175.7778593812865,267.4584883652428) (175.7778593812865,293.4481104565535) (176.7778593812866,293.4481104565535) (176.7778593812866,319.4377325478642) (177.7778593812866,319.4377325478642) (177.7778593812866,345.427354639175) (178.7778593812867,345.427354639175) (178.7778593812867,371.4169767304857) (179.7778593812867,371.4169767304857) (179.7778593812867,397.4065988217964) (180.7778593812868,397.4065988217964) (180.7778593812868,423.3962209131071) (181.7778593812868,423.3962209131071) (181.7778593812868,449.3858430044178) (182.7778593812869,449.3858430044178) (182.7778593812869,475.3754650957285) (183.777859381287,475.3754650957285) (183.777859381287,501.3650871870392) (184.7778593812871,501.3650871870392) (184.7778593812871,527.3547092783499) (185.7778593812872,527.3547092783499) (185.7778593812872,553.3443313696606) (186.7778593812872,553.3443313696606) (186.7778593812872,579.3339534609713) (187.7778593812873,579.3339534609713) (187.7778593812873,605.323575552282) (188.7778593812874,605.323575552282) (188.7778593812874,631.3131976435927) (189.7778593812875,631.3131976435927) (189.7778593812875,657.3028197349034) (190.7778593812876,657.3028197349034) (190.7778593812876,683.2924418262141) (191.7778593812877,683.2924418262141) (191.7778593812877,709.2820639175249) (192.7778593812878,709.2820639175249) (192.7778593812878,735.2716860088356) (700,735.2716860088356)
robPositionX[0]:
[0]: (0,0) (0,92.5) (2,92.5) (2,97.73313175708738) (9.777859381284518,97.73313175708738) (9.777859381284518,123.7285354798977) (10.79666284376776,123.7285354798977) (10.79666284376776,149.723939202708) (11.79666284376776,149.723939202708) (11.79666284376776,175.7193429255182) (12.79666284376776,175.7193429255182) (12.79666284376776,201.7147466483285) (13.79666284376776,201.7147466483285) (13.79666284376776,227.7101503711388) (14.79666284376776,227.7101503711388) (14.79666284376776,253.7055540939491) (15.79666284376776,253.7055540939491) (15.79666284376776,279.7009578167594) (16.79666284376776,279.7009578167594) (16.79666284376776,305.6963615395697) (17.79666284376775,305.6963615395697) (17.79666284376775,331.69176526238) (18.79666284376774,331.69176526238) (18.79666284376774,357.6871689851903) (19.79666284376774,357.6871689851903) (19.79666284376774,383.6825727080006) (20.79666284376773,383.6825727080006) (20.79666284376773,409.6779764308109) (21.79666284376772,409.6779764308109) (21.79666284376772,435.6733801536212) (22.79666284376772,435.6733801536212) (22.79666284376772,461.6687838764315) (23.79666284376771,461.6687838764315) (23.79666284376771,487.6641875992418) (24.7966628437677,487.6641875992418) (24.7966628437677,513.6595913220521) (25.7966628437677,513.6595913220521) (25.7966628437677,539.6549950448623) (26.79666284376769,539.6549950448623) (26.79666284376769,565.6503987676725) (27.79666284376768,565.6503987676725) (27.79666284376768,591.6458024904828) (28.79666284376767,591.6458024904828) (28.79666284376767,617.641206213293) (29.79666284376767,617.641206213293) (29.79666284376767,643.6366099361032) (30.79666284376766,643.6366099361032) (30.79666284376766,669.6320136589135) (31.79666284376765,669.6320136589135) (31.79666284376765,695.6274173817237) (32.79666284376767,695.6274173817237) (32.79666284376767,721.622821104534) (33.7966628437677,721.622821104534) (33.7966628437677,747.6182248273442) (34.79666284376773,747.6182248273442) (34.79666284376773,773.6136285501544) (35.79666284376776,773.6136285501544) (35.79666284376776,799.6090322729647) (36.79666284376778,799.6090322729647) (36.79666284376778,825.6044359957749) (37.79666284376781,825.6044359957749) (37.79666284376781,851.5998397185851) (38.79666284376784,851.5998397185851) (38.79666284376784,877.5952434413954) (39.79666284376787,877.5952434413954) (39.79666284376787,903.5906471642056) (40.7966628437679,903.5906471642056) (40.7966628437679,929.5860508870159) (41.79666284376793,929.5860508870159) (41.79666284376793,955.5814546098261) (42.79666284376795,955.5814546098261) (42.79666284376795,981.5768583326363) (43.79666284376797,981.5768583326363) (43.79666284376797,1007.572262055447) (44.79666284376799,1007.572262055447) (44.79666284376799,1033.567665778257) (45.79666284376801,1033.567665778257) (45.79666284376801,1059.563069501067) (46.79666284376803,1059.563069501067) (46.79666284376803,1085.558473223878) (47.79666284376805,1085.558473223878) (47.79666284376805,1111.553876946688) (48.79666284376808,1111.553876946688) (48.79666284376808,1137.549280669498) (49.7966628437681,1137.549280669498) (49.7966628437681,1163.544684392309) (50.79666284376812,1163.544684392309) (50.79666284376812,1189.540088115119) (51.79666284376814,1189.540088115119) (51.79666284376814,1215.535491837929) (52.79666284376816,1215.535491837929) (52.79666284376816,1241.53089556074) (53.79666284376818,1241.53089556074) (53.79666284376818,1267.52629928355) (54.7966628437682,1267.52629928355) (54.7966628437682,1293.52170300636) (55.79666284376822,1293.52170300636) (55.79666284376822,1319.517106729171) (56.79666284376825,1319.517106729171) (56.79666284376825,1345.512510451981) (57.79666284376827,1345.512510451981) (57.79666284376827,1371.507914174791) (58.79666284376829,1371.507914174791) (58.79666284376829,1397.503317897602) (59.79666284376831,1397.503317897602) (59.79666284376831,1423.498721620412) (60.79666284376833,1423.498721620412) (60.79666284376833,1452) (61.79666284376835,1452) (61.79666284376835,1478) (62.79666284376837,1478) (62.79666284376837,1504) (63.7966628437684,1504) (63.7966628437684,1530) (64.7966628437684,1530) (64.7966628437684,1556) (65.79666284376842,1556) (65.79666284376842,1582) (66.79666284376843,1582) (66.79666284376843,1608) (67.79666284376844,1608) (67.79666284376844,1634) (68.79666284376846,1634) (68.79666284376846,1660) (69.79666284376847,1660) (69.79666284376847,1686) (70.79666284376849,1686) (70.79666284376849,1712) (71.7966628437685,1712) (71.7966628437685,1738) (72.79666284376853,1738) (72.79666284376853,1764) (73.79666284376853,1764) (73.79666284376853,1790) (74.79666284376853,1790) (74.79666284376853,1816) (75.79666284376853,1816) (75.79666284376853,1842) (76.79666284376853,1842) (76.79666284376853,1868) (77.79666284376853,1868) (77.79666284376853,1894) (78.79666284376853,1894) (78.79666284376853,1920) (79.79666284376853,1920) (79.79666284376853,1946) (80.79666284376853,1946) (80.79666284376853,1972) (81.79666284376853,1972) (81.79666284376853,1998) (82.79666284376853,1998) (82.79666284376853,2024) (83.79666284376853,2024) (83.79666284376853,2050) (84.79666284376853,2050) (84.79666284376853,2076) (85.79666284376853,2076) (85.79666284376853,2102) (86.79666284376853,2102) (86.79666284376853,2128) (87.79666284376853,2128) (87.79666284376853,2154) (88.79666284376853,2154) (88.79666284376853,2180) (89.79666284376853,2180) (89.79666284376853,2206) (90.79666284376853,2206) (90.79666284376853,2232) (91.79666284376853,2232) (91.79666284376853,2258) (92.79666284376853,2258) (92.79666284376853,2284) (93.79666284376849,2284) (93.79666284376849,2310) (94.79666284376842,2310) (94.79666284376842,2336) (95.79666284376835,2336) (95.79666284376835,2362) (96.79666284376827,2362) (96.79666284376827,2388) (97.79666284376822,2388) (97.79666284376822,2414) (98.79666284376816,2414) (98.79666284376816,2440) (99.7966628437681,2440) (99.7966628437681,2466) (100.796662843768,2466) (100.796662843768,2492) (101.796662843768,2492) (101.796662843768,2518) (102.7966628437679,2518) (102.7966628437679,2544) (103.7966628437678,2544) (103.7966628437678,2570) (104.7966628437678,2570) (104.7966628437678,2596) (105.7966628437677,2596) (105.7966628437677,2622) (106.7966628437676,2622) (106.7966628437676,2648) (107.7966628437676,2648) (107.7966628437676,2674) (108.7966628437675,2674) (108.7966628437675,2700) (109.7966628437674,2700) (109.7966628437674,2726) (110.7966628437674,2726) (110.7966628437674,2752) (111.7966628437673,2752) (111.7966628437673,2778) (112.7966628437672,2778) (112.7966628437672,2804) (113.7966628437671,2804) (113.7966628437671,2830) (114.7966628437671,2830) (114.7966628437671,2856) (115.796662843767,2856) (115.796662843767,2882) (116.7966628437669,2882) (116.7966628437669,2908) (117.7966628437669,2908) (117.7966628437669,2934) (118.7966628437668,2934) (118.7966628437668,2960) (119.7966628437668,2960) (119.7966628437668,2986) (120.7966628437667,2986) (120.7966628437667,3012) (121.7966628437666,3012) (121.7966628437666,3038) (122.7966628437666,3038) (122.7966628437666,3062.5) (123.7966628437665,3062.5) (123.7966628437665,3088.5) (124.7966628437664,3088.5) (124.7966628437664,3114.5) (125.7966628437664,3114.5) (125.7966628437664,3140.5) (126.7966628437663,3140.5) (126.7966628437663,3166.5) (127.7966628437662,3166.5) (127.7966628437662,3192.5) (128.7966628437663,3192.5) (128.7966628437663,3218.5) (129.7966628437663,3218.5) (129.7966628437663,3244.5) (130.7966628437664,3244.5) (130.7966628437664,3270.5) (131.7966628437665,3270.5) (131.7966628437665,3296.5) (132.7966628437666,3296.5) (132.7966628437666,3322.5) (133.7966628437667,3322.5) (133.7966628437667,3348.5) (134.7966628437668,3348.5) (134.7966628437668,3374.5) (135.7966628437669,3374.5) (135.7966628437669,3400.5) (136.7966628437669,3400.5) (136.7966628437669,3426.5) (137.796662843767,3426.5) (137.796662843767,3452.5) (138.7966628437671,3452.5) (138.7966628437671,3478.5) (139.7966628437672,3478.5) (139.7966628437672,3504.5) (140.7966628437673,3504.5) (140.7966628437673,3530.5) (141.7966628437674,3530.5) (141.7966628437674,3556.5) (142.7966628437675,3556.5) (142.7966628437675,3582.5) (143.7966628437675,3582.5) (143.7966628437675,3608.5) (144.7966628437676,3608.5) (144.7966628437676,3634.5) (145.7966628437677,3634.5) (145.7966628437677,3660.5) (146.7966628437678,3660.5) (146.7966628437678,3686.5) (147.7966628437679,3686.5) (147.7966628437679,3712.5) (148.796662843768,3712.5) (148.796662843768,3738.5) (149.796662843768,3738.5) (149.796662843768,3764.5) (150.7966628437681,3764.5) (150.7966628437681,3790.5) (151.7966628437682,3790.5) (151.7966628437682,3816.5) (152.7966628437683,3816.5) (152.7966628437683,3842.5) (153.7966628437683,3842.5) (153.7966628437683,3868.5) (154.7966628437684,3868.5) (154.7966628437684,3894.5) (155.7966628437684,3894.5) (155.7966628437684,3920.5) (156.7966628437685,3920.5) (156.7966628437685,3946.5) (157.7966628437686,3946.5) (157.7966628437686,3972.5) (158.7966628437686,3972.5) (158.7966628437686,3998.5) (159.7966628437687,3998.5) (159.7966628437687,4024.5) (160.7966628437687,4024.5) (160.7966628437687,4050.5) (161.7966628437688,4050.5) (161.7966628437688,4076.5) (162.7966628437688,4076.5) (162.7966628437688,4102.5) (163.7966628437689,4102.5) (163.7966628437689,4128.5) (164.796662843769,4128.5) (164.796662843769,4154.5) (165.796662843769,4154.5) (165.796662843769,4180.5) (166.7966628437691,4180.5) (166.7966628437691,4206.5) (167.7966628437692,4206.5) (167.7966628437692,4232.5) (168.7966628437692,4232.5) (168.7966628437692,4258.5) (169.7966628437693,4258.5) (169.7966628437693,4284.5) (170.7966628437694,4284.5) (170.7966628437694,4310.5) (171.7966628437695,4310.5) (171.7966628437695,4336.5) (172.7966628437696,4336.5) (172.7966628437696,4362.5) (173.7966628437697,4362.5) (173.7966628437697,4388.5) (174.7966628437698,4388.5) (174.7966628437698,4417) (177.3957143255114,4417) (177.3957143255114,4416.265463717128) (178.3957143255115,4416.265463717128) (178.3957143255115,4415.530927434256) (179.3957143255116,4415.530927434256) (179.3957143255116,4414.796391151384) (180.3957143255116,4414.796391151384) (180.3957143255116,4414.061854868512) (181.3957143255117,4414.061854868512) (181.3957143255117,4413.327318585641) (182.3957143255117,4413.327318585641) (182.3957143255117,4412.592782302769) (183.3957143255118,4412.592782302769) (183.3957143255118,4411.858246019897) (184.3957143255119,4411.858246019897) (184.3957143255119,4411.123709737025) (185.395714325512,4411.123709737025) (185.395714325512,4410.389173454153) (186.3957143255121,4410.389173454153) (186.3957143255121,4409.654637171281) (187.3957143255122,4409.654637171281) (187.3957143255122,4408.920100888409) (188.3957143255122,4408.920100888409) (188.3957143255122,4408.185564605537) (189.3957143255123,4408.185564605537) (189.3957143255123,4407.451028322665) (190.3957143255124,4407.451028322665) (190.3957143255124,4406.716492039794) (191.3957143255125,4406.716492039794) (191.3957143255125,4405.981955756922) (192.3957143255126,4405.981955756922) (192.3957143255126,4405.24741947405) (193.3957143255127,4405.24741947405) (193.3957143255127,4404.512883191178) (194.3957143255128,4404.512883191178) (194.3957143255128,4403.778346908306) (195.3957143255128,4403.778346908306) (195.3957143255128,4403.043810625434) (196.3957143255129,4403.043810625434) (196.3957143255129,4402.309274342562) (197.395714325513,4402.309274342562) (197.395714325513,4401.57473805969) (198.3957143255131,4401.57473805969) (198.3957143255131,4400.840201776819) (700,4400.840201776819)
robPositionY[0]:
[0]: (0,0) (0,163.5) (2,163.5) (2,188.9679078844919) (9.777859381284518,188.9679078844919) (9.777859381284518,188.479046668909) (10.79666284376776,188.479046668909) (10.79666284376776,187.9901854533261) (11.79666284376776,187.9901854533261) (11.79666284376776,187.5013242377432) (12.79666284376776,187.5013242377432) (12.79666284376776,187.0124630221603) (13.79666284376776,187.0124630221603) (13.79666284376776,186.5236018065774) (14.79666284376776,186.5236018065774) (14.79666284376776,186.0347405909945) (15.79666284376776,186.0347405909945) (15.79666284376776,185.5458793754117) (16.79666284376776,185.5458793754117) (16.79666284376776,185.0570181598288) (17.79666284376775,185.0570181598288) (17.79666284376775,184.5681569442459) (18.79666284376774,184.5681569442459) (18.79666284376774,184.079295728663) (19.79666284376774,184.079295728663) (19.79666284376774,183.5904345130801) (20.79666284376773,183.5904345130801) (20.79666284376773,183.1015732974972) (21.79666284376772,183.1015732974972) (21.79666284376772,182.6127120819143) (22.79666284376772,182.6127120819143) (22.79666284376772,182.1238508663315) (23.79666284376771,182.1238508663315) (23.79666284376771,181.6349896507486) (24.7966628437677,181.6349896507486) (24.7966628437677,181.1461284351657) (25.7966628437677,181.1461284351657) (25.7966628437677,180.6572672195828) (26.79666284376769,180.6572672195828) (26.79666284376769,180.1684060039999) (27.79666284376768,180.1684060039999) (27.79666284376768,179.679544788417) (28.79666284376767,179.679544788417) (28.79666284376767,179.1906835728341) (29.79666284376767,179.1906835728341) (29.79666284376767,178.7018223572512) (30.79666284376766,178.7018223572512) (30.79666284376766,178.2129611416684) (31.79666284376765,178.2129611416684) (31.79666284376765,177.7240999260855) (32.79666284376767,177.7240999260855) (32.79666284376767,177.2352387105026) (33.7966628437677,177.2352387105026) (33.7966628437677,176.7463774949197) (34.79666284376773,176.7463774949197) (34.79666284376773,176.2575162793368) (35.79666284376776,176.2575162793368) (35.79666284376776,175.7686550637539) (36.79666284376778,175.7686550637539) (36.79666284376778,175.279793848171) (37.79666284376781,175.279793848171) (37.79666284376781,174.7909326325882) (38.79666284376784,174.7909326325882) (38.79666284376784,174.3020714170053) (39.79666284376787,174.3020714170053) (39.79666284376787,173.8132102014224) (40.7966628437679,173.8132102014224) (40.7966628437679,173.3243489858395) (41.79666284376793,173.3243489858395) (41.79666284376793,172.8354877702566) (42.79666284376795,172.8354877702566) (42.79666284376795,172.3466265546737) (43.79666284376797,172.3466265546737) (43.79666284376797,171.8577653390908) (44.79666284376799,171.8577653390908) (44.79666284376799,171.3689041235079) (45.79666284376801,171.3689041235079) (45.79666284376801,170.8800429079251) (46.79666284376803,170.8800429079251) (46.79666284376803,170.3911816923422) (47.79666284376805,170.3911816923422) (47.79666284376805,169.9023204767593) (48.79666284376808,169.9023204767593) (48.79666284376808,169.4134592611764) (49.7966628437681,169.4134592611764) (49.7966628437681,168.9245980455935) (50.79666284376812,168.9245980455935) (50.79666284376812,168.4357368300106) (51.79666284376814,168.4357368300106) (51.79666284376814,167.9468756144277) (52.79666284376816,167.9468756144277) (52.79666284376816,167.4580143988449) (53.79666284376818,167.4580143988449) (53.79666284376818,166.969153183262) (54.7966628437682,166.969153183262) (54.7966628437682,166.4802919676791) (55.79666284376822,166.4802919676791) (55.79666284376822,165.9914307520962) (56.79666284376825,165.9914307520962) (56.79666284376825,165.5025695365133) (57.79666284376827,165.5025695365133) (57.79666284376827,165.0137083209304) (58.79666284376829,165.0137083209304) (58.79666284376829,164.5248471053475) (59.79666284376831,164.5248471053475) (59.79666284376831,164.0359858897646) (60.79666284376833,164.0359858897646) (60.79666284376833,163.5) (177.3957143255114,163.5) (177.3957143255114,189.4896220913107) (178.3957143255115,189.4896220913107) (178.3957143255115,215.4792441826214) (179.3957143255116,215.4792441826214) (179.3957143255116,241.4688662739321) (180.3957143255116,241.4688662739321) (180.3957143255116,267.4584883652428) (181.3957143255117,267.4584883652428) (181.3957143255117,293.4481104565535) (182.3957143255117,293.4481104565535) (182.3957143255117,319.4377325478642) (183.3957143255118,319.4377325478642) (183.3957143255118,345.427354639175) (184.3957143255119,345.427354639175) (184.3957143255119,371.4169767304857) (185.395714325512,371.4169767304857) (185.395714325512,397.4065988217964) (186.3957143255121,397.4065988217964) (186.3957143255121,423.3962209131071) (187.3957143255122,423.3962209131071) (187.3957143255122,449.3858430044178) (188.3957143255122,449.3858430044178) (188.3957143255122,475.3754650957285) (189.3957143255123,475.3754650957285) (189.3957143255123,501.3650871870392) (190.3957143255124,501.3650871870392) (190.3957143255124,527.3547092783499) (191.3957143255125,527.3547092783499) (191.3957143255125,553.3443313696606) (192.3957143255126,553.3443313696606) (192.3957143255126,579.3339534609713) (193.3957143255127,579.3339534609713) (193.3957143255127,605.323575552282) (194.3957143255128,605.323575552282) (194.3957143255128,631.3131976435927) (195.3957143255128,631.3131976435927) (195.3957143255128,657.3028197349034) (196.3957143255129,657.3028197349034) (196.3957143255129,683.2924418262141) (197.395714325513,683.2924418262141) (197.395714325513,709.2820639175249) (198.3957143255131,709.2820639175249) (198.3957143255131,735.2716860088356) (700,735.2716860088356)
batteryCharge[0]:
[0]: (0,100) (700,100)
user_guided_transport.end:
[0]: (0,0) (200.3957143255122,0) (200.3957143255122,1) (700,1)
[2K
Verifying formula 5 at /nta/queries/query[5]/formula
 -- Formula: simulate[<=700]{robot_inventory[0][0], user_guided_transport.end*2}
[2K -- Formula is satisfied.
robot_inventory[0][0]:
[0]: (0,0) (8.192240498874771,0) (8.192240498874771,1) (700,1)
user_guided_transport.end * 2:
[0]: (0,0) (200.8100954431029,0) (200.8100954431029,2) (700,2)
[2K
Verifying formula 6 at /nta/queries/query[6]/formula
 -- Formula: simulate[<=700]{bedroom[0], bedroom[1], kitchen[0], kitchen[1]}
[2K -- Formula is satisfied.
bedroom[0]:
[0]: (0,100) (700,100)
bedroom[1]:
[0]: (0,200) (700,200)
kitchen[0]:
[0]: (0,4400) (700,4400)
kitchen[1]:
[0]: (0,765) (700,765)
[2K
Verifying formula 7 at /nta/queries/query[7]/formula
 -- Formula: simulate[<=700]{rm_1.idle, rf_1.idle, rp_1.idle, rd_1.idle}
[2K -- Formula is satisfied.
rm_1.idle:
[0]: (0,0) (0,1) (0,0) (3,0) (3,1) (9.899020789673964,1) (9.899020789673964,0) (201.5168757338993,0) (201.5168757338993,1) (700,1)
rf_1.idle:
[0]: (0,0) (0,1) (700,1)
rp_1.idle:
[0]: (0,0) (0,1) (2,1) (2,0) (9.899020789673964,0) (9.899020789673964,1) (700,1)
rd_1.idle:
[0]: (0,0) (0,1) (700,1)
[2K
Verifying formula 8 at /nta/queries/query[8]/formula
 -- Formula: Pr[<=700](<>!rm_1.idle || !rf_1.idle || !rp_1.idle || !rd_1.idle)
[2K -- Formula is satisfied.
(72/72 runs) Pr(<> …) in [0.950056,1] (95% CI)
Values in [0,0] mean=0 steps=2.22045e-16: 72
[2K
Verifying formula 9 at /nta/queries/query[9]/formula
 -- Formula: Pr[<=700]([] (user_guided_transport.end imply (rm_1.idle && rf_1.idle && rp_1.idle && rd_1.idle)))
 -- Throughput: 668369 runs/sec, Load: 326 runs[K
[2K -- Formula is satisfied.
(72/72 runs) Pr([] …) in [0.950056,1] (95% CI)
[2K
Verifying formula 10 at /nta/queries/query[10]/formula
 -- Formula: Pr[<=700] (<> pow(robPositionX[0] - kitchen[0], 2) + pow(robPositionY[0] - kitchen[1], 2) <= 900 )
[2K -- Formula is satisfied.
(72/72 runs) Pr(<> …) in [0.950056,1] (95% CI)
Values in [197.68,202.614] mean=200.179 steps=0.548159: 11 9 4 7 9 6 6 8 12
[2K
Verifying formula 11 at /nta/queries/query[11]/formula
 -- Formula: Pr[<=700] (<> pow(robPositionX[0] - bedroom[0], 2) + pow(robPositionY[0] - bedroom[1], 2) <= 900 )
[2K -- Formula is satisfied.
(72/72 runs) Pr(<> …) in [0.950056,1] (95% CI)
Values in [2,2] mean=2 steps=2.22045e-16: 72
[2K
Verifying formula 12 at /nta/queries/query[12]/formula
 -- Formula: Pr[<=700] (<> pow(humanPositionX[0] - kitchen[0], 2) + pow(humanPositionY[0] - kitchen[1], 2) <= 900 )
[2K -- Formula is satisfied.
(72/72 runs) Pr(<> …) in [0.950056,1] (95% CI)
Values in [192.027,196.994] mean=194.651 steps=0.551975: 7 6 6 8 7 14 8 10 6
[2K
Verifying formula 13 at /nta/queries/query[13]/formula
 -- Formula: Pr[<=700] (<> pow(humanPositionX[0] - bedroom[0], 2) + pow(humanPositionY[0] - bedroom[1], 2) <= 900 )
[2K -- Formula is satisfied.
(72/72 runs) Pr(<> …) in [0.950056,1] (95% CI)
Values in [1,1] mean=1 steps=2.22045e-16: 72
[2K
Verifying formula 14 at /nta/queries/query[14]/formula
 -- Formula: Pr[<=700] (<> !isValidPosition(humanPositionX[0], humanPositionY[0]))
[2K -- Formula is satisfied.
(72/72 runs) Pr(<> …) in [0.950056,1] (95% CI)
Values in [0,0] mean=0 steps=2.22045e-16: 72
[2K
Verifying formula 15 at /nta/queries/query[15]/formula
 -- Formula: Pr[<=700] (<> !isValidPosition(robPositionX[0], robPositionY[0]))
[2K -- Formula is satisfied.
(72/72 runs) Pr(<> …) in [0.950056,1] (95% CI)
Values in [0,0] mean=0 steps=2.22045e-16: 72
[2K
Verifying formula 16 at /nta/queries/query[16]/formula
 -- Formula: Pr[<=700] (<> currP > 2)
 -- Throughput: 671860 runs/sec, Load: 325 runs[K
[2K -- Formula is satisfied.
(0/72 runs) Pr(<> …) in [0,0.0499441] (95% CI)
