Options for the verification:
  Generating no trace
  Search order is breadth first
  Using conservative space optimisation
  Seed is 1783193942
  State space representation uses minimal constraint systems with future testing
  Using HashMap + Compress integers for discrete state storage
[2K
Verifying formula 1 at /nta/queries/query[1]/formula
 -- Formula: simulate[<=700]{Coffee_Delivery_robot1_def.s1_start, Coffee_Delivery_robot1_def.s1_end, Coffee_Delivery_robot1_def.s2_start, Coffee_Delivery_robot1_def.s2_end, Coffee_Delivery_robot1_def.s3_start, Coffee_Delivery_robot1_def.s3_end, Coffee_Delivery_robot1_def.s4_start, Coffee_Delivery_robot1_def.s4_end, Coffee_Delivery.end}
[2K -- Formula is satisfied.
Coffee_Delivery_robot1_def.s1_start:
[0]: (0,0) (0,1) (0,0) (700.000002,0)
Coffee_Delivery_robot1_def.s1_end:
[0]: (0,0) (67.5767397931244,0) (67.5767397931244,1) (67.5767397931244,0) (700.000002,0)
Coffee_Delivery_robot1_def.s2_start:
[0]: (0,0) (67.5767397931244,0) (67.5767397931244,1) (67.5767397931244,0) (700.000002,0)
Coffee_Delivery_robot1_def.s2_end:
[0]: (0,0) (76.47619865464965,0) (76.47619865464965,1) (76.47619865464965,0) (700.000002,0)
Coffee_Delivery_robot1_def.s3_start:
[0]: (0,0) (76.47619865464965,0) (76.47619865464965,1) (76.47619865464965,0) (700.000002,0)
Coffee_Delivery_robot1_def.s3_end:
[0]: (0,0) (145.1556536831717,0) (145.1556536831717,1) (145.1556536831717,0) (700.000002,0)
Coffee_Delivery_robot1_def.s4_start:
[0]: (0,0) (145.1556536831717,0) (145.1556536831717,1) (145.1556536831717,0) (700.000002,0)
Coffee_Delivery_robot1_def.s4_end:
[0]: (0,0) (150.1556536831717,0) (150.1556536831717,1) (150.1556536831717,0) (700.000002,0)
Coffee_Delivery.end:
[0]: (0,0) (152.1556536831717,0) (152.1556536831717,1) (700.000002,1)
[2K
Verifying formula 2 at /nta/queries/query[2]/formula
 -- Formula: Pr[<=700] (<> Coffee_Delivery.end)
[2K -- Formula is satisfied.
(72/72 runs) Pr(<> …) in [0.950056,1] (95% CI)
Values in [148.368,152.986] mean=150.813 steps=0.513044: 7 9 7 7 8 5 7 8 14
[2K
Verifying formula 3 at /nta/queries/query[3]/formula
 -- Formula: simulate[<=700]{humanPositionX[0], humanPositionY[0], robPositionX[0], robPositionY[0], batteryCharge[0], Coffee_Delivery.end}
[2K -- Formula is satisfied.
humanPositionX[0]:
[0]: (0,0) (0,92.5) (700.000002,92.5)
humanPositionY[0]:
[0]: (0,0) (0,163.5) (700.000002,163.5)
robPositionX[0]:
[0]: (0,0) (0,92.5) (2,92.5) (2,118.5) (3,118.5) (3,144.5) (4,144.5) (4,170.5) (5,170.5) (5,196.5) (6,196.5) (6,222.5) (7,222.5) (7,248.5) (8,248.5) (8,274.5) (9,274.5) (9,300.5) (10,300.5) (10,326.5) (11,326.5) (11,352.5) (12,352.5) (12,378.5) (13,378.5) (13,404.5) (14,404.5) (14,430.5) (15,430.5) (15,456.5) (16,456.5) (16,482.5) (17,482.5) (17,508.5) (18,508.5) (18,534.5) (19,534.5) (19,560.5) (20,560.5) (20,586.5) (21,586.5) (21,612.5) (22,612.5) (22,638.5) (23,638.5) (23,664.5) (24,664.5) (24,690.5) (25,690.5) (25,716.5) (26,716.5) (26,742.5) (27,742.5) (27,768.5) (28,768.5) (28,794.5) (29,794.5) (29,820.5) (30,820.5) (30,846.5) (31,846.5) (31,872.5) (32,872.5) (32,898.5) (33,898.5) (33,924.5) (34,924.5) (34,950.5) (35,950.5) (35,976.5) (36,976.5) (36,1002.5) (37,1002.5) (37,1028.5) (38,1028.5) (38,1054.5) (39,1054.5) (39,1080.5) (40,1080.5) (40,1106.5) (41,1106.5) (41,1132.5) (42,1132.5) (42,1158.5) (43,1158.5) (43,1184.5) (44,1184.5) (44,1210.5) (45,1210.5) (45,1236.5) (46,1236.5) (46,1262.5) (47,1262.5) (47,1288.5) (48,1288.5) (48,1314.5) (49,1314.5) (49,1340.5) (50,1340.5) (50,1366.5) (51,1366.5) (51,1392.5) (52,1392.5) (52,1418.5) (53,1418.5) (53,1444.5) (54,1444.5) (54,1452) (56.57673979312436,1452) (56.57673979312436,1451.845470785223) (57.57673979312436,1451.845470785223) (57.57673979312436,1451.690941570446) (58.57673979312436,1451.690941570446) (58.57673979312436,1451.536412355669) (59.57673979312436,1451.536412355669) (59.57673979312436,1451.381883140892) (60.57673979312436,1451.381883140892) (60.57673979312436,1451.227353926115) (61.57673979312436,1451.227353926115) (61.57673979312436,1451.072824711337) (62.57673979312436,1451.072824711337) (62.57673979312436,1450.91829549656) (63.57673979312436,1450.91829549656) (63.57673979312436,1450.763766281783) (64.5767397931244,1450.763766281783) (64.5767397931244,1450.609237067006) (65.5767397931244,1450.609237067006) (65.5767397931244,1450.454707852229) (66.5767397931244,1450.454707852229) (66.5767397931244,1450.300178637452) (67.5767397931244,1450.300178637452) (67.5767397931244,1450.145649422675) (77.02045193444827,1450.145649422675) (77.02045193444827,1450.300178637452) (79.58530479491368,1450.300178637452) (79.58530479491368,1450.454707852229) (80.58530479491371,1450.454707852229) (80.58530479491371,1450.609237067006) (81.58530479491371,1450.609237067006) (81.58530479491371,1450.763766281783) (82.5853047949137,1450.763766281783) (82.5853047949137,1450.91829549656) (83.58530479491371,1450.91829549656) (83.58530479491371,1451.072824711337) (84.58530479491372,1451.072824711337) (84.58530479491372,1451.227353926115) (85.58530479491372,1451.227353926115) (85.58530479491372,1451.381883140892) (86.58530479491372,1451.381883140892) (86.58530479491372,1451.536412355669) (87.58530479491372,1451.536412355669) (87.58530479491372,1451.690941570446) (88.58530479491372,1451.690941570446) (88.58530479491372,1451.845470785223) (89.58530479491372,1451.845470785223) (89.58530479491372,1452) (93.69990696297032,1452) (93.69990696297032,1426.009469747118) (94.69990696297032,1426.009469747118) (94.69990696297032,1400.018939494237) (95.69990696297032,1400.018939494237) (95.69990696297032,1374.028409241355) (96.69990696297032,1374.028409241355) (96.69990696297032,1348.037878988473) (97.69990696297032,1348.037878988473) (97.69990696297032,1322.047348735592) (98.69990696297032,1322.047348735592) (98.69990696297032,1296.05681848271) (99.69990696297032,1296.05681848271) (99.69990696297032,1270.066288229829) (100.6999069629703,1270.066288229829) (100.6999069629703,1244.075757976947) (101.6999069629703,1244.075757976947) (101.6999069629703,1218.085227724065) (102.6999069629703,1218.085227724065) (102.6999069629703,1192.094697471184) (103.6999069629703,1192.094697471184) (103.6999069629703,1166.104167218302) (104.6999069629703,1166.104167218302) (104.6999069629703,1140.11363696542) (105.6999069629703,1140.11363696542) (105.6999069629703,1114.123106712539) (106.6999069629703,1114.123106712539) (106.6999069629703,1088.132576459657) (107.6999069629703,1088.132576459657) (107.6999069629703,1062.142046206776) (108.6999069629703,1062.142046206776) (108.6999069629703,1036.151515953894) (109.6999069629703,1036.151515953894) (109.6999069629703,1010.160985701012) (110.6999069629703,1010.160985701012) (110.6999069629703,984.1704554481307) (111.6999069629703,984.1704554481307) (111.6999069629703,958.1799251952491) (112.6999069629703,958.1799251952491) (112.6999069629703,932.1893949423675) (113.6999069629703,932.1893949423675) (113.6999069629703,906.1988646894858) (114.6999069629703,906.1988646894858) (114.6999069629703,880.2083344366042) (115.6999069629703,880.2083344366042) (115.6999069629703,854.2178041837226) (116.6999069629703,854.2178041837226) (116.6999069629703,828.227273930841) (117.6999069629703,828.227273930841) (117.6999069629703,802.2367436779593) (118.6999069629703,802.2367436779593) (118.6999069629703,776.2462134250777) (119.6999069629703,776.2462134250777) (119.6999069629703,750.2556831721961) (120.6999069629703,750.2556831721961) (120.6999069629703,724.2651529193145) (121.6999069629703,724.2651529193145) (121.6999069629703,698.2746226664328) (122.6999069629703,698.2746226664328) (122.6999069629703,672.2840924135512) (123.6999069629703,672.2840924135512) (123.6999069629703,646.2935621606696) (124.6999069629703,646.2935621606696) (124.6999069629703,620.303031907788) (125.6999069629703,620.303031907788) (125.6999069629703,594.3125016549063) (126.6999069629703,594.3125016549063) (126.6999069629703,568.3219714020247) (127.6999069629703,568.3219714020247) (127.6999069629703,542.3314411491431) (128.6999069629703,542.3314411491431) (128.6999069629703,516.3409108962614) (129.6999069629703,516.3409108962614) (129.6999069629703,490.3503806433799) (130.6999069629703,490.3503806433799) (130.6999069629703,464.3598503904983) (131.6999069629703,464.3598503904983) (131.6999069629703,438.3693201376167) (132.6999069629703,438.3693201376167) (132.6999069629703,412.3787898847352) (133.6999069629703,412.3787898847352) (133.6999069629703,386.3882596318536) (134.6999069629703,386.3882596318536) (134.6999069629703,360.397729378972) (135.6999069629703,360.397729378972) (135.6999069629703,334.4071991260905) (136.6999069629703,334.4071991260905) (136.6999069629703,308.4166688732089) (137.6999069629703,308.4166688732089) (137.6999069629703,282.4261386203273) (138.6999069629703,282.4261386203273) (138.6999069629703,256.4356083674458) (139.6999069629703,256.4356083674458) (139.6999069629703,230.4450781145642) (140.6999069629703,230.4450781145642) (140.6999069629703,204.4545478616826) (141.6999069629703,204.4545478616826) (141.6999069629703,178.464017608801) (142.6999069629703,178.464017608801) (142.6999069629703,152.4734873559195) (143.6999069629703,152.4734873559195) (143.6999069629703,126.4829571030379) (700.000002,126.4829571030379)
robPositionY[0]:
[0]: (0,0) (0,163.5) (56.57673979312436,163.5) (56.57673979312436,189.4995407790557) (57.57673979312436,189.4995407790557) (57.57673979312436,215.4990815581114) (58.57673979312436,215.4990815581114) (58.57673979312436,241.4986223371671) (59.57673979312436,241.4986223371671) (59.57673979312436,267.4981631162228) (60.57673979312436,267.4981631162228) (60.57673979312436,293.4977038952785) (61.57673979312436,293.4977038952785) (61.57673979312436,319.4972446743342) (62.57673979312436,319.4972446743342) (62.57673979312436,345.4967854533899) (63.57673979312436,345.4967854533899) (63.57673979312436,371.4963262324455) (64.5767397931244,371.4963262324455) (64.5767397931244,397.4958670115012) (65.5767397931244,397.4958670115012) (65.5767397931244,423.4954077905569) (66.5767397931244,423.4954077905569) (66.5767397931244,449.4949485696126) (67.5767397931244,449.4949485696126) (67.5767397931244,475.4944893486683) (77.02045193444827,475.4944893486683) (77.02045193444827,449.4949485696126) (79.58530479491368,449.4949485696126) (79.58530479491368,423.4954077905569) (80.58530479491371,423.4954077905569) (80.58530479491371,397.4958670115012) (81.58530479491371,397.4958670115012) (81.58530479491371,371.4963262324455) (82.5853047949137,371.4963262324455) (82.5853047949137,345.4967854533899) (83.58530479491371,345.4967854533899) (83.58530479491371,319.4972446743342) (84.58530479491372,319.4972446743342) (84.58530479491372,293.4977038952785) (85.58530479491372,293.4977038952785) (85.58530479491372,267.4981631162228) (86.58530479491372,267.4981631162228) (86.58530479491372,241.4986223371671) (87.58530479491372,241.4986223371671) (87.58530479491372,215.4990815581114) (88.58530479491372,215.4990815581114) (88.58530479491372,189.4995407790557) (89.58530479491372,189.4995407790557) (89.58530479491372,163.5) (93.69990696297032,163.5) (93.69990696297032,164.2016674241034) (94.69990696297032,164.2016674241034) (94.69990696297032,164.9033348482068) (95.69990696297032,164.9033348482068) (95.69990696297032,165.6050022723103) (96.69990696297032,165.6050022723103) (96.69990696297032,166.3066696964137) (97.69990696297032,166.3066696964137) (97.69990696297032,167.0083371205171) (98.69990696297032,167.0083371205171) (98.69990696297032,167.7100045446205) (99.69990696297032,167.7100045446205) (99.69990696297032,168.4116719687239) (100.6999069629703,168.4116719687239) (100.6999069629703,169.1133393928274) (101.6999069629703,169.1133393928274) (101.6999069629703,169.8150068169308) (102.6999069629703,169.8150068169308) (102.6999069629703,170.5166742410342) (103.6999069629703,170.5166742410342) (103.6999069629703,171.2183416651376) (104.6999069629703,171.2183416651376) (104.6999069629703,171.920009089241) (105.6999069629703,171.920009089241) (105.6999069629703,172.6216765133445) (106.6999069629703,172.6216765133445) (106.6999069629703,173.3233439374479) (107.6999069629703,173.3233439374479) (107.6999069629703,174.0250113615513) (108.6999069629703,174.0250113615513) (108.6999069629703,174.7266787856547) (109.6999069629703,174.7266787856547) (109.6999069629703,175.4283462097581) (110.6999069629703,175.4283462097581) (110.6999069629703,176.1300136338616) (111.6999069629703,176.1300136338616) (111.6999069629703,176.831681057965) (112.6999069629703,176.831681057965) (112.6999069629703,177.5333484820684) (113.6999069629703,177.5333484820684) (113.6999069629703,178.2350159061718) (114.6999069629703,178.2350159061718) (114.6999069629703,178.9366833302752) (115.6999069629703,178.9366833302752) (115.6999069629703,179.6383507543786) (116.6999069629703,179.6383507543786) (116.6999069629703,180.3400181784821) (117.6999069629703,180.3400181784821) (117.6999069629703,181.0416856025855) (118.6999069629703,181.0416856025855) (118.6999069629703,181.7433530266889) (119.6999069629703,181.7433530266889) (119.6999069629703,182.4450204507923) (120.6999069629703,182.4450204507923) (120.6999069629703,183.1466878748957) (121.6999069629703,183.1466878748957) (121.6999069629703,183.8483552989992) (122.6999069629703,183.8483552989992) (122.6999069629703,184.5500227231026) (123.6999069629703,184.5500227231026) (123.6999069629703,185.251690147206) (124.6999069629703,185.251690147206) (124.6999069629703,185.9533575713094) (125.6999069629703,185.9533575713094) (125.6999069629703,186.6550249954128) (126.6999069629703,186.6550249954128) (126.6999069629703,187.3566924195163) (127.6999069629703,187.3566924195163) (127.6999069629703,188.0583598436197) (128.6999069629703,188.0583598436197) (128.6999069629703,188.7600272677231) (129.6999069629703,188.7600272677231) (129.6999069629703,189.4616946918265) (130.6999069629703,189.4616946918265) (130.6999069629703,190.1633621159299) (131.6999069629703,190.1633621159299) (131.6999069629703,190.8650295400334) (132.6999069629703,190.8650295400334) (132.6999069629703,191.5666969641368) (133.6999069629703,191.5666969641368) (133.6999069629703,192.2683643882402) (134.6999069629703,192.2683643882402) (134.6999069629703,192.9700318123436) (135.6999069629703,192.9700318123436) (135.6999069629703,193.671699236447) (136.6999069629703,193.671699236447) (136.6999069629703,194.3733666605505) (137.6999069629703,194.3733666605505) (137.6999069629703,195.0750340846539) (138.6999069629703,195.0750340846539) (138.6999069629703,195.7767015087573) (139.6999069629703,195.7767015087573) (139.6999069629703,196.4783689328607) (140.6999069629703,196.4783689328607) (140.6999069629703,197.1800363569641) (141.6999069629703,197.1800363569641) (141.6999069629703,197.8817037810676) (142.6999069629703,197.8817037810676) (142.6999069629703,198.583371205171) (143.6999069629703,198.583371205171) (143.6999069629703,199.2850386292744) (700.000002,199.2850386292744)
batteryCharge[0]:
[0]: (0,100) (700.000002,100)
Coffee_Delivery.end:
[0]: (0,0) (150.6999069629703,0) (150.6999069629703,1) (700.000002,1)
[2K
Verifying formula 4 at /nta/queries/query[4]/formula
 -- Formula: simulate[<=700]{robot_inventory[0][0], Coffee_Delivery.end*2}
[2K -- Formula is satisfied.
robot_inventory[0][0]:
[0]: (0,0) (76.2787391738126,0) (76.2787391738126,1) (149.9581942023346,1) (149.9581942023346,0) (700.000002,0)
Coffee_Delivery.end * 2:
[0]: (0,0) (151.9581942023346,0) (151.9581942023346,2) (700.000002,2)
[2K
Verifying formula 5 at /nta/queries/query[5]/formula
 -- Formula: simulate[<=700]{coffee_room[0], coffee_room[1], office001[0], office001[1]}
[2K -- Formula is satisfied.
coffee_room[0]:
[0]: (0,1450) (700.000002,1450)
coffee_room[1]:
[0]: (0,500) (700.000002,500)
office001[0]:
[0]: (0,100) (700.000002,100)
office001[1]:
[0]: (0,200) (700.000002,200)
[2K
Verifying formula 6 at /nta/queries/query[6]/formula
 -- Formula: simulate[<=700]{rm_1.idle, rf_1.idle, rp_1.idle, rd_1.idle}
[2K -- Formula is satisfied.
rm_1.idle:
[0]: (0,0) (0,1) (0,0) (68.57673979312466,0) (68.57673979312466,1) (77.3178652265493,1) (77.3178652265493,0) (146.9973202550704,0) (146.9973202550704,1) (700.000002,1)
rf_1.idle:
[0]: (0,0) (0,1) (700.000002,1)
rp_1.idle:
[0]: (0,0) (0,1) (67.5767397931244,1) (67.5767397931244,0) (77.3178652265493,0) (77.3178652265493,1) (700.000002,1)
rd_1.idle:
[0]: (0,0) (0,1) (145.9973202550714,1) (145.9973202550714,0) (150.9973202550713,0) (150.9973202550713,1) (700.000002,1)
[2K
Verifying formula 7 at /nta/queries/query[7]/formula
 -- Formula: Pr[<=700](<>!rm_1.idle || !rf_1.idle || !rp_1.idle || !rd_1.idle)
[2K -- Formula is satisfied.
(72/72 runs) Pr(<> …) in [0.950056,1] (95% CI)
Values in [0,0] mean=0 steps=2.22045e-16: 72
[2K
Verifying formula 8 at /nta/queries/query[8]/formula
 -- Formula: Pr[<=700]([] (Coffee_Delivery.end imply (rm_1.idle && rf_1.idle && rp_1.idle && rd_1.idle)))
[2K -- Formula is satisfied.
(72/72 runs) Pr([] …) in [0.950056,1] (95% CI)
[2K
Verifying formula 9 at /nta/queries/query[9]/formula
 -- Formula: Pr[<=700] (<> pow(robPositionX[0] - coffee_room[0], 2) + pow(robPositionY[0] - coffee_room[1], 2) <= 900 )
[2K -- Formula is satisfied.
(72/72 runs) Pr(<> …) in [0.950056,1] (95% CI)
Values in [67.5767,67.5767] mean=67.5767 steps=2.22045e-16: 72
[2K
Verifying formula 10 at /nta/queries/query[10]/formula
 -- Formula: Pr[<=700] (<> pow(robPositionX[0] - office001[0], 2) + pow(robPositionY[0] - office001[1], 2) <= 900 )
[2K -- Formula is satisfied.
(72/72 runs) Pr(<> …) in [0.950056,1] (95% CI)
Values in [141.288,146.244] mean=143.965 steps=0.550763: 5 10 7 8 7 7 6 10 12
[2K
Verifying formula 11 at /nta/queries/query[11]/formula
 -- Formula: Pr[<=700] (<> !isValidPosition(humanPositionX[0], humanPositionY[0]))
[2K -- Formula is satisfied.
(72/72 runs) Pr(<> …) in [0.950056,1] (95% CI)
Values in [0,0] mean=0 steps=2.22045e-16: 72
[2K
Verifying formula 12 at /nta/queries/query[12]/formula
 -- Formula: Pr[<=700] (<> !isValidPosition(robPositionX[0], robPositionY[0]))
[2K -- Formula is satisfied.
(72/72 runs) Pr(<> …) in [0.950056,1] (95% CI)
Values in [0,0] mean=0 steps=2.22045e-16: 72
[2K
Verifying formula 13 at /nta/queries/query[13]/formula
 -- Formula: Pr[<=700] (<> currP > 2)
[2K -- Aborted.
