Options for the verification:
  Generating no trace
  Search order is breadth first
  Using conservative space optimisation
  Seed is 1784364529
  State space representation uses minimal constraint systems with future testing
  Using HashMap + Compress integers for discrete state storage
[2K
Verifying formula 1 at /nta/queries/query[1]/formula
 -- Formula: simulate[<=700]{Coffee_Delivery_robot1_def.s1_start, Coffee_Delivery_robot1_def.s1_end, Coffee_Delivery_robot1_def.s2_start, Coffee_Delivery_robot1_def.s2_end, Coffee_Delivery_robot1_def.s3_start, Coffee_Delivery_robot1_def.s3_end, Coffee_Delivery_robot1_def.s4_start, Coffee_Delivery_robot1_def.s4_end, Coffee_Delivery.end}
[2K -- Aborted.
Coffee_Delivery_robot1_def.s1_start:
[0]: (0,0) (0,1) (0,0) (191.5990514817415,0)
Coffee_Delivery_robot1_def.s1_end:
[0]: (0,0) (191.5990514817415,0) (191.5990514817415,1)
Coffee_Delivery_robot1_def.s2_start:
[0]: (0,0) (191.5990514817415,0) (191.5990514817415,1)
Coffee_Delivery_robot1_def.s2_end:
[0]: (0,0) (191.5990514817415,0)
Coffee_Delivery_robot1_def.s3_start:
[0]: (0,0) (191.5990514817415,0)
Coffee_Delivery_robot1_def.s3_end:
[0]: (0,0) (191.5990514817415,0)
Coffee_Delivery_robot1_def.s4_start:
[0]: (0,0) (191.5990514817415,0)
Coffee_Delivery_robot1_def.s4_end:
[0]: (0,0) (191.5990514817415,0)
Coffee_Delivery.end:
[0]: (0,0) (191.5990514817415,0)
[2K
Verifying formula 2 at /nta/queries/query[2]/formula
 -- Formula: Pr[<=700] (<> Coffee_Delivery.end)
[2K -- Aborted.
[2K
Verifying formula 3 at /nta/queries/query[3]/formula
 -- Formula: simulate[<=700]{robPositionX[0], robPositionY[0], batteryCharge[0], Coffee_Delivery.end}
[2K -- Aborted.
robPositionX[0]:
[0]: (0,0) (0,92.5) (2,92.5) (2,118.5) (3,118.5) (3,144.5) (4,144.5) (4,170.5) (5,170.5) (5,196.5) (6,196.5) (6,222.5) (7,222.5) (7,248.5) (8,248.5) (8,274.5) (9,274.5) (9,300.5) (10,300.5) (10,326.5) (11,326.5) (11,352.5) (12,352.5) (12,378.5) (13,378.5) (13,404.5) (14,404.5) (14,430.5) (15,430.5) (15,456.5) (16,456.5) (16,482.5) (17,482.5) (17,508.5) (18,508.5) (18,534.5) (19,534.5) (19,560.5) (20,560.5) (20,586.5) (21,586.5) (21,612.5) (22,612.5) (22,638.5) (23,638.5) (23,664.5) (24,664.5) (24,690.5) (25,690.5) (25,716.5) (26,716.5) (26,742.5) (27,742.5) (27,768.5) (28,768.5) (28,794.5) (29,794.5) (29,820.5) (30,820.5) (30,846.5) (31,846.5) (31,872.5) (32,872.5) (32,898.5) (33,898.5) (33,924.5) (34,924.5) (34,950.5) (35,950.5) (35,976.5) (36,976.5) (36,1002.5) (37,1002.5) (37,1028.5) (38,1028.5) (38,1054.5) (39,1054.5) (39,1080.5) (40,1080.5) (40,1106.5) (41,1106.5) (41,1132.5) (42,1132.5) (42,1158.5) (43,1158.5) (43,1184.5) (44,1184.5) (44,1210.5) (45,1210.5) (45,1236.5) (46,1236.5) (46,1262.5) (47,1262.5) (47,1288.5) (48,1288.5) (48,1314.5) (49,1314.5) (49,1340.5) (50,1340.5) (50,1366.5) (51,1366.5) (51,1392.5) (52,1392.5) (52,1418.5) (53,1418.5) (53,1444.5) (54,1444.5) (54,1452) (55,1452) (55,1478) (56,1478) (56,1504) (57,1504) (57,1530) (58,1530) (58,1556) (59,1556) (59,1582) (60,1582) (60,1608) (61,1608) (61,1634) (62,1634) (62,1660) (63,1660) (63,1686) (64,1686) (64,1712) (65,1712) (65,1738) (66,1738) (66,1764) (67,1764) (67,1790) (68,1790) (68,1816) (69,1816) (69,1842) (70,1842) (70,1868) (71,1868) (71,1894) (72,1894) (72,1920) (73,1920) (73,1946) (74,1946) (74,1972) (75,1972) (75,1998) (76,1998) (76,2024) (77,2024) (77,2050) (78,2050) (78,2076) (79,2076) (79,2102) (80,2102) (80,2128) (81,2128) (81,2154) (82,2154) (82,2180) (83,2180) (83,2206) (84,2206) (84,2232) (85,2232) (85,2258) (86,2258) (86,2284) (87,2284) (87,2310) (88,2310) (88,2336) (89,2336) (89,2362) (90,2362) (90,2388) (91,2388) (91,2414) (92,2414) (92,2440) (93,2440) (93,2466) (94,2466) (94,2492) (95,2492) (95,2518) (96,2518) (96,2544) (97,2544) (97,2570) (98,2570) (98,2596) (99,2596) (99,2622) (100,2622) (100,2648) (101,2648) (101,2674) (102,2674) (102,2700) (103,2700) (103,2726) (104,2726) (104,2752) (105,2752) (105,2778) (106,2778) (106,2804) (107,2804) (107,2830) (108,2830) (108,2856) (109,2856) (109,2882) (110,2882) (110,2908) (111,2908) (111,2934) (112,2934) (112,2960) (113,2960) (113,2986) (114,2986) (114,3012) (115,3012) (115,3038) (116,3038) (116,3062.5) (117,3062.5) (117,3088.5) (118,3088.5) (118,3114.5) (119,3114.5) (119,3140.5) (120,3140.5) (120,3166.5) (121,3166.5) (121,3192.5) (122,3192.5) (122,3218.5) (123,3218.5) (123,3244.5) (124,3244.5) (124,3270.5) (125,3270.5) (125,3296.5) (126,3296.5) (126,3322.5) (127,3322.5) (127,3348.5) (128,3348.5) (128,3374.5) (129,3374.5) (129,3400.5) (130,3400.5) (130,3426.5) (131,3426.5) (131,3452.5) (132,3452.5) (132,3478.5) (133,3478.5) (133,3504.5) (134,3504.5) (134,3530.5) (135,3530.5) (135,3556.5) (136,3556.5) (136,3582.5) (137,3582.5) (137,3608.5) (138,3608.5) (138,3634.5) (139,3634.5) (139,3660.5) (140,3660.5) (140,3686.5) (141,3686.5) (141,3712.5) (142,3712.5) (142,3738.5) (143,3738.5) (143,3764.5) (144,3764.5) (144,3790.5) (145,3790.5) (145,3816.5) (146,3816.5) (146,3842.5) (147,3842.5) (147,3868.5) (148,3868.5) (148,3894.5) (149,3894.5) (149,3920.5) (150,3920.5) (150,3946.5) (151,3946.5) (151,3972.5) (152,3972.5) (152,3998.5) (153,3998.5) (153,4024.5) (154,4024.5) (154,4050.5) (155,4050.5) (155,4076.5) (156,4076.5) (156,4102.5) (157,4102.5) (157,4128.5) (158,4128.5) (158,4154.5) (159,4154.5) (159,4180.5) (160,4180.5) (160,4206.5) (161,4206.5) (161,4232.5) (162,4232.5) (162,4258.5) (163,4258.5) (163,4284.5) (164,4284.5) (164,4310.5) (165,4310.5) (165,4336.5) (166,4336.5) (166,4362.5) (167,4362.5) (167,4388.5) (168,4388.5) (168,4417) (170.5990514817415,4417) (170.5990514817415,4416.265463717128) (171.5990514817415,4416.265463717128) (171.5990514817415,4415.530927434256) (172.5990514817415,4415.530927434256) (172.5990514817415,4414.796391151384) (173.5990514817415,4414.796391151384) (173.5990514817415,4414.061854868512) (174.5990514817415,4414.061854868512) (174.5990514817415,4413.327318585641) (175.5990514817415,4413.327318585641) (175.5990514817415,4412.592782302769) (176.5990514817415,4412.592782302769) (176.5990514817415,4411.858246019897) (177.5990514817415,4411.858246019897) (177.5990514817415,4411.123709737025) (178.5990514817415,4411.123709737025) (178.5990514817415,4410.389173454153) (179.5990514817415,4410.389173454153) (179.5990514817415,4409.654637171281) (180.5990514817415,4409.654637171281) (180.5990514817415,4408.920100888409) (181.5990514817415,4408.920100888409) (181.5990514817415,4408.185564605537) (182.5990514817415,4408.185564605537) (182.5990514817415,4407.451028322665) (183.5990514817415,4407.451028322665) (183.5990514817415,4406.716492039794) (184.5990514817415,4406.716492039794) (184.5990514817415,4405.981955756922) (185.5990514817415,4405.981955756922) (185.5990514817415,4405.24741947405) (186.5990514817415,4405.24741947405) (186.5990514817415,4404.512883191178) (187.5990514817415,4404.512883191178) (187.5990514817415,4403.778346908306) (188.5990514817415,4403.778346908306) (188.5990514817415,4403.043810625434) (189.5990514817415,4403.043810625434) (189.5990514817415,4402.309274342562) (190.5990514817415,4402.309274342562) (190.5990514817415,4401.57473805969) (191.5990514817415,4401.57473805969) (191.5990514817415,4400.840201776819)
robPositionY[0]:
[0]: (0,0) (0,163.5) (170.5990514817415,163.5) (170.5990514817415,189.4896220913107) (171.5990514817415,189.4896220913107) (171.5990514817415,215.4792441826214) (172.5990514817415,215.4792441826214) (172.5990514817415,241.4688662739321) (173.5990514817415,241.4688662739321) (173.5990514817415,267.4584883652428) (174.5990514817415,267.4584883652428) (174.5990514817415,293.4481104565535) (175.5990514817415,293.4481104565535) (175.5990514817415,319.4377325478642) (176.5990514817415,319.4377325478642) (176.5990514817415,345.427354639175) (177.5990514817415,345.427354639175) (177.5990514817415,371.4169767304857) (178.5990514817415,371.4169767304857) (178.5990514817415,397.4065988217964) (179.5990514817415,397.4065988217964) (179.5990514817415,423.3962209131071) (180.5990514817415,423.3962209131071) (180.5990514817415,449.3858430044178) (181.5990514817415,449.3858430044178) (181.5990514817415,475.3754650957285) (182.5990514817415,475.3754650957285) (182.5990514817415,501.3650871870392) (183.5990514817415,501.3650871870392) (183.5990514817415,527.3547092783499) (184.5990514817415,527.3547092783499) (184.5990514817415,553.3443313696606) (185.5990514817415,553.3443313696606) (185.5990514817415,579.3339534609713) (186.5990514817415,579.3339534609713) (186.5990514817415,605.323575552282) (187.5990514817415,605.323575552282) (187.5990514817415,631.3131976435927) (188.5990514817415,631.3131976435927) (188.5990514817415,657.3028197349034) (189.5990514817415,657.3028197349034) (189.5990514817415,683.2924418262141) (190.5990514817415,683.2924418262141) (190.5990514817415,709.2820639175249) (191.5990514817415,709.2820639175249) (191.5990514817415,735.2716860088356)
batteryCharge[0]:
[0]: (0,100)
Coffee_Delivery.end:
[0]: (0,0) (191.5990514817415,0)
[2K
Verifying formula 4 at /nta/queries/query[4]/formula
 -- Formula: simulate[<=700]{robot_inventory[0][0], Coffee_Delivery.end*2}
[2K -- Aborted.
robot_inventory[0][0]:
[0]: (0,0)
Coffee_Delivery.end * 2:
[0]: (0,0) (191.5990514817415,0)
[2K
Verifying formula 5 at /nta/queries/query[5]/formula
 -- Formula: simulate[<=700]{kitchen[0], kitchen[1], warehouse[0], warehouse[1]}
[2K -- Aborted.
kitchen[0]:
[0]: (0,4400)
kitchen[1]:
[0]: (0,765)
warehouse[0]:
[0]: (0,6550)
warehouse[1]:
[0]: (0,3250)
[2K
Verifying formula 6 at /nta/queries/query[6]/formula
 -- Formula: simulate[<=700]{rm_1.idle, rf_1.idle, rp_1.idle, rd_1.idle}
[2K -- Aborted.
rm_1.idle:
[0]: (0,0) (0,1) (0,0) (192.5990514817415,0) (192.5990514817415,1)
rf_1.idle:
[0]: (0,0) (0,1)
rp_1.idle:
[0]: (0,0) (0,1) (191.5990514817415,1) (191.5990514817415,0)
rd_1.idle:
[0]: (0,0) (0,1)
[2K
Verifying formula 7 at /nta/queries/query[7]/formula
 -- Formula: Pr[<=700](<>!rm_1.idle || !rf_1.idle || !rp_1.idle || !rd_1.idle)
[2K -- Formula is satisfied.
(72/72 runs) Pr(<> …) in [0.950056,1] (95% CI)
Values in [0,0] mean=0 steps=2.22045e-16: 72
[2K
Verifying formula 8 at /nta/queries/query[8]/formula
 -- Formula: Pr[<=700]([] (Coffee_Delivery.end imply (rm_1.idle && rf_1.idle && rp_1.idle && rd_1.idle)))
[2K -- Aborted.
[2K
Verifying formula 9 at /nta/queries/query[9]/formula
 -- Formula: Pr[<=700] (<> pow(robPositionX[0] - kitchen[0], 2) + pow(robPositionY[0] - kitchen[1], 2) <= 900 )
[2K -- Formula is satisfied.
(72/72 runs) Pr(<> …) in [0.950056,1] (95% CI)
Values in [191.599,191.599] mean=191.599 steps=2.22045e-16: 72
[2K
Verifying formula 10 at /nta/queries/query[10]/formula
 -- Formula: Pr[<=700] (<> pow(robPositionX[0] - warehouse[0], 2) + pow(robPositionY[0] - warehouse[1], 2) <= 900 )
[2K -- Aborted.
[2K
Verifying formula 11 at /nta/queries/query[11]/formula
 -- Formula: Pr[<=700] (<> !isValidPosition(robPositionX[0], robPositionY[0]))
[2K -- Formula is satisfied.
(72/72 runs) Pr(<> …) in [0.950056,1] (95% CI)
Values in [0,0] mean=0 steps=2.22045e-16: 72
[2K
Verifying formula 12 at /nta/queries/query[12]/formula
 -- Formula: Pr[<=700] (<> currP > 2)
[2K -- Aborted.
