Options for the verification:
  Generating no trace
  Search order is breadth first
  Using conservative space optimisation
  Seed is 1784844859
  State space representation uses minimal constraint systems with future testing
  Using HashMap + Compress integers for discrete state storage
[2K
Verifying formula 1 at /nta/queries/query[1]/formula
 -- Formula: simulate[<=700]{Coffee_Delivery_robot_def.s1_start, Coffee_Delivery_robot_def.s1_end, Coffee_Delivery_robot_def.s2_start, Coffee_Delivery_robot_def.s2_end, Coffee_Delivery_robot_def.s3_start, Coffee_Delivery_robot_def.s3_end, Coffee_Delivery_robot_def.s4_start, Coffee_Delivery_robot_def.s4_end, Coffee_Delivery_robot_def.s5_start, Coffee_Delivery_robot_def.s5_end, Coffee_Delivery.end}
[2K -- Aborted.
Coffee_Delivery_robot_def.s1_start:
[0]: (0,0) (0,1) (0,0) (191.6178549442248,0)
Coffee_Delivery_robot_def.s1_end:
[0]: (0,0) (2,0) (2,1) (2,0) (191.6178549442248,0)
Coffee_Delivery_robot_def.s2_start:
[0]: (0,0) (2,0) (2,1) (2,0) (191.6178549442248,0)
Coffee_Delivery_robot_def.s2_end:
[0]: (0,0) (191.6178549442248,0) (191.6178549442248,1)
Coffee_Delivery_robot_def.s3_start:
[0]: (0,0) (191.6178549442248,0) (191.6178549442248,1)
Coffee_Delivery_robot_def.s3_end:
[0]: (0,0) (191.6178549442248,0)
Coffee_Delivery_robot_def.s4_start:
[0]: (0,0) (191.6178549442248,0)
Coffee_Delivery_robot_def.s4_end:
[0]: (0,0) (191.6178549442248,0)
Coffee_Delivery_robot_def.s5_start:
[0]: (0,0) (191.6178549442248,0)
Coffee_Delivery_robot_def.s5_end:
[0]: (0,0) (191.6178549442248,0)
Coffee_Delivery.end:
[0]: (0,0) (191.6178549442248,0)
[2K
Verifying formula 2 at /nta/queries/query[2]/formula
 -- Formula: Pr[<=700] (<> Coffee_Delivery.end)
[2K -- Aborted.
[2K
Verifying formula 3 at /nta/queries/query[3]/formula
 -- Formula: simulate[<=700]{robPositionX[0], robPositionY[0], batteryCharge[0], Coffee_Delivery.end}
[2K -- Aborted.
robPositionX[0]:
[0]: (0,0) (0,92.5) (2,92.5) (2,97.73313175708738) (3,97.73313175708738) (3,123.7285354798977) (4.018803462483243,123.7285354798977) (4.018803462483243,149.723939202708) (5.018803462483243,149.723939202708) (5.018803462483243,175.7193429255182) (6.018803462483243,175.7193429255182) (6.018803462483243,201.7147466483285) (7.018803462483243,201.7147466483285) (7.018803462483243,227.7101503711388) (8.018803462483243,227.7101503711388) (8.018803462483243,253.7055540939491) (9.018803462483243,253.7055540939491) (9.018803462483243,279.7009578167594) (10.01880346248324,279.7009578167594) (10.01880346248324,305.6963615395697) (11.01880346248324,305.6963615395697) (11.01880346248324,331.69176526238) (12.01880346248324,331.69176526238) (12.01880346248324,357.6871689851903) (13.01880346248324,357.6871689851903) (13.01880346248324,383.6825727080006) (14.01880346248324,383.6825727080006) (14.01880346248324,409.6779764308109) (15.01880346248324,409.6779764308109) (15.01880346248324,435.6733801536212) (16.01880346248324,435.6733801536212) (16.01880346248324,461.6687838764315) (17.01880346248324,461.6687838764315) (17.01880346248324,487.6641875992418) (18.01880346248324,487.6641875992418) (18.01880346248324,513.6595913220521) (19.01880346248324,513.6595913220521) (19.01880346248324,539.6549950448623) (20.01880346248324,539.6549950448623) (20.01880346248324,565.6503987676725) (21.01880346248324,565.6503987676725) (21.01880346248324,591.6458024904828) (22.01880346248324,591.6458024904828) (22.01880346248324,617.641206213293) (23.01880346248324,617.641206213293) (23.01880346248324,643.6366099361032) (24.01880346248324,643.6366099361032) (24.01880346248324,669.6320136589135) (25.01880346248324,669.6320136589135) (25.01880346248324,695.6274173817237) (26.01880346248324,695.6274173817237) (26.01880346248324,721.622821104534) (27.01880346248324,721.622821104534) (27.01880346248324,747.6182248273442) (28.01880346248324,747.6182248273442) (28.01880346248324,773.6136285501544) (29.01880346248324,773.6136285501544) (29.01880346248324,799.6090322729647) (30.01880346248324,799.6090322729647) (30.01880346248324,825.6044359957749) (31.01880346248324,825.6044359957749) (31.01880346248324,851.5998397185851) (32.01880346248324,851.5998397185851) (32.01880346248324,877.5952434413954) (33.01880346248324,877.5952434413954) (33.01880346248324,903.5906471642056) (34.01880346248324,903.5906471642056) (34.01880346248324,929.5860508870159) (35.01880346248324,929.5860508870159) (35.01880346248324,955.5814546098261) (36.01880346248324,955.5814546098261) (36.01880346248324,981.5768583326363) (37.01880346248324,981.5768583326363) (37.01880346248324,1007.572262055447) (38.01880346248324,1007.572262055447) (38.01880346248324,1033.567665778257) (39.01880346248324,1033.567665778257) (39.01880346248324,1059.563069501067) (40.01880346248324,1059.563069501067) (40.01880346248324,1085.558473223878) (41.01880346248324,1085.558473223878) (41.01880346248324,1111.553876946688) (42.01880346248324,1111.553876946688) (42.01880346248324,1137.549280669498) (43.01880346248324,1137.549280669498) (43.01880346248324,1163.544684392309) (44.01880346248324,1163.544684392309) (44.01880346248324,1189.540088115119) (45.01880346248324,1189.540088115119) (45.01880346248324,1215.535491837929) (46.01880346248324,1215.535491837929) (46.01880346248324,1241.53089556074) (47.01880346248324,1241.53089556074) (47.01880346248324,1267.52629928355) (48.01880346248324,1267.52629928355) (48.01880346248324,1293.52170300636) (49.01880346248324,1293.52170300636) (49.01880346248324,1319.517106729171) (50.01880346248324,1319.517106729171) (50.01880346248324,1345.512510451981) (51.01880346248324,1345.512510451981) (51.01880346248324,1371.507914174791) (52.01880346248324,1371.507914174791) (52.01880346248324,1397.503317897602) (53.01880346248324,1397.503317897602) (53.01880346248324,1423.498721620412) (54.01880346248324,1423.498721620412) (54.01880346248324,1452) (55.01880346248324,1452) (55.01880346248324,1478) (56.01880346248324,1478) (56.01880346248324,1504) (57.01880346248324,1504) (57.01880346248324,1530) (58.01880346248324,1530) (58.01880346248324,1556) (59.01880346248324,1556) (59.01880346248324,1582) (60.01880346248324,1582) (60.01880346248324,1608) (61.01880346248324,1608) (61.01880346248324,1634) (62.01880346248324,1634) (62.01880346248324,1660) (63.01880346248324,1660) (63.01880346248324,1686) (64.01880346248325,1686) (64.01880346248325,1712) (65.01880346248325,1712) (65.01880346248325,1738) (66.01880346248325,1738) (66.01880346248325,1764) (67.01880346248325,1764) (67.01880346248325,1790) (68.01880346248325,1790) (68.01880346248325,1816) (69.01880346248325,1816) (69.01880346248325,1842) (70.01880346248325,1842) (70.01880346248325,1868) (71.01880346248325,1868) (71.01880346248325,1894) (72.01880346248325,1894) (72.01880346248325,1920) (73.01880346248325,1920) (73.01880346248325,1946) (74.01880346248325,1946) (74.01880346248325,1972) (75.01880346248325,1972) (75.01880346248325,1998) (76.01880346248325,1998) (76.01880346248325,2024) (77.01880346248325,2024) (77.01880346248325,2050) (78.01880346248325,2050) (78.01880346248325,2076) (79.01880346248325,2076) (79.01880346248325,2102) (80.01880346248325,2102) (80.01880346248325,2128) (81.01880346248325,2128) (81.01880346248325,2154) (82.01880346248325,2154) (82.01880346248325,2180) (83.01880346248325,2180) (83.01880346248325,2206) (84.01880346248325,2206) (84.01880346248325,2232) (85.01880346248325,2232) (85.01880346248325,2258) (86.01880346248325,2258) (86.01880346248325,2284) (87.01880346248325,2284) (87.01880346248325,2310) (88.01880346248325,2310) (88.01880346248325,2336) (89.01880346248325,2336) (89.01880346248325,2362) (90.01880346248325,2362) (90.01880346248325,2388) (91.01880346248325,2388) (91.01880346248325,2414) (92.01880346248325,2414) (92.01880346248325,2440) (93.01880346248325,2440) (93.01880346248325,2466) (94.01880346248325,2466) (94.01880346248325,2492) (95.01880346248325,2492) (95.01880346248325,2518) (96.01880346248325,2518) (96.01880346248325,2544) (97.01880346248325,2544) (97.01880346248325,2570) (98.01880346248325,2570) (98.01880346248325,2596) (99.01880346248325,2596) (99.01880346248325,2622) (100.0188034624832,2622) (100.0188034624832,2648) (101.0188034624832,2648) (101.0188034624832,2674) (102.0188034624832,2674) (102.0188034624832,2700) (103.0188034624832,2700) (103.0188034624832,2726) (104.0188034624832,2726) (104.0188034624832,2752) (105.0188034624832,2752) (105.0188034624832,2778) (106.0188034624832,2778) (106.0188034624832,2804) (107.0188034624832,2804) (107.0188034624832,2830) (108.0188034624832,2830) (108.0188034624832,2856) (109.0188034624832,2856) (109.0188034624832,2882) (110.0188034624832,2882) (110.0188034624832,2908) (111.0188034624832,2908) (111.0188034624832,2934) (112.0188034624832,2934) (112.0188034624832,2960) (113.0188034624832,2960) (113.0188034624832,2986) (114.0188034624832,2986) (114.0188034624832,3012) (115.0188034624832,3012) (115.0188034624832,3038) (116.0188034624832,3038) (116.0188034624832,3062.5) (117.0188034624832,3062.5) (117.0188034624832,3088.5) (118.0188034624832,3088.5) (118.0188034624832,3114.5) (119.0188034624832,3114.5) (119.0188034624832,3140.5) (120.0188034624832,3140.5) (120.0188034624832,3166.5) (121.0188034624832,3166.5) (121.0188034624832,3192.5) (122.0188034624832,3192.5) (122.0188034624832,3218.5) (123.0188034624832,3218.5) (123.0188034624832,3244.5) (124.0188034624832,3244.5) (124.0188034624832,3270.5) (125.0188034624832,3270.5) (125.0188034624832,3296.5) (126.0188034624832,3296.5) (126.0188034624832,3322.5) (127.0188034624832,3322.5) (127.0188034624832,3348.5) (128.0188034624832,3348.5) (128.0188034624832,3374.5) (129.0188034624832,3374.5) (129.0188034624832,3400.5) (130.0188034624832,3400.5) (130.0188034624832,3426.5) (131.0188034624832,3426.5) (131.0188034624832,3452.5) (132.0188034624832,3452.5) (132.0188034624832,3478.5) (133.0188034624832,3478.5) (133.0188034624832,3504.5) (134.0188034624832,3504.5) (134.0188034624832,3530.5) (135.0188034624832,3530.5) (135.0188034624832,3556.5) (136.0188034624832,3556.5) (136.0188034624832,3582.5) (137.0188034624832,3582.5) (137.0188034624832,3608.5) (138.0188034624832,3608.5) (138.0188034624832,3634.5) (139.0188034624832,3634.5) (139.0188034624832,3660.5) (140.0188034624832,3660.5) (140.0188034624832,3686.5) (141.0188034624832,3686.5) (141.0188034624832,3712.5) (142.0188034624832,3712.5) (142.0188034624832,3738.5) (143.0188034624832,3738.5) (143.0188034624832,3764.5) (144.0188034624832,3764.5) (144.0188034624832,3790.5) (145.0188034624832,3790.5) (145.0188034624832,3816.5) (146.0188034624832,3816.5) (146.0188034624832,3842.5) (147.0188034624832,3842.5) (147.0188034624832,3868.5) (148.0188034624832,3868.5) (148.0188034624832,3894.5) (149.0188034624832,3894.5) (149.0188034624832,3920.5) (150.0188034624832,3920.5) (150.0188034624832,3946.5) (151.0188034624832,3946.5) (151.0188034624832,3972.5) (152.0188034624832,3972.5) (152.0188034624832,3998.5) (153.0188034624832,3998.5) (153.0188034624832,4024.5) (154.0188034624832,4024.5) (154.0188034624832,4050.5) (155.0188034624832,4050.5) (155.0188034624832,4076.5) (156.0188034624832,4076.5) (156.0188034624832,4102.5) (157.0188034624832,4102.5) (157.0188034624832,4128.5) (158.0188034624832,4128.5) (158.0188034624832,4154.5) (159.0188034624832,4154.5) (159.0188034624832,4180.5) (160.0188034624832,4180.5) (160.0188034624832,4206.5) (161.0188034624832,4206.5) (161.0188034624832,4232.5) (162.0188034624832,4232.5) (162.0188034624832,4258.5) (163.0188034624832,4258.5) (163.0188034624832,4284.5) (164.0188034624832,4284.5) (164.0188034624832,4310.5) (165.0188034624832,4310.5) (165.0188034624832,4336.5) (166.0188034624832,4336.5) (166.0188034624832,4362.5) (167.0188034624832,4362.5) (167.0188034624832,4388.5) (168.0188034624832,4388.5) (168.0188034624832,4417) (170.6178549442248,4417) (170.6178549442248,4416.265463717128) (171.6178549442248,4416.265463717128) (171.6178549442248,4415.530927434256) (172.6178549442248,4415.530927434256) (172.6178549442248,4414.796391151384) (173.6178549442248,4414.796391151384) (173.6178549442248,4414.061854868512) (174.6178549442248,4414.061854868512) (174.6178549442248,4413.327318585641) (175.6178549442248,4413.327318585641) (175.6178549442248,4412.592782302769) (176.6178549442248,4412.592782302769) (176.6178549442248,4411.858246019897) (177.6178549442248,4411.858246019897) (177.6178549442248,4411.123709737025) (178.6178549442248,4411.123709737025) (178.6178549442248,4410.389173454153) (179.6178549442248,4410.389173454153) (179.6178549442248,4409.654637171281) (180.6178549442248,4409.654637171281) (180.6178549442248,4408.920100888409) (181.6178549442248,4408.920100888409) (181.6178549442248,4408.185564605537) (182.6178549442248,4408.185564605537) (182.6178549442248,4407.451028322665) (183.6178549442248,4407.451028322665) (183.6178549442248,4406.716492039794) (184.6178549442248,4406.716492039794) (184.6178549442248,4405.981955756922) (185.6178549442248,4405.981955756922) (185.6178549442248,4405.24741947405) (186.6178549442248,4405.24741947405) (186.6178549442248,4404.512883191178) (187.6178549442248,4404.512883191178) (187.6178549442248,4403.778346908306) (188.6178549442248,4403.778346908306) (188.6178549442248,4403.043810625434) (189.6178549442248,4403.043810625434) (189.6178549442248,4402.309274342562) (190.6178549442248,4402.309274342562) (190.6178549442248,4401.57473805969) (191.6178549442248,4401.57473805969) (191.6178549442248,4400.840201776819)
robPositionY[0]:
[0]: (0,0) (0,163.5) (2,163.5) (2,188.9679078844919) (3,188.9679078844919) (3,188.479046668909) (4.018803462483243,188.479046668909) (4.018803462483243,187.9901854533261) (5.018803462483243,187.9901854533261) (5.018803462483243,187.5013242377432) (6.018803462483243,187.5013242377432) (6.018803462483243,187.0124630221603) (7.018803462483243,187.0124630221603) (7.018803462483243,186.5236018065774) (8.018803462483243,186.5236018065774) (8.018803462483243,186.0347405909945) (9.018803462483243,186.0347405909945) (9.018803462483243,185.5458793754117) (10.01880346248324,185.5458793754117) (10.01880346248324,185.0570181598288) (11.01880346248324,185.0570181598288) (11.01880346248324,184.5681569442459) (12.01880346248324,184.5681569442459) (12.01880346248324,184.079295728663) (13.01880346248324,184.079295728663) (13.01880346248324,183.5904345130801) (14.01880346248324,183.5904345130801) (14.01880346248324,183.1015732974972) (15.01880346248324,183.1015732974972) (15.01880346248324,182.6127120819143) (16.01880346248324,182.6127120819143) (16.01880346248324,182.1238508663315) (17.01880346248324,182.1238508663315) (17.01880346248324,181.6349896507486) (18.01880346248324,181.6349896507486) (18.01880346248324,181.1461284351657) (19.01880346248324,181.1461284351657) (19.01880346248324,180.6572672195828) (20.01880346248324,180.6572672195828) (20.01880346248324,180.1684060039999) (21.01880346248324,180.1684060039999) (21.01880346248324,179.679544788417) (22.01880346248324,179.679544788417) (22.01880346248324,179.1906835728341) (23.01880346248324,179.1906835728341) (23.01880346248324,178.7018223572512) (24.01880346248324,178.7018223572512) (24.01880346248324,178.2129611416684) (25.01880346248324,178.2129611416684) (25.01880346248324,177.7240999260855) (26.01880346248324,177.7240999260855) (26.01880346248324,177.2352387105026) (27.01880346248324,177.2352387105026) (27.01880346248324,176.7463774949197) (28.01880346248324,176.7463774949197) (28.01880346248324,176.2575162793368) (29.01880346248324,176.2575162793368) (29.01880346248324,175.7686550637539) (30.01880346248324,175.7686550637539) (30.01880346248324,175.279793848171) (31.01880346248324,175.279793848171) (31.01880346248324,174.7909326325882) (32.01880346248324,174.7909326325882) (32.01880346248324,174.3020714170053) (33.01880346248324,174.3020714170053) (33.01880346248324,173.8132102014224) (34.01880346248324,173.8132102014224) (34.01880346248324,173.3243489858395) (35.01880346248324,173.3243489858395) (35.01880346248324,172.8354877702566) (36.01880346248324,172.8354877702566) (36.01880346248324,172.3466265546737) (37.01880346248324,172.3466265546737) (37.01880346248324,171.8577653390908) (38.01880346248324,171.8577653390908) (38.01880346248324,171.3689041235079) (39.01880346248324,171.3689041235079) (39.01880346248324,170.8800429079251) (40.01880346248324,170.8800429079251) (40.01880346248324,170.3911816923422) (41.01880346248324,170.3911816923422) (41.01880346248324,169.9023204767593) (42.01880346248324,169.9023204767593) (42.01880346248324,169.4134592611764) (43.01880346248324,169.4134592611764) (43.01880346248324,168.9245980455935) (44.01880346248324,168.9245980455935) (44.01880346248324,168.4357368300106) (45.01880346248324,168.4357368300106) (45.01880346248324,167.9468756144277) (46.01880346248324,167.9468756144277) (46.01880346248324,167.4580143988449) (47.01880346248324,167.4580143988449) (47.01880346248324,166.969153183262) (48.01880346248324,166.969153183262) (48.01880346248324,166.4802919676791) (49.01880346248324,166.4802919676791) (49.01880346248324,165.9914307520962) (50.01880346248324,165.9914307520962) (50.01880346248324,165.5025695365133) (51.01880346248324,165.5025695365133) (51.01880346248324,165.0137083209304) (52.01880346248324,165.0137083209304) (52.01880346248324,164.5248471053475) (53.01880346248324,164.5248471053475) (53.01880346248324,164.0359858897646) (54.01880346248324,164.0359858897646) (54.01880346248324,163.5) (170.6178549442248,163.5) (170.6178549442248,189.4896220913107) (171.6178549442248,189.4896220913107) (171.6178549442248,215.4792441826214) (172.6178549442248,215.4792441826214) (172.6178549442248,241.4688662739321) (173.6178549442248,241.4688662739321) (173.6178549442248,267.4584883652428) (174.6178549442248,267.4584883652428) (174.6178549442248,293.4481104565535) (175.6178549442248,293.4481104565535) (175.6178549442248,319.4377325478642) (176.6178549442248,319.4377325478642) (176.6178549442248,345.427354639175) (177.6178549442248,345.427354639175) (177.6178549442248,371.4169767304857) (178.6178549442248,371.4169767304857) (178.6178549442248,397.4065988217964) (179.6178549442248,397.4065988217964) (179.6178549442248,423.3962209131071) (180.6178549442248,423.3962209131071) (180.6178549442248,449.3858430044178) (181.6178549442248,449.3858430044178) (181.6178549442248,475.3754650957285) (182.6178549442248,475.3754650957285) (182.6178549442248,501.3650871870392) (183.6178549442248,501.3650871870392) (183.6178549442248,527.3547092783499) (184.6178549442248,527.3547092783499) (184.6178549442248,553.3443313696606) (185.6178549442248,553.3443313696606) (185.6178549442248,579.3339534609713) (186.6178549442248,579.3339534609713) (186.6178549442248,605.323575552282) (187.6178549442248,605.323575552282) (187.6178549442248,631.3131976435927) (188.6178549442248,631.3131976435927) (188.6178549442248,657.3028197349034) (189.6178549442248,657.3028197349034) (189.6178549442248,683.2924418262141) (190.6178549442248,683.2924418262141) (190.6178549442248,709.2820639175249) (191.6178549442248,709.2820639175249) (191.6178549442248,735.2716860088356)
batteryCharge[0]:
[0]: (0,100)
Coffee_Delivery.end:
[0]: (0,0) (191.6178549442248,0)
[2K
Verifying formula 4 at /nta/queries/query[4]/formula
 -- Formula: simulate[<=700]{robot_inventory[0][0], Coffee_Delivery.end*2}
[2K -- Aborted.
robot_inventory[0][0]:
[0]: (0,0)
Coffee_Delivery.end * 2:
[0]: (0,0) (191.6178549442248,0)
[2K
Verifying formula 5 at /nta/queries/query[5]/formula
 -- Formula: simulate[<=700]{bedroom[0], bedroom[1], kitchen[0], kitchen[1]}
[2K -- Aborted.
bedroom[0]:
[0]: (0,100)
bedroom[1]:
[0]: (0,200)
kitchen[0]:
[0]: (0,4400)
kitchen[1]:
[0]: (0,765)
[2K
Verifying formula 6 at /nta/queries/query[6]/formula
 -- Formula: simulate[<=700]{rm_1.idle, rf_1.idle, rp_1.idle, rd_1.idle}
[2K -- Aborted.
rm_1.idle:
[0]: (0,0) (0,1) (0,0) (192.6178549442248,0) (192.6178549442248,1)
rf_1.idle:
[0]: (0,0) (0,1)
rp_1.idle:
[0]: (0,0) (0,1) (191.6178549442248,1) (191.6178549442248,0)
rd_1.idle:
[0]: (0,0) (0,1)
[2K
Verifying formula 7 at /nta/queries/query[7]/formula
 -- Formula: Pr[<=700](<>!rm_1.idle || !rf_1.idle || !rp_1.idle || !rd_1.idle)
[2K -- Formula is satisfied.
(72/72 runs) Pr(<> …) in [0.950056,1] (95% CI)
Values in [0,0] mean=0 steps=2.22045e-16: 72
[2K
Verifying formula 8 at /nta/queries/query[8]/formula
 -- Formula: Pr[<=700]([] (Coffee_Delivery.end imply (rm_1.idle && rf_1.idle && rp_1.idle && rd_1.idle)))
[2K -- Aborted.
[2K
Verifying formula 9 at /nta/queries/query[9]/formula
 -- Formula: Pr[<=700] (<> pow(robPositionX[0] - kitchen[0], 2) + pow(robPositionY[0] - kitchen[1], 2) <= 900 )
[2K -- Formula is satisfied.
(72/72 runs) Pr(<> …) in [0.950056,1] (95% CI)
Values in [191.618,191.618] mean=191.618 steps=2.22045e-16: 72
[2K
Verifying formula 10 at /nta/queries/query[10]/formula
 -- Formula: Pr[<=700] (<> pow(robPositionX[0] - bedroom[0], 2) + pow(robPositionY[0] - bedroom[1], 2) <= 900 )
[2K -- Formula is satisfied.
(72/72 runs) Pr(<> …) in [0.950056,1] (95% CI)
Values in [2,2] mean=2 steps=2.22045e-16: 72
[2K
Verifying formula 11 at /nta/queries/query[11]/formula
 -- Formula: Pr[<=700] (<> !isValidPosition(robPositionX[0], robPositionY[0]))
[2K -- Formula is satisfied.
(72/72 runs) Pr(<> …) in [0.950056,1] (95% CI)
Values in [0,0] mean=0 steps=2.22045e-16: 72
[2K
Verifying formula 12 at /nta/queries/query[12]/formula
 -- Formula: Pr[<=700] (<> currP > 2)
[2K -- Aborted.
