Options for the verification:
  Generating no trace
  Search order is breadth first
  Using conservative space optimisation
  Seed is 1784947577
  State space representation uses minimal constraint systems with future testing
  Using HashMap + Compress integers for discrete state storage
[2K
Verifying formula 1 at /nta/queries/query[1]/formula
 -- Formula: simulate[<=700]{user_guided_transport_human1_def.s1_start, user_guided_transport_human1_def.s1_end, user_guided_transport_human1_def.s2_start, user_guided_transport_human1_def.s2_idle, user_guided_transport_human1_def.s3_start, user_guided_transport_human1_def.s3_end, user_guided_transport.end}
[2K -- Formula is satisfied.
user_guided_transport_human1_def.s1_start:
[0]: (0,0) (0,1) (0,0) (700,0)
user_guided_transport_human1_def.s1_end:
[0]: (0,0) (1,0) (1,1) (2,1) (2,0) (700,0)
user_guided_transport_human1_def.s2_start:
[0]: (0,0) (2,0) (2,1) (2,0) (700,0)
user_guided_transport_human1_def.s2_idle:
[0]: (0,0) (2,0) (2,1) (8.265157621249376,1) (8.265157621249376,0) (700,0)
user_guided_transport_human1_def.s3_start:
[0]: (0,0) (8.265157621249376,0) (8.265157621249376,1) (8.265157621249376,0) (13.26515762124935,0) (13.26515762124935,1) (13.26515762124935,0) (18.26515762124934,0) (18.26515762124934,1) (18.26515762124934,0) (23.2651576212493,0) (23.2651576212493,1) (23.2651576212493,0) (28.26515762124927,0) (28.26515762124927,1) (28.26515762124927,0) (33.26515762124927,0) (33.26515762124927,1) (33.26515762124927,0) (38.26515762124941,0) (38.26515762124941,1) (38.26515762124941,0) (43.26515762124954,0) (43.26515762124954,1) (43.26515762124954,0) (48.26515762124965,0) (48.26515762124965,1) (48.26515762124965,0) (53.26515762124976,0) (53.26515762124976,1) (53.26515762124976,0) (58.26515762124986,0) (58.26515762124986,1) (58.26515762124986,0) (63.26515762124997,0) (63.26515762124997,1) (63.26515762124997,0) (68.26515762125004,0) (68.26515762125004,1) (68.26515762125004,0) (73.26515762125004,0) (73.26515762125004,1) (73.26515762125004,0) (78.26515762124986,0) (78.26515762124986,1) (78.26515762124986,0) (83.26515762125007,0) (83.26515762125007,1) (83.26515762125007,0) (88.26515762125028,0) (88.26515762125028,1) (88.26515762125028,0) (93.26515762125049,0) (93.26515762125049,1) (93.26515762125049,0) (98.26515762125027,0) (98.26515762125027,1) (98.26515762125027,0) (103.26515762125,0) (103.26515762125,1) (103.26515762125,0) (108.2651576212496,0) (108.2651576212496,1) (108.2651576212496,0) (113.2651576212493,0) (113.2651576212493,1) (113.2651576212493,0) (118.2651576212489,0) (118.2651576212489,1) (118.2651576212489,0) (123.2651576212485,0) (123.2651576212485,1) (123.2651576212485,0) (128.2651576212483,0) (128.2651576212483,1) (128.2651576212483,0) (133.2651576212487,0) (133.2651576212487,1) (133.2651576212487,0) (138.2651576212492,0) (138.2651576212492,1) (138.2651576212492,0) (143.2651576212496,0) (143.2651576212496,1) (143.2651576212496,0) (148.2651576212498,0) (148.2651576212498,1) (148.2651576212498,0) (153.2651576212501,0) (153.2651576212501,1) (153.2651576212501,0) (158.2651576212504,0) (158.2651576212504,1) (158.2651576212504,0) (163.2651576212507,0) (163.2651576212507,1) (163.2651576212507,0) (168.2651576212511,0) (168.2651576212511,1) (168.2651576212511,0) (173.2651576212515,0) (173.2651576212515,1) (173.2651576212515,0) (178.2651576212519,0) (178.2651576212519,1) (178.2651576212519,0) (183.2651576212522,0) (183.2651576212522,1) (183.2651576212522,0) (188.2651576212526,0) (188.2651576212526,1) (188.2651576212526,0) (193.2651576212531,0) (193.2651576212531,1) (193.2651576212531,0) (700,0)
user_guided_transport_human1_def.s3_end:
[0]: (0,0) (193.2651576212531,0) (193.2651576212531,1) (198.8830125654784,1) (198.8830125654784,0) (700,0)
user_guided_transport.end:
[0]: (0,0) (200.8830125654775,0) (200.8830125654775,1) (700,1)
[2K
Verifying formula 2 at /nta/queries/query[2]/formula
 -- Formula: simulate[<=700]{user_guided_transport_robot1_def.s1_start, user_guided_transport_robot1_def.s1_end, user_guided_transport_robot1_def.s2_start, user_guided_transport_robot1_def.s2_end, user_guided_transport_robot1_def.s3_start, user_guided_transport_robot1_def.s3_end, user_guided_transport.end}
[2K -- Formula is satisfied.
user_guided_transport_robot1_def.s1_start:
[0]: (0,0) (0,1) (0,0) (700,0)
user_guided_transport_robot1_def.s1_end:
[0]: (0,0) (2,0) (2,1) (2,0) (700,0)
user_guided_transport_robot1_def.s2_start:
[0]: (0,0) (2,0) (2,1) (2,0) (700,0)
user_guided_transport_robot1_def.s2_end:
[0]: (0,0) (8.322803645424692,0) (8.322803645424692,1) (8.322803645424692,0) (700,0)
user_guided_transport_robot1_def.s3_start:
[0]: (0,0) (8.322803645424692,0) (8.322803645424692,1) (8.322803645424692,0) (700,0)
user_guided_transport_robot1_def.s3_end:
[0]: (0,0) (198.9406585896486,0) (198.9406585896486,1) (198.9406585896486,0) (700,0)
user_guided_transport.end:
[0]: (0,0) (200.9406585896477,0) (200.9406585896477,1) (700,1)
[2K
Verifying formula 3 at /nta/queries/query[3]/formula
 -- Formula: Pr[<=700] (<> user_guided_transport.end)
[2K -- Formula is satisfied.
(72/72 runs) Pr(<> …) in [0.950056,1] (95% CI)
Values in [199.693,204.569] mean=202.032 steps=0.541695: 9 11 7 10 7 5 6 4 13
[2K
Verifying formula 4 at /nta/queries/query[4]/formula
 -- Formula: simulate[<=700]{humanPositionX[0], humanPositionY[0], robPositionX[0], robPositionY[0], batteryCharge[0], user_guided_transport.end}
[2K -- Formula is satisfied.
humanPositionX[0]:
[0]: (0,0) (0,92.5) (1,92.5) (1,97.73313175708738) (10.71129966603403,97.73313175708738) (10.71129966603403,123.7285354798977) (11.71129966603403,123.7285354798977) (11.71129966603403,149.723939202708) (12.71129966603403,149.723939202708) (12.71129966603403,175.7193429255182) (13.71129966603402,175.7193429255182) (13.71129966603402,201.7147466483285) (14.71129966603402,201.7147466483285) (14.71129966603402,227.7101503711388) (15.71129966603401,227.7101503711388) (15.71129966603401,253.7055540939491) (16.71129966603401,253.7055540939491) (16.71129966603401,279.7009578167594) (17.71129966603402,279.7009578167594) (17.71129966603402,305.6963615395697) (18.71129966603401,305.6963615395697) (18.71129966603401,331.69176526238) (19.711299666034,331.69176526238) (19.711299666034,357.6871689851903) (20.71129966603399,357.6871689851903) (20.71129966603399,383.6825727080006) (21.71129966603398,383.6825727080006) (21.71129966603398,409.6779764308109) (22.71129966603397,409.6779764308109) (22.71129966603397,435.6733801536212) (23.71129966603396,435.6733801536212) (23.71129966603396,461.6687838764315) (24.71129966603395,461.6687838764315) (24.71129966603395,487.6641875992418) (25.71129966603394,487.6641875992418) (25.71129966603394,513.6595913220521) (26.71129966603393,513.6595913220521) (26.71129966603393,539.6549950448623) (27.71129966603392,539.6549950448623) (27.71129966603392,565.6503987676725) (28.71129966603391,565.6503987676725) (28.71129966603391,591.6458024904828) (29.7112996660339,591.6458024904828) (29.7112996660339,617.641206213293) (30.71129966603388,617.641206213293) (30.71129966603388,643.6366099361032) (31.71129966603387,643.6366099361032) (31.71129966603387,669.6320136589135) (32.71129966603389,669.6320136589135) (32.71129966603389,695.6274173817237) (33.71129966603391,695.6274173817237) (33.71129966603391,721.622821104534) (34.71129966603393,721.622821104534) (34.71129966603393,747.6182248273442) (35.71129966603395,747.6182248273442) (35.71129966603395,773.6136285501544) (36.71129966603397,773.6136285501544) (36.71129966603397,799.6090322729647) (37.71129966603399,799.6090322729647) (37.71129966603399,825.6044359957749) (38.71129966603402,825.6044359957749) (38.71129966603402,851.5998397185851) (39.71129966603404,851.5998397185851) (39.71129966603404,877.5952434413954) (40.71129966603406,877.5952434413954) (40.71129966603406,903.5906471642056) (41.71129966603408,903.5906471642056) (41.71129966603408,929.5860508870159) (42.7112996660341,929.5860508870159) (42.7112996660341,955.5814546098261) (43.71129966603412,955.5814546098261) (43.71129966603412,981.5768583326363) (44.71129966603412,981.5768583326363) (44.71129966603412,1007.572262055447) (45.71129966603412,1007.572262055447) (45.71129966603412,1033.567665778257) (46.71129966603412,1033.567665778257) (46.71129966603412,1059.563069501067) (47.71129966603412,1059.563069501067) (47.71129966603412,1085.558473223878) (48.71129966603412,1085.558473223878) (48.71129966603412,1111.553876946688) (49.71129966603412,1111.553876946688) (49.71129966603412,1137.549280669498) (50.71129966603412,1137.549280669498) (50.71129966603412,1163.544684392309) (51.71129966603412,1163.544684392309) (51.71129966603412,1189.540088115119) (52.71129966603412,1189.540088115119) (52.71129966603412,1215.535491837929) (53.71129966603412,1215.535491837929) (53.71129966603412,1241.53089556074) (54.71129966603412,1241.53089556074) (54.71129966603412,1267.52629928355) (55.71129966603412,1267.52629928355) (55.71129966603412,1293.52170300636) (56.71129966603412,1293.52170300636) (56.71129966603412,1319.517106729171) (57.71129966603412,1319.517106729171) (57.71129966603412,1345.512510451981) (58.71129966603412,1345.512510451981) (58.71129966603412,1371.507914174791) (59.71129966603412,1371.507914174791) (59.71129966603412,1397.503317897602) (60.71129966603412,1397.503317897602) (60.71129966603412,1423.498721620412) (61.71129966603412,1423.498721620412) (61.71129966603412,1478) (62.71129966603412,1478) (62.71129966603412,1504) (63.71129966603412,1504) (63.71129966603412,1530) (64.71129966603412,1530) (64.71129966603412,1556) (65.71129966603412,1556) (65.71129966603412,1582) (66.71129966603412,1582) (66.71129966603412,1608) (67.71129966603412,1608) (67.71129966603412,1634) (68.71129966603412,1634) (68.71129966603412,1660) (69.71129966603412,1660) (69.71129966603412,1686) (70.71129966603412,1686) (70.71129966603412,1712) (71.71129966603412,1712) (71.71129966603412,1738) (72.71129966603412,1738) (72.71129966603412,1764) (73.71129966603412,1764) (73.71129966603412,1790) (74.71129966603408,1790) (74.71129966603408,1816) (75.71129966603402,1816) (75.71129966603402,1842) (76.71129966603397,1842) (76.71129966603397,1868) (77.71129966603391,1868) (77.71129966603391,1894) (78.71129966603385,1894) (78.71129966603385,1920) (79.7112996660338,1920) (79.7112996660338,1946) (80.71129966603374,1946) (80.71129966603374,1972) (81.71129966603368,1972) (81.71129966603368,1998) (82.71129966603363,1998) (82.71129966603363,2024) (83.71129966603357,2024) (83.71129966603357,2050) (84.71129966603351,2050) (84.71129966603351,2076) (85.71129966603345,2076) (85.71129966603345,2102) (86.7112996660334,2102) (86.7112996660334,2128) (87.71129966603334,2128) (87.71129966603334,2154) (88.71129966603328,2154) (88.71129966603328,2180) (89.71129966603323,2180) (89.71129966603323,2206) (90.71129966603317,2206) (90.71129966603317,2232) (91.71129966603311,2232) (91.71129966603311,2258) (92.71129966603306,2258) (92.71129966603306,2284) (93.711299666033,2284) (93.711299666033,2310) (94.71129966603293,2310) (94.71129966603293,2336) (95.71129966603297,2336) (95.71129966603297,2362) (96.711299666033,2362) (96.711299666033,2388) (97.71129966603303,2388) (97.71129966603303,2414) (98.71129966603306,2414) (98.71129966603306,2440) (99.71129966603309,2440) (99.71129966603309,2466) (100.7112996660331,2466) (100.7112996660331,2492) (101.7112996660332,2492) (101.7112996660332,2518) (102.7112996660332,2518) (102.7112996660332,2544) (103.7112996660333,2544) (103.7112996660333,2570) (104.7112996660333,2570) (104.7112996660333,2596) (105.7112996660333,2596) (105.7112996660333,2622) (106.7112996660334,2622) (106.7112996660334,2648) (107.7112996660334,2648) (107.7112996660334,2674) (108.7112996660335,2674) (108.7112996660335,2700) (109.7112996660335,2700) (109.7112996660335,2726) (110.7112996660336,2726) (110.7112996660336,2752) (111.7112996660336,2752) (111.7112996660336,2778) (112.7112996660336,2778) (112.7112996660336,2804) (113.7112996660337,2804) (113.7112996660337,2830) (114.7112996660337,2830) (114.7112996660337,2856) (115.7112996660338,2856) (115.7112996660338,2882) (116.7112996660338,2882) (116.7112996660338,2908) (117.7112996660339,2908) (117.7112996660339,2934) (118.7112996660339,2934) (118.7112996660339,2960) (119.7112996660339,2960) (119.7112996660339,2986) (120.711299666034,2986) (120.711299666034,3012) (121.711299666034,3012) (121.711299666034,3038) (122.7112996660341,3038) (122.7112996660341,3088.5) (123.7112996660341,3088.5) (123.7112996660341,3114.5) (124.7112996660342,3114.5) (124.7112996660342,3140.5) (125.7112996660342,3140.5) (125.7112996660342,3166.5) (126.7112996660342,3166.5) (126.7112996660342,3192.5) (127.7112996660342,3192.5) (127.7112996660342,3218.5) (128.7112996660343,3218.5) (128.7112996660343,3244.5) (129.7112996660344,3244.5) (129.7112996660344,3270.5) (130.7112996660345,3270.5) (130.7112996660345,3296.5) (131.7112996660346,3296.5) (131.7112996660346,3322.5) (132.7112996660347,3322.5) (132.7112996660347,3348.5) (133.7112996660348,3348.5) (133.7112996660348,3374.5) (134.7112996660349,3374.5) (134.7112996660349,3400.5) (135.711299666035,3400.5) (135.711299666035,3426.5) (136.7112996660351,3426.5) (136.7112996660351,3452.5) (137.7112996660352,3452.5) (137.7112996660352,3478.5) (138.7112996660353,3478.5) (138.7112996660353,3504.5) (139.7112996660354,3504.5) (139.7112996660354,3530.5) (140.7112996660355,3530.5) (140.7112996660355,3556.5) (141.7112996660356,3556.5) (141.7112996660356,3582.5) (142.7112996660357,3582.5) (142.7112996660357,3608.5) (143.7112996660358,3608.5) (143.7112996660358,3634.5) (144.7112996660359,3634.5) (144.7112996660359,3660.5) (145.711299666036,3660.5) (145.711299666036,3686.5) (146.7112996660362,3686.5) (146.7112996660362,3712.5) (147.7112996660363,3712.5) (147.7112996660363,3738.5) (148.7112996660364,3738.5) (148.7112996660364,3764.5) (149.7112996660365,3764.5) (149.7112996660365,3790.5) (150.7112996660366,3790.5) (150.7112996660366,3816.5) (151.7112996660367,3816.5) (151.7112996660367,3842.5) (152.7112996660368,3842.5) (152.7112996660368,3868.5) (153.711299666037,3868.5) (153.711299666037,3894.5) (154.7112996660371,3894.5) (154.7112996660371,3920.5) (155.7112996660372,3920.5) (155.7112996660372,3946.5) (156.7112996660373,3946.5) (156.7112996660373,3972.5) (157.7112996660374,3972.5) (157.7112996660374,3998.5) (158.7112996660375,3998.5) (158.7112996660375,4024.5) (159.7112996660376,4024.5) (159.7112996660376,4050.5) (160.7112996660377,4050.5) (160.7112996660377,4076.5) (161.7112996660379,4076.5) (161.7112996660379,4102.5) (162.711299666038,4102.5) (162.711299666038,4128.5) (163.7112996660381,4128.5) (163.7112996660381,4154.5) (164.7112996660382,4154.5) (164.7112996660382,4180.5) (165.7112996660383,4180.5) (165.7112996660383,4206.5) (166.7112996660384,4206.5) (166.7112996660384,4232.5) (167.7112996660385,4232.5) (167.7112996660385,4258.5) (168.7112996660387,4258.5) (168.7112996660387,4284.5) (169.7112996660388,4284.5) (169.7112996660388,4310.5) (170.7112996660389,4310.5) (170.7112996660389,4336.5) (171.711299666039,4336.5) (171.711299666039,4362.5) (172.7112996660391,4362.5) (172.7112996660391,4388.5) (173.7112996660392,4388.5) (173.7112996660392,4416.265463717128) (174.7112996660393,4416.265463717128) (174.7112996660393,4415.530927434256) (175.7112996660395,4415.530927434256) (175.7112996660395,4414.796391151384) (176.7112996660396,4414.796391151384) (176.7112996660396,4414.061854868512) (177.7112996660397,4414.061854868512) (177.7112996660397,4413.327318585641) (178.7112996660398,4413.327318585641) (178.7112996660398,4412.592782302769) (179.7112996660399,4412.592782302769) (179.7112996660399,4411.858246019897) (180.71129966604,4411.858246019897) (180.71129966604,4411.123709737025) (181.7112996660401,4411.123709737025) (181.7112996660401,4410.389173454153) (182.7112996660402,4410.389173454153) (182.7112996660402,4409.654637171281) (183.7112996660404,4409.654637171281) (183.7112996660404,4408.920100888409) (184.7112996660405,4408.920100888409) (184.7112996660405,4408.185564605537) (185.7112996660406,4408.185564605537) (185.7112996660406,4407.451028322665) (186.7112996660407,4407.451028322665) (186.7112996660407,4406.716492039794) (187.7112996660408,4406.716492039794) (187.7112996660408,4405.981955756922) (188.7112996660409,4405.981955756922) (188.7112996660409,4405.24741947405) (189.711299666041,4405.24741947405) (189.711299666041,4404.512883191178) (190.7112996660412,4404.512883191178) (190.7112996660412,4403.778346908306) (191.7112996660413,4403.778346908306) (191.7112996660413,4403.043810625434) (192.7112996660414,4403.043810625434) (192.7112996660414,4402.309274342562) (193.7112996660415,4402.309274342562) (193.7112996660415,4401.57473805969) (194.7112996660416,4401.57473805969) (194.7112996660416,4400.840201776819) (700,4400.840201776819)
humanPositionY[0]:
[0]: (0,0) (0,163.5) (1,163.5) (1,188.9679078844919) (10.71129966603403,188.9679078844919) (10.71129966603403,188.479046668909) (11.71129966603403,188.479046668909) (11.71129966603403,187.9901854533261) (12.71129966603403,187.9901854533261) (12.71129966603403,187.5013242377432) (13.71129966603402,187.5013242377432) (13.71129966603402,187.0124630221603) (14.71129966603402,187.0124630221603) (14.71129966603402,186.5236018065774) (15.71129966603401,186.5236018065774) (15.71129966603401,186.0347405909945) (16.71129966603401,186.0347405909945) (16.71129966603401,185.5458793754117) (17.71129966603402,185.5458793754117) (17.71129966603402,185.0570181598288) (18.71129966603401,185.0570181598288) (18.71129966603401,184.5681569442459) (19.711299666034,184.5681569442459) (19.711299666034,184.079295728663) (20.71129966603399,184.079295728663) (20.71129966603399,183.5904345130801) (21.71129966603398,183.5904345130801) (21.71129966603398,183.1015732974972) (22.71129966603397,183.1015732974972) (22.71129966603397,182.6127120819143) (23.71129966603396,182.6127120819143) (23.71129966603396,182.1238508663315) (24.71129966603395,182.1238508663315) (24.71129966603395,181.6349896507486) (25.71129966603394,181.6349896507486) (25.71129966603394,181.1461284351657) (26.71129966603393,181.1461284351657) (26.71129966603393,180.6572672195828) (27.71129966603392,180.6572672195828) (27.71129966603392,180.1684060039999) (28.71129966603391,180.1684060039999) (28.71129966603391,179.679544788417) (29.7112996660339,179.679544788417) (29.7112996660339,179.1906835728341) (30.71129966603388,179.1906835728341) (30.71129966603388,178.7018223572512) (31.71129966603387,178.7018223572512) (31.71129966603387,178.2129611416684) (32.71129966603389,178.2129611416684) (32.71129966603389,177.7240999260855) (33.71129966603391,177.7240999260855) (33.71129966603391,177.2352387105026) (34.71129966603393,177.2352387105026) (34.71129966603393,176.7463774949197) (35.71129966603395,176.7463774949197) (35.71129966603395,176.2575162793368) (36.71129966603397,176.2575162793368) (36.71129966603397,175.7686550637539) (37.71129966603399,175.7686550637539) (37.71129966603399,175.279793848171) (38.71129966603402,175.279793848171) (38.71129966603402,174.7909326325882) (39.71129966603404,174.7909326325882) (39.71129966603404,174.3020714170053) (40.71129966603406,174.3020714170053) (40.71129966603406,173.8132102014224) (41.71129966603408,173.8132102014224) (41.71129966603408,173.3243489858395) (42.7112996660341,173.3243489858395) (42.7112996660341,172.8354877702566) (43.71129966603412,172.8354877702566) (43.71129966603412,172.3466265546737) (44.71129966603412,172.3466265546737) (44.71129966603412,171.8577653390908) (45.71129966603412,171.8577653390908) (45.71129966603412,171.3689041235079) (46.71129966603412,171.3689041235079) (46.71129966603412,170.8800429079251) (47.71129966603412,170.8800429079251) (47.71129966603412,170.3911816923422) (48.71129966603412,170.3911816923422) (48.71129966603412,169.9023204767593) (49.71129966603412,169.9023204767593) (49.71129966603412,169.4134592611764) (50.71129966603412,169.4134592611764) (50.71129966603412,168.9245980455935) (51.71129966603412,168.9245980455935) (51.71129966603412,168.4357368300106) (52.71129966603412,168.4357368300106) (52.71129966603412,167.9468756144277) (53.71129966603412,167.9468756144277) (53.71129966603412,167.4580143988449) (54.71129966603412,167.4580143988449) (54.71129966603412,166.969153183262) (55.71129966603412,166.969153183262) (55.71129966603412,166.4802919676791) (56.71129966603412,166.4802919676791) (56.71129966603412,165.9914307520962) (57.71129966603412,165.9914307520962) (57.71129966603412,165.5025695365133) (58.71129966603412,165.5025695365133) (58.71129966603412,165.0137083209304) (59.71129966603412,165.0137083209304) (59.71129966603412,164.5248471053475) (60.71129966603412,164.5248471053475) (60.71129966603412,164.0359858897646) (61.71129966603412,164.0359858897646) (61.71129966603412,163.5) (173.7112996660392,163.5) (173.7112996660392,189.4896220913107) (174.7112996660393,189.4896220913107) (174.7112996660393,215.4792441826214) (175.7112996660395,215.4792441826214) (175.7112996660395,241.4688662739321) (176.7112996660396,241.4688662739321) (176.7112996660396,267.4584883652428) (177.7112996660397,267.4584883652428) (177.7112996660397,293.4481104565535) (178.7112996660398,293.4481104565535) (178.7112996660398,319.4377325478642) (179.7112996660399,319.4377325478642) (179.7112996660399,345.427354639175) (180.71129966604,345.427354639175) (180.71129966604,371.4169767304857) (181.7112996660401,371.4169767304857) (181.7112996660401,397.4065988217964) (182.7112996660402,397.4065988217964) (182.7112996660402,423.3962209131071) (183.7112996660404,423.3962209131071) (183.7112996660404,449.3858430044178) (184.7112996660405,449.3858430044178) (184.7112996660405,475.3754650957285) (185.7112996660406,475.3754650957285) (185.7112996660406,501.3650871870392) (186.7112996660407,501.3650871870392) (186.7112996660407,527.3547092783499) (187.7112996660408,527.3547092783499) (187.7112996660408,553.3443313696606) (188.7112996660409,553.3443313696606) (188.7112996660409,579.3339534609713) (189.711299666041,579.3339534609713) (189.711299666041,605.323575552282) (190.7112996660412,605.323575552282) (190.7112996660412,631.3131976435927) (191.7112996660413,631.3131976435927) (191.7112996660413,657.3028197349034) (192.7112996660414,657.3028197349034) (192.7112996660414,683.2924418262141) (193.7112996660415,683.2924418262141) (193.7112996660415,709.2820639175249) (194.7112996660416,709.2820639175249) (194.7112996660416,735.2716860088356) (700,735.2716860088356)
robPositionX[0]:
[0]: (0,0) (0,92.5) (2,92.5) (2,97.73313175708738) (11.71129966603403,97.73313175708738) (11.71129966603403,123.7285354798977) (12.73010312851727,123.7285354798977) (12.73010312851727,149.723939202708) (13.73010312851727,149.723939202708) (13.73010312851727,175.7193429255182) (14.73010312851726,175.7193429255182) (14.73010312851726,201.7147466483285) (15.73010312851726,201.7147466483285) (15.73010312851726,227.7101503711388) (16.73010312851726,227.7101503711388) (16.73010312851726,253.7055540939491) (17.73010312851726,253.7055540939491) (17.73010312851726,279.7009578167594) (18.73010312851726,279.7009578167594) (18.73010312851726,305.6963615395697) (19.73010312851725,305.6963615395697) (19.73010312851725,331.69176526238) (20.73010312851724,331.69176526238) (20.73010312851724,357.6871689851903) (21.73010312851723,357.6871689851903) (21.73010312851723,383.6825727080006) (22.73010312851721,383.6825727080006) (22.73010312851721,409.6779764308109) (23.7301031285172,409.6779764308109) (23.7301031285172,435.6733801536212) (24.73010312851719,435.6733801536212) (24.73010312851719,461.6687838764315) (25.73010312851718,461.6687838764315) (25.73010312851718,487.6641875992418) (26.73010312851717,487.6641875992418) (26.73010312851717,513.6595913220521) (27.73010312851716,513.6595913220521) (27.73010312851716,539.6549950448623) (28.73010312851715,539.6549950448623) (28.73010312851715,565.6503987676725) (29.73010312851714,565.6503987676725) (29.73010312851714,591.6458024904828) (30.73010312851713,591.6458024904828) (30.73010312851713,617.641206213293) (31.73010312851712,617.641206213293) (31.73010312851712,643.6366099361032) (32.73010312851713,643.6366099361032) (32.73010312851713,669.6320136589135) (33.73010312851715,669.6320136589135) (33.73010312851715,695.6274173817237) (34.73010312851717,695.6274173817237) (34.73010312851717,721.622821104534) (35.73010312851719,721.622821104534) (35.73010312851719,747.6182248273442) (36.73010312851721,747.6182248273442) (36.73010312851721,773.6136285501544) (37.73010312851724,773.6136285501544) (37.73010312851724,799.6090322729647) (38.73010312851726,799.6090322729647) (38.73010312851726,825.6044359957749) (39.73010312851728,825.6044359957749) (39.73010312851728,851.5998397185851) (40.7301031285173,851.5998397185851) (40.7301031285173,877.5952434413954) (41.73010312851732,877.5952434413954) (41.73010312851732,903.5906471642056) (42.73010312851734,903.5906471642056) (42.73010312851734,929.5860508870159) (43.73010312851736,929.5860508870159) (43.73010312851736,955.5814546098261) (44.73010312851736,955.5814546098261) (44.73010312851736,981.5768583326363) (45.73010312851736,981.5768583326363) (45.73010312851736,1007.572262055447) (46.73010312851736,1007.572262055447) (46.73010312851736,1033.567665778257) (47.73010312851736,1033.567665778257) (47.73010312851736,1059.563069501067) (48.73010312851736,1059.563069501067) (48.73010312851736,1085.558473223878) (49.73010312851736,1085.558473223878) (49.73010312851736,1111.553876946688) (50.73010312851736,1111.553876946688) (50.73010312851736,1137.549280669498) (51.73010312851736,1137.549280669498) (51.73010312851736,1163.544684392309) (52.73010312851736,1163.544684392309) (52.73010312851736,1189.540088115119) (53.73010312851736,1189.540088115119) (53.73010312851736,1215.535491837929) (54.73010312851736,1215.535491837929) (54.73010312851736,1241.53089556074) (55.73010312851736,1241.53089556074) (55.73010312851736,1267.52629928355) (56.73010312851736,1267.52629928355) (56.73010312851736,1293.52170300636) (57.73010312851736,1293.52170300636) (57.73010312851736,1319.517106729171) (58.73010312851736,1319.517106729171) (58.73010312851736,1345.512510451981) (59.73010312851736,1345.512510451981) (59.73010312851736,1371.507914174791) (60.73010312851736,1371.507914174791) (60.73010312851736,1397.503317897602) (61.73010312851736,1397.503317897602) (61.73010312851736,1423.498721620412) (62.73010312851736,1423.498721620412) (62.73010312851736,1452) (63.73010312851736,1452) (63.73010312851736,1478) (64.73010312851737,1478) (64.73010312851737,1504) (65.73010312851737,1504) (65.73010312851737,1530) (66.73010312851737,1530) (66.73010312851737,1556) (67.73010312851737,1556) (67.73010312851737,1582) (68.73010312851737,1582) (68.73010312851737,1608) (69.73010312851737,1608) (69.73010312851737,1634) (70.73010312851737,1634) (70.73010312851737,1660) (71.73010312851737,1660) (71.73010312851737,1686) (72.73010312851737,1686) (72.73010312851737,1712) (73.73010312851737,1712) (73.73010312851737,1738) (74.73010312851733,1738) (74.73010312851733,1764) (75.73010312851727,1764) (75.73010312851727,1790) (76.73010312851721,1790) (76.73010312851721,1816) (77.73010312851716,1816) (77.73010312851716,1842) (78.7301031285171,1842) (78.7301031285171,1868) (79.73010312851704,1868) (79.73010312851704,1894) (80.73010312851699,1894) (80.73010312851699,1920) (81.73010312851693,1920) (81.73010312851693,1946) (82.73010312851687,1946) (82.73010312851687,1972) (83.73010312851682,1972) (83.73010312851682,1998) (84.73010312851676,1998) (84.73010312851676,2024) (85.7301031285167,2024) (85.7301031285167,2050) (86.73010312851665,2050) (86.73010312851665,2076) (87.73010312851659,2076) (87.73010312851659,2102) (88.73010312851653,2102) (88.73010312851653,2128) (89.73010312851648,2128) (89.73010312851648,2154) (90.73010312851642,2154) (90.73010312851642,2180) (91.73010312851636,2180) (91.73010312851636,2206) (92.7301031285163,2206) (92.7301031285163,2232) (93.73010312851625,2232) (93.73010312851625,2258) (94.73010312851619,2258) (94.73010312851619,2284) (95.73010312851622,2284) (95.73010312851622,2310) (96.73010312851625,2310) (96.73010312851625,2336) (97.73010312851628,2336) (97.73010312851628,2362) (98.7301031285163,2362) (98.7301031285163,2388) (99.73010312851635,2388) (99.73010312851635,2414) (100.7301031285164,2414) (100.7301031285164,2440) (101.7301031285164,2440) (101.7301031285164,2466) (102.7301031285165,2466) (102.7301031285165,2492) (103.7301031285165,2492) (103.7301031285165,2518) (104.7301031285166,2518) (104.7301031285166,2544) (105.7301031285166,2544) (105.7301031285166,2570) (106.7301031285166,2570) (106.7301031285166,2596) (107.7301031285167,2596) (107.7301031285167,2622) (108.7301031285167,2622) (108.7301031285167,2648) (109.7301031285168,2648) (109.7301031285168,2674) (110.7301031285168,2674) (110.7301031285168,2700) (111.7301031285169,2700) (111.7301031285169,2726) (112.7301031285169,2726) (112.7301031285169,2752) (113.7301031285169,2752) (113.7301031285169,2778) (114.730103128517,2778) (114.730103128517,2804) (115.730103128517,2804) (115.730103128517,2830) (116.7301031285171,2830) (116.7301031285171,2856) (117.7301031285171,2856) (117.7301031285171,2882) (118.7301031285172,2882) (118.7301031285172,2908) (119.7301031285172,2908) (119.7301031285172,2934) (120.7301031285172,2934) (120.7301031285172,2960) (121.7301031285173,2960) (121.7301031285173,2986) (122.7301031285173,2986) (122.7301031285173,3012) (123.7301031285174,3012) (123.7301031285174,3038) (124.7301031285174,3038) (124.7301031285174,3062.5) (125.7301031285175,3062.5) (125.7301031285175,3088.5) (126.7301031285175,3088.5) (126.7301031285175,3114.5) (127.7301031285175,3114.5) (127.7301031285175,3140.5) (128.7301031285176,3140.5) (128.7301031285176,3166.5) (129.7301031285176,3166.5) (129.7301031285176,3192.5) (130.7301031285178,3192.5) (130.7301031285178,3218.5) (131.7301031285179,3218.5) (131.7301031285179,3244.5) (132.730103128518,3244.5) (132.730103128518,3270.5) (133.7301031285181,3270.5) (133.7301031285181,3296.5) (134.7301031285182,3296.5) (134.7301031285182,3322.5) (135.7301031285183,3322.5) (135.7301031285183,3348.5) (136.7301031285184,3348.5) (136.7301031285184,3374.5) (137.7301031285184,3374.5) (137.7301031285184,3400.5) (138.7301031285185,3400.5) (138.7301031285185,3426.5) (139.7301031285186,3426.5) (139.7301031285186,3452.5) (140.7301031285187,3452.5) (140.7301031285187,3478.5) (141.7301031285189,3478.5) (141.7301031285189,3504.5) (142.730103128519,3504.5) (142.730103128519,3530.5) (143.7301031285191,3530.5) (143.7301031285191,3556.5) (144.7301031285192,3556.5) (144.7301031285192,3582.5) (145.7301031285193,3582.5) (145.7301031285193,3608.5) (146.7301031285194,3608.5) (146.7301031285194,3634.5) (147.7301031285195,3634.5) (147.7301031285195,3660.5) (148.7301031285197,3660.5) (148.7301031285197,3686.5) (149.7301031285198,3686.5) (149.7301031285198,3712.5) (150.7301031285199,3712.5) (150.7301031285199,3738.5) (151.73010312852,3738.5) (151.73010312852,3764.5) (152.7301031285201,3764.5) (152.7301031285201,3790.5) (153.7301031285202,3790.5) (153.7301031285202,3816.5) (154.7301031285203,3816.5) (154.7301031285203,3842.5) (155.7301031285205,3842.5) (155.7301031285205,3868.5) (156.7301031285206,3868.5) (156.7301031285206,3894.5) (157.7301031285207,3894.5) (157.7301031285207,3920.5) (158.7301031285208,3920.5) (158.7301031285208,3946.5) (159.7301031285209,3946.5) (159.7301031285209,3972.5) (160.730103128521,3972.5) (160.730103128521,3998.5) (161.7301031285211,3998.5) (161.7301031285211,4024.5) (162.7301031285213,4024.5) (162.7301031285213,4050.5) (163.7301031285214,4050.5) (163.7301031285214,4076.5) (164.7301031285215,4076.5) (164.7301031285215,4102.5) (165.7301031285216,4102.5) (165.7301031285216,4128.5) (166.7301031285217,4128.5) (166.7301031285217,4154.5) (167.7301031285218,4154.5) (167.7301031285218,4180.5) (168.7301031285219,4180.5) (168.7301031285219,4206.5) (169.730103128522,4206.5) (169.730103128522,4232.5) (170.7301031285222,4232.5) (170.7301031285222,4258.5) (171.7301031285223,4258.5) (171.7301031285223,4284.5) (172.7301031285224,4284.5) (172.7301031285224,4310.5) (173.7301031285225,4310.5) (173.7301031285225,4336.5) (174.7301031285226,4336.5) (174.7301031285226,4362.5) (175.7301031285227,4362.5) (175.7301031285227,4388.5) (176.7301031285228,4388.5) (176.7301031285228,4417) (179.3291546102647,4417) (179.3291546102647,4416.265463717128) (180.3291546102648,4416.265463717128) (180.3291546102648,4415.530927434256) (181.3291546102649,4415.530927434256) (181.3291546102649,4414.796391151384) (182.329154610265,4414.796391151384) (182.329154610265,4414.061854868512) (183.3291546102651,4414.061854868512) (183.3291546102651,4413.327318585641) (184.3291546102652,4413.327318585641) (184.3291546102652,4412.592782302769) (185.3291546102654,4412.592782302769) (185.3291546102654,4411.858246019897) (186.3291546102655,4411.858246019897) (186.3291546102655,4411.123709737025) (187.3291546102656,4411.123709737025) (187.3291546102656,4410.389173454153) (188.3291546102657,4410.389173454153) (188.3291546102657,4409.654637171281) (189.3291546102658,4409.654637171281) (189.3291546102658,4408.920100888409) (190.3291546102659,4408.920100888409) (190.3291546102659,4408.185564605537) (191.329154610266,4408.185564605537) (191.329154610266,4407.451028322665) (192.3291546102662,4407.451028322665) (192.3291546102662,4406.716492039794) (193.3291546102663,4406.716492039794) (193.3291546102663,4405.981955756922) (194.3291546102664,4405.981955756922) (194.3291546102664,4405.24741947405) (195.3291546102665,4405.24741947405) (195.3291546102665,4404.512883191178) (196.3291546102666,4404.512883191178) (196.3291546102666,4403.778346908306) (197.3291546102667,4403.778346908306) (197.3291546102667,4403.043810625434) (198.3291546102668,4403.043810625434) (198.3291546102668,4402.309274342562) (199.329154610267,4402.309274342562) (199.329154610267,4401.57473805969) (200.3291546102671,4401.57473805969) (200.3291546102671,4400.840201776819) (700,4400.840201776819)
robPositionY[0]:
[0]: (0,0) (0,163.5) (2,163.5) (2,188.9679078844919) (11.71129966603403,188.9679078844919) (11.71129966603403,188.479046668909) (12.73010312851727,188.479046668909) (12.73010312851727,187.9901854533261) (13.73010312851727,187.9901854533261) (13.73010312851727,187.5013242377432) (14.73010312851726,187.5013242377432) (14.73010312851726,187.0124630221603) (15.73010312851726,187.0124630221603) (15.73010312851726,186.5236018065774) (16.73010312851726,186.5236018065774) (16.73010312851726,186.0347405909945) (17.73010312851726,186.0347405909945) (17.73010312851726,185.5458793754117) (18.73010312851726,185.5458793754117) (18.73010312851726,185.0570181598288) (19.73010312851725,185.0570181598288) (19.73010312851725,184.5681569442459) (20.73010312851724,184.5681569442459) (20.73010312851724,184.079295728663) (21.73010312851723,184.079295728663) (21.73010312851723,183.5904345130801) (22.73010312851721,183.5904345130801) (22.73010312851721,183.1015732974972) (23.7301031285172,183.1015732974972) (23.7301031285172,182.6127120819143) (24.73010312851719,182.6127120819143) (24.73010312851719,182.1238508663315) (25.73010312851718,182.1238508663315) (25.73010312851718,181.6349896507486) (26.73010312851717,181.6349896507486) (26.73010312851717,181.1461284351657) (27.73010312851716,181.1461284351657) (27.73010312851716,180.6572672195828) (28.73010312851715,180.6572672195828) (28.73010312851715,180.1684060039999) (29.73010312851714,180.1684060039999) (29.73010312851714,179.679544788417) (30.73010312851713,179.679544788417) (30.73010312851713,179.1906835728341) (31.73010312851712,179.1906835728341) (31.73010312851712,178.7018223572512) (32.73010312851713,178.7018223572512) (32.73010312851713,178.2129611416684) (33.73010312851715,178.2129611416684) (33.73010312851715,177.7240999260855) (34.73010312851717,177.7240999260855) (34.73010312851717,177.2352387105026) (35.73010312851719,177.2352387105026) (35.73010312851719,176.7463774949197) (36.73010312851721,176.7463774949197) (36.73010312851721,176.2575162793368) (37.73010312851724,176.2575162793368) (37.73010312851724,175.7686550637539) (38.73010312851726,175.7686550637539) (38.73010312851726,175.279793848171) (39.73010312851728,175.279793848171) (39.73010312851728,174.7909326325882) (40.7301031285173,174.7909326325882) (40.7301031285173,174.3020714170053) (41.73010312851732,174.3020714170053) (41.73010312851732,173.8132102014224) (42.73010312851734,173.8132102014224) (42.73010312851734,173.3243489858395) (43.73010312851736,173.3243489858395) (43.73010312851736,172.8354877702566) (44.73010312851736,172.8354877702566) (44.73010312851736,172.3466265546737) (45.73010312851736,172.3466265546737) (45.73010312851736,171.8577653390908) (46.73010312851736,171.8577653390908) (46.73010312851736,171.3689041235079) (47.73010312851736,171.3689041235079) (47.73010312851736,170.8800429079251) (48.73010312851736,170.8800429079251) (48.73010312851736,170.3911816923422) (49.73010312851736,170.3911816923422) (49.73010312851736,169.9023204767593) (50.73010312851736,169.9023204767593) (50.73010312851736,169.4134592611764) (51.73010312851736,169.4134592611764) (51.73010312851736,168.9245980455935) (52.73010312851736,168.9245980455935) (52.73010312851736,168.4357368300106) (53.73010312851736,168.4357368300106) (53.73010312851736,167.9468756144277) (54.73010312851736,167.9468756144277) (54.73010312851736,167.4580143988449) (55.73010312851736,167.4580143988449) (55.73010312851736,166.969153183262) (56.73010312851736,166.969153183262) (56.73010312851736,166.4802919676791) (57.73010312851736,166.4802919676791) (57.73010312851736,165.9914307520962) (58.73010312851736,165.9914307520962) (58.73010312851736,165.5025695365133) (59.73010312851736,165.5025695365133) (59.73010312851736,165.0137083209304) (60.73010312851736,165.0137083209304) (60.73010312851736,164.5248471053475) (61.73010312851736,164.5248471053475) (61.73010312851736,164.0359858897646) (62.73010312851736,164.0359858897646) (62.73010312851736,163.5) (179.3291546102647,163.5) (179.3291546102647,189.4896220913107) (180.3291546102648,189.4896220913107) (180.3291546102648,215.4792441826214) (181.3291546102649,215.4792441826214) (181.3291546102649,241.4688662739321) (182.329154610265,241.4688662739321) (182.329154610265,267.4584883652428) (183.3291546102651,267.4584883652428) (183.3291546102651,293.4481104565535) (184.3291546102652,293.4481104565535) (184.3291546102652,319.4377325478642) (185.3291546102654,319.4377325478642) (185.3291546102654,345.427354639175) (186.3291546102655,345.427354639175) (186.3291546102655,371.4169767304857) (187.3291546102656,371.4169767304857) (187.3291546102656,397.4065988217964) (188.3291546102657,397.4065988217964) (188.3291546102657,423.3962209131071) (189.3291546102658,423.3962209131071) (189.3291546102658,449.3858430044178) (190.3291546102659,449.3858430044178) (190.3291546102659,475.3754650957285) (191.329154610266,475.3754650957285) (191.329154610266,501.3650871870392) (192.3291546102662,501.3650871870392) (192.3291546102662,527.3547092783499) (193.3291546102663,527.3547092783499) (193.3291546102663,553.3443313696606) (194.3291546102664,553.3443313696606) (194.3291546102664,579.3339534609713) (195.3291546102665,579.3339534609713) (195.3291546102665,605.323575552282) (196.3291546102666,605.323575552282) (196.3291546102666,631.3131976435927) (197.3291546102667,631.3131976435927) (197.3291546102667,657.3028197349034) (198.3291546102668,657.3028197349034) (198.3291546102668,683.2924418262141) (199.329154610267,683.2924418262141) (199.329154610267,709.2820639175249) (200.3291546102671,709.2820639175249) (200.3291546102671,735.2716860088356) (700,735.2716860088356)
batteryCharge[0]:
[0]: (0,100) (700,100)
user_guided_transport.end:
[0]: (0,0) (202.3291546102662,0) (202.3291546102662,1) (700,1)
[2K
Verifying formula 5 at /nta/queries/query[5]/formula
 -- Formula: simulate[<=700]{robot_inventory[0][0], user_guided_transport.end*2}
[2K -- Formula is satisfied.
robot_inventory[0][0]:
[0]: (0,0) (7.923484402167844,0) (7.923484402167844,1) (700,1)
user_guided_transport.end * 2:
[0]: (0,0) (200.5413393463948,0) (200.5413393463948,2) (700,2)
[2K
Verifying formula 6 at /nta/queries/query[6]/formula
 -- Formula: simulate[<=700]{bedroom[0], bedroom[1], kitchen[0], kitchen[1]}
[2K -- Formula is satisfied.
bedroom[0]:
[0]: (0,100) (700,100)
bedroom[1]:
[0]: (0,200) (700,200)
kitchen[0]:
[0]: (0,4400) (700,4400)
kitchen[1]:
[0]: (0,765) (700,765)
[2K
Verifying formula 7 at /nta/queries/query[7]/formula
 -- Formula: simulate[<=700]{rm_1.idle, rf_1.idle, rp_1.idle, rd_1.idle}
[2K -- Formula is satisfied.
rm_1.idle:
[0]: (0,0) (0,1) (0,0) (3,0) (3,1) (10.60981745400648,1) (10.60981745400648,0) (202.2276723982332,0) (202.2276723982332,1) (700,1)
rf_1.idle:
[0]: (0,0) (0,1) (700,1)
rp_1.idle:
[0]: (0,0) (0,1) (2,1) (2,0) (10.60981745400648,0) (10.60981745400648,1) (700,1)
rd_1.idle:
[0]: (0,0) (0,1) (700,1)
[2K
Verifying formula 8 at /nta/queries/query[8]/formula
 -- Formula: Pr[<=700](<>!rm_1.idle || !rf_1.idle || !rp_1.idle || !rd_1.idle)
[2K -- Formula is satisfied.
(72/72 runs) Pr(<> …) in [0.950056,1] (95% CI)
Values in [0,0] mean=0 steps=2.22045e-16: 72
[2K
Verifying formula 9 at /nta/queries/query[9]/formula
 -- Formula: Pr[<=700]([] (user_guided_transport.end imply (rm_1.idle && rf_1.idle && rp_1.idle && rd_1.idle)))
 -- Throughput: 612730 runs/sec, Load: 331 runs[K
[2K -- Formula is satisfied.
(72/72 runs) Pr([] …) in [0.950056,1] (95% CI)
[2K
Verifying formula 10 at /nta/queries/query[10]/formula
 -- Formula: Pr[<=700] (<> pow(humanPositionX[0] - kitchen[0], 2) + pow(humanPositionY[0] - kitchen[1], 2) <= 900 )
[2K -- Formula is satisfied.
(72/72 runs) Pr(<> …) in [0.950056,1] (95% CI)
Values in [192.004,196.986] mean=194.396 steps=0.553521: 11 8 6 8 8 8 8 8 7
[2K
Verifying formula 11 at /nta/queries/query[11]/formula
 -- Formula: Pr[<=700] (<> pow(humanPositionX[0] - bedroom[0], 2) + pow(humanPositionY[0] - bedroom[1], 2) <= 900 )
[2K -- Formula is satisfied.
(72/72 runs) Pr(<> …) in [0.950056,1] (95% CI)
Values in [1,1] mean=1 steps=2.22045e-16: 72
[2K
Verifying formula 12 at /nta/queries/query[12]/formula
 -- Formula: Pr[<=700] (<> pow(robPositionX[0] - kitchen[0], 2) + pow(robPositionY[0] - kitchen[1], 2) <= 900 )
[2K -- Formula is satisfied.
(72/72 runs) Pr(<> …) in [0.950056,1] (95% CI)
Values in [197.639,202.564] mean=200.278 steps=0.547214: 7 9 7 7 5 8 8 10 11
[2K
Verifying formula 13 at /nta/queries/query[13]/formula
 -- Formula: Pr[<=700] (<> pow(robPositionX[0] - bedroom[0], 2) + pow(robPositionY[0] - bedroom[1], 2) <= 900 )
[2K -- Formula is satisfied.
(72/72 runs) Pr(<> …) in [0.950056,1] (95% CI)
Values in [2,2] mean=2 steps=2.22045e-16: 72
[2K
Verifying formula 14 at /nta/queries/query[14]/formula
 -- Formula: Pr[<=700] (<> !isValidPosition(humanPositionX[0], humanPositionY[0]))
[2K -- Formula is satisfied.
(72/72 runs) Pr(<> …) in [0.950056,1] (95% CI)
Values in [0,0] mean=0 steps=2.22045e-16: 72
[2K
Verifying formula 15 at /nta/queries/query[15]/formula
 -- Formula: Pr[<=700] (<> !isValidPosition(robPositionX[0], robPositionY[0]))
[2K -- Formula is satisfied.
(72/72 runs) Pr(<> …) in [0.950056,1] (95% CI)
Values in [0,0] mean=0 steps=2.22045e-16: 72
[2K
Verifying formula 16 at /nta/queries/query[16]/formula
 -- Formula: Pr[<=700] (<> currP > 2)
 -- Throughput: 616941 runs/sec, Load: 331 runs[K
[2K -- Formula is satisfied.
(0/72 runs) Pr(<> …) in [0,0.0499441] (95% CI)
