Options for the verification:
  Generating no trace
  Search order is breadth first
  Using conservative space optimisation
  Seed is 1783327525
  State space representation uses minimal constraint systems with future testing
  Using HashMap + Compress integers for discrete state storage
[2K
Verifying formula 1 at /nta/queries/query[1]/formula
 -- Formula: simulate[<=700]{user_guided_transport_human1_def.s1_start, user_guided_transport_human1_def.s1_end, user_guided_transport_human1_def.s2_start, user_guided_transport_human1_def.s2_idle, user_guided_transport_human1_def.s3_start, user_guided_transport_human1_def.s3_end, user_guided_transport.end}
[2K -- Formula is satisfied.
user_guided_transport_human1_def.s1_start:
[0]: (0,0) (0,1) (0,0) (700,0)
user_guided_transport_human1_def.s1_end:
[0]: (0,0) (1,0) (1,1) (2,1) (2,0) (700,0)
user_guided_transport_human1_def.s2_start:
[0]: (0,0) (2,0) (2,1) (2,0) (700,0)
user_guided_transport_human1_def.s2_idle:
[0]: (0,0) (2,0) (2,1) (11.13659665070996,1) (11.13659665070996,0) (700,0)
user_guided_transport_human1_def.s3_start:
[0]: (0,0) (11.13659665070996,0) (11.13659665070996,1) (11.13659665070996,0) (16.13659665070993,0) (16.13659665070993,1) (16.13659665070993,0) (21.13659665070992,0) (21.13659665070992,1) (21.13659665070992,0) (26.13659665070988,0) (26.13659665070988,1) (26.13659665070988,0) (31.13659665070985,0) (31.13659665070985,1) (31.13659665070985,0) (36.13659665070982,0) (36.13659665070982,1) (36.13659665070982,0) (41.13659665070975,0) (41.13659665070975,1) (41.13659665070975,0) (46.13659665070971,0) (46.13659665070971,1) (46.13659665070971,0) (51.13659665070963,0) (51.13659665070963,1) (51.13659665070963,0) (56.13659665070962,0) (56.13659665070962,1) (56.13659665070962,0) (61.13659665070955,0) (61.13659665070955,1) (61.13659665070955,0) (66.13659665070966,0) (66.13659665070966,1) (66.13659665070966,0) (71.13659665070995,0) (71.13659665070995,1) (71.13659665070995,0) (76.13659665071023,0) (76.13659665071023,1) (76.13659665071023,0) (81.13659665071052,0) (81.13659665071052,1) (81.13659665071052,0) (86.13659665071079,0) (86.13659665071079,1) (86.13659665071079,0) (91.13659665071107,0) (91.13659665071107,1) (91.13659665071107,0) (96.13659665071135,0) (96.13659665071135,1) (96.13659665071135,0) (101.1365966507116,0) (101.1365966507116,1) (101.1365966507116,0) (106.1365966507119,0) (106.1365966507119,1) (106.1365966507119,0) (111.1365966507122,0) (111.1365966507122,1) (111.1365966507122,0) (116.1365966507125,0) (116.1365966507125,1) (116.1365966507125,0) (121.1365966507128,0) (121.1365966507128,1) (121.1365966507128,0) (126.136596650713,0) (126.136596650713,1) (126.136596650713,0) (131.1365966507133,0) (131.1365966507133,1) (131.1365966507133,0) (136.1365966507136,0) (136.1365966507136,1) (136.1365966507136,0) (141.1365966507139,0) (141.1365966507139,1) (141.1365966507139,0) (146.1365966507142,0) (146.1365966507142,1) (146.1365966507142,0) (151.1365966507144,0) (151.1365966507144,1) (151.1365966507144,0) (156.1365966507147,0) (156.1365966507147,1) (156.1365966507147,0) (161.136596650715,0) (161.136596650715,1) (161.136596650715,0) (166.1365966507153,0) (166.1365966507153,1) (166.1365966507153,0) (171.1365966507156,0) (171.1365966507156,1) (171.1365966507156,0) (176.1365966507159,0) (176.1365966507159,1) (176.1365966507159,0) (181.1365966507162,0) (181.1365966507162,1) (181.1365966507162,0) (186.1365966507165,0) (186.1365966507165,1) (186.1365966507165,0) (191.1365966507168,0) (191.1365966507168,1) (191.1365966507168,0) (700,0)
user_guided_transport_human1_def.s3_end:
[0]: (0,0) (196.1365966507171,0) (196.1365966507171,1) (232.3454633294548,1) (232.3454633294548,0) (700,0)
user_guided_transport.end:
[0]: (0,0) (234.3454633294539,0) (234.3454633294539,1) (700,1)
[2K
Verifying formula 2 at /nta/queries/query[2]/formula
 -- Formula: simulate[<=700]{user_guided_transport_robot1_def.s1_start, user_guided_transport_robot1_def.s1_end, user_guided_transport_robot1_def.s2_start, user_guided_transport_robot1_def.s2_end, user_guided_transport_robot1_def.s3_start, user_guided_transport_robot1_def.s3_end, user_guided_transport.end}
[2K -- Formula is satisfied.
user_guided_transport_robot1_def.s1_start:
[0]: (0,0) (0,1) (0,0) (700,0)
user_guided_transport_robot1_def.s1_end:
[0]: (0,0) (2,0) (2,1) (2,0) (700,0)
user_guided_transport_robot1_def.s2_start:
[0]: (0,0) (2,0) (2,1) (2,0) (700,0)
user_guided_transport_robot1_def.s2_end:
[0]: (0,0) (9.767022719664105,0) (9.767022719664105,1) (9.767022719664105,0) (700,0)
user_guided_transport_robot1_def.s3_start:
[0]: (0,0) (9.767022719664105,0) (9.767022719664105,1) (9.767022719664105,0) (700,0)
user_guided_transport_robot1_def.s3_end:
[0]: (0,0) (230.9758893983914,0) (230.9758893983914,1) (230.9758893983914,0) (700,0)
user_guided_transport.end:
[0]: (0,0) (232.9758893983904,0) (232.9758893983904,1) (700,1)
[2K
Verifying formula 3 at /nta/queries/query[3]/formula
 -- Formula: Pr[<=700] (<> user_guided_transport.end)
[2K -- Formula is satisfied.
(72/72 runs) Pr(<> …) in [0.950056,1] (95% CI)
Values in [230.237,235.135] mean=232.613 steps=0.544256: 9 7 9 7 10 8 8 4 10
[2K
Verifying formula 4 at /nta/queries/query[4]/formula
 -- Formula: simulate[<=700]{humanPositionX[0], humanPositionY[0], robPositionX[0], robPositionY[0], batteryCharge[0], user_guided_transport.end}
[2K -- Formula is satisfied.
humanPositionX[0]:
[0]: (0,0) (0,92.5) (1,92.5) (1,97.73313175708738) (11.49558340879584,97.73313175708738) (11.49558340879584,123.7285354798977) (12.49558340879584,123.7285354798977) (12.49558340879584,149.723939202708) (13.49558340879584,149.723939202708) (13.49558340879584,175.7193429255182) (14.49558340879584,175.7193429255182) (14.49558340879584,201.7147466483285) (15.49558340879584,201.7147466483285) (15.49558340879584,227.7101503711388) (16.49558340879584,227.7101503711388) (16.49558340879584,253.7055540939491) (17.49558340879585,253.7055540939491) (17.49558340879585,279.7009578167594) (18.49558340879584,279.7009578167594) (18.49558340879584,305.6963615395697) (19.49558340879585,305.6963615395697) (19.49558340879585,331.69176526238) (20.49558340879583,331.69176526238) (20.49558340879583,357.6871689851903) (21.49558340879583,357.6871689851903) (21.49558340879583,383.6825727080006) (22.49558340879582,383.6825727080006) (22.49558340879582,409.6779764308109) (23.49558340879581,409.6779764308109) (23.49558340879581,435.6733801536212) (24.49558340879581,435.6733801536212) (24.49558340879581,461.6687838764315) (25.4955834087958,461.6687838764315) (25.4955834087958,487.6641875992418) (26.49558340879579,487.6641875992418) (26.49558340879579,513.6595913220521) (27.49558340879578,513.6595913220521) (27.49558340879578,539.6549950448623) (28.49558340879578,539.6549950448623) (28.49558340879578,565.6503987676725) (29.49558340879577,565.6503987676725) (29.49558340879577,591.6458024904828) (30.49558340879576,591.6458024904828) (30.49558340879576,617.641206213293) (31.49558340879575,617.641206213293) (31.49558340879575,643.6366099361032) (32.49558340879576,643.6366099361032) (32.49558340879576,669.6320136589135) (33.49558340879579,669.6320136589135) (33.49558340879579,695.6274173817237) (34.49558340879582,695.6274173817237) (34.49558340879582,721.622821104534) (35.49558340879585,721.622821104534) (35.49558340879585,747.6182248273442) (36.49558340879587,747.6182248273442) (36.49558340879587,773.6136285501544) (37.4955834087959,773.6136285501544) (37.4955834087959,799.6090322729647) (38.49558340879593,799.6090322729647) (38.49558340879593,825.6044359957749) (39.49558340879596,825.6044359957749) (39.49558340879596,851.5998397185851) (40.49558340879599,851.5998397185851) (40.49558340879599,877.5952434413954) (41.49558340879602,877.5952434413954) (41.49558340879602,903.5906471642056) (42.49558340879604,903.5906471642056) (42.49558340879604,929.5860508870159) (43.49558340879607,929.5860508870159) (43.49558340879607,955.5814546098261) (44.4955834087961,955.5814546098261) (44.4955834087961,981.5768583326363) (45.49558340879613,981.5768583326363) (45.49558340879613,1007.572262055447) (46.49558340879616,1007.572262055447) (46.49558340879616,1033.567665778257) (47.49558340879618,1033.567665778257) (47.49558340879618,1059.563069501067) (48.4955834087962,1059.563069501067) (48.4955834087962,1085.558473223878) (49.49558340879622,1085.558473223878) (49.49558340879622,1111.553876946688) (50.49558340879624,1111.553876946688) (50.49558340879624,1137.549280669498) (51.49558340879625,1137.549280669498) (51.49558340879625,1163.544684392309) (52.49558340879626,1163.544684392309) (52.49558340879626,1189.540088115119) (53.49558340879628,1189.540088115119) (53.49558340879628,1215.535491837929) (54.49558340879629,1215.535491837929) (54.49558340879629,1241.53089556074) (55.49558340879631,1241.53089556074) (55.49558340879631,1267.52629928355) (56.49558340879633,1267.52629928355) (56.49558340879633,1293.52170300636) (57.49558340879635,1293.52170300636) (57.49558340879635,1319.517106729171) (58.49558340879637,1319.517106729171) (58.49558340879637,1345.512510451981) (59.49558340879639,1345.512510451981) (59.49558340879639,1371.507914174791) (60.49558340879641,1371.507914174791) (60.49558340879641,1397.503317897602) (61.49558340879643,1397.503317897602) (61.49558340879643,1423.498721620412) (62.49558340879646,1423.498721620412) (62.49558340879646,1478) (63.49558340879648,1478) (63.49558340879648,1504) (64.49558340879651,1504) (64.49558340879651,1530) (65.49558340879652,1530) (65.49558340879652,1556) (66.49558340879655,1556) (66.49558340879655,1582) (67.49558340879656,1582) (67.49558340879656,1608) (68.49558340879658,1608) (68.49558340879658,1634) (69.49558340879659,1634) (69.49558340879659,1660) (70.49558340879661,1660) (70.49558340879661,1686) (71.49558340879662,1686) (71.49558340879662,1712) (72.49558340879663,1712) (72.49558340879663,1738) (73.49558340879665,1738) (73.49558340879665,1764) (74.49558340879668,1764) (74.49558340879668,1790) (75.49558340879672,1790) (75.49558340879672,1816) (76.49558340879669,1816) (76.49558340879669,1842) (77.49558340879665,1842) (77.49558340879665,1868) (78.49558340879659,1868) (78.49558340879659,1894) (79.49558340879655,1894) (79.49558340879655,1920) (80.49558340879649,1920) (80.49558340879649,1946) (81.49558340879642,1946) (81.49558340879642,1972) (82.49558340879638,1972) (82.49558340879638,1998) (83.49558340879632,1998) (83.49558340879632,2024) (84.49558340879625,2024) (84.49558340879625,2050) (85.49558340879619,2050) (85.49558340879619,2076) (86.49558340879614,2076) (86.49558340879614,2102) (87.49558340879608,2102) (87.49558340879608,2128) (88.49558340879602,2128) (88.49558340879602,2154) (89.49558340879597,2154) (89.49558340879597,2180) (90.49558340879591,2180) (90.49558340879591,2206) (91.49558340879587,2206) (91.49558340879587,2232) (92.4955834087958,2232) (92.4955834087958,2258) (93.49558340879574,2258) (93.49558340879574,2284) (94.49558340879568,2284) (94.49558340879568,2310) (95.49558340879562,2310) (95.49558340879562,2336) (96.49558340879557,2336) (96.49558340879557,2362) (97.4955834087955,2362) (97.4955834087955,2388) (98.49558340879544,2388) (98.49558340879544,2414) (99.49558340879538,2414) (99.49558340879538,2440) (100.4955834087953,2440) (100.4955834087953,2466) (101.4955834087953,2466) (101.4955834087953,2492) (102.4955834087952,2492) (102.4955834087952,2518) (103.4955834087952,2518) (103.4955834087952,2544) (104.4955834087951,2544) (104.4955834087951,2570) (105.495583408795,2570) (105.495583408795,2596) (106.495583408795,2596) (106.495583408795,2622) (107.4955834087949,2622) (107.4955834087949,2648) (108.4955834087949,2648) (108.4955834087949,2674) (109.4955834087948,2674) (109.4955834087948,2700) (110.4955834087948,2700) (110.4955834087948,2726) (111.4955834087947,2726) (111.4955834087947,2752) (112.4955834087946,2752) (112.4955834087946,2778) (113.4955834087946,2778) (113.4955834087946,2804) (114.4955834087945,2804) (114.4955834087945,2830) (115.4955834087945,2830) (115.4955834087945,2856) (116.4955834087944,2856) (116.4955834087944,2882) (117.4955834087944,2882) (117.4955834087944,2908) (118.4955834087943,2908) (118.4955834087943,2934) (119.4955834087942,2934) (119.4955834087942,2960) (120.4955834087942,2960) (120.4955834087942,2986) (121.4955834087941,2986) (121.4955834087941,3012) (122.4955834087941,3012) (122.4955834087941,3038) (123.495583408794,3038) (123.495583408794,3088.5) (124.495583408794,3088.5) (124.495583408794,3114.5) (125.4955834087939,3114.5) (125.4955834087939,3140.5) (126.4955834087938,3140.5) (126.4955834087938,3166.5) (127.4955834087938,3166.5) (127.4955834087938,3192.5) (128.4955834087938,3192.5) (128.4955834087938,3218.5) (129.4955834087939,3218.5) (129.4955834087939,3244.5) (130.495583408794,3244.5) (130.495583408794,3270.5) (131.4955834087941,3270.5) (131.4955834087941,3296.5) (132.4955834087941,3296.5) (132.4955834087941,3322.5) (133.4955834087942,3322.5) (133.4955834087942,3348.5) (134.4955834087943,3348.5) (134.4955834087943,3374.5) (135.4955834087944,3374.5) (135.4955834087944,3400.5) (136.4955834087945,3400.5) (136.4955834087945,3426.5) (137.4955834087946,3426.5) (137.4955834087946,3452.5) (138.4955834087947,3452.5) (138.4955834087947,3478.5) (139.4955834087947,3478.5) (139.4955834087947,3504.5) (140.4955834087948,3504.5) (140.4955834087948,3530.5) (141.4955834087949,3530.5) (141.4955834087949,3556.5) (142.495583408795,3556.5) (142.495583408795,3582.5) (143.4955834087951,3582.5) (143.4955834087951,3608.5) (144.4955834087952,3608.5) (144.4955834087952,3634.5) (145.4955834087953,3634.5) (145.4955834087953,3660.5) (146.4955834087953,3660.5) (146.4955834087953,3686.5) (147.4955834087954,3686.5) (147.4955834087954,3712.5) (148.4955834087955,3712.5) (148.4955834087955,3738.5) (149.4955834087956,3738.5) (149.4955834087956,3764.5) (150.4955834087957,3764.5) (150.4955834087957,3790.5) (151.4955834087958,3790.5) (151.4955834087958,3816.5) (152.4955834087959,3816.5) (152.4955834087959,3842.5) (153.4955834087959,3842.5) (153.4955834087959,3868.5) (154.495583408796,3868.5) (154.495583408796,3894.5) (155.4955834087961,3894.5) (155.4955834087961,3920.5) (156.4955834087962,3920.5) (156.4955834087962,3946.5) (157.4955834087963,3946.5) (157.4955834087963,3972.5) (158.4955834087964,3972.5) (158.4955834087964,3998.5) (159.4955834087964,3998.5) (159.4955834087964,4024.5) (160.4955834087965,4024.5) (160.4955834087965,4050.5) (161.4955834087966,4050.5) (161.4955834087966,4076.5) (162.4955834087967,4076.5) (162.4955834087967,4102.5) (163.4955834087968,4102.5) (163.4955834087968,4128.5) (164.4955834087969,4128.5) (164.4955834087969,4154.5) (165.495583408797,4154.5) (165.495583408797,4180.5) (166.495583408797,4180.5) (166.495583408797,4206.5) (167.4955834087971,4206.5) (167.4955834087971,4232.5) (168.4955834087972,4232.5) (168.4955834087972,4258.5) (169.4955834087973,4258.5) (169.4955834087973,4284.5) (170.4955834087974,4284.5) (170.4955834087974,4310.5) (171.4955834087975,4310.5) (171.4955834087975,4336.5) (172.4955834087976,4336.5) (172.4955834087976,4362.5) (173.4955834087976,4362.5) (173.4955834087976,4388.5) (174.4955834087977,4388.5) (174.4955834087977,4416.265463717128) (175.4955834087978,4416.265463717128) (175.4955834087978,4415.530927434256) (176.4955834087979,4415.530927434256) (176.4955834087979,4414.796391151384) (177.4955834087979,4414.796391151384) (177.4955834087979,4414.061854868512) (178.495583408798,4414.061854868512) (178.495583408798,4413.327318585641) (179.4955834087981,4413.327318585641) (179.4955834087981,4412.592782302769) (180.4955834087982,4412.592782302769) (180.4955834087982,4411.858246019897) (181.4955834087983,4411.858246019897) (181.4955834087983,4411.123709737025) (182.4955834087984,4411.123709737025) (182.4955834087984,4410.389173454153) (183.4955834087984,4410.389173454153) (183.4955834087984,4409.654637171281) (184.4955834087985,4409.654637171281) (184.4955834087985,4408.920100888409) (185.4955834087986,4408.920100888409) (185.4955834087986,4408.185564605537) (186.4955834087987,4408.185564605537) (186.4955834087987,4407.451028322665) (187.4955834087988,4407.451028322665) (187.4955834087988,4406.716492039794) (188.4955834087989,4406.716492039794) (188.4955834087989,4405.981955756922) (189.495583408799,4405.981955756922) (189.495583408799,4405.24741947405) (190.495583408799,4405.24741947405) (190.495583408799,4404.512883191178) (191.4955834087991,4404.512883191178) (191.4955834087991,4403.778346908306) (192.4955834087991,4403.778346908306) (192.4955834087991,4403.043810625434) (193.4955834087992,4403.043810625434) (193.4955834087992,4402.309274342562) (194.4955834087993,4402.309274342562) (194.4955834087993,4401.57473805969) (195.4955834087994,4401.57473805969) (195.4955834087994,4400.840201776819) (700,4400.840201776819)
humanPositionY[0]:
[0]: (0,0) (0,163.5) (1,163.5) (1,188.9679078844919) (11.49558340879584,188.9679078844919) (11.49558340879584,188.479046668909) (12.49558340879584,188.479046668909) (12.49558340879584,187.9901854533261) (13.49558340879584,187.9901854533261) (13.49558340879584,187.5013242377432) (14.49558340879584,187.5013242377432) (14.49558340879584,187.0124630221603) (15.49558340879584,187.0124630221603) (15.49558340879584,186.5236018065774) (16.49558340879584,186.5236018065774) (16.49558340879584,186.0347405909945) (17.49558340879585,186.0347405909945) (17.49558340879585,185.5458793754117) (18.49558340879584,185.5458793754117) (18.49558340879584,185.0570181598288) (19.49558340879585,185.0570181598288) (19.49558340879585,184.5681569442459) (20.49558340879583,184.5681569442459) (20.49558340879583,184.079295728663) (21.49558340879583,184.079295728663) (21.49558340879583,183.5904345130801) (22.49558340879582,183.5904345130801) (22.49558340879582,183.1015732974972) (23.49558340879581,183.1015732974972) (23.49558340879581,182.6127120819143) (24.49558340879581,182.6127120819143) (24.49558340879581,182.1238508663315) (25.4955834087958,182.1238508663315) (25.4955834087958,181.6349896507486) (26.49558340879579,181.6349896507486) (26.49558340879579,181.1461284351657) (27.49558340879578,181.1461284351657) (27.49558340879578,180.6572672195828) (28.49558340879578,180.6572672195828) (28.49558340879578,180.1684060039999) (29.49558340879577,180.1684060039999) (29.49558340879577,179.679544788417) (30.49558340879576,179.679544788417) (30.49558340879576,179.1906835728341) (31.49558340879575,179.1906835728341) (31.49558340879575,178.7018223572512) (32.49558340879576,178.7018223572512) (32.49558340879576,178.2129611416684) (33.49558340879579,178.2129611416684) (33.49558340879579,177.7240999260855) (34.49558340879582,177.7240999260855) (34.49558340879582,177.2352387105026) (35.49558340879585,177.2352387105026) (35.49558340879585,176.7463774949197) (36.49558340879587,176.7463774949197) (36.49558340879587,176.2575162793368) (37.4955834087959,176.2575162793368) (37.4955834087959,175.7686550637539) (38.49558340879593,175.7686550637539) (38.49558340879593,175.279793848171) (39.49558340879596,175.279793848171) (39.49558340879596,174.7909326325882) (40.49558340879599,174.7909326325882) (40.49558340879599,174.3020714170053) (41.49558340879602,174.3020714170053) (41.49558340879602,173.8132102014224) (42.49558340879604,173.8132102014224) (42.49558340879604,173.3243489858395) (43.49558340879607,173.3243489858395) (43.49558340879607,172.8354877702566) (44.4955834087961,172.8354877702566) (44.4955834087961,172.3466265546737) (45.49558340879613,172.3466265546737) (45.49558340879613,171.8577653390908) (46.49558340879616,171.8577653390908) (46.49558340879616,171.3689041235079) (47.49558340879618,171.3689041235079) (47.49558340879618,170.8800429079251) (48.4955834087962,170.8800429079251) (48.4955834087962,170.3911816923422) (49.49558340879622,170.3911816923422) (49.49558340879622,169.9023204767593) (50.49558340879624,169.9023204767593) (50.49558340879624,169.4134592611764) (51.49558340879625,169.4134592611764) (51.49558340879625,168.9245980455935) (52.49558340879626,168.9245980455935) (52.49558340879626,168.4357368300106) (53.49558340879628,168.4357368300106) (53.49558340879628,167.9468756144277) (54.49558340879629,167.9468756144277) (54.49558340879629,167.4580143988449) (55.49558340879631,167.4580143988449) (55.49558340879631,166.969153183262) (56.49558340879633,166.969153183262) (56.49558340879633,166.4802919676791) (57.49558340879635,166.4802919676791) (57.49558340879635,165.9914307520962) (58.49558340879637,165.9914307520962) (58.49558340879637,165.5025695365133) (59.49558340879639,165.5025695365133) (59.49558340879639,165.0137083209304) (60.49558340879641,165.0137083209304) (60.49558340879641,164.5248471053475) (61.49558340879643,164.5248471053475) (61.49558340879643,164.0359858897646) (62.49558340879646,164.0359858897646) (62.49558340879646,163.5) (174.4955834087977,163.5) (174.4955834087977,189.4896220913107) (175.4955834087978,189.4896220913107) (175.4955834087978,215.4792441826214) (176.4955834087979,215.4792441826214) (176.4955834087979,241.4688662739321) (177.4955834087979,241.4688662739321) (177.4955834087979,267.4584883652428) (178.495583408798,267.4584883652428) (178.495583408798,293.4481104565535) (179.4955834087981,293.4481104565535) (179.4955834087981,319.4377325478642) (180.4955834087982,319.4377325478642) (180.4955834087982,345.427354639175) (181.4955834087983,345.427354639175) (181.4955834087983,371.4169767304857) (182.4955834087984,371.4169767304857) (182.4955834087984,397.4065988217964) (183.4955834087984,397.4065988217964) (183.4955834087984,423.3962209131071) (184.4955834087985,423.3962209131071) (184.4955834087985,449.3858430044178) (185.4955834087986,449.3858430044178) (185.4955834087986,475.3754650957285) (186.4955834087987,475.3754650957285) (186.4955834087987,501.3650871870392) (187.4955834087988,501.3650871870392) (187.4955834087988,527.3547092783499) (188.4955834087989,527.3547092783499) (188.4955834087989,553.3443313696606) (189.495583408799,553.3443313696606) (189.495583408799,579.3339534609713) (190.495583408799,579.3339534609713) (190.495583408799,605.323575552282) (191.4955834087991,605.323575552282) (191.4955834087991,631.3131976435927) (192.4955834087991,631.3131976435927) (192.4955834087991,657.3028197349034) (193.4955834087992,657.3028197349034) (193.4955834087992,683.2924418262141) (194.4955834087993,683.2924418262141) (194.4955834087993,709.2820639175249) (195.4955834087994,709.2820639175249) (195.4955834087994,735.2716860088356) (700,735.2716860088356)
robPositionX[0]:
[0]: (0,0) (0,92.5) (2,92.5) (2,97.73313175708738) (13.49558340879584,97.73313175708738) (13.49558340879584,123.7285354798977) (14.49558340879584,123.7285354798977) (14.49558340879584,149.723939202708) (15.51438687127908,149.723939202708) (15.51438687127908,175.7193429255182) (16.51438687127909,175.7193429255182) (16.51438687127909,201.7147466483285) (17.51438687127909,201.7147466483285) (17.51438687127909,227.7101503711388) (18.51438687127909,227.7101503711388) (18.51438687127909,253.7055540939491) (19.51438687127909,253.7055540939491) (19.51438687127909,279.7009578167594) (20.51438687127908,279.7009578167594) (20.51438687127908,305.6963615395697) (21.51438687127907,305.6963615395697) (21.51438687127907,331.69176526238) (22.51438687127906,331.69176526238) (22.51438687127906,357.6871689851903) (23.51438687127906,357.6871689851903) (23.51438687127906,383.6825727080006) (24.51438687127905,383.6825727080006) (24.51438687127905,409.6779764308109) (25.51438687127904,409.6779764308109) (25.51438687127904,435.6733801536212) (26.51438687127904,435.6733801536212) (26.51438687127904,461.6687838764315) (27.51438687127903,461.6687838764315) (27.51438687127903,487.6641875992418) (28.51438687127902,487.6641875992418) (28.51438687127902,513.6595913220521) (29.51438687127902,513.6595913220521) (29.51438687127902,539.6549950448623) (30.514386871279,539.6549950448623) (30.514386871279,565.6503987676725) (31.514386871279,565.6503987676725) (31.514386871279,591.6458024904828) (32.51438687127901,591.6458024904828) (32.51438687127901,617.641206213293) (33.51438687127904,617.641206213293) (33.51438687127904,643.6366099361032) (34.51438687127906,643.6366099361032) (34.51438687127906,669.6320136589135) (35.51438687127909,669.6320136589135) (35.51438687127909,695.6274173817237) (36.51438687127912,695.6274173817237) (36.51438687127912,721.622821104534) (37.51438687127915,721.622821104534) (37.51438687127915,747.6182248273442) (38.51438687127918,747.6182248273442) (38.51438687127918,773.6136285501544) (39.51438687127921,773.6136285501544) (39.51438687127921,799.6090322729647) (40.51438687127924,799.6090322729647) (40.51438687127924,825.6044359957749) (41.51438687127926,825.6044359957749) (41.51438687127926,851.5998397185851) (42.51438687127929,851.5998397185851) (42.51438687127929,877.5952434413954) (43.51438687127932,877.5952434413954) (43.51438687127932,903.5906471642056) (44.51438687127935,903.5906471642056) (44.51438687127935,929.5860508870159) (45.51438687127938,929.5860508870159) (45.51438687127938,955.5814546098261) (46.51438687127941,955.5814546098261) (46.51438687127941,981.5768583326363) (47.51438687127943,981.5768583326363) (47.51438687127943,1007.572262055447) (48.51438687127945,1007.572262055447) (48.51438687127945,1033.567665778257) (49.51438687127947,1033.567665778257) (49.51438687127947,1059.563069501067) (50.51438687127948,1059.563069501067) (50.51438687127948,1085.558473223878) (51.5143868712795,1085.558473223878) (51.5143868712795,1111.553876946688) (52.51438687127951,1111.553876946688) (52.51438687127951,1137.549280669498) (53.51438687127953,1137.549280669498) (53.51438687127953,1163.544684392309) (54.51438687127954,1163.544684392309) (54.51438687127954,1189.540088115119) (55.51438687127956,1189.540088115119) (55.51438687127956,1215.535491837929) (56.51438687127958,1215.535491837929) (56.51438687127958,1241.53089556074) (57.5143868712796,1241.53089556074) (57.5143868712796,1267.52629928355) (58.51438687127963,1267.52629928355) (58.51438687127963,1293.52170300636) (59.51438687127965,1293.52170300636) (59.51438687127965,1319.517106729171) (60.51438687127967,1319.517106729171) (60.51438687127967,1345.512510451981) (61.51438687127969,1345.512510451981) (61.51438687127969,1371.507914174791) (62.51438687127971,1371.507914174791) (62.51438687127971,1397.503317897602) (63.52711772813888,1397.503317897602) (63.52711772813888,1423.501210954746) (64.5357369458181,1423.501210954746) (64.5357369458181,1449.500245178851) (65.54157238658601,1449.500245178851) (65.54157238658601,1475.499802499311) (66.54552311763432,1475.499802499311) (66.54552311763432,1501.499599591989) (67.54819785005446,1501.499599591989) (67.54819785005446,1527.499506587529) (68.55000870137671,1527.499506587529) (68.55000870137671,1553.499463958168) (69.55123468608492,1553.499463958168) (69.55123468608492,1579.49944441867) (70.5520647035349,1579.49944441867) (70.5520647035349,1605.499435462594) (71.55262664276464,1605.499435462594) (71.55262664276464,1631.49943135751) (72.55300708739796,1631.49943135751) (72.55300708739796,1657.499429475914) (73.55326465638117,1657.499429475914) (73.55326465638117,1683.499428613471) (74.5534390359748,1683.499428613471) (74.5534390359748,1709.499428218164) (75.5535570946091,1709.499428218164) (75.5535570946091,1735.499428036972) (76.55363702277648,1735.499428036972) (76.55363702277648,1761.499427953921) (77.55369113581757,1761.499427953921) (77.55369113581757,1787.499427915854) (78.55372777147922,1787.499427915854) (78.55372777147922,1813.499427898406) (79.55375257459066,1813.499427898406) (79.55375257459066,1839.499427890409) (80.55376936681752,1839.499427890409) (80.55376936681752,1865.499427886743) (81.55378073549528,1865.499427886743) (81.55378073549528,1891.499427885063) (82.55378843233085,1891.499427885063) (82.55378843233085,1917.499427884293) (83.55379364324364,1917.499427884293) (83.55379364324364,1943.499427883939) (84.55379717113873,1943.499427883939) (84.55379717113873,1969.499427883778) (85.5537995596047,1969.499427883778) (85.5537995596047,1995.499427883703) (86.55380117663812,1995.499427883703) (86.55380117663812,2021.499427883669) (87.55380227144251,2021.499427883669) (87.55380227144251,2047.499427883654) (88.55380301261609,2047.499427883654) (88.55380301261609,2073.499427883647) (89.55380351441138,2073.499427883647) (89.55380351441138,2099.499427883643) (90.55380385421009,2099.499427883643) (90.55380385421009,2125.499427883642) (91.5538040845764,2125.499427883642) (91.5538040845764,2151.499427883641) (92.55380423943375,2151.499427883641) (92.55380423943375,2177.499427883641) (93.55380434374182,2177.499427883641) (93.55380434374182,2203.499427883641) (94.55380441674224,2203.499427883641) (94.55380441674224,2229.499427883641) (95.55380446616374,2229.499427883641) (95.55380446616374,2255.499427883641) (96.55380449948369,2255.499427883641) (96.55380449948369,2281.499427883641) (97.55380452055705,2281.499427883641) (97.55380452055705,2307.499427883641) (98.55380452055699,2307.499427883641) (98.55380452055699,2333.499427883641) (99.55380452055694,2333.499427883641) (99.55380452055694,2359.499427883641) (100.5538045205569,2359.499427883641) (100.5538045205569,2385.499427883641) (101.5538045205568,2385.499427883641) (101.5538045205568,2411.499427883641) (102.5538045205568,2411.499427883641) (102.5538045205568,2437.499427883641) (103.5538045205567,2437.499427883641) (103.5538045205567,2463.499427883641) (104.5538045205567,2463.499427883641) (104.5538045205567,2489.499427883641) (105.5538045205566,2489.499427883641) (105.5538045205566,2515.499427883641) (106.5538045205565,2515.499427883641) (106.5538045205565,2541.499427883641) (107.5538045205565,2541.499427883641) (107.5538045205565,2567.499427883641) (108.5538045205564,2567.499427883641) (108.5538045205564,2593.499427883641) (109.5538045205564,2593.499427883641) (109.5538045205564,2619.499427883641) (110.5538045205563,2619.499427883641) (110.5538045205563,2645.499427883641) (111.5538045205563,2645.499427883641) (111.5538045205563,2671.499427883641) (112.5538045205562,2671.499427883641) (112.5538045205562,2697.499427883641) (113.5538045205561,2697.499427883641) (113.5538045205561,2723.499427883641) (114.5538045205561,2723.499427883641) (114.5538045205561,2749.499427883641) (115.553804520556,2749.499427883641) (115.553804520556,2775.499427883641) (116.553804520556,2775.499427883641) (116.553804520556,2801.499427883641) (117.5538045205559,2801.499427883641) (117.5538045205559,2827.499427883641) (118.5538045205559,2827.499427883641) (118.5538045205559,2853.499427883641) (119.5538045205558,2853.499427883641) (119.5538045205558,2879.499427883641) (120.5538045205557,2879.499427883641) (120.5538045205557,2905.499427883641) (121.5538045205557,2905.499427883641) (121.5538045205557,2931.499427883641) (122.5538045205556,2931.499427883641) (122.5538045205556,2957.499427883641) (123.5538045205556,2957.499427883641) (123.5538045205556,2983.499427883641) (124.5538045205555,2983.499427883641) (124.5538045205555,3009.499427883641) (125.5538045205555,3009.499427883641) (125.5538045205555,3035.499427883641) (126.5538045205554,3035.499427883641) (126.5538045205554,3061.499427883641) (127.5538045205553,3061.499427883641) (127.5538045205553,3087.499427883641) (128.5538045205554,3087.499427883641) (128.5538045205554,3113.499427883641) (129.5538045205554,3113.499427883641) (129.5538045205554,3139.499427883641) (130.5538045205555,3139.499427883641) (130.5538045205555,3165.499427883641) (131.5538045205556,3165.499427883641) (131.5538045205556,3191.499427883641) (132.5538045205557,3191.499427883641) (132.5538045205557,3217.499427883641) (133.5538045205558,3217.499427883641) (133.5538045205558,3243.499427883641) (134.5538045205559,3243.499427883641) (134.5538045205559,3269.499427883641) (135.553804520556,3269.499427883641) (135.553804520556,3295.499427883641) (136.553804520556,3295.499427883641) (136.553804520556,3321.499427883641) (137.5538045205561,3321.499427883641) (137.5538045205561,3347.499427883641) (138.5538045205562,3347.499427883641) (138.5538045205562,3373.499427883641) (139.5538045205563,3373.499427883641) (139.5538045205563,3399.499427883641) (140.5538045205564,3399.499427883641) (140.5538045205564,3425.499427883641) (141.5538045205565,3425.499427883641) (141.5538045205565,3451.499427883641) (142.5538045205566,3451.499427883641) (142.5538045205566,3477.499427883641) (143.5538045205566,3477.499427883641) (143.5538045205566,3503.499427883641) (144.5538045205567,3503.499427883641) (144.5538045205567,3529.499427883641) (145.5538045205568,3529.499427883641) (145.5538045205568,3555.499427883641) (146.5538045205569,3555.499427883641) (146.5538045205569,3581.499427883641) (147.553804520557,3581.499427883641) (147.553804520557,3607.499427883641) (148.5538045205571,3607.499427883641) (148.5538045205571,3633.499427883641) (149.5538045205572,3633.499427883641) (149.5538045205572,3659.499427883641) (150.5538045205572,3659.499427883641) (150.5538045205572,3685.499427883641) (151.5538045205573,3685.499427883641) (151.5538045205573,3711.499427883641) (152.5538045205574,3711.499427883641) (152.5538045205574,3737.499427883641) (153.5538045205575,3737.499427883641) (153.5538045205575,3763.499427883641) (154.5538045205576,3763.499427883641) (154.5538045205576,3789.499427883641) (155.5538045205577,3789.499427883641) (155.5538045205577,3815.499427883641) (156.5538045205577,3815.499427883641) (156.5538045205577,3841.499427883641) (157.5538045205578,3841.499427883641) (157.5538045205578,3867.499427883641) (158.5538045205579,3867.499427883641) (158.5538045205579,3893.499427883641) (159.553804520558,3893.499427883641) (159.553804520558,3919.499427883641) (160.5538045205581,3919.499427883641) (160.5538045205581,3945.499427883641) (161.5538045205582,3945.499427883641) (161.5538045205582,3971.499427883641) (162.5538045205583,3971.499427883641) (162.5538045205583,3997.499427883641) (163.5538045205583,3997.499427883641) (163.5538045205583,4023.499427883641) (164.5538045205584,4023.499427883641) (164.5538045205584,4049.499427883641) (165.5538045205585,4049.499427883641) (165.5538045205585,4075.499427883641) (166.5538045205586,4075.499427883641) (166.5538045205586,4101.49942788364) (167.5538045205587,4101.49942788364) (167.5538045205587,4127.49942788364) (168.5538045205588,4127.49942788364) (168.5538045205588,4153.49942788364) (169.5538045205589,4153.49942788364) (169.5538045205589,4179.49942788364) (170.5538045205589,4179.49942788364) (170.5538045205589,4205.49942788364) (171.553804520559,4205.49942788364) (171.553804520559,4231.49942788364) (172.5538045205591,4231.49942788364) (172.5538045205591,4257.49942788364) (173.5538045205592,4257.49942788364) (173.5538045205592,4283.49942788364) (174.5538045205593,4283.49942788364) (174.5538045205593,4309.49942788364) (175.7925863163142,4309.49942788364) (175.7925863163142,4334.761725317672) (177.3087024132277,4334.761725317672) (177.3087024132277,4357.375029374853) (179.1075595924011,4357.375029374853) (179.1075595924011,4371.80338971305) (181.2432672356947,4371.80338971305) (181.2432672356947,4380.472858151295) (183.5515656945993,4380.472858151295) (183.5515656945993,4385.010512952947) (185.9777057423457,4385.010512952947) (185.9777057423457,4388.172157803916) (188.4464069703684,4388.172157803916) (188.4464069703684,4390.428283375573) (190.9437740058963,4390.428283375573) (190.9437740058963,4391.835488330516) (193.4682391683491,4391.835488330516) (193.4682391683491,4392.871718959358) (196.0050770064709,4392.871718959358) (196.0050770064709,4393.515439372457) (198.5550322265471,4393.515439372457) (198.5550322265471,4394.057268921059) (201.1049874466233,4394.057268921059) (201.1049874466233,4394.599098469662) (203.6549426666995,4394.599098469662) (203.6549426666995,4395.140928018264) (206.2048978867757,4395.140928018264) (206.2048978867757,4395.682757566867) (208.754853106852,4395.682757566867) (208.754853106852,4396.224587115469) (211.3048083269281,4396.224587115469) (211.3048083269281,4396.766416664072) (213.8547635470043,4396.766416664072) (213.8547635470043,4397.308246212675) (216.4047187670805,4397.308246212675) (216.4047187670805,4397.850075761278) (218.9546739871567,4397.850075761278) (218.9546739871567,4398.391905309881) (221.5046292072329,4398.391905309881) (221.5046292072329,4398.933734858484) (224.0545844273091,4398.933734858484) (224.0545844273091,4399.475564407086) (226.6045396473854,4399.475564407086) (226.6045396473854,4400.01739395569) (229.1544948674616,4400.01739395569) (229.1544948674616,4400.559223504292) (231.7044500875377,4400.559223504292) (231.7044500875377,4400.840201776819) (700,4400.840201776819)
robPositionY[0]:
[0]: (0,0) (0,163.5) (2,163.5) (2,188.9679078844919) (13.49558340879584,188.9679078844919) (13.49558340879584,188.479046668909) (14.49558340879584,188.479046668909) (14.49558340879584,187.9901854533262) (15.51438687127908,187.9901854533262) (15.51438687127908,187.5013242377433) (16.51438687127909,187.5013242377433) (16.51438687127909,187.0124630221605) (17.51438687127909,187.0124630221605) (17.51438687127909,186.5236018065776) (18.51438687127909,186.5236018065776) (18.51438687127909,186.0347405909947) (19.51438687127909,186.0347405909947) (19.51438687127909,185.5458793754118) (20.51438687127908,185.5458793754118) (20.51438687127908,185.0570181598289) (21.51438687127907,185.0570181598289) (21.51438687127907,184.568156944246) (22.51438687127906,184.568156944246) (22.51438687127906,184.0792957286631) (23.51438687127906,184.0792957286631) (23.51438687127906,183.5904345130803) (24.51438687127905,183.5904345130803) (24.51438687127905,183.1015732974974) (25.51438687127904,183.1015732974974) (25.51438687127904,182.6127120819145) (26.51438687127904,182.6127120819145) (26.51438687127904,182.1238508663316) (27.51438687127903,182.1238508663316) (27.51438687127903,181.6349896507487) (28.51438687127902,181.6349896507487) (28.51438687127902,181.1461284351658) (29.51438687127902,181.1461284351658) (29.51438687127902,180.6572672195829) (30.514386871279,180.6572672195829) (30.514386871279,180.168406004) (31.514386871279,180.168406004) (31.514386871279,179.6795447884172) (32.51438687127901,179.6795447884172) (32.51438687127901,179.1906835728343) (33.51438687127904,179.1906835728343) (33.51438687127904,178.7018223572514) (34.51438687127906,178.7018223572514) (34.51438687127906,178.2129611416685) (35.51438687127909,178.2129611416685) (35.51438687127909,177.7240999260856) (36.51438687127912,177.7240999260856) (36.51438687127912,177.2352387105027) (37.51438687127915,177.2352387105027) (37.51438687127915,176.7463774949198) (38.51438687127918,176.7463774949198) (38.51438687127918,176.257516279337) (39.51438687127921,176.257516279337) (39.51438687127921,175.7686550637541) (40.51438687127924,175.7686550637541) (40.51438687127924,175.2797938481712) (41.51438687127926,175.2797938481712) (41.51438687127926,174.7909326325883) (42.51438687127929,174.7909326325883) (42.51438687127929,174.3020714170054) (43.51438687127932,174.3020714170054) (43.51438687127932,173.8132102014225) (44.51438687127935,173.8132102014225) (44.51438687127935,173.3243489858396) (45.51438687127938,173.3243489858396) (45.51438687127938,172.8354877702567) (46.51438687127941,172.8354877702567) (46.51438687127941,172.3466265546739) (47.51438687127943,172.3466265546739) (47.51438687127943,171.857765339091) (48.51438687127945,171.857765339091) (48.51438687127945,171.3689041235081) (49.51438687127947,171.3689041235081) (49.51438687127947,170.8800429079252) (50.51438687127948,170.8800429079252) (50.51438687127948,170.3911816923423) (51.5143868712795,170.3911816923423) (51.5143868712795,169.9023204767594) (52.51438687127951,169.9023204767594) (52.51438687127951,169.4134592611765) (53.51438687127953,169.4134592611765) (53.51438687127953,168.9245980455937) (54.51438687127954,168.9245980455937) (54.51438687127954,168.4357368300108) (55.51438687127956,168.4357368300108) (55.51438687127956,167.9468756144279) (56.51438687127958,167.9468756144279) (56.51438687127958,167.458014398845) (57.5143868712796,167.458014398845) (57.5143868712796,166.9691531832621) (58.51438687127963,166.9691531832621) (58.51438687127963,166.4802919676792) (59.51438687127965,166.4802919676792) (59.51438687127965,165.9914307520963) (60.51438687127967,165.9914307520963) (60.51438687127967,165.5025695365134) (61.51438687127969,165.5025695365134) (61.51438687127969,165.0137083209306) (62.51438687127971,165.0137083209306) (62.51438687127971,164.5248471053477) (63.52711772813888,164.5248471053477) (63.52711772813888,164.1938537681208) (64.5357369458181,164.1938537681208) (64.5357369458181,163.969756883213) (65.54157238658601,163.969756883213) (65.54157238658601,163.8180362843253) (66.54552311763432,163.8180362843253) (66.54552311763432,163.7153175442811) (67.54819785005446,163.7153175442811) (67.54819785005446,163.6457745842783) (68.55000870137671,163.6457745842783) (68.55000870137671,163.5986924756321) (69.55123468608492,163.5986924756321) (69.55123468608492,163.566816881204) (70.5520647035349,163.566816881204) (70.5520647035349,163.545236429983) (71.55262664276464,163.545236429983) (71.55262664276464,163.5306260107791) (72.55300708739796,163.5306260107791) (72.55300708739796,163.5207344505516) (73.55326465638117,163.5207344505516) (73.55326465638117,163.5140376570627) (74.5534390359748,163.5140376570627) (74.5534390359748,163.5095037876518) (75.5535570946091,163.5095037876518) (75.5535570946091,163.5064342631685) (76.55363702277648,163.5064342631685) (76.55363702277648,163.5043561308182) (77.55369113581757,163.5043561308182) (77.55369113581757,163.5029491917491) (78.55372777147922,163.5029491917491) (78.55372777147922,163.5019966645455) (79.55375257459066,163.5019966645455) (79.55375257459066,163.5013517836466) (80.55376936681752,163.5013517836466) (80.55376936681752,163.5009151857469) (81.55378073549528,163.5009151857469) (81.55378073549528,163.5006196001235) (82.55378843233085,163.5006196001235) (82.55378843233085,163.5004194823974) (83.55379364324364,163.5004194823974) (83.55379364324364,163.5002839986634) (84.55379717113873,163.5002839986634) (84.55379717113873,163.5001922733894) (85.5537995596047,163.5001922733894) (85.5537995596047,163.5001301732726) (86.55380117663812,163.5001301732726) (86.55380117663812,163.5000881304022) (87.55380227144251,163.5000881304022) (87.55380227144251,163.5000596654866) (88.55380301261609,163.5000596654866) (88.55380301261609,163.5000403949721) (89.55380351441138,163.5000403949721) (89.55380351441138,163.5000273482928) (90.55380385421009,163.5000273482928) (90.55380385421009,163.5000185135251) (91.5538040845764,163.5000185135251) (91.5538040845764,163.5000125239997) (92.55380423943375,163.5000125239997) (92.55380423943375,163.5000084977071) (93.55380434374182,163.5000084977071) (93.55380434374182,163.5000057856957) (94.55380441674224,163.5000057856957) (94.55380441674224,163.5000038876832) (95.55380446616374,163.5000038876832) (95.55380446616374,163.5000026027226) (96.55380449948369,163.5000026027226) (96.55380449948369,163.5000017364024) (97.55380452055705,163.5000017364024) (97.55380452055705,163.5000011884933) (98.55380452055699,163.5000011884933) (98.55380452055699,163.5000006405843) (175.7925863163142,163.5000006405843) (175.7925863163142,169.6494988603188) (177.3087024132277,169.6494988603188) (177.3087024132277,182.4806515605829) (179.1075595924011,182.4806515605829) (179.1075595924011,204.1098544573876) (181.2432672356947,204.1098544573876) (181.2432672356947,228.6218987825405) (183.5515656945993,228.6218987825405) (183.5515656945993,254.2228692504944) (185.9777057423457,254.2228692504944) (185.9777057423457,280.0299225855101) (188.4464069703684,280.0299225855101) (188.4464069703684,305.9318510350467) (190.9437740058963,305.9318510350467) (190.9437740058963,331.8937418408948) (193.4682391683491,331.8937418408948) (193.4682391683491,357.873084135954) (196.0050770064709,357.873084135954) (196.0050770064709,383.8651141457428) (198.5550322265471,383.8651141457428) (198.5550322265471,409.8594677776426) (201.1049874466233,409.8594677776426) (201.1049874466233,435.8538214095424) (203.6549426666995,435.8538214095424) (203.6549426666995,461.8481750414421) (206.2048978867757,461.8481750414421) (206.2048978867757,487.8425286733419) (208.754853106852,487.8425286733419) (208.754853106852,513.8368823052417) (211.3048083269281,513.8368823052417) (211.3048083269281,539.8312359371415) (213.8547635470043,539.8312359371415) (213.8547635470043,565.8255895690413) (216.4047187670805,565.8255895690413) (216.4047187670805,591.8199432009411) (218.9546739871567,591.8199432009411) (218.9546739871567,617.8142968328409) (221.5046292072329,617.8142968328409) (221.5046292072329,643.8086504647407) (224.0545844273091,643.8086504647407) (224.0545844273091,669.8030040966405) (226.6045396473854,669.8030040966405) (226.6045396473854,695.7973577285403) (229.1544948674616,695.7973577285403) (229.1544948674616,721.7917113604401) (231.7044500875377,721.7917113604401) (231.7044500875377,735.2716860088356) (700,735.2716860088356)
batteryCharge[0]:
[0]: (0,100) (700,100)
user_guided_transport.end:
[0]: (0,0) (233.7044500875368,0) (233.7044500875368,1) (700,1)
[2K
Verifying formula 5 at /nta/queries/query[5]/formula
 -- Formula: simulate[<=700]{robot_inventory[0][0], user_guided_transport.end*2}
[2K -- Formula is satisfied.
robot_inventory[0][0]:
[0]: (0,0) (7.504138007665097,0) (7.504138007665097,1) (700,1)
user_guided_transport.end * 2:
[0]: (0,0) (230.7130046864044,0) (230.7130046864044,2) (700,2)
[2K
Verifying formula 6 at /nta/queries/query[6]/formula
 -- Formula: simulate[<=700]{bedroom[0], bedroom[1], kitchen[0], kitchen[1]}
[2K -- Formula is satisfied.
bedroom[0]:
[0]: (0,100) (700,100)
bedroom[1]:
[0]: (0,200) (700,200)
kitchen[0]:
[0]: (0,4400) (700,4400)
kitchen[1]:
[0]: (0,765) (700,765)
[2K
Verifying formula 7 at /nta/queries/query[7]/formula
 -- Formula: simulate[<=700]{rm_1.idle, rf_1.idle, rp_1.idle, rd_1.idle}
[2K -- Formula is satisfied.
rm_1.idle:
[0]: (0,0) (0,1) (0,0) (3,0) (3,1) (700,1)
rf_1.idle:
[0]: (0,0) (0,1) (10.48588353956223,1) (10.48588353956223,0) (232.7135536807906,0) (232.7135536807906,1) (700,1)
rp_1.idle:
[0]: (0,0) (0,1) (2,1) (2,0) (10.48588353956223,0) (10.48588353956223,1) (700,1)
rd_1.idle:
[0]: (0,0) (0,1) (700,1)
[2K
Verifying formula 8 at /nta/queries/query[8]/formula
 -- Formula: Pr[<=700](<>!rm_1.idle || !rf_1.idle || !rp_1.idle || !rd_1.idle)
[2K -- Formula is satisfied.
(72/72 runs) Pr(<> …) in [0.950056,1] (95% CI)
Values in [0,0] mean=0 steps=2.22045e-16: 72
[2K
Verifying formula 9 at /nta/queries/query[9]/formula
 -- Formula: Pr[<=700]([] (user_guided_transport.end imply (rm_1.idle && rf_1.idle && rp_1.idle && rd_1.idle)))
 -- Throughput: 610405 runs/sec, Load: 331 runs[K
[2K -- Formula is satisfied.
(72/72 runs) Pr([] …) in [0.950056,1] (95% CI)
[2K
Verifying formula 10 at /nta/queries/query[10]/formula
 -- Formula: Pr[<=700] (<> pow(humanPositionX[0] - kitchen[0], 2) + pow(humanPositionY[0] - kitchen[1], 2) <= 900 )
[2K -- Formula is satisfied.
(72/72 runs) Pr(<> …) in [0.950056,1] (95% CI)
Values in [192.043,196.966] mean=194.66 steps=0.546968: 7 5 5 15 5 14 3 5 13
[2K
Verifying formula 11 at /nta/queries/query[11]/formula
 -- Formula: Pr[<=700] (<> pow(humanPositionX[0] - bedroom[0], 2) + pow(humanPositionY[0] - bedroom[1], 2) <= 900 )
[2K -- Formula is satisfied.
(72/72 runs) Pr(<> …) in [0.950056,1] (95% CI)
Values in [1,1] mean=1 steps=2.22045e-16: 72
[2K
Verifying formula 12 at /nta/queries/query[12]/formula
 -- Formula: Pr[<=700] (<> pow(robPositionX[0] - bedroom[0], 2) + pow(robPositionY[0] - bedroom[1], 2) <= 900 )
[2K -- Formula is satisfied.
(72/72 runs) Pr(<> …) in [0.950056,1] (95% CI)
Values in [2,2] mean=2 steps=2.22045e-16: 72
[2K
Verifying formula 13 at /nta/queries/query[13]/formula
 -- Formula: Pr[<=700] (<> !isValidPosition(humanPositionX[0], humanPositionY[0]))
[2K -- Formula is satisfied.
(72/72 runs) Pr(<> …) in [0.950056,1] (95% CI)
Values in [0,0] mean=0 steps=2.22045e-16: 72
[2K
Verifying formula 14 at /nta/queries/query[14]/formula
 -- Formula: Pr[<=700] (<> !isValidPosition(robPositionX[0], robPositionY[0]))
[2K -- Formula is satisfied.
(72/72 runs) Pr(<> …) in [0.950056,1] (95% CI)
Values in [0,0] mean=0 steps=2.22045e-16: 72
[2K
Verifying formula 15 at /nta/queries/query[15]/formula
 -- Formula: Pr[<=700] (<> currP > 2)
 -- Throughput: 617097 runs/sec, Load: 330 runs[K
[2K -- Formula is satisfied.
(0/72 runs) Pr(<> …) in [0,0.0499441] (95% CI)
