Options for the verification:
  Generating no trace
  Search order is breadth first
  Using conservative space optimisation
  Seed is 1784900867
  State space representation uses minimal constraint systems with future testing
  Using HashMap + Compress integers for discrete state storage
[2K
Verifying formula 1 at /nta/queries/query[1]/formula
 -- Formula: simulate[<=700]{user_guided_transport_robot_def.s1_start, user_guided_transport_robot_def.s1_end, user_guided_transport_robot_def.s2_start, user_guided_transport_robot_def.s2_end, user_guided_transport_robot_def.s3_start, user_guided_transport_robot_def.s3_end, user_guided_transport_robot_def.s5_start, user_guided_transport_robot_def.s5_idle, user_guided_transport.end}
[2K -- Formula is satisfied.
user_guided_transport_robot_def.s1_start:
[0]: (0,0) (0,1) (0,0) (700,0)
user_guided_transport_robot_def.s1_end:
[0]: (0,0) (2,0) (2,1) (2,0) (700,0)
user_guided_transport_robot_def.s2_start:
[0]: (0,0) (2,0) (2,1) (2,0) (700,0)
user_guided_transport_robot_def.s2_end:
[0]: (0,0) (11.68030169974631,0) (11.68030169974631,1) (11.68030169974631,0) (700,0)
user_guided_transport_robot_def.s3_start:
[0]: (0,0) (11.68030169974631,0) (11.68030169974631,1) (11.68030169974631,0) (700,0)
user_guided_transport_robot_def.s3_end:
[0]: (0,0) (232.8891683784864,0) (232.8891683784864,1) (232.8891683784864,0) (700,0)
user_guided_transport_robot_def.s5_start:
[0]: (0,0) (232.8891683784864,0) (232.8891683784864,1) (232.8891683784864,0) (700,0)
user_guided_transport_robot_def.s5_idle:
[0]: (0,0) (232.8891683784864,0) (232.8891683784864,1) (232.8891683784864,0) (700,0)
user_guided_transport.end:
[0]: (0,0) (234.8891683784855,0) (234.8891683784855,1) (700,1)
[2K
Verifying formula 2 at /nta/queries/query[2]/formula
 -- Formula: simulate[<=700]{user_guided_transport_human_def.s1_start, user_guided_transport_human_def.s1_end, user_guided_transport_human_def.s2_start, user_guided_transport_human_def.s2_idle, user_guided_transport_human_def.s4_start, user_guided_transport_human_def.s4_end, user_guided_transport_human_def.s5_start, user_guided_transport_human_def.s5_idle, user_guided_transport.end}
[2K -- Formula is satisfied.
user_guided_transport_human_def.s1_start:
[0]: (0,0) (0,1) (0,0) (700,0)
user_guided_transport_human_def.s1_end:
[0]: (0,0) (1,0) (1,1) (2,1) (2,0) (700,0)
user_guided_transport_human_def.s2_start:
[0]: (0,0) (2,0) (2,1) (2,0) (700,0)
user_guided_transport_human_def.s2_idle:
[0]: (0,0) (2,0) (2,1) (7.571436999623417,1) (7.571436999623417,0) (700,0)
user_guided_transport_human_def.s4_start:
[0]: (0,0) (7.571436999623417,0) (7.571436999623417,1) (7.571436999623417,0) (12.57143699962339,0) (12.57143699962339,1) (12.57143699962339,0) (17.57143699962338,0) (17.57143699962338,1) (17.57143699962338,0) (22.57143699962336,0) (22.57143699962336,1) (22.57143699962336,0) (27.5714369996233,0) (27.5714369996233,1) (27.5714369996233,0) (32.57143699962327,0) (32.57143699962327,1) (32.57143699962327,0) (37.57143699962341,0) (37.57143699962341,1) (37.57143699962341,0) (42.57143699962355,0) (42.57143699962355,1) (42.57143699962355,0) (47.57143699962365,0) (47.57143699962365,1) (47.57143699962365,0) (52.57143699962368,0) (52.57143699962368,1) (52.57143699962368,0) (57.57143699962368,0) (57.57143699962368,1) (57.57143699962368,0) (62.5714369996237,0) (62.5714369996237,1) (62.5714369996237,0) (67.57143699962349,0) (67.57143699962349,1) (67.57143699962349,0) (72.57143699962317,0) (72.57143699962317,1) (72.57143699962317,0) (77.57143699962289,0) (77.57143699962289,1) (77.57143699962289,0) (82.57143699962256,0) (82.57143699962256,1) (82.57143699962256,0) (87.57143699962228,0) (87.57143699962228,1) (87.57143699962228,0) (92.57143699962197,0) (92.57143699962197,1) (92.57143699962197,0) (97.57143699962165,0) (97.57143699962165,1) (97.57143699962165,0) (102.5714369996214,0) (102.5714369996214,1) (102.5714369996214,0) (107.571436999621,0) (107.571436999621,1) (107.571436999621,0) (112.5714369996207,0) (112.5714369996207,1) (112.5714369996207,0) (117.5714369996204,0) (117.5714369996204,1) (117.5714369996204,0) (122.5714369996201,0) (122.5714369996201,1) (122.5714369996201,0) (127.5714369996198,0) (127.5714369996198,1) (127.5714369996198,0) (132.5714369996202,0) (132.5714369996202,1) (132.5714369996202,0) (137.5714369996206,0) (137.5714369996206,1) (137.5714369996206,0) (142.571436999621,0) (142.571436999621,1) (142.571436999621,0) (147.5714369996213,0) (147.5714369996213,1) (147.5714369996213,0) (152.5714369996216,0) (152.5714369996216,1) (152.5714369996216,0) (157.5714369996219,0) (157.5714369996219,1) (157.5714369996219,0) (162.5714369996222,0) (162.5714369996222,1) (162.5714369996222,0) (167.5714369996224,0) (167.5714369996224,1) (167.5714369996224,0) (172.5714369996227,0) (172.5714369996227,1) (172.5714369996227,0) (177.5714369996231,0) (177.5714369996231,1) (177.5714369996231,0) (182.5714369996234,0) (182.5714369996234,1) (182.5714369996234,0) (187.5714369996238,0) (187.5714369996238,1) (187.5714369996238,0) (192.5714369996241,0) (192.5714369996241,1) (192.5714369996241,0) (700,0)
user_guided_transport_human_def.s4_end:
[0]: (0,0) (192.5714369996241,0) (192.5714369996241,1) (228.7803036783624,1) (228.7803036783624,0) (700,0)
user_guided_transport_human_def.s5_start:
[0]: (0,0) (228.7803036783624,0) (228.7803036783624,1) (228.7803036783624,0) (700,0)
user_guided_transport_human_def.s5_idle:
[0]: (0,0) (228.7803036783624,0) (228.7803036783624,1) (228.7803036783624,0) (700,0)
user_guided_transport.end:
[0]: (0,0) (230.7803036783615,0) (230.7803036783615,1) (700,1)
[2K
Verifying formula 3 at /nta/queries/query[3]/formula
 -- Formula: Pr[<=700] (<> user_guided_transport.end)
[2K -- Formula is satisfied.
(72/72 runs) Pr(<> …) in [0.950056,1] (95% CI)
Values in [230.244,235.181] mean=232.403 steps=0.54858: 12 8 9 9 9 7 3 11 4
[2K
Verifying formula 4 at /nta/queries/query[4]/formula
 -- Formula: simulate[<=700]{humanPositionX[0], humanPositionY[0], robPositionX[0], robPositionY[0], batteryCharge[0], user_guided_transport.end}
[2K -- Formula is satisfied.
humanPositionX[0]:
[0]: (0,0) (0,92.5) (1,92.5) (1,97.73313175708738) (11.55501743166944,97.73313175708738) (11.55501743166944,123.7285354798977) (12.55501743166944,123.7285354798977) (12.55501743166944,149.723939202708) (13.55501743166944,149.723939202708) (13.55501743166944,175.7193429255182) (14.55501743166944,175.7193429255182) (14.55501743166944,201.7147466483285) (15.55501743166944,201.7147466483285) (15.55501743166944,227.7101503711388) (16.55501743166944,227.7101503711388) (16.55501743166944,253.7055540939491) (17.55501743166944,253.7055540939491) (17.55501743166944,279.7009578167594) (18.55501743166944,279.7009578167594) (18.55501743166944,305.6963615395697) (19.55501743166945,305.6963615395697) (19.55501743166945,331.69176526238) (20.55501743166947,331.69176526238) (20.55501743166947,357.6871689851903) (21.55501743166949,357.6871689851903) (21.55501743166949,383.6825727080006) (22.5550174316695,383.6825727080006) (22.5550174316695,409.6779764308109) (23.55501743166952,409.6779764308109) (23.55501743166952,435.6733801536212) (24.55501743166954,435.6733801536212) (24.55501743166954,461.6687838764315) (25.55501743166956,461.6687838764315) (25.55501743166956,487.6641875992418) (26.55501743166958,487.6641875992418) (26.55501743166958,513.6595913220521) (27.55501743166959,513.6595913220521) (27.55501743166959,539.6549950448623) (28.55501743166961,539.6549950448623) (28.55501743166961,565.6503987676725) (29.55501743166963,565.6503987676725) (29.55501743166963,591.6458024904828) (30.55501743166965,591.6458024904828) (30.55501743166965,617.641206213293) (31.55501743166966,617.641206213293) (31.55501743166966,643.6366099361032) (32.55501743166968,643.6366099361032) (32.55501743166968,669.6320136589135) (33.5550174316697,669.6320136589135) (33.5550174316697,695.6274173817237) (34.55501743166971,695.6274173817237) (34.55501743166971,721.622821104534) (35.55501743166973,721.622821104534) (35.55501743166973,747.6182248273442) (36.55501743166974,747.6182248273442) (36.55501743166974,773.6136285501544) (37.55501743166975,773.6136285501544) (37.55501743166975,799.6090322729647) (38.55501743166977,799.6090322729647) (38.55501743166977,825.6044359957749) (39.55501743166978,825.6044359957749) (39.55501743166978,851.5998397185851) (40.5550174316698,851.5998397185851) (40.5550174316698,877.5952434413954) (41.55501743166981,877.5952434413954) (41.55501743166981,903.5906471642056) (42.55501743166982,903.5906471642056) (42.55501743166982,929.5860508870159) (43.55501743166984,929.5860508870159) (43.55501743166984,955.5814546098261) (44.55501743166985,955.5814546098261) (44.55501743166985,981.5768583326363) (45.55501743166987,981.5768583326363) (45.55501743166987,1007.572262055447) (46.55501743166988,1007.572262055447) (46.55501743166988,1033.567665778257) (47.5550174316699,1033.567665778257) (47.5550174316699,1059.563069501067) (48.55501743166991,1059.563069501067) (48.55501743166991,1085.558473223878) (49.55501743166992,1085.558473223878) (49.55501743166992,1111.553876946688) (50.5550174316699,1111.553876946688) (50.5550174316699,1137.549280669498) (51.55501743166988,1137.549280669498) (51.55501743166988,1163.544684392309) (52.55501743166986,1163.544684392309) (52.55501743166986,1189.540088115119) (53.55501743166984,1189.540088115119) (53.55501743166984,1215.535491837929) (54.55501743166982,1215.535491837929) (54.55501743166982,1241.53089556074) (55.5550174316698,1241.53089556074) (55.5550174316698,1267.52629928355) (56.55501743166977,1267.52629928355) (56.55501743166977,1293.52170300636) (57.55501743166975,1293.52170300636) (57.55501743166975,1319.517106729171) (58.55501743166973,1319.517106729171) (58.55501743166973,1345.512510451981) (59.55501743166971,1345.512510451981) (59.55501743166971,1371.507914174791) (60.55501743166969,1371.507914174791) (60.55501743166969,1397.503317897602) (61.55501743166967,1397.503317897602) (61.55501743166967,1423.498721620412) (62.55501743166965,1423.498721620412) (62.55501743166965,1478) (63.55501743166963,1478) (63.55501743166963,1504) (64.55501743166963,1504) (64.55501743166963,1530) (65.55501743166961,1530) (65.55501743166961,1556) (66.5550174316696,1556) (66.5550174316696,1582) (67.55501743166958,1582) (67.55501743166958,1608) (68.55501743166957,1608) (68.55501743166957,1634) (69.55501743166955,1634) (69.55501743166955,1660) (70.55501743166954,1660) (70.55501743166954,1686) (71.55501743166953,1686) (71.55501743166953,1712) (72.55501743166951,1712) (72.55501743166951,1738) (73.55501743166948,1738) (73.55501743166948,1764) (74.55501743166947,1764) (74.55501743166947,1790) (75.55501743166948,1790) (75.55501743166948,1816) (76.5550174316695,1816) (76.5550174316695,1842) (77.55501743166951,1842) (77.55501743166951,1868) (78.55501743166953,1868) (78.55501743166953,1894) (79.55501743166954,1894) (79.55501743166954,1920) (80.55501743166955,1920) (80.55501743166955,1946) (81.55501743166955,1946) (81.55501743166955,1972) (82.55501743166957,1972) (82.55501743166957,1998) (83.55501743166957,1998) (83.55501743166957,2024) (84.55501743166958,2024) (84.55501743166958,2050) (85.5550174316696,2050) (85.5550174316696,2076) (86.55501743166961,2076) (86.55501743166961,2102) (87.55501743166963,2102) (87.55501743166963,2128) (88.55501743166964,2128) (88.55501743166964,2154) (89.55501743166965,2154) (89.55501743166965,2180) (90.55501743166967,2180) (90.55501743166967,2206) (91.55501743166968,2206) (91.55501743166968,2232) (92.55501743166968,2232) (92.55501743166968,2258) (93.5550174316697,2258) (93.5550174316697,2284) (94.55501743166971,2284) (94.55501743166971,2310) (95.55501743166971,2310) (95.55501743166971,2336) (96.55501743166971,2336) (96.55501743166971,2362) (97.55501743166973,2362) (97.55501743166973,2388) (98.55501743166974,2388) (98.55501743166974,2414) (99.55501743166975,2414) (99.55501743166975,2440) (100.5550174316698,2440) (100.5550174316698,2466) (101.5550174316698,2466) (101.5550174316698,2492) (102.5550174316698,2492) (102.5550174316698,2518) (103.5550174316698,2518) (103.5550174316698,2544) (104.5550174316698,2544) (104.5550174316698,2570) (105.5550174316698,2570) (105.5550174316698,2596) (106.5550174316699,2596) (106.5550174316699,2622) (107.5550174316699,2622) (107.5550174316699,2648) (108.5550174316699,2648) (108.5550174316699,2674) (109.5550174316699,2674) (109.5550174316699,2700) (110.5550174316699,2700) (110.5550174316699,2726) (111.5550174316699,2726) (111.5550174316699,2752) (112.5550174316699,2752) (112.5550174316699,2778) (113.55501743167,2778) (113.55501743167,2804) (114.55501743167,2804) (114.55501743167,2830) (115.55501743167,2830) (115.55501743167,2856) (116.55501743167,2856) (116.55501743167,2882) (117.55501743167,2882) (117.55501743167,2908) (118.55501743167,2908) (118.55501743167,2934) (119.55501743167,2934) (119.55501743167,2960) (120.5550174316701,2960) (120.5550174316701,2986) (121.5550174316701,2986) (121.5550174316701,3012) (122.5550174316701,3012) (122.5550174316701,3038) (123.5550174316701,3038) (123.5550174316701,3088.5) (124.5550174316701,3088.5) (124.5550174316701,3114.5) (125.5550174316701,3114.5) (125.5550174316701,3140.5) (126.5550174316701,3140.5) (126.5550174316701,3166.5) (127.5550174316702,3166.5) (127.5550174316702,3192.5) (128.5550174316701,3192.5) (128.5550174316701,3218.5) (129.5550174316701,3218.5) (129.5550174316701,3244.5) (130.5550174316701,3244.5) (130.5550174316701,3270.5) (131.5550174316701,3270.5) (131.5550174316701,3296.5) (132.5550174316701,3296.5) (132.5550174316701,3322.5) (133.5550174316701,3322.5) (133.5550174316701,3348.5) (134.5550174316701,3348.5) (134.5550174316701,3374.5) (135.5550174316701,3374.5) (135.5550174316701,3400.5) (136.5550174316701,3400.5) (136.5550174316701,3426.5) (137.5550174316701,3426.5) (137.5550174316701,3452.5) (138.5550174316701,3452.5) (138.5550174316701,3478.5) (139.5550174316701,3478.5) (139.5550174316701,3504.5) (140.5550174316701,3504.5) (140.5550174316701,3530.5) (141.5550174316701,3530.5) (141.5550174316701,3556.5) (142.5550174316701,3556.5) (142.5550174316701,3582.5) (143.5550174316701,3582.5) (143.5550174316701,3608.5) (144.5550174316701,3608.5) (144.5550174316701,3634.5) (145.5550174316701,3634.5) (145.5550174316701,3660.5) (146.5550174316701,3660.5) (146.5550174316701,3686.5) (147.5550174316701,3686.5) (147.5550174316701,3712.5) (148.5550174316701,3712.5) (148.5550174316701,3738.5) (149.5550174316701,3738.5) (149.5550174316701,3764.5) (150.5550174316701,3764.5) (150.5550174316701,3790.5) (151.5550174316701,3790.5) (151.5550174316701,3816.5) (152.5550174316701,3816.5) (152.5550174316701,3842.5) (153.5550174316701,3842.5) (153.5550174316701,3868.5) (154.5550174316701,3868.5) (154.5550174316701,3894.5) (155.5550174316701,3894.5) (155.5550174316701,3920.5) (156.5550174316701,3920.5) (156.5550174316701,3946.5) (157.5550174316701,3946.5) (157.5550174316701,3972.5) (158.5550174316701,3972.5) (158.5550174316701,3998.5) (159.5550174316701,3998.5) (159.5550174316701,4024.5) (160.5550174316701,4024.5) (160.5550174316701,4050.5) (161.5550174316701,4050.5) (161.5550174316701,4076.5) (162.5550174316701,4076.5) (162.5550174316701,4102.5) (163.5550174316701,4102.5) (163.5550174316701,4128.5) (164.55501743167,4128.5) (164.55501743167,4154.5) (165.5550174316699,4154.5) (165.5550174316699,4180.5) (166.5550174316698,4180.5) (166.5550174316698,4206.5) (167.5550174316697,4206.5) (167.5550174316697,4232.5) (168.5550174316696,4232.5) (168.5550174316696,4258.5) (169.5550174316695,4258.5) (169.5550174316695,4284.5) (170.5550174316695,4284.5) (170.5550174316695,4310.5) (171.5550174316694,4310.5) (171.5550174316694,4336.5) (172.5550174316693,4336.5) (172.5550174316693,4362.5) (173.5550174316692,4362.5) (173.5550174316692,4388.5) (174.5550174316691,4388.5) (174.5550174316691,4416.265463717128) (175.5550174316691,4416.265463717128) (175.5550174316691,4415.530927434256) (176.5550174316689,4415.530927434256) (176.5550174316689,4414.796391151384) (177.5550174316688,4414.796391151384) (177.5550174316688,4414.061854868512) (178.5550174316687,4414.061854868512) (178.5550174316687,4413.327318585641) (179.5550174316686,4413.327318585641) (179.5550174316686,4412.592782302769) (180.5550174316685,4412.592782302769) (180.5550174316685,4411.858246019897) (181.5550174316684,4411.858246019897) (181.5550174316684,4411.123709737025) (182.5550174316683,4411.123709737025) (182.5550174316683,4410.389173454153) (183.5550174316681,4410.389173454153) (183.5550174316681,4409.654637171281) (184.555017431668,4409.654637171281) (184.555017431668,4408.920100888409) (185.5550174316679,4408.920100888409) (185.5550174316679,4408.185564605537) (186.5550174316678,4408.185564605537) (186.5550174316678,4407.451028322665) (187.5550174316677,4407.451028322665) (187.5550174316677,4406.716492039794) (188.5550174316676,4406.716492039794) (188.5550174316676,4405.981955756922) (189.5550174316675,4405.981955756922) (189.5550174316675,4405.24741947405) (190.5550174316674,4405.24741947405) (190.5550174316674,4404.512883191178) (191.5550174316673,4404.512883191178) (191.5550174316673,4403.778346908306) (192.5550174316672,4403.778346908306) (192.5550174316672,4403.043810625434) (193.5550174316671,4403.043810625434) (193.5550174316671,4402.309274342562) (194.555017431667,4402.309274342562) (194.555017431667,4401.57473805969) (195.5550174316668,4401.57473805969) (195.5550174316668,4400.840201776819) (700,4400.840201776819)
humanPositionY[0]:
[0]: (0,0) (0,163.5) (1,163.5) (1,188.9679078844919) (11.55501743166944,188.9679078844919) (11.55501743166944,188.479046668909) (12.55501743166944,188.479046668909) (12.55501743166944,187.9901854533261) (13.55501743166944,187.9901854533261) (13.55501743166944,187.5013242377432) (14.55501743166944,187.5013242377432) (14.55501743166944,187.0124630221603) (15.55501743166944,187.0124630221603) (15.55501743166944,186.5236018065774) (16.55501743166944,186.5236018065774) (16.55501743166944,186.0347405909945) (17.55501743166944,186.0347405909945) (17.55501743166944,185.5458793754117) (18.55501743166944,185.5458793754117) (18.55501743166944,185.0570181598288) (19.55501743166945,185.0570181598288) (19.55501743166945,184.5681569442459) (20.55501743166947,184.5681569442459) (20.55501743166947,184.079295728663) (21.55501743166949,184.079295728663) (21.55501743166949,183.5904345130801) (22.5550174316695,183.5904345130801) (22.5550174316695,183.1015732974972) (23.55501743166952,183.1015732974972) (23.55501743166952,182.6127120819143) (24.55501743166954,182.6127120819143) (24.55501743166954,182.1238508663315) (25.55501743166956,182.1238508663315) (25.55501743166956,181.6349896507486) (26.55501743166958,181.6349896507486) (26.55501743166958,181.1461284351657) (27.55501743166959,181.1461284351657) (27.55501743166959,180.6572672195828) (28.55501743166961,180.6572672195828) (28.55501743166961,180.1684060039999) (29.55501743166963,180.1684060039999) (29.55501743166963,179.679544788417) (30.55501743166965,179.679544788417) (30.55501743166965,179.1906835728341) (31.55501743166966,179.1906835728341) (31.55501743166966,178.7018223572512) (32.55501743166968,178.7018223572512) (32.55501743166968,178.2129611416684) (33.5550174316697,178.2129611416684) (33.5550174316697,177.7240999260855) (34.55501743166971,177.7240999260855) (34.55501743166971,177.2352387105026) (35.55501743166973,177.2352387105026) (35.55501743166973,176.7463774949197) (36.55501743166974,176.7463774949197) (36.55501743166974,176.2575162793368) (37.55501743166975,176.2575162793368) (37.55501743166975,175.7686550637539) (38.55501743166977,175.7686550637539) (38.55501743166977,175.279793848171) (39.55501743166978,175.279793848171) (39.55501743166978,174.7909326325882) (40.5550174316698,174.7909326325882) (40.5550174316698,174.3020714170053) (41.55501743166981,174.3020714170053) (41.55501743166981,173.8132102014224) (42.55501743166982,173.8132102014224) (42.55501743166982,173.3243489858395) (43.55501743166984,173.3243489858395) (43.55501743166984,172.8354877702566) (44.55501743166985,172.8354877702566) (44.55501743166985,172.3466265546737) (45.55501743166987,172.3466265546737) (45.55501743166987,171.8577653390908) (46.55501743166988,171.8577653390908) (46.55501743166988,171.3689041235079) (47.5550174316699,171.3689041235079) (47.5550174316699,170.8800429079251) (48.55501743166991,170.8800429079251) (48.55501743166991,170.3911816923422) (49.55501743166992,170.3911816923422) (49.55501743166992,169.9023204767593) (50.5550174316699,169.9023204767593) (50.5550174316699,169.4134592611764) (51.55501743166988,169.4134592611764) (51.55501743166988,168.9245980455935) (52.55501743166986,168.9245980455935) (52.55501743166986,168.4357368300106) (53.55501743166984,168.4357368300106) (53.55501743166984,167.9468756144277) (54.55501743166982,167.9468756144277) (54.55501743166982,167.4580143988449) (55.5550174316698,167.4580143988449) (55.5550174316698,166.969153183262) (56.55501743166977,166.969153183262) (56.55501743166977,166.4802919676791) (57.55501743166975,166.4802919676791) (57.55501743166975,165.9914307520962) (58.55501743166973,165.9914307520962) (58.55501743166973,165.5025695365133) (59.55501743166971,165.5025695365133) (59.55501743166971,165.0137083209304) (60.55501743166969,165.0137083209304) (60.55501743166969,164.5248471053475) (61.55501743166967,164.5248471053475) (61.55501743166967,164.0359858897646) (62.55501743166965,164.0359858897646) (62.55501743166965,163.5) (174.5550174316691,163.5) (174.5550174316691,189.4896220913107) (175.5550174316691,189.4896220913107) (175.5550174316691,215.4792441826214) (176.5550174316689,215.4792441826214) (176.5550174316689,241.4688662739321) (177.5550174316688,241.4688662739321) (177.5550174316688,267.4584883652428) (178.5550174316687,267.4584883652428) (178.5550174316687,293.4481104565535) (179.5550174316686,293.4481104565535) (179.5550174316686,319.4377325478642) (180.5550174316685,319.4377325478642) (180.5550174316685,345.427354639175) (181.5550174316684,345.427354639175) (181.5550174316684,371.4169767304857) (182.5550174316683,371.4169767304857) (182.5550174316683,397.4065988217964) (183.5550174316681,397.4065988217964) (183.5550174316681,423.3962209131071) (184.555017431668,423.3962209131071) (184.555017431668,449.3858430044178) (185.5550174316679,449.3858430044178) (185.5550174316679,475.3754650957285) (186.5550174316678,475.3754650957285) (186.5550174316678,501.3650871870392) (187.5550174316677,501.3650871870392) (187.5550174316677,527.3547092783499) (188.5550174316676,527.3547092783499) (188.5550174316676,553.3443313696606) (189.5550174316675,553.3443313696606) (189.5550174316675,579.3339534609713) (190.5550174316674,579.3339534609713) (190.5550174316674,605.323575552282) (191.5550174316673,605.323575552282) (191.5550174316673,631.3131976435927) (192.5550174316672,631.3131976435927) (192.5550174316672,657.3028197349034) (193.5550174316671,657.3028197349034) (193.5550174316671,683.2924418262141) (194.555017431667,683.2924418262141) (194.555017431667,709.2820639175249) (195.5550174316668,709.2820639175249) (195.5550174316668,735.2716860088356) (700,735.2716860088356)
robPositionX[0]:
[0]: (0,0) (0,92.5) (2,92.5) (2,97.73313175708738) (13.55501743166944,97.73313175708738) (13.55501743166944,123.7285354798977) (14.55501743166944,123.7285354798977) (14.55501743166944,149.723939202708) (15.55501743166944,149.723939202708) (15.55501743166944,175.7193429255182) (16.55501743166944,175.7193429255182) (16.55501743166944,201.7147466483285) (17.55501743166944,201.7147466483285) (17.55501743166944,227.7101503711388) (18.57382089415269,227.7101503711388) (18.57382089415269,253.7055540939491) (19.5738208941527,253.7055540939491) (19.5738208941527,279.7009578167594) (20.57382089415271,279.7009578167594) (20.57382089415271,305.6963615395697) (21.57382089415273,305.6963615395697) (21.57382089415273,331.69176526238) (22.57382089415275,331.69176526238) (22.57382089415275,357.6871689851903) (23.57382089415277,357.6871689851903) (23.57382089415277,383.6825727080006) (24.57382089415279,383.6825727080006) (24.57382089415279,409.6779764308109) (25.5738208941528,409.6779764308109) (25.5738208941528,435.6733801536212) (26.57382089415282,435.6733801536212) (26.57382089415282,461.6687838764315) (27.57382089415284,461.6687838764315) (27.57382089415284,487.6641875992418) (28.57382089415286,487.6641875992418) (28.57382089415286,513.6595913220521) (29.57382089415287,513.6595913220521) (29.57382089415287,539.6549950448623) (30.57382089415289,539.6549950448623) (30.57382089415289,565.6503987676725) (31.57382089415291,565.6503987676725) (31.57382089415291,591.6458024904828) (32.57382089415292,591.6458024904828) (32.57382089415292,617.641206213293) (33.57382089415294,617.641206213293) (33.57382089415294,643.6366099361032) (34.57382089415295,643.6366099361032) (34.57382089415295,669.6320136589135) (35.57382089415297,669.6320136589135) (35.57382089415297,695.6274173817237) (36.57382089415298,695.6274173817237) (36.57382089415298,721.622821104534) (37.57382089415299,721.622821104534) (37.57382089415299,747.6182248273442) (38.57382089415301,747.6182248273442) (38.57382089415301,773.6136285501544) (39.57382089415302,773.6136285501544) (39.57382089415302,799.6090322729647) (40.57382089415304,799.6090322729647) (40.57382089415304,825.6044359957749) (41.57382089415305,825.6044359957749) (41.57382089415305,851.5998397185851) (42.57382089415307,851.5998397185851) (42.57382089415307,877.5952434413954) (43.57382089415308,877.5952434413954) (43.57382089415308,903.5906471642056) (44.57382089415309,903.5906471642056) (44.57382089415309,929.5860508870159) (45.57382089415311,929.5860508870159) (45.57382089415311,955.5814546098261) (46.57382089415312,955.5814546098261) (46.57382089415312,981.5768583326363) (47.57382089415314,981.5768583326363) (47.57382089415314,1007.572262055447) (48.57382089415315,1007.572262055447) (48.57382089415315,1033.567665778257) (49.57382089415317,1033.567665778257) (49.57382089415317,1059.563069501067) (50.57382089415314,1059.563069501067) (50.57382089415314,1085.558473223878) (51.57382089415312,1085.558473223878) (51.57382089415312,1111.553876946688) (52.5738208941531,1111.553876946688) (52.5738208941531,1137.549280669498) (53.57382089415308,1137.549280669498) (53.57382089415308,1163.544684392309) (54.57382089415306,1163.544684392309) (54.57382089415306,1189.540088115119) (55.57382089415304,1189.540088115119) (55.57382089415304,1215.535491837929) (56.57382089415302,1215.535491837929) (56.57382089415302,1241.53089556074) (57.57382089415299,1241.53089556074) (57.57382089415299,1267.52629928355) (58.57382089415297,1267.52629928355) (58.57382089415297,1293.52170300636) (59.57382089415295,1293.52170300636) (59.57382089415295,1319.517106729171) (60.57382089415293,1319.517106729171) (60.57382089415293,1345.512510451981) (61.57382089415291,1345.512510451981) (61.57382089415291,1371.507914174791) (62.57382089415289,1371.507914174791) (62.57382089415289,1397.503317897602) (63.58655175101202,1397.503317897602) (63.58655175101202,1423.501210954746) (64.59517096869121,1423.501210954746) (64.59517096869121,1449.500245178851) (65.60100640945909,1449.500245178851) (65.60100640945909,1475.499802499311) (66.60495714050735,1475.499802499311) (66.60495714050735,1501.499599591989) (67.60763187292747,1501.499599591989) (67.60763187292747,1527.499506587529) (68.60944272424969,1527.499506587529) (68.60944272424969,1553.499463958168) (69.61066870895787,1553.499463958168) (69.61066870895787,1579.49944441867) (70.61149872640782,1579.49944441867) (70.61149872640782,1605.499435462594) (71.61206066563753,1605.499435462594) (71.61206066563753,1631.49943135751) (72.61244111027082,1631.49943135751) (72.61244111027082,1657.499429475914) (73.61269867925398,1657.499429475914) (73.61269867925398,1683.499428613471) (74.61287305884758,1683.499428613471) (74.61287305884758,1709.499428218164) (75.61299111748184,1709.499428218164) (75.61299111748184,1735.499428036972) (76.61307104564926,1735.499428036972) (76.61307104564926,1761.499427953921) (77.61312515869042,1761.499427953921) (77.61312515869042,1787.499427915854) (78.61316179435212,1787.499427915854) (78.61316179435212,1813.499427898406) (79.61318659746364,1813.499427898406) (79.61318659746364,1839.499427890409) (80.61320338969055,1839.499427890409) (80.61320338969055,1865.499427886743) (81.61321475836839,1865.499427886743) (81.61321475836839,1891.499427885063) (82.61322245520401,1891.499427885063) (82.61322245520401,1917.499427884293) (83.61322766611687,1917.499427884293) (83.61322766611687,1943.499427883939) (84.61323119401203,1943.499427883939) (84.61323119401203,1969.499427883778) (85.61323358247807,1969.499427883778) (85.61323358247807,1995.499427883703) (86.61323519951156,1995.499427883703) (86.61323519951156,2021.499427883669) (87.61323629431602,2021.499427883669) (87.61323629431602,2047.499427883654) (88.61323703548968,2047.499427883654) (88.61323703548968,2073.499427883647) (89.61323753728504,2073.499427883647) (89.61323753728504,2099.499427883643) (90.61323787708382,2099.499427883643) (90.61323787708382,2125.499427883642) (91.61323810745019,2125.499427883642) (91.61323810745019,2151.499427883641) (92.6132382623076,2151.499427883641) (92.6132382623076,2177.499427883641) (93.61323836661575,2177.499427883641) (93.61323836661575,2203.499427883641) (94.61323843961624,2203.499427883641) (94.61323843961624,2229.499427883641) (95.6132384890378,2229.499427883641) (95.6132384890378,2255.499427883641) (96.61323852235782,2255.499427883641) (96.61323852235782,2281.499427883641) (97.61323854343125,2281.499427883641) (97.61323854343125,2307.499427883641) (98.61323854343127,2307.499427883641) (98.61323854343127,2333.499427883641) (99.61323854343128,2333.499427883641) (99.61323854343128,2359.499427883641) (100.6132385434313,2359.499427883641) (100.6132385434313,2385.499427883641) (101.6132385434313,2385.499427883641) (101.6132385434313,2411.499427883641) (102.6132385434313,2411.499427883641) (102.6132385434313,2437.499427883641) (103.6132385434313,2437.499427883641) (103.6132385434313,2463.499427883641) (104.6132385434314,2463.499427883641) (104.6132385434314,2489.499427883641) (105.6132385434314,2489.499427883641) (105.6132385434314,2515.499427883641) (106.6132385434314,2515.499427883641) (106.6132385434314,2541.499427883641) (107.6132385434314,2541.499427883641) (107.6132385434314,2567.499427883641) (108.6132385434314,2567.499427883641) (108.6132385434314,2593.499427883641) (109.6132385434314,2593.499427883641) (109.6132385434314,2619.499427883641) (110.6132385434314,2619.499427883641) (110.6132385434314,2645.499427883641) (111.6132385434315,2645.499427883641) (111.6132385434315,2671.499427883641) (112.6132385434315,2671.499427883641) (112.6132385434315,2697.499427883641) (113.6132385434315,2697.499427883641) (113.6132385434315,2723.499427883641) (114.6132385434315,2723.499427883641) (114.6132385434315,2749.499427883641) (115.6132385434315,2749.499427883641) (115.6132385434315,2775.499427883641) (116.6132385434315,2775.499427883641) (116.6132385434315,2801.499427883641) (117.6132385434315,2801.499427883641) (117.6132385434315,2827.499427883641) (118.6132385434315,2827.499427883641) (118.6132385434315,2853.499427883641) (119.6132385434316,2853.499427883641) (119.6132385434316,2879.499427883641) (120.6132385434316,2879.499427883641) (120.6132385434316,2905.499427883641) (121.6132385434316,2905.499427883641) (121.6132385434316,2931.499427883641) (122.6132385434316,2931.499427883641) (122.6132385434316,2957.499427883641) (123.6132385434316,2957.499427883641) (123.6132385434316,2983.499427883641) (124.6132385434316,2983.499427883641) (124.6132385434316,3009.499427883641) (125.6132385434316,3009.499427883641) (125.6132385434316,3035.499427883641) (126.6132385434317,3035.499427883641) (126.6132385434317,3061.499427883641) (127.6132385434317,3061.499427883641) (127.6132385434317,3087.499427883641) (128.6132385434317,3087.499427883641) (128.6132385434317,3113.499427883641) (129.6132385434317,3113.499427883641) (129.6132385434317,3139.499427883641) (130.6132385434317,3139.499427883641) (130.6132385434317,3165.499427883641) (131.6132385434317,3165.499427883641) (131.6132385434317,3191.499427883641) (132.6132385434317,3191.499427883641) (132.6132385434317,3217.499427883641) (133.6132385434317,3217.499427883641) (133.6132385434317,3243.499427883641) (134.6132385434317,3243.499427883641) (134.6132385434317,3269.499427883641) (135.6132385434317,3269.499427883641) (135.6132385434317,3295.499427883641) (136.6132385434317,3295.499427883641) (136.6132385434317,3321.499427883641) (137.6132385434317,3321.499427883641) (137.6132385434317,3347.499427883641) (138.6132385434317,3347.499427883641) (138.6132385434317,3373.499427883641) (139.6132385434317,3373.499427883641) (139.6132385434317,3399.499427883641) (140.6132385434317,3399.499427883641) (140.6132385434317,3425.499427883641) (141.6132385434317,3425.499427883641) (141.6132385434317,3451.499427883641) (142.6132385434317,3451.499427883641) (142.6132385434317,3477.499427883641) (143.6132385434317,3477.499427883641) (143.6132385434317,3503.499427883641) (144.6132385434317,3503.499427883641) (144.6132385434317,3529.499427883641) (145.6132385434317,3529.499427883641) (145.6132385434317,3555.499427883641) (146.6132385434317,3555.499427883641) (146.6132385434317,3581.499427883641) (147.6132385434317,3581.499427883641) (147.6132385434317,3607.499427883641) (148.6132385434317,3607.499427883641) (148.6132385434317,3633.499427883641) (149.6132385434317,3633.499427883641) (149.6132385434317,3659.499427883641) (150.6132385434317,3659.499427883641) (150.6132385434317,3685.499427883641) (151.6132385434317,3685.499427883641) (151.6132385434317,3711.499427883641) (152.6132385434317,3711.499427883641) (152.6132385434317,3737.499427883641) (153.6132385434317,3737.499427883641) (153.6132385434317,3763.499427883641) (154.6132385434317,3763.499427883641) (154.6132385434317,3789.499427883641) (155.6132385434317,3789.499427883641) (155.6132385434317,3815.499427883641) (156.6132385434317,3815.499427883641) (156.6132385434317,3841.499427883641) (157.6132385434317,3841.499427883641) (157.6132385434317,3867.499427883641) (158.6132385434317,3867.499427883641) (158.6132385434317,3893.499427883641) (159.6132385434317,3893.499427883641) (159.6132385434317,3919.499427883641) (160.6132385434317,3919.499427883641) (160.6132385434317,3945.499427883641) (161.6132385434317,3945.499427883641) (161.6132385434317,3971.499427883641) (162.6132385434317,3971.499427883641) (162.6132385434317,3997.499427883641) (163.6132385434316,3997.499427883641) (163.6132385434316,4023.499427883641) (164.6132385434315,4023.499427883641) (164.6132385434315,4049.499427883641) (165.6132385434314,4049.499427883641) (165.6132385434314,4075.499427883641) (166.6132385434313,4075.499427883641) (166.6132385434313,4101.49942788364) (167.6132385434312,4101.49942788364) (167.6132385434312,4127.49942788364) (168.6132385434312,4127.49942788364) (168.6132385434312,4153.49942788364) (169.6132385434311,4153.49942788364) (169.6132385434311,4179.49942788364) (170.613238543431,4179.49942788364) (170.613238543431,4205.49942788364) (171.6132385434309,4205.49942788364) (171.6132385434309,4231.49942788364) (172.6132385434308,4231.49942788364) (172.6132385434308,4257.49942788364) (173.6132385434307,4257.49942788364) (173.6132385434307,4283.49942788364) (174.6132385434306,4283.49942788364) (174.6132385434306,4309.49942788364) (175.8520203391854,4309.49942788364) (175.8520203391854,4334.761725317672) (177.3681364360986,4334.761725317672) (177.3681364360986,4357.375029374853) (179.1669936152717,4357.375029374853) (179.1669936152717,4371.80338971305) (181.3027012585648,4371.80338971305) (181.3027012585648,4380.472858151295) (183.610999717469,4380.472858151295) (183.610999717469,4385.010512952947) (186.0371397652149,4385.010512952947) (186.0371397652149,4388.172157803916) (188.5058409932371,4388.172157803916) (188.5058409932371,4390.428283375573) (191.0032080287646,4390.428283375573) (191.0032080287646,4391.835488330516) (193.5276731912169,4391.835488330516) (193.5276731912169,4392.871718959358) (196.0645110293383,4392.871718959358) (196.0645110293383,4393.515439372457) (198.614466249414,4393.515439372457) (198.614466249414,4394.057268921059) (201.1644214694897,4394.057268921059) (201.1644214694897,4394.599098469662) (203.7143766895655,4394.599098469662) (203.7143766895655,4395.140928018264) (206.2643319096412,4395.140928018264) (206.2643319096412,4395.682757566867) (208.8142871297169,4395.682757566867) (208.8142871297169,4396.224587115469) (211.3642423497926,4396.224587115469) (211.3642423497926,4396.766416664072) (213.9141975698684,4396.766416664072) (213.9141975698684,4397.308246212675) (216.4641527899441,4397.308246212675) (216.4641527899441,4397.850075761278) (219.0141080100199,4397.850075761278) (219.0141080100199,4398.391905309881) (221.5640632300956,4398.391905309881) (221.5640632300956,4398.933734858484) (224.1140184501713,4398.933734858484) (224.1140184501713,4399.475564407086) (226.6639736702471,4399.475564407086) (226.6639736702471,4400.01739395569) (229.2139288903228,4400.01739395569) (229.2139288903228,4400.559223504292) (231.7638841103985,4400.559223504292) (231.7638841103985,4400.840201776819) (700,4400.840201776819)
robPositionY[0]:
[0]: (0,0) (0,163.5) (2,163.5) (2,188.9679078844919) (13.55501743166944,188.9679078844919) (13.55501743166944,188.479046668909) (14.55501743166944,188.479046668909) (14.55501743166944,187.9901854533261) (15.55501743166944,187.9901854533261) (15.55501743166944,187.5013242377432) (16.55501743166944,187.5013242377432) (16.55501743166944,187.0124630221603) (17.55501743166944,187.0124630221603) (17.55501743166944,186.5236018065776) (18.57382089415269,186.5236018065776) (18.57382089415269,186.0347405909947) (19.5738208941527,186.0347405909947) (19.5738208941527,185.5458793754118) (20.57382089415271,185.5458793754118) (20.57382089415271,185.0570181598289) (21.57382089415273,185.0570181598289) (21.57382089415273,184.568156944246) (22.57382089415275,184.568156944246) (22.57382089415275,184.0792957286631) (23.57382089415277,184.0792957286631) (23.57382089415277,183.5904345130803) (24.57382089415279,183.5904345130803) (24.57382089415279,183.1015732974974) (25.5738208941528,183.1015732974974) (25.5738208941528,182.6127120819145) (26.57382089415282,182.6127120819145) (26.57382089415282,182.1238508663316) (27.57382089415284,182.1238508663316) (27.57382089415284,181.6349896507487) (28.57382089415286,181.6349896507487) (28.57382089415286,181.1461284351658) (29.57382089415287,181.1461284351658) (29.57382089415287,180.6572672195829) (30.57382089415289,180.6572672195829) (30.57382089415289,180.168406004) (31.57382089415291,180.168406004) (31.57382089415291,179.6795447884172) (32.57382089415292,179.6795447884172) (32.57382089415292,179.1906835728343) (33.57382089415294,179.1906835728343) (33.57382089415294,178.7018223572514) (34.57382089415295,178.7018223572514) (34.57382089415295,178.2129611416685) (35.57382089415297,178.2129611416685) (35.57382089415297,177.7240999260856) (36.57382089415298,177.7240999260856) (36.57382089415298,177.2352387105027) (37.57382089415299,177.2352387105027) (37.57382089415299,176.7463774949198) (38.57382089415301,176.7463774949198) (38.57382089415301,176.257516279337) (39.57382089415302,176.257516279337) (39.57382089415302,175.7686550637541) (40.57382089415304,175.7686550637541) (40.57382089415304,175.2797938481712) (41.57382089415305,175.2797938481712) (41.57382089415305,174.7909326325883) (42.57382089415307,174.7909326325883) (42.57382089415307,174.3020714170054) (43.57382089415308,174.3020714170054) (43.57382089415308,173.8132102014225) (44.57382089415309,173.8132102014225) (44.57382089415309,173.3243489858396) (45.57382089415311,173.3243489858396) (45.57382089415311,172.8354877702567) (46.57382089415312,172.8354877702567) (46.57382089415312,172.3466265546739) (47.57382089415314,172.3466265546739) (47.57382089415314,171.857765339091) (48.57382089415315,171.857765339091) (48.57382089415315,171.3689041235081) (49.57382089415317,171.3689041235081) (49.57382089415317,170.8800429079252) (50.57382089415314,170.8800429079252) (50.57382089415314,170.3911816923423) (51.57382089415312,170.3911816923423) (51.57382089415312,169.9023204767594) (52.5738208941531,169.9023204767594) (52.5738208941531,169.4134592611765) (53.57382089415308,169.4134592611765) (53.57382089415308,168.9245980455937) (54.57382089415306,168.9245980455937) (54.57382089415306,168.4357368300108) (55.57382089415304,168.4357368300108) (55.57382089415304,167.9468756144279) (56.57382089415302,167.9468756144279) (56.57382089415302,167.458014398845) (57.57382089415299,167.458014398845) (57.57382089415299,166.9691531832621) (58.57382089415297,166.9691531832621) (58.57382089415297,166.4802919676792) (59.57382089415295,166.4802919676792) (59.57382089415295,165.9914307520963) (60.57382089415293,165.9914307520963) (60.57382089415293,165.5025695365134) (61.57382089415291,165.5025695365134) (61.57382089415291,165.0137083209306) (62.57382089415289,165.0137083209306) (62.57382089415289,164.5248471053477) (63.58655175101202,164.5248471053477) (63.58655175101202,164.1938537681208) (64.59517096869121,164.1938537681208) (64.59517096869121,163.969756883213) (65.60100640945909,163.969756883213) (65.60100640945909,163.8180362843253) (66.60495714050735,163.8180362843253) (66.60495714050735,163.7153175442811) (67.60763187292747,163.7153175442811) (67.60763187292747,163.6457745842783) (68.60944272424969,163.6457745842783) (68.60944272424969,163.5986924756321) (69.61066870895787,163.5986924756321) (69.61066870895787,163.566816881204) (70.61149872640782,163.566816881204) (70.61149872640782,163.545236429983) (71.61206066563753,163.545236429983) (71.61206066563753,163.5306260107791) (72.61244111027082,163.5306260107791) (72.61244111027082,163.5207344505516) (73.61269867925398,163.5207344505516) (73.61269867925398,163.5140376570627) (74.61287305884758,163.5140376570627) (74.61287305884758,163.5095037876518) (75.61299111748184,163.5095037876518) (75.61299111748184,163.5064342631685) (76.61307104564926,163.5064342631685) (76.61307104564926,163.5043561308182) (77.61312515869042,163.5043561308182) (77.61312515869042,163.5029491917491) (78.61316179435212,163.5029491917491) (78.61316179435212,163.5019966645455) (79.61318659746364,163.5019966645455) (79.61318659746364,163.5013517836466) (80.61320338969055,163.5013517836466) (80.61320338969055,163.5009151857469) (81.61321475836839,163.5009151857469) (81.61321475836839,163.5006196001235) (82.61322245520401,163.5006196001235) (82.61322245520401,163.5004194823974) (83.61322766611687,163.5004194823974) (83.61322766611687,163.5002839986634) (84.61323119401203,163.5002839986634) (84.61323119401203,163.5001922733894) (85.61323358247807,163.5001922733894) (85.61323358247807,163.5001301732726) (86.61323519951156,163.5001301732726) (86.61323519951156,163.5000881304022) (87.61323629431602,163.5000881304022) (87.61323629431602,163.5000596654866) (88.61323703548968,163.5000596654866) (88.61323703548968,163.5000403949721) (89.61323753728504,163.5000403949721) (89.61323753728504,163.5000273482928) (90.61323787708382,163.5000273482928) (90.61323787708382,163.5000185135251) (91.61323810745019,163.5000185135251) (91.61323810745019,163.5000125239997) (92.6132382623076,163.5000125239997) (92.6132382623076,163.5000084977071) (93.61323836661575,163.5000084977071) (93.61323836661575,163.5000057856957) (94.61323843961624,163.5000057856957) (94.61323843961624,163.5000038876832) (95.6132384890378,163.5000038876832) (95.6132384890378,163.5000026027226) (96.61323852235782,163.5000026027226) (96.61323852235782,163.5000017364024) (97.61323854343125,163.5000017364024) (97.61323854343125,163.5000011884933) (98.61323854343127,163.5000011884933) (98.61323854343127,163.5000006405843) (175.8520203391854,163.5000006405843) (175.8520203391854,169.6494988603188) (177.3681364360986,169.6494988603188) (177.3681364360986,182.4806515605829) (179.1669936152717,182.4806515605829) (179.1669936152717,204.1098544573876) (181.3027012585648,204.1098544573876) (181.3027012585648,228.6218987825405) (183.610999717469,228.6218987825405) (183.610999717469,254.2228692504944) (186.0371397652149,254.2228692504944) (186.0371397652149,280.0299225855101) (188.5058409932371,280.0299225855101) (188.5058409932371,305.9318510350467) (191.0032080287646,305.9318510350467) (191.0032080287646,331.8937418408948) (193.5276731912169,331.8937418408948) (193.5276731912169,357.873084135954) (196.0645110293383,357.873084135954) (196.0645110293383,383.8651141457428) (198.614466249414,383.8651141457428) (198.614466249414,409.8594677776426) (201.1644214694897,409.8594677776426) (201.1644214694897,435.8538214095424) (203.7143766895655,435.8538214095424) (203.7143766895655,461.8481750414421) (206.2643319096412,461.8481750414421) (206.2643319096412,487.8425286733419) (208.8142871297169,487.8425286733419) (208.8142871297169,513.8368823052417) (211.3642423497926,513.8368823052417) (211.3642423497926,539.8312359371415) (213.9141975698684,539.8312359371415) (213.9141975698684,565.8255895690413) (216.4641527899441,565.8255895690413) (216.4641527899441,591.8199432009411) (219.0141080100199,591.8199432009411) (219.0141080100199,617.8142968328409) (221.5640632300956,617.8142968328409) (221.5640632300956,643.8086504647407) (224.1140184501713,643.8086504647407) (224.1140184501713,669.8030040966405) (226.6639736702471,669.8030040966405) (226.6639736702471,695.7973577285403) (229.2139288903228,695.7973577285403) (229.2139288903228,721.7917113604401) (231.7638841103985,721.7917113604401) (231.7638841103985,735.2716860088356) (700,735.2716860088356)
batteryCharge[0]:
[0]: (0,100) (700,100)
user_guided_transport.end:
[0]: (0,0) (233.7638841103976,0) (233.7638841103976,1) (700,1)
[2K
Verifying formula 5 at /nta/queries/query[5]/formula
 -- Formula: simulate[<=700]{robot_inventory[0][0], user_guided_transport.end*2}
[2K -- Formula is satisfied.
robot_inventory[0][0]:
[0]: (0,0) (8.902222256296195,0) (8.902222256296195,1) (700,1)
user_guided_transport.end * 2:
[0]: (0,0) (232.1110889350418,0) (232.1110889350418,2) (700,2)
[2K
Verifying formula 6 at /nta/queries/query[6]/formula
 -- Formula: simulate[<=700]{bedroom[0], bedroom[1], kitchen[0], kitchen[1]}
[2K -- Formula is satisfied.
bedroom[0]:
[0]: (0,100) (700,100)
bedroom[1]:
[0]: (0,200) (700,200)
kitchen[0]:
[0]: (0,4400) (700,4400)
kitchen[1]:
[0]: (0,765) (700,765)
[2K
Verifying formula 7 at /nta/queries/query[7]/formula
 -- Formula: simulate[<=700]{rm_1.idle, rf_1.idle, rp_1.idle, rd_1.idle}
[2K -- Formula is satisfied.
rm_1.idle:
[0]: (0,0) (0,1) (0,0) (3,0) (3,1) (700,1)
rf_1.idle:
[0]: (0,0) (0,1) (7.181010971413766,1) (7.181010971413766,0) (229.3898776501516,0) (229.3898776501516,1) (700,1)
rp_1.idle:
[0]: (0,0) (0,1) (2,1) (2,0) (7.181010971413766,0) (7.181010971413766,1) (700,1)
rd_1.idle:
[0]: (0,0) (0,1) (700,1)
[2K
Verifying formula 8 at /nta/queries/query[8]/formula
 -- Formula: Pr[<=700](<>!rm_1.idle || !rf_1.idle || !rp_1.idle || !rd_1.idle)
[2K -- Formula is satisfied.
(72/72 runs) Pr(<> …) in [0.950056,1] (95% CI)
Values in [0,0] mean=0 steps=2.22045e-16: 72
[2K
Verifying formula 9 at /nta/queries/query[9]/formula
 -- Formula: Pr[<=700]([] (user_guided_transport.end imply (rm_1.idle && rf_1.idle && rp_1.idle && rd_1.idle)))
 -- Throughput: 618357 runs/sec, Load: 330 runs[K
[2K -- Formula is satisfied.
(72/72 runs) Pr([] …) in [0.950056,1] (95% CI)
[2K
Verifying formula 10 at /nta/queries/query[10]/formula
 -- Formula: Pr[<=700] (<> pow(robPositionX[0] - bedroom[0], 2) + pow(robPositionY[0] - bedroom[1], 2) <= 900 )
[2K -- Formula is satisfied.
(72/72 runs) Pr(<> …) in [0.950056,1] (95% CI)
Values in [2,2] mean=2 steps=2.22045e-16: 72
[2K
Verifying formula 11 at /nta/queries/query[11]/formula
 -- Formula: Pr[<=700] (<> pow(humanPositionX[0] - kitchen[0], 2) + pow(humanPositionY[0] - kitchen[1], 2) <= 900 )
[2K -- Formula is satisfied.
(72/72 runs) Pr(<> …) in [0.950056,1] (95% CI)
Values in [192.089,196.946] mean=194.494 steps=0.539625: 9 8 6 11 8 6 8 6 10
[2K
Verifying formula 12 at /nta/queries/query[12]/formula
 -- Formula: Pr[<=700] (<> pow(humanPositionX[0] - bedroom[0], 2) + pow(humanPositionY[0] - bedroom[1], 2) <= 900 )
[2K -- Formula is satisfied.
(72/72 runs) Pr(<> …) in [0.950056,1] (95% CI)
Values in [1,1] mean=1 steps=2.22045e-16: 72
[2K
Verifying formula 13 at /nta/queries/query[13]/formula
 -- Formula: Pr[<=700] (<> !isValidPosition(humanPositionX[0], humanPositionY[0]))
[2K -- Formula is satisfied.
(72/72 runs) Pr(<> …) in [0.950056,1] (95% CI)
Values in [0,0] mean=0 steps=2.22045e-16: 72
[2K
Verifying formula 14 at /nta/queries/query[14]/formula
 -- Formula: Pr[<=700] (<> !isValidPosition(robPositionX[0], robPositionY[0]))
[2K -- Formula is satisfied.
(72/72 runs) Pr(<> …) in [0.950056,1] (95% CI)
Values in [0,0] mean=0 steps=2.22045e-16: 72
[2K
Verifying formula 15 at /nta/queries/query[15]/formula
 -- Formula: Pr[<=700] (<> currP > 2)
 -- Throughput: 621841 runs/sec, Load: 329 runs[K
[2K -- Formula is satisfied.
(0/72 runs) Pr(<> …) in [0,0.0499441] (95% CI)
