Options for the verification:
  Generating no trace
  Search order is breadth first
  Using conservative space optimisation
  Seed is 1784901213
  State space representation uses minimal constraint systems with future testing
  Using HashMap + Compress integers for discrete state storage
[2K
Verifying formula 1 at /nta/queries/query[1]/formula
 -- Formula: simulate[<=700]{user_guided_transport_robot_def.s1_start, user_guided_transport_robot_def.s1_end, user_guided_transport_robot_def.s2_start, user_guided_transport_robot_def.s2_end, user_guided_transport_robot_def.s3_start, user_guided_transport_robot_def.s3_end, user_guided_transport.end}
[2K -- Formula is satisfied.
user_guided_transport_robot_def.s1_start:
[0]: (0,0) (0,1) (0,0) (700,0)
user_guided_transport_robot_def.s1_end:
[0]: (0,0) (2,0) (2,1) (2,0) (700,0)
user_guided_transport_robot_def.s2_start:
[0]: (0,0) (2,0) (2,1) (2,0) (700,0)
user_guided_transport_robot_def.s2_end:
[0]: (0,0) (11.69234684236651,0) (11.69234684236651,1) (11.69234684236651,0) (700,0)
user_guided_transport_robot_def.s3_start:
[0]: (0,0) (11.69234684236651,0) (11.69234684236651,1) (11.69234684236651,0) (700,0)
user_guided_transport_robot_def.s3_end:
[0]: (0,0) (232.9012135211076,0) (232.9012135211076,1) (232.9012135211076,0) (700,0)
user_guided_transport.end:
[0]: (0,0) (234.9012135211067,0) (234.9012135211067,1) (700,1)
[2K
Verifying formula 2 at /nta/queries/query[2]/formula
 -- Formula: simulate[<=700]{user_guided_transport_human_def.s1_start, user_guided_transport_human_def.s1_end, user_guided_transport_human_def.s2_start, user_guided_transport_human_def.s2_idle, user_guided_transport_human_def.s3_start, user_guided_transport_human_def.s3_end, user_guided_transport.end}
[2K -- Formula is satisfied.
user_guided_transport_human_def.s1_start:
[0]: (0,0) (0,1) (0,0) (700,0)
user_guided_transport_human_def.s1_end:
[0]: (0,0) (1,0) (1,1) (2,1) (2,0) (700,0)
user_guided_transport_human_def.s2_start:
[0]: (0,0) (2,0) (2,1) (2,0) (700,0)
user_guided_transport_human_def.s2_idle:
[0]: (0,0) (2,0) (2,1) (8.442666175435807,1) (8.442666175435807,0) (700,0)
user_guided_transport_human_def.s3_start:
[0]: (0,0) (8.442666175435807,0) (8.442666175435807,1) (8.442666175435807,0) (13.44266617543578,0) (13.44266617543578,1) (13.44266617543578,0) (18.44266617543578,0) (18.44266617543578,1) (18.44266617543578,0) (23.44266617543574,0) (23.44266617543574,1) (23.44266617543574,0) (28.4426661754357,0) (28.4426661754357,1) (28.4426661754357,0) (33.44266617543572,0) (33.44266617543572,1) (33.44266617543572,0) (38.44266617543578,0) (38.44266617543578,1) (38.44266617543578,0) (43.44266617543585,0) (43.44266617543585,1) (43.44266617543585,0) (48.44266617543589,0) (48.44266617543589,1) (48.44266617543589,0) (53.44266617543592,0) (53.44266617543592,1) (53.44266617543592,0) (58.44266617543592,0) (58.44266617543592,1) (58.44266617543592,0) (63.44266617543592,0) (63.44266617543592,1) (63.44266617543592,0) (68.44266617543622,0) (68.44266617543622,1) (68.44266617543622,0) (73.44266617543656,0) (73.44266617543656,1) (73.44266617543656,0) (78.4426661754369,0) (78.4426661754369,1) (78.4426661754369,0) (83.44266617543721,0) (83.44266617543721,1) (83.44266617543721,0) (88.44266617543755,0) (88.44266617543755,1) (88.44266617543755,0) (93.44266617543786,0) (93.44266617543786,1) (93.44266617543786,0) (98.44266617543819,0) (98.44266617543819,1) (98.44266617543819,0) (103.4426661754385,0) (103.4426661754385,1) (103.4426661754385,0) (108.4426661754389,0) (108.4426661754389,1) (108.4426661754389,0) (113.4426661754393,0) (113.4426661754393,1) (113.4426661754393,0) (118.4426661754396,0) (118.4426661754396,1) (118.4426661754396,0) (123.44266617544,0) (123.44266617544,1) (123.44266617544,0) (128.4426661754403,0) (128.4426661754403,1) (128.4426661754403,0) (133.4426661754406,0) (133.4426661754406,1) (133.4426661754406,0) (138.4426661754409,0) (138.4426661754409,1) (138.4426661754409,0) (143.4426661754412,0) (143.4426661754412,1) (143.4426661754412,0) (148.4426661754414,0) (148.4426661754414,1) (148.4426661754414,0) (153.4426661754417,0) (153.4426661754417,1) (153.4426661754417,0) (158.442666175442,0) (158.442666175442,1) (158.442666175442,0) (163.4426661754423,0) (163.4426661754423,1) (163.4426661754423,0) (168.4426661754426,0) (168.4426661754426,1) (168.4426661754426,0) (173.4426661754429,0) (173.4426661754429,1) (173.4426661754429,0) (178.4426661754432,0) (178.4426661754432,1) (178.4426661754432,0) (183.4426661754436,0) (183.4426661754436,1) (183.4426661754436,0) (188.4426661754439,0) (188.4426661754439,1) (188.4426661754439,0) (700,0)
user_guided_transport_human_def.s3_end:
[0]: (0,0) (193.4426661754442,0) (193.4426661754442,1) (229.6515328541822,1) (229.6515328541822,0) (700,0)
user_guided_transport.end:
[0]: (0,0) (231.6515328541813,0) (231.6515328541813,1) (700,1)
[2K
Verifying formula 3 at /nta/queries/query[3]/formula
 -- Formula: Pr[<=700] (<> user_guided_transport.end)
[2K -- Formula is satisfied.
(72/72 runs) Pr(<> …) in [0.950056,1] (95% CI)
Values in [230.546,235.192] mean=232.914 steps=0.516203: 7 9 7 10 8 10 6 3 12
[2K
Verifying formula 4 at /nta/queries/query[4]/formula
 -- Formula: simulate[<=700]{humanPositionX[0], humanPositionY[0], robPositionX[0], robPositionY[0], batteryCharge[0], user_guided_transport.end}
[2K -- Formula is satisfied.
humanPositionX[0]:
[0]: (0,0) (0,92.5) (1,92.5) (1,97.73313175708738) (12.54359236996624,97.73313175708738) (12.54359236996624,123.7285354798977) (13.54359236996624,123.7285354798977) (13.54359236996624,149.723939202708) (14.54359236996624,149.723939202708) (14.54359236996624,175.7193429255182) (15.54359236996624,175.7193429255182) (15.54359236996624,201.7147466483285) (16.54359236996624,201.7147466483285) (16.54359236996624,227.7101503711388) (17.54359236996624,227.7101503711388) (17.54359236996624,253.7055540939491) (18.54359236996624,253.7055540939491) (18.54359236996624,279.7009578167594) (19.54359236996625,279.7009578167594) (19.54359236996625,305.6963615395697) (20.54359236996624,305.6963615395697) (20.54359236996624,331.69176526238) (21.54359236996623,331.69176526238) (21.54359236996623,357.6871689851903) (22.54359236996622,357.6871689851903) (22.54359236996622,383.6825727080006) (23.54359236996621,383.6825727080006) (23.54359236996621,409.6779764308109) (24.5435923699662,409.6779764308109) (24.5435923699662,435.6733801536212) (25.54359236996619,435.6733801536212) (25.54359236996619,461.6687838764315) (26.54359236996618,461.6687838764315) (26.54359236996618,487.6641875992418) (27.54359236996617,487.6641875992418) (27.54359236996617,513.6595913220521) (28.54359236996615,513.6595913220521) (28.54359236996615,539.6549950448623) (29.54359236996614,539.6549950448623) (29.54359236996614,565.6503987676725) (30.54359236996612,565.6503987676725) (30.54359236996612,591.6458024904828) (31.54359236996611,591.6458024904828) (31.54359236996611,617.641206213293) (32.54359236996612,617.641206213293) (32.54359236996612,643.6366099361032) (33.54359236996615,643.6366099361032) (33.54359236996615,669.6320136589135) (34.54359236996618,669.6320136589135) (34.54359236996618,695.6274173817237) (35.54359236996621,695.6274173817237) (35.54359236996621,721.622821104534) (36.54359236996623,721.622821104534) (36.54359236996623,747.6182248273442) (37.54359236996626,747.6182248273442) (37.54359236996626,773.6136285501544) (38.54359236996629,773.6136285501544) (38.54359236996629,799.6090322729647) (39.54359236996632,799.6090322729647) (39.54359236996632,825.6044359957749) (40.54359236996635,825.6044359957749) (40.54359236996635,851.5998397185851) (41.54359236996638,851.5998397185851) (41.54359236996638,877.5952434413954) (42.5435923699664,877.5952434413954) (42.5435923699664,903.5906471642056) (43.54359236996643,903.5906471642056) (43.54359236996643,929.5860508870159) (44.54359236996645,929.5860508870159) (44.54359236996645,955.5814546098261) (45.54359236996648,955.5814546098261) (45.54359236996648,981.5768583326363) (46.5435923699665,981.5768583326363) (46.5435923699665,1007.572262055447) (47.54359236996652,1007.572262055447) (47.54359236996652,1033.567665778257) (48.5435923699665,1033.567665778257) (48.5435923699665,1059.563069501067) (49.54359236996648,1059.563069501067) (49.54359236996648,1085.558473223878) (50.54359236996645,1085.558473223878) (50.54359236996645,1111.553876946688) (51.54359236996642,1111.553876946688) (51.54359236996642,1137.549280669498) (52.5435923699664,1137.549280669498) (52.5435923699664,1163.544684392309) (53.54359236996637,1163.544684392309) (53.54359236996637,1189.540088115119) (54.54359236996634,1189.540088115119) (54.54359236996634,1215.535491837929) (55.54359236996631,1215.535491837929) (55.54359236996631,1241.53089556074) (56.54359236996628,1241.53089556074) (56.54359236996628,1267.52629928355) (57.54359236996626,1267.52629928355) (57.54359236996626,1293.52170300636) (58.54359236996624,1293.52170300636) (58.54359236996624,1319.517106729171) (59.54359236996622,1319.517106729171) (59.54359236996622,1345.512510451981) (60.5435923699662,1345.512510451981) (60.5435923699662,1371.507914174791) (61.54359236996618,1371.507914174791) (61.54359236996618,1397.503317897602) (62.54359236996616,1397.503317897602) (62.54359236996616,1423.498721620412) (63.54359236996613,1423.498721620412) (63.54359236996613,1478) (64.54359236996612,1478) (64.54359236996612,1504) (65.54359236996609,1504) (65.54359236996609,1530) (66.54359236996606,1530) (66.54359236996606,1556) (67.54359236996603,1556) (67.54359236996603,1582) (68.54359236996601,1582) (68.54359236996601,1608) (69.54359236996598,1608) (69.54359236996598,1634) (70.54359236996595,1634) (70.54359236996595,1660) (71.54359236996592,1660) (71.54359236996592,1686) (72.54359236996589,1686) (72.54359236996589,1712) (73.54359236996586,1712) (73.54359236996586,1738) (74.54359236996584,1738) (74.54359236996584,1764) (75.54359236996582,1764) (75.54359236996582,1790) (76.54359236996575,1790) (76.54359236996575,1816) (77.54359236996572,1816) (77.54359236996572,1842) (78.54359236996568,1842) (78.54359236996568,1868) (79.54359236996562,1868) (79.54359236996562,1894) (80.54359236996557,1894) (80.54359236996557,1920) (81.54359236996551,1920) (81.54359236996551,1946) (82.54359236996545,1946) (82.54359236996545,1972) (83.5435923699654,1972) (83.5435923699654,1998) (84.54359236996534,1998) (84.54359236996534,2024) (85.54359236996527,2024) (85.54359236996527,2050) (86.54359236996521,2050) (86.54359236996521,2076) (87.54359236996515,2076) (87.54359236996515,2102) (88.5435923699651,2102) (88.5435923699651,2128) (89.54359236996504,2128) (89.54359236996504,2154) (90.54359236996498,2154) (90.54359236996498,2180) (91.54359236996493,2180) (91.54359236996493,2206) (92.54359236996488,2206) (92.54359236996488,2232) (93.54359236996481,2232) (93.54359236996481,2258) (94.54359236996476,2258) (94.54359236996476,2284) (95.5435923699647,2284) (95.5435923699647,2310) (96.54359236996464,2310) (96.54359236996464,2336) (97.54359236996459,2336) (97.54359236996459,2362) (98.54359236996451,2362) (98.54359236996451,2388) (99.54359236996446,2388) (99.54359236996446,2414) (100.5435923699644,2414) (100.5435923699644,2440) (101.5435923699643,2440) (101.5435923699643,2466) (102.5435923699643,2466) (102.5435923699643,2492) (103.5435923699642,2492) (103.5435923699642,2518) (104.5435923699642,2518) (104.5435923699642,2544) (105.5435923699641,2544) (105.5435923699641,2570) (106.5435923699641,2570) (106.5435923699641,2596) (107.543592369964,2596) (107.543592369964,2622) (108.5435923699639,2622) (108.5435923699639,2648) (109.5435923699639,2648) (109.5435923699639,2674) (110.5435923699638,2674) (110.5435923699638,2700) (111.5435923699638,2700) (111.5435923699638,2726) (112.5435923699637,2726) (112.5435923699637,2752) (113.5435923699637,2752) (113.5435923699637,2778) (114.5435923699636,2778) (114.5435923699636,2804) (115.5435923699635,2804) (115.5435923699635,2830) (116.5435923699635,2830) (116.5435923699635,2856) (117.5435923699634,2856) (117.5435923699634,2882) (118.5435923699634,2882) (118.5435923699634,2908) (119.5435923699633,2908) (119.5435923699633,2934) (120.5435923699633,2934) (120.5435923699633,2960) (121.5435923699632,2960) (121.5435923699632,2986) (122.5435923699632,2986) (122.5435923699632,3012) (123.5435923699631,3012) (123.5435923699631,3038) (124.543592369963,3038) (124.543592369963,3088.5) (125.543592369963,3088.5) (125.543592369963,3114.5) (126.5435923699629,3114.5) (126.5435923699629,3140.5) (127.5435923699629,3140.5) (127.5435923699629,3166.5) (128.5435923699629,3166.5) (128.5435923699629,3192.5) (129.543592369963,3192.5) (129.543592369963,3218.5) (130.5435923699631,3218.5) (130.5435923699631,3244.5) (131.5435923699631,3244.5) (131.5435923699631,3270.5) (132.5435923699632,3270.5) (132.5435923699632,3296.5) (133.5435923699633,3296.5) (133.5435923699633,3322.5) (134.5435923699634,3322.5) (134.5435923699634,3348.5) (135.5435923699635,3348.5) (135.5435923699635,3374.5) (136.5435923699636,3374.5) (136.5435923699636,3400.5) (137.5435923699636,3400.5) (137.5435923699636,3426.5) (138.5435923699637,3426.5) (138.5435923699637,3452.5) (139.5435923699638,3452.5) (139.5435923699638,3478.5) (140.5435923699639,3478.5) (140.5435923699639,3504.5) (141.543592369964,3504.5) (141.543592369964,3530.5) (142.5435923699641,3530.5) (142.5435923699641,3556.5) (143.5435923699642,3556.5) (143.5435923699642,3582.5) (144.5435923699642,3582.5) (144.5435923699642,3608.5) (145.5435923699643,3608.5) (145.5435923699643,3634.5) (146.5435923699644,3634.5) (146.5435923699644,3660.5) (147.5435923699645,3660.5) (147.5435923699645,3686.5) (148.5435923699646,3686.5) (148.5435923699646,3712.5) (149.5435923699647,3712.5) (149.5435923699647,3738.5) (150.5435923699648,3738.5) (150.5435923699648,3764.5) (151.5435923699648,3764.5) (151.5435923699648,3790.5) (152.5435923699649,3790.5) (152.5435923699649,3816.5) (153.543592369965,3816.5) (153.543592369965,3842.5) (154.5435923699651,3842.5) (154.5435923699651,3868.5) (155.5435923699652,3868.5) (155.5435923699652,3894.5) (156.5435923699653,3894.5) (156.5435923699653,3920.5) (157.5435923699654,3920.5) (157.5435923699654,3946.5) (158.5435923699654,3946.5) (158.5435923699654,3972.5) (159.5435923699655,3972.5) (159.5435923699655,3998.5) (160.5435923699656,3998.5) (160.5435923699656,4024.5) (161.5435923699657,4024.5) (161.5435923699657,4050.5) (162.5435923699658,4050.5) (162.5435923699658,4076.5) (163.5435923699659,4076.5) (163.5435923699659,4102.5) (164.5435923699659,4102.5) (164.5435923699659,4128.5) (165.543592369966,4128.5) (165.543592369966,4154.5) (166.5435923699661,4154.5) (166.5435923699661,4180.5) (167.5435923699662,4180.5) (167.5435923699662,4206.5) (168.5435923699663,4206.5) (168.5435923699663,4232.5) (169.5435923699664,4232.5) (169.5435923699664,4258.5) (170.5435923699665,4258.5) (170.5435923699665,4284.5) (171.5435923699665,4284.5) (171.5435923699665,4310.5) (172.5435923699666,4310.5) (172.5435923699666,4336.5) (173.5435923699667,4336.5) (173.5435923699667,4362.5) (174.5435923699668,4362.5) (174.5435923699668,4388.5) (175.5435923699669,4388.5) (175.5435923699669,4416.265463717128) (176.543592369967,4416.265463717128) (176.543592369967,4415.530927434256) (177.543592369967,4415.530927434256) (177.543592369967,4414.796391151384) (178.5435923699671,4414.796391151384) (178.5435923699671,4414.061854868512) (179.5435923699671,4414.061854868512) (179.5435923699671,4413.327318585641) (180.5435923699672,4413.327318585641) (180.5435923699672,4412.592782302769) (181.5435923699673,4412.592782302769) (181.5435923699673,4411.858246019897) (182.5435923699674,4411.858246019897) (182.5435923699674,4411.123709737025) (183.5435923699675,4411.123709737025) (183.5435923699675,4410.389173454153) (184.5435923699675,4410.389173454153) (184.5435923699675,4409.654637171281) (185.5435923699676,4409.654637171281) (185.5435923699676,4408.920100888409) (186.5435923699677,4408.920100888409) (186.5435923699677,4408.185564605537) (187.5435923699678,4408.185564605537) (187.5435923699678,4407.451028322665) (188.5435923699679,4407.451028322665) (188.5435923699679,4406.716492039794) (189.543592369968,4406.716492039794) (189.543592369968,4405.981955756922) (190.5435923699681,4405.981955756922) (190.5435923699681,4405.24741947405) (191.5435923699681,4405.24741947405) (191.5435923699681,4404.512883191178) (192.5435923699682,4404.512883191178) (192.5435923699682,4403.778346908306) (193.5435923699683,4403.778346908306) (193.5435923699683,4403.043810625434) (194.5435923699683,4403.043810625434) (194.5435923699683,4402.309274342562) (195.5435923699684,4402.309274342562) (195.5435923699684,4401.57473805969) (196.5435923699685,4401.57473805969) (196.5435923699685,4400.840201776819) (700,4400.840201776819)
humanPositionY[0]:
[0]: (0,0) (0,163.5) (1,163.5) (1,188.9679078844919) (12.54359236996624,188.9679078844919) (12.54359236996624,188.479046668909) (13.54359236996624,188.479046668909) (13.54359236996624,187.9901854533261) (14.54359236996624,187.9901854533261) (14.54359236996624,187.5013242377432) (15.54359236996624,187.5013242377432) (15.54359236996624,187.0124630221603) (16.54359236996624,187.0124630221603) (16.54359236996624,186.5236018065774) (17.54359236996624,186.5236018065774) (17.54359236996624,186.0347405909945) (18.54359236996624,186.0347405909945) (18.54359236996624,185.5458793754117) (19.54359236996625,185.5458793754117) (19.54359236996625,185.0570181598288) (20.54359236996624,185.0570181598288) (20.54359236996624,184.5681569442459) (21.54359236996623,184.5681569442459) (21.54359236996623,184.079295728663) (22.54359236996622,184.079295728663) (22.54359236996622,183.5904345130801) (23.54359236996621,183.5904345130801) (23.54359236996621,183.1015732974972) (24.5435923699662,183.1015732974972) (24.5435923699662,182.6127120819143) (25.54359236996619,182.6127120819143) (25.54359236996619,182.1238508663315) (26.54359236996618,182.1238508663315) (26.54359236996618,181.6349896507486) (27.54359236996617,181.6349896507486) (27.54359236996617,181.1461284351657) (28.54359236996615,181.1461284351657) (28.54359236996615,180.6572672195828) (29.54359236996614,180.6572672195828) (29.54359236996614,180.1684060039999) (30.54359236996612,180.1684060039999) (30.54359236996612,179.679544788417) (31.54359236996611,179.679544788417) (31.54359236996611,179.1906835728341) (32.54359236996612,179.1906835728341) (32.54359236996612,178.7018223572512) (33.54359236996615,178.7018223572512) (33.54359236996615,178.2129611416684) (34.54359236996618,178.2129611416684) (34.54359236996618,177.7240999260855) (35.54359236996621,177.7240999260855) (35.54359236996621,177.2352387105026) (36.54359236996623,177.2352387105026) (36.54359236996623,176.7463774949197) (37.54359236996626,176.7463774949197) (37.54359236996626,176.2575162793368) (38.54359236996629,176.2575162793368) (38.54359236996629,175.7686550637539) (39.54359236996632,175.7686550637539) (39.54359236996632,175.279793848171) (40.54359236996635,175.279793848171) (40.54359236996635,174.7909326325882) (41.54359236996638,174.7909326325882) (41.54359236996638,174.3020714170053) (42.5435923699664,174.3020714170053) (42.5435923699664,173.8132102014224) (43.54359236996643,173.8132102014224) (43.54359236996643,173.3243489858395) (44.54359236996645,173.3243489858395) (44.54359236996645,172.8354877702566) (45.54359236996648,172.8354877702566) (45.54359236996648,172.3466265546737) (46.5435923699665,172.3466265546737) (46.5435923699665,171.8577653390908) (47.54359236996652,171.8577653390908) (47.54359236996652,171.3689041235079) (48.5435923699665,171.3689041235079) (48.5435923699665,170.8800429079251) (49.54359236996648,170.8800429079251) (49.54359236996648,170.3911816923422) (50.54359236996645,170.3911816923422) (50.54359236996645,169.9023204767593) (51.54359236996642,169.9023204767593) (51.54359236996642,169.4134592611764) (52.5435923699664,169.4134592611764) (52.5435923699664,168.9245980455935) (53.54359236996637,168.9245980455935) (53.54359236996637,168.4357368300106) (54.54359236996634,168.4357368300106) (54.54359236996634,167.9468756144277) (55.54359236996631,167.9468756144277) (55.54359236996631,167.4580143988449) (56.54359236996628,167.4580143988449) (56.54359236996628,166.969153183262) (57.54359236996626,166.969153183262) (57.54359236996626,166.4802919676791) (58.54359236996624,166.4802919676791) (58.54359236996624,165.9914307520962) (59.54359236996622,165.9914307520962) (59.54359236996622,165.5025695365133) (60.5435923699662,165.5025695365133) (60.5435923699662,165.0137083209304) (61.54359236996618,165.0137083209304) (61.54359236996618,164.5248471053475) (62.54359236996616,164.5248471053475) (62.54359236996616,164.0359858897646) (63.54359236996613,164.0359858897646) (63.54359236996613,163.5) (175.5435923699669,163.5) (175.5435923699669,189.4896220913107) (176.543592369967,189.4896220913107) (176.543592369967,215.4792441826214) (177.543592369967,215.4792441826214) (177.543592369967,241.4688662739321) (178.5435923699671,241.4688662739321) (178.5435923699671,267.4584883652428) (179.5435923699671,267.4584883652428) (179.5435923699671,293.4481104565535) (180.5435923699672,293.4481104565535) (180.5435923699672,319.4377325478642) (181.5435923699673,319.4377325478642) (181.5435923699673,345.427354639175) (182.5435923699674,345.427354639175) (182.5435923699674,371.4169767304857) (183.5435923699675,371.4169767304857) (183.5435923699675,397.4065988217964) (184.5435923699675,397.4065988217964) (184.5435923699675,423.3962209131071) (185.5435923699676,423.3962209131071) (185.5435923699676,449.3858430044178) (186.5435923699677,449.3858430044178) (186.5435923699677,475.3754650957285) (187.5435923699678,475.3754650957285) (187.5435923699678,501.3650871870392) (188.5435923699679,501.3650871870392) (188.5435923699679,527.3547092783499) (189.543592369968,527.3547092783499) (189.543592369968,553.3443313696606) (190.5435923699681,553.3443313696606) (190.5435923699681,579.3339534609713) (191.5435923699681,579.3339534609713) (191.5435923699681,605.323575552282) (192.5435923699682,605.323575552282) (192.5435923699682,631.3131976435927) (193.5435923699683,631.3131976435927) (193.5435923699683,657.3028197349034) (194.5435923699683,657.3028197349034) (194.5435923699683,683.2924418262141) (195.5435923699684,683.2924418262141) (195.5435923699684,709.2820639175249) (196.5435923699685,709.2820639175249) (196.5435923699685,735.2716860088356) (700,735.2716860088356)
robPositionX[0]:
[0]: (0,0) (0,92.5) (2,92.5) (2,97.73313175708738) (14.54359236996624,97.73313175708738) (14.54359236996624,123.7285354798977) (15.56239583244948,123.7285354798977) (15.56239583244948,149.723939202708) (16.58119929493272,149.723939202708) (16.58119929493272,175.7193429255182) (17.58119929493273,175.7193429255182) (17.58119929493273,201.7147466483285) (18.58119929493273,201.7147466483285) (18.58119929493273,227.7101503711388) (19.58119929493273,227.7101503711388) (19.58119929493273,253.7055540939491) (20.58119929493273,253.7055540939491) (20.58119929493273,279.7009578167594) (21.58119929493272,279.7009578167594) (21.58119929493272,305.6963615395697) (22.58119929493271,305.6963615395697) (22.58119929493271,331.69176526238) (23.58119929493269,331.69176526238) (23.58119929493269,357.6871689851903) (24.58119929493268,357.6871689851903) (24.58119929493268,383.6825727080006) (25.58119929493267,383.6825727080006) (25.58119929493267,409.6779764308109) (26.58119929493266,409.6779764308109) (26.58119929493266,435.6733801536212) (27.58119929493265,435.6733801536212) (27.58119929493265,461.6687838764315) (28.58119929493263,461.6687838764315) (28.58119929493263,487.6641875992418) (29.58119929493262,487.6641875992418) (29.58119929493262,513.6595913220521) (30.5811992949326,513.6595913220521) (30.5811992949326,539.6549950448623) (31.58119929493259,539.6549950448623) (31.58119929493259,565.6503987676725) (32.5811992949326,565.6503987676725) (32.5811992949326,591.6458024904828) (33.58119929493263,591.6458024904828) (33.58119929493263,617.641206213293) (34.58119929493266,617.641206213293) (34.58119929493266,643.6366099361032) (35.58119929493269,643.6366099361032) (35.58119929493269,669.6320136589135) (36.58119929493272,669.6320136589135) (36.58119929493272,695.6274173817237) (37.58119929493274,695.6274173817237) (37.58119929493274,721.622821104534) (38.58119929493277,721.622821104534) (38.58119929493277,747.6182248273442) (39.5811992949328,747.6182248273442) (39.5811992949328,773.6136285501544) (40.58119929493283,773.6136285501544) (40.58119929493283,799.6090322729647) (41.58119929493286,799.6090322729647) (41.58119929493286,825.6044359957749) (42.58119929493289,825.6044359957749) (42.58119929493289,851.5998397185851) (43.58119929493291,851.5998397185851) (43.58119929493291,877.5952434413954) (44.58119929493293,877.5952434413954) (44.58119929493293,903.5906471642056) (45.58119929493295,903.5906471642056) (45.58119929493295,929.5860508870159) (46.58119929493297,929.5860508870159) (46.58119929493297,955.5814546098261) (47.58119929493299,955.5814546098261) (47.58119929493299,981.5768583326363) (48.58119929493298,981.5768583326363) (48.58119929493298,1007.572262055447) (49.58119929493295,1007.572262055447) (49.58119929493295,1033.567665778257) (50.58119929493292,1033.567665778257) (50.58119929493292,1059.563069501067) (51.5811992949329,1059.563069501067) (51.5811992949329,1085.558473223878) (52.58119929493287,1085.558473223878) (52.58119929493287,1111.553876946688) (53.58119929493284,1111.553876946688) (53.58119929493284,1137.549280669498) (54.58119929493282,1137.549280669498) (54.58119929493282,1163.544684392309) (55.58119929493279,1163.544684392309) (55.58119929493279,1189.540088115119) (56.58119929493277,1189.540088115119) (56.58119929493277,1215.535491837929) (57.58119929493274,1215.535491837929) (57.58119929493274,1241.53089556074) (58.58119929493272,1241.53089556074) (58.58119929493272,1267.52629928355) (59.5811992949327,1267.52629928355) (59.5811992949327,1293.52170300636) (60.58119929493268,1293.52170300636) (60.58119929493268,1319.517106729171) (61.58119929493266,1319.517106729171) (61.58119929493266,1345.512510451981) (62.58119929493264,1345.512510451981) (62.58119929493264,1371.507914174791) (63.58119929493262,1371.507914174791) (63.58119929493262,1397.503317897602) (64.59393015179175,1397.503317897602) (64.59393015179175,1423.501210954746) (65.60254936947091,1423.501210954746) (65.60254936947091,1449.500245178851) (66.60838481023877,1449.500245178851) (66.60838481023877,1475.499802499311) (67.61233554128702,1475.499802499311) (67.61233554128702,1501.499599591989) (68.61501027370713,1501.499599591989) (68.61501027370713,1527.499506587529) (69.61682112502933,1527.499506587529) (69.61682112502933,1553.499463958168) (70.6180471097375,1553.499463958168) (70.6180471097375,1579.49944441867) (71.61887712718743,1579.49944441867) (71.61887712718743,1605.499435462594) (72.61943906641713,1605.499435462594) (72.61943906641713,1631.49943135751) (73.61981951105041,1631.49943135751) (73.61981951105041,1657.499429475914) (74.62007708003358,1657.499429475914) (74.62007708003358,1683.499428613471) (75.62025145962717,1683.499428613471) (75.62025145962717,1709.499428218164) (76.62036951826136,1709.499428218164) (76.62036951826136,1735.499428036972) (77.62044944642874,1735.499428036972) (77.62044944642874,1761.499427953921) (78.62050355946982,1761.499427953921) (78.62050355946982,1787.499427915854) (79.62054019513145,1787.499427915854) (79.62054019513145,1813.499427898406) (80.6205649982429,1813.499427898406) (80.6205649982429,1839.499427890409) (81.62058179046976,1839.499427890409) (81.62058179046976,1865.499427886743) (82.62059315914752,1865.499427886743) (82.62059315914752,1891.499427885063) (83.62060085598308,1891.499427885063) (83.62060085598308,1917.499427884293) (84.62060606689587,1917.499427884293) (84.62060606689587,1943.499427883939) (85.62060959479096,1943.499427883939) (85.62060959479096,1969.499427883778) (86.62061198325694,1969.499427883778) (86.62061198325694,1995.499427883703) (87.62061360029035,1995.499427883703) (87.62061360029035,2021.499427883669) (88.62061469509474,2021.499427883669) (88.62061469509474,2047.499427883654) (89.62061543626832,2047.499427883654) (89.62061543626832,2073.499427883647) (90.62061593806362,2073.499427883647) (90.62061593806362,2099.499427883643) (91.62061627786233,2099.499427883643) (91.62061627786233,2125.499427883642) (92.62061650822864,2125.499427883642) (92.62061650822864,2151.499427883641) (93.62061666308598,2151.499427883641) (93.62061666308598,2177.499427883641) (94.62061676739405,2177.499427883641) (94.62061676739405,2203.499427883641) (95.62061684039448,2203.499427883641) (95.62061684039448,2229.499427883641) (96.62061688981598,2229.499427883641) (96.62061688981598,2255.499427883641) (97.62061692313593,2255.499427883641) (97.62061692313593,2281.499427883641) (98.62061694420929,2281.499427883641) (98.62061694420929,2307.499427883641) (99.62061694420923,2307.499427883641) (99.62061694420923,2333.499427883641) (100.6206169442092,2333.499427883641) (100.6206169442092,2359.499427883641) (101.6206169442091,2359.499427883641) (101.6206169442091,2385.499427883641) (102.6206169442091,2385.499427883641) (102.6206169442091,2411.499427883641) (103.620616944209,2411.499427883641) (103.620616944209,2437.499427883641) (104.6206169442089,2437.499427883641) (104.6206169442089,2463.499427883641) (105.6206169442089,2463.499427883641) (105.6206169442089,2489.499427883641) (106.6206169442088,2489.499427883641) (106.6206169442088,2515.499427883641) (107.6206169442088,2515.499427883641) (107.6206169442088,2541.499427883641) (108.6206169442087,2541.499427883641) (108.6206169442087,2567.499427883641) (109.6206169442087,2567.499427883641) (109.6206169442087,2593.499427883641) (110.6206169442086,2593.499427883641) (110.6206169442086,2619.499427883641) (111.6206169442085,2619.499427883641) (111.6206169442085,2645.499427883641) (112.6206169442085,2645.499427883641) (112.6206169442085,2671.499427883641) (113.6206169442084,2671.499427883641) (113.6206169442084,2697.499427883641) (114.6206169442084,2697.499427883641) (114.6206169442084,2723.499427883641) (115.6206169442083,2723.499427883641) (115.6206169442083,2749.499427883641) (116.6206169442083,2749.499427883641) (116.6206169442083,2775.499427883641) (117.6206169442082,2775.499427883641) (117.6206169442082,2801.499427883641) (118.6206169442082,2801.499427883641) (118.6206169442082,2827.499427883641) (119.6206169442081,2827.499427883641) (119.6206169442081,2853.499427883641) (120.620616944208,2853.499427883641) (120.620616944208,2879.499427883641) (121.620616944208,2879.499427883641) (121.620616944208,2905.499427883641) (122.6206169442079,2905.499427883641) (122.6206169442079,2931.499427883641) (123.6206169442079,2931.499427883641) (123.6206169442079,2957.499427883641) (124.6206169442078,2957.499427883641) (124.6206169442078,2983.499427883641) (125.6206169442078,2983.499427883641) (125.6206169442078,3009.499427883641) (126.6206169442077,3009.499427883641) (126.6206169442077,3035.499427883641) (127.6206169442076,3035.499427883641) (127.6206169442076,3061.499427883641) (128.6206169442077,3061.499427883641) (128.6206169442077,3087.499427883641) (129.6206169442077,3087.499427883641) (129.6206169442077,3113.499427883641) (130.6206169442078,3113.499427883641) (130.6206169442078,3139.499427883641) (131.6206169442079,3139.499427883641) (131.6206169442079,3165.499427883641) (132.620616944208,3165.499427883641) (132.620616944208,3191.499427883641) (133.6206169442081,3191.499427883641) (133.6206169442081,3217.499427883641) (134.6206169442082,3217.499427883641) (134.6206169442082,3243.499427883641) (135.6206169442083,3243.499427883641) (135.6206169442083,3269.499427883641) (136.6206169442083,3269.499427883641) (136.6206169442083,3295.499427883641) (137.6206169442084,3295.499427883641) (137.6206169442084,3321.499427883641) (138.6206169442085,3321.499427883641) (138.6206169442085,3347.499427883641) (139.6206169442086,3347.499427883641) (139.6206169442086,3373.499427883641) (140.6206169442087,3373.499427883641) (140.6206169442087,3399.499427883641) (141.6206169442088,3399.499427883641) (141.6206169442088,3425.499427883641) (142.6206169442088,3425.499427883641) (142.6206169442088,3451.499427883641) (143.6206169442089,3451.499427883641) (143.6206169442089,3477.499427883641) (144.620616944209,3477.499427883641) (144.620616944209,3503.499427883641) (145.6206169442091,3503.499427883641) (145.6206169442091,3529.499427883641) (146.6206169442092,3529.499427883641) (146.6206169442092,3555.499427883641) (147.6206169442093,3555.499427883641) (147.6206169442093,3581.499427883641) (148.6206169442094,3581.499427883641) (148.6206169442094,3607.499427883641) (149.6206169442094,3607.499427883641) (149.6206169442094,3633.499427883641) (150.6206169442095,3633.499427883641) (150.6206169442095,3659.499427883641) (151.6206169442096,3659.499427883641) (151.6206169442096,3685.499427883641) (152.6206169442097,3685.499427883641) (152.6206169442097,3711.499427883641) (153.6206169442098,3711.499427883641) (153.6206169442098,3737.499427883641) (154.6206169442099,3737.499427883641) (154.6206169442099,3763.499427883641) (155.62061694421,3763.499427883641) (155.62061694421,3789.499427883641) (156.62061694421,3789.499427883641) (156.62061694421,3815.499427883641) (157.6206169442101,3815.499427883641) (157.6206169442101,3841.499427883641) (158.6206169442102,3841.499427883641) (158.6206169442102,3867.499427883641) (159.6206169442103,3867.499427883641) (159.6206169442103,3893.499427883641) (160.6206169442104,3893.499427883641) (160.6206169442104,3919.499427883641) (161.6206169442105,3919.499427883641) (161.6206169442105,3945.499427883641) (162.6206169442106,3945.499427883641) (162.6206169442106,3971.499427883641) (163.6206169442106,3971.499427883641) (163.6206169442106,3997.499427883641) (164.6206169442107,3997.499427883641) (164.6206169442107,4023.499427883641) (165.6206169442108,4023.499427883641) (165.6206169442108,4049.499427883641) (166.6206169442109,4049.499427883641) (166.6206169442109,4075.499427883641) (167.620616944211,4075.499427883641) (167.620616944211,4101.49942788364) (168.6206169442111,4101.49942788364) (168.6206169442111,4127.49942788364) (169.6206169442112,4127.49942788364) (169.6206169442112,4153.49942788364) (170.6206169442112,4153.49942788364) (170.6206169442112,4179.49942788364) (171.6206169442113,4179.49942788364) (171.6206169442113,4205.49942788364) (172.6206169442114,4205.49942788364) (172.6206169442114,4231.49942788364) (173.6206169442115,4231.49942788364) (173.6206169442115,4257.49942788364) (174.6206169442116,4257.49942788364) (174.6206169442116,4283.49942788364) (175.6206169442117,4283.49942788364) (175.6206169442117,4309.49942788364) (176.8593987399666,4309.49942788364) (176.8593987399666,4334.761725317672) (178.3755148368801,4334.761725317672) (178.3755148368801,4357.375029374853) (180.1743720160534,4357.375029374853) (180.1743720160534,4371.80338971305) (182.310079659347,4371.80338971305) (182.310079659347,4380.472858151295) (184.6183781182517,4380.472858151295) (184.6183781182517,4385.010512952947) (187.044518165998,4385.010512952947) (187.044518165998,4388.172157803916) (189.5132193940207,4388.172157803916) (189.5132193940207,4390.428283375573) (192.0105864295486,4390.428283375573) (192.0105864295486,4391.835488330516) (194.5350515920014,4391.835488330516) (194.5350515920014,4392.871718959358) (197.0718894301233,4392.871718959358) (197.0718894301233,4393.515439372457) (199.6218446501995,4393.515439372457) (199.6218446501995,4394.057268921059) (202.1717998702757,4394.057268921059) (202.1717998702757,4394.599098469662) (204.7217550903519,4394.599098469662) (204.7217550903519,4395.140928018264) (207.2717103104281,4395.140928018264) (207.2717103104281,4395.682757566867) (209.8216655305043,4395.682757566867) (209.8216655305043,4396.224587115469) (212.3716207505805,4396.224587115469) (212.3716207505805,4396.766416664072) (214.9215759706567,4396.766416664072) (214.9215759706567,4397.308246212675) (217.4715311907329,4397.308246212675) (217.4715311907329,4397.850075761278) (220.0214864108092,4397.850075761278) (220.0214864108092,4398.391905309881) (222.5714416308854,4398.391905309881) (222.5714416308854,4398.933734858484) (225.1213968509616,4398.933734858484) (225.1213968509616,4399.475564407086) (227.6713520710378,4399.475564407086) (227.6713520710378,4400.01739395569) (230.221307291114,4400.01739395569) (230.221307291114,4400.559223504292) (232.7712625111903,4400.559223504292) (232.7712625111903,4400.840201776819) (700,4400.840201776819)
robPositionY[0]:
[0]: (0,0) (0,163.5) (2,163.5) (2,188.9679078844919) (14.54359236996624,188.9679078844919) (14.54359236996624,188.479046668909) (15.56239583244948,188.479046668909) (15.56239583244948,187.9901854533262) (16.58119929493272,187.9901854533262) (16.58119929493272,187.5013242377433) (17.58119929493273,187.5013242377433) (17.58119929493273,187.0124630221605) (18.58119929493273,187.0124630221605) (18.58119929493273,186.5236018065776) (19.58119929493273,186.5236018065776) (19.58119929493273,186.0347405909947) (20.58119929493273,186.0347405909947) (20.58119929493273,185.5458793754118) (21.58119929493272,185.5458793754118) (21.58119929493272,185.0570181598289) (22.58119929493271,185.0570181598289) (22.58119929493271,184.568156944246) (23.58119929493269,184.568156944246) (23.58119929493269,184.0792957286631) (24.58119929493268,184.0792957286631) (24.58119929493268,183.5904345130803) (25.58119929493267,183.5904345130803) (25.58119929493267,183.1015732974974) (26.58119929493266,183.1015732974974) (26.58119929493266,182.6127120819145) (27.58119929493265,182.6127120819145) (27.58119929493265,182.1238508663316) (28.58119929493263,182.1238508663316) (28.58119929493263,181.6349896507487) (29.58119929493262,181.6349896507487) (29.58119929493262,181.1461284351658) (30.5811992949326,181.1461284351658) (30.5811992949326,180.6572672195829) (31.58119929493259,180.6572672195829) (31.58119929493259,180.168406004) (32.5811992949326,180.168406004) (32.5811992949326,179.6795447884172) (33.58119929493263,179.6795447884172) (33.58119929493263,179.1906835728343) (34.58119929493266,179.1906835728343) (34.58119929493266,178.7018223572514) (35.58119929493269,178.7018223572514) (35.58119929493269,178.2129611416685) (36.58119929493272,178.2129611416685) (36.58119929493272,177.7240999260856) (37.58119929493274,177.7240999260856) (37.58119929493274,177.2352387105027) (38.58119929493277,177.2352387105027) (38.58119929493277,176.7463774949198) (39.5811992949328,176.7463774949198) (39.5811992949328,176.257516279337) (40.58119929493283,176.257516279337) (40.58119929493283,175.7686550637541) (41.58119929493286,175.7686550637541) (41.58119929493286,175.2797938481712) (42.58119929493289,175.2797938481712) (42.58119929493289,174.7909326325883) (43.58119929493291,174.7909326325883) (43.58119929493291,174.3020714170054) (44.58119929493293,174.3020714170054) (44.58119929493293,173.8132102014225) (45.58119929493295,173.8132102014225) (45.58119929493295,173.3243489858396) (46.58119929493297,173.3243489858396) (46.58119929493297,172.8354877702567) (47.58119929493299,172.8354877702567) (47.58119929493299,172.3466265546739) (48.58119929493298,172.3466265546739) (48.58119929493298,171.857765339091) (49.58119929493295,171.857765339091) (49.58119929493295,171.3689041235081) (50.58119929493292,171.3689041235081) (50.58119929493292,170.8800429079252) (51.5811992949329,170.8800429079252) (51.5811992949329,170.3911816923423) (52.58119929493287,170.3911816923423) (52.58119929493287,169.9023204767594) (53.58119929493284,169.9023204767594) (53.58119929493284,169.4134592611765) (54.58119929493282,169.4134592611765) (54.58119929493282,168.9245980455937) (55.58119929493279,168.9245980455937) (55.58119929493279,168.4357368300108) (56.58119929493277,168.4357368300108) (56.58119929493277,167.9468756144279) (57.58119929493274,167.9468756144279) (57.58119929493274,167.458014398845) (58.58119929493272,167.458014398845) (58.58119929493272,166.9691531832621) (59.5811992949327,166.9691531832621) (59.5811992949327,166.4802919676792) (60.58119929493268,166.4802919676792) (60.58119929493268,165.9914307520963) (61.58119929493266,165.9914307520963) (61.58119929493266,165.5025695365134) (62.58119929493264,165.5025695365134) (62.58119929493264,165.0137083209306) (63.58119929493262,165.0137083209306) (63.58119929493262,164.5248471053477) (64.59393015179175,164.5248471053477) (64.59393015179175,164.1938537681208) (65.60254936947091,164.1938537681208) (65.60254936947091,163.969756883213) (66.60838481023877,163.969756883213) (66.60838481023877,163.8180362843253) (67.61233554128702,163.8180362843253) (67.61233554128702,163.7153175442811) (68.61501027370713,163.7153175442811) (68.61501027370713,163.6457745842783) (69.61682112502933,163.6457745842783) (69.61682112502933,163.5986924756321) (70.6180471097375,163.5986924756321) (70.6180471097375,163.566816881204) (71.61887712718743,163.566816881204) (71.61887712718743,163.545236429983) (72.61943906641713,163.545236429983) (72.61943906641713,163.5306260107791) (73.61981951105041,163.5306260107791) (73.61981951105041,163.5207344505516) (74.62007708003358,163.5207344505516) (74.62007708003358,163.5140376570627) (75.62025145962717,163.5140376570627) (75.62025145962717,163.5095037876518) (76.62036951826136,163.5095037876518) (76.62036951826136,163.5064342631685) (77.62044944642874,163.5064342631685) (77.62044944642874,163.5043561308182) (78.62050355946982,163.5043561308182) (78.62050355946982,163.5029491917491) (79.62054019513145,163.5029491917491) (79.62054019513145,163.5019966645455) (80.6205649982429,163.5019966645455) (80.6205649982429,163.5013517836466) (81.62058179046976,163.5013517836466) (81.62058179046976,163.5009151857469) (82.62059315914752,163.5009151857469) (82.62059315914752,163.5006196001235) (83.62060085598308,163.5006196001235) (83.62060085598308,163.5004194823974) (84.62060606689587,163.5004194823974) (84.62060606689587,163.5002839986634) (85.62060959479096,163.5002839986634) (85.62060959479096,163.5001922733894) (86.62061198325694,163.5001922733894) (86.62061198325694,163.5001301732726) (87.62061360029035,163.5001301732726) (87.62061360029035,163.5000881304022) (88.62061469509474,163.5000881304022) (88.62061469509474,163.5000596654866) (89.62061543626832,163.5000596654866) (89.62061543626832,163.5000403949721) (90.62061593806362,163.5000403949721) (90.62061593806362,163.5000273482928) (91.62061627786233,163.5000273482928) (91.62061627786233,163.5000185135251) (92.62061650822864,163.5000185135251) (92.62061650822864,163.5000125239997) (93.62061666308598,163.5000125239997) (93.62061666308598,163.5000084977071) (94.62061676739405,163.5000084977071) (94.62061676739405,163.5000057856957) (95.62061684039448,163.5000057856957) (95.62061684039448,163.5000038876832) (96.62061688981598,163.5000038876832) (96.62061688981598,163.5000026027226) (97.62061692313593,163.5000026027226) (97.62061692313593,163.5000017364024) (98.62061694420929,163.5000017364024) (98.62061694420929,163.5000011884933) (99.62061694420923,163.5000011884933) (99.62061694420923,163.5000006405843) (176.8593987399666,163.5000006405843) (176.8593987399666,169.6494988603188) (178.3755148368801,169.6494988603188) (178.3755148368801,182.4806515605829) (180.1743720160534,182.4806515605829) (180.1743720160534,204.1098544573876) (182.310079659347,204.1098544573876) (182.310079659347,228.6218987825405) (184.6183781182517,228.6218987825405) (184.6183781182517,254.2228692504944) (187.044518165998,254.2228692504944) (187.044518165998,280.0299225855101) (189.5132193940207,280.0299225855101) (189.5132193940207,305.9318510350467) (192.0105864295486,305.9318510350467) (192.0105864295486,331.8937418408948) (194.5350515920014,331.8937418408948) (194.5350515920014,357.873084135954) (197.0718894301233,357.873084135954) (197.0718894301233,383.8651141457428) (199.6218446501995,383.8651141457428) (199.6218446501995,409.8594677776426) (202.1717998702757,409.8594677776426) (202.1717998702757,435.8538214095424) (204.7217550903519,435.8538214095424) (204.7217550903519,461.8481750414421) (207.2717103104281,461.8481750414421) (207.2717103104281,487.8425286733419) (209.8216655305043,487.8425286733419) (209.8216655305043,513.8368823052417) (212.3716207505805,513.8368823052417) (212.3716207505805,539.8312359371415) (214.9215759706567,539.8312359371415) (214.9215759706567,565.8255895690413) (217.4715311907329,565.8255895690413) (217.4715311907329,591.8199432009411) (220.0214864108092,591.8199432009411) (220.0214864108092,617.8142968328409) (222.5714416308854,617.8142968328409) (222.5714416308854,643.8086504647407) (225.1213968509616,643.8086504647407) (225.1213968509616,669.8030040966405) (227.6713520710378,669.8030040966405) (227.6713520710378,695.7973577285403) (230.221307291114,695.7973577285403) (230.221307291114,721.7917113604401) (232.7712625111903,721.7917113604401) (232.7712625111903,735.2716860088356) (700,735.2716860088356)
batteryCharge[0]:
[0]: (0,100) (700,100)
user_guided_transport.end:
[0]: (0,0) (234.7712625111893,0) (234.7712625111893,1) (700,1)
[2K
Verifying formula 5 at /nta/queries/query[5]/formula
 -- Formula: simulate[<=700]{robot_inventory[0][0], user_guided_transport.end*2}
[2K -- Formula is satisfied.
robot_inventory[0][0]:
[0]: (0,0) (7.596358188757343,0) (7.596358188757343,1) (700,1)
user_guided_transport.end * 2:
[0]: (0,0) (230.8052248675036,0) (230.8052248675036,2) (700,2)
[2K
Verifying formula 6 at /nta/queries/query[6]/formula
 -- Formula: simulate[<=700]{bedroom[0], bedroom[1], kitchen[0], kitchen[1]}
[2K -- Formula is satisfied.
bedroom[0]:
[0]: (0,100) (700,100)
bedroom[1]:
[0]: (0,200) (700,200)
kitchen[0]:
[0]: (0,4400) (700,4400)
kitchen[1]:
[0]: (0,765) (700,765)
[2K
Verifying formula 7 at /nta/queries/query[7]/formula
 -- Formula: simulate[<=700]{rm_1.idle, rf_1.idle, rp_1.idle, rd_1.idle}
[2K -- Formula is satisfied.
rm_1.idle:
[0]: (0,0) (0,1) (0,0) (3,0) (3,1) (700,1)
rf_1.idle:
[0]: (0,0) (0,1) (9.552619131042668,1) (9.552619131042668,0) (231.7614858097813,0) (231.7614858097813,1) (700,1)
rp_1.idle:
[0]: (0,0) (0,1) (2,1) (2,0) (9.552619131042668,0) (9.552619131042668,1) (700,1)
rd_1.idle:
[0]: (0,0) (0,1) (700,1)
[2K
Verifying formula 8 at /nta/queries/query[8]/formula
 -- Formula: Pr[<=700](<>!rm_1.idle || !rf_1.idle || !rp_1.idle || !rd_1.idle)
[2K -- Formula is satisfied.
(72/72 runs) Pr(<> …) in [0.950056,1] (95% CI)
Values in [0,0] mean=0 steps=2.22045e-16: 72
[2K
Verifying formula 9 at /nta/queries/query[9]/formula
 -- Formula: Pr[<=700]([] (user_guided_transport.end imply (rm_1.idle && rf_1.idle && rp_1.idle && rd_1.idle)))
 -- Throughput: 610998 runs/sec, Load: 330 runs[K
[2K -- Formula is satisfied.
(72/72 runs) Pr([] …) in [0.950056,1] (95% CI)
[2K
Verifying formula 10 at /nta/queries/query[10]/formula
 -- Formula: Pr[<=700] (<> pow(robPositionX[0] - bedroom[0], 2) + pow(robPositionY[0] - bedroom[1], 2) <= 900 )
[2K -- Formula is satisfied.
(72/72 runs) Pr(<> …) in [0.950056,1] (95% CI)
Values in [2,2] mean=2 steps=2.22045e-16: 72
[2K
Verifying formula 11 at /nta/queries/query[11]/formula
 -- Formula: Pr[<=700] (<> pow(humanPositionX[0] - kitchen[0], 2) + pow(humanPositionY[0] - kitchen[1], 2) <= 900 )
[2K -- Formula is satisfied.
(72/72 runs) Pr(<> …) in [0.950056,1] (95% CI)
Values in [192.044,196.991] mean=194.449 steps=0.549607: 10 8 6 12 5 7 7 5 12
[2K
Verifying formula 12 at /nta/queries/query[12]/formula
 -- Formula: Pr[<=700] (<> pow(humanPositionX[0] - bedroom[0], 2) + pow(humanPositionY[0] - bedroom[1], 2) <= 900 )
[2K -- Formula is satisfied.
(72/72 runs) Pr(<> …) in [0.950056,1] (95% CI)
Values in [1,1] mean=1 steps=2.22045e-16: 72
[2K
Verifying formula 13 at /nta/queries/query[13]/formula
 -- Formula: Pr[<=700] (<> !isValidPosition(humanPositionX[0], humanPositionY[0]))
[2K -- Formula is satisfied.
(72/72 runs) Pr(<> …) in [0.950056,1] (95% CI)
Values in [0,0] mean=0 steps=2.22045e-16: 72
[2K
Verifying formula 14 at /nta/queries/query[14]/formula
 -- Formula: Pr[<=700] (<> !isValidPosition(robPositionX[0], robPositionY[0]))
[2K -- Formula is satisfied.
(72/72 runs) Pr(<> …) in [0.950056,1] (95% CI)
Values in [0,0] mean=0 steps=2.22045e-16: 72
[2K
Verifying formula 15 at /nta/queries/query[15]/formula
 -- Formula: Pr[<=700] (<> currP > 2)
 -- Throughput: 617637 runs/sec, Load: 330 runs[K
[2K -- Formula is satisfied.
(0/72 runs) Pr(<> …) in [0,0.0499441] (95% CI)
