Options for the verification:
  Generating no trace
  Search order is breadth first
  Using conservative space optimisation
  Seed is 1783191717
  State space representation uses minimal constraint systems with future testing
  Using HashMap + Compress integers for discrete state storage
[2K
Verifying formula 1 at /nta/queries/query[1]/formula
 -- Formula: simulate[<=700]{Coffee_Delivery_robot1_def.s1_start, Coffee_Delivery_robot1_def.s1_end, Coffee_Delivery_robot1_def.s2_start, Coffee_Delivery_robot1_def.s2_end, Coffee_Delivery_robot1_def.s3_start, Coffee_Delivery_robot1_def.s3_end, Coffee_Delivery_robot1_def.s4_start, Coffee_Delivery_robot1_def.s4_end, Coffee_Delivery.end}
[2K -- Formula is satisfied.
Coffee_Delivery_robot1_def.s1_start:
[0]: (0,0) (0,1) (0,0) (700.000002,0)
Coffee_Delivery_robot1_def.s1_end:
[0]: (0,0) (67.5767397931244,0) (67.5767397931244,1) (67.5767397931244,0) (700.000002,0)
Coffee_Delivery_robot1_def.s2_start:
[0]: (0,0) (67.5767397931244,0) (67.5767397931244,1) (67.5767397931244,0) (700.000002,0)
Coffee_Delivery_robot1_def.s2_end:
[0]: (0,0) (74.00653740907879,0) (74.00653740907879,1) (74.00653740907879,0) (700.000002,0)
Coffee_Delivery_robot1_def.s3_start:
[0]: (0,0) (74.00653740907879,0) (74.00653740907879,1) (74.00653740907879,0) (700.000002,0)
Coffee_Delivery_robot1_def.s3_end:
[0]: (0,0) (142.6859924376007,0) (142.6859924376007,1) (142.6859924376007,0) (700.000002,0)
Coffee_Delivery_robot1_def.s4_start:
[0]: (0,0) (142.6859924376007,0) (142.6859924376007,1) (142.6859924376007,0) (700.000002,0)
Coffee_Delivery_robot1_def.s4_end:
[0]: (0,0) (147.6859924376008,0) (147.6859924376008,1) (147.6859924376008,0) (700.000002,0)
Coffee_Delivery.end:
[0]: (0,0) (149.6859924376008,0) (149.6859924376008,1) (700.000002,1)
[2K
Verifying formula 2 at /nta/queries/query[2]/formula
 -- Formula: Pr[<=700] (<> Coffee_Delivery.end)
[2K -- Formula is satisfied.
(72/72 runs) Pr(<> …) in [0.950056,1] (95% CI)
Values in [148.318,153.148] mean=150.994 steps=0.536715: 10 10 3 4 2 8 13 8 14
[2K
Verifying formula 3 at /nta/queries/query[3]/formula
 -- Formula: simulate[<=700]{humanPositionX[0], humanPositionY[0], robPositionX[0], robPositionY[0], batteryCharge[0], Coffee_Delivery.end}
[2K -- Formula is satisfied.
humanPositionX[0]:
[0]: (0,0) (0,92.5) (700.000002,92.5)
humanPositionY[0]:
[0]: (0,0) (0,163.5) (700.000002,163.5)
robPositionX[0]:
[0]: (0,0) (0,92.5) (2,92.5) (2,118.5) (3,118.5) (3,144.5) (4,144.5) (4,170.5) (5,170.5) (5,196.5) (6,196.5) (6,222.5) (7,222.5) (7,248.5) (8,248.5) (8,274.5) (9,274.5) (9,300.5) (10,300.5) (10,326.5) (11,326.5) (11,352.5) (12,352.5) (12,378.5) (13,378.5) (13,404.5) (14,404.5) (14,430.5) (15,430.5) (15,456.5) (16,456.5) (16,482.5) (17,482.5) (17,508.5) (18,508.5) (18,534.5) (19,534.5) (19,560.5) (20,560.5) (20,586.5) (21,586.5) (21,612.5) (22,612.5) (22,638.5) (23,638.5) (23,664.5) (24,664.5) (24,690.5) (25,690.5) (25,716.5) (26,716.5) (26,742.5) (27,742.5) (27,768.5) (28,768.5) (28,794.5) (29,794.5) (29,820.5) (30,820.5) (30,846.5) (31,846.5) (31,872.5) (32,872.5) (32,898.5) (33,898.5) (33,924.5) (34,924.5) (34,950.5) (35,950.5) (35,976.5) (36,976.5) (36,1002.5) (37,1002.5) (37,1028.5) (38,1028.5) (38,1054.5) (39,1054.5) (39,1080.5) (40,1080.5) (40,1106.5) (41,1106.5) (41,1132.5) (42,1132.5) (42,1158.5) (43,1158.5) (43,1184.5) (44,1184.5) (44,1210.5) (45,1210.5) (45,1236.5) (46,1236.5) (46,1262.5) (47,1262.5) (47,1288.5) (48,1288.5) (48,1314.5) (49,1314.5) (49,1340.5) (50,1340.5) (50,1366.5) (51,1366.5) (51,1392.5) (52,1392.5) (52,1418.5) (53,1418.5) (53,1444.5) (54,1444.5) (54,1452) (56.57673979312436,1452) (56.57673979312436,1451.845470785223) (57.57673979312436,1451.845470785223) (57.57673979312436,1451.690941570446) (58.57673979312436,1451.690941570446) (58.57673979312436,1451.536412355669) (59.57673979312436,1451.536412355669) (59.57673979312436,1451.381883140892) (60.57673979312436,1451.381883140892) (60.57673979312436,1451.227353926115) (61.57673979312436,1451.227353926115) (61.57673979312436,1451.072824711337) (62.57673979312436,1451.072824711337) (62.57673979312436,1450.91829549656) (63.57673979312436,1450.91829549656) (63.57673979312436,1450.763766281783) (64.5767397931244,1450.763766281783) (64.5767397931244,1450.609237067006) (65.5767397931244,1450.609237067006) (65.5767397931244,1450.454707852229) (66.5767397931244,1450.454707852229) (66.5767397931244,1450.300178637452) (67.5767397931244,1450.300178637452) (67.5767397931244,1450.145649422675) (76.23523106228389,1450.145649422675) (76.23523106228389,1450.300178637452) (78.80008392274931,1450.300178637452) (78.80008392274931,1450.454707852229) (79.80008392274931,1450.454707852229) (79.80008392274931,1450.609237067006) (80.80008392274934,1450.609237067006) (80.80008392274934,1450.763766281783) (81.80008392274931,1450.763766281783) (81.80008392274931,1450.91829549656) (82.80008392274935,1450.91829549656) (82.80008392274935,1451.072824711337) (83.80008392274931,1451.072824711337) (83.80008392274931,1451.227353926115) (84.80008392274931,1451.227353926115) (84.80008392274931,1451.381883140892) (85.80008392274931,1451.381883140892) (85.80008392274931,1451.536412355669) (86.80008392274931,1451.536412355669) (86.80008392274931,1451.690941570446) (87.80008392274931,1451.690941570446) (87.80008392274931,1451.845470785223) (88.80008392274931,1451.845470785223) (88.80008392274931,1452) (92.9146860908059,1452) (92.9146860908059,1426.009469747118) (93.9146860908059,1426.009469747118) (93.9146860908059,1400.018939494237) (94.9146860908059,1400.018939494237) (94.9146860908059,1374.028409241355) (95.9146860908059,1374.028409241355) (95.9146860908059,1348.037878988473) (96.9146860908059,1348.037878988473) (96.9146860908059,1322.047348735592) (97.9146860908059,1322.047348735592) (97.9146860908059,1296.05681848271) (98.9146860908059,1296.05681848271) (98.9146860908059,1270.066288229829) (99.9146860908059,1270.066288229829) (99.9146860908059,1244.075757976947) (100.9146860908059,1244.075757976947) (100.9146860908059,1218.085227724065) (101.9146860908059,1218.085227724065) (101.9146860908059,1192.094697471184) (102.9146860908059,1192.094697471184) (102.9146860908059,1166.104167218302) (103.9146860908059,1166.104167218302) (103.9146860908059,1140.11363696542) (104.9146860908059,1140.11363696542) (104.9146860908059,1114.123106712539) (105.9146860908059,1114.123106712539) (105.9146860908059,1088.132576459657) (106.9146860908059,1088.132576459657) (106.9146860908059,1062.142046206776) (107.9146860908059,1062.142046206776) (107.9146860908059,1036.151515953894) (108.9146860908059,1036.151515953894) (108.9146860908059,1010.160985701012) (109.9146860908059,1010.160985701012) (109.9146860908059,984.1704554481307) (110.9146860908059,984.1704554481307) (110.9146860908059,958.1799251952491) (111.9146860908059,958.1799251952491) (111.9146860908059,932.1893949423675) (112.9146860908059,932.1893949423675) (112.9146860908059,906.1988646894858) (113.9146860908059,906.1988646894858) (113.9146860908059,880.2083344366042) (114.9146860908059,880.2083344366042) (114.9146860908059,854.2178041837226) (115.9146860908059,854.2178041837226) (115.9146860908059,828.227273930841) (116.9146860908059,828.227273930841) (116.9146860908059,802.2367436779593) (117.9146860908059,802.2367436779593) (117.9146860908059,776.2462134250777) (118.9146860908059,776.2462134250777) (118.9146860908059,750.2556831721961) (119.9146860908059,750.2556831721961) (119.9146860908059,724.2651529193145) (120.9146860908059,724.2651529193145) (120.9146860908059,698.2746226664328) (121.9146860908059,698.2746226664328) (121.9146860908059,672.2840924135512) (122.9146860908059,672.2840924135512) (122.9146860908059,646.2935621606696) (123.9146860908059,646.2935621606696) (123.9146860908059,620.303031907788) (124.9146860908059,620.303031907788) (124.9146860908059,594.3125016549063) (125.9146860908059,594.3125016549063) (125.9146860908059,568.3219714020247) (126.9146860908059,568.3219714020247) (126.9146860908059,542.3314411491431) (127.9146860908059,542.3314411491431) (127.9146860908059,516.3409108962614) (128.9146860908059,516.3409108962614) (128.9146860908059,490.3503806433799) (129.9146860908059,490.3503806433799) (129.9146860908059,464.3598503904983) (130.9146860908059,464.3598503904983) (130.9146860908059,438.3693201376167) (131.9146860908059,438.3693201376167) (131.9146860908059,412.3787898847352) (132.9146860908059,412.3787898847352) (132.9146860908059,386.3882596318536) (133.9146860908059,386.3882596318536) (133.9146860908059,360.397729378972) (134.9146860908059,360.397729378972) (134.9146860908059,334.4071991260905) (135.9146860908059,334.4071991260905) (135.9146860908059,308.4166688732089) (136.9146860908059,308.4166688732089) (136.9146860908059,282.4261386203273) (137.9146860908059,282.4261386203273) (137.9146860908059,256.4356083674458) (138.9146860908059,256.4356083674458) (138.9146860908059,230.4450781145642) (139.9146860908059,230.4450781145642) (139.9146860908059,204.4545478616826) (140.9146860908059,204.4545478616826) (140.9146860908059,178.464017608801) (141.9146860908059,178.464017608801) (141.9146860908059,152.4734873559195) (142.9146860908059,152.4734873559195) (142.9146860908059,126.4829571030379) (700.000002,126.4829571030379)
robPositionY[0]:
[0]: (0,0) (0,163.5) (56.57673979312436,163.5) (56.57673979312436,189.4995407790557) (57.57673979312436,189.4995407790557) (57.57673979312436,215.4990815581114) (58.57673979312436,215.4990815581114) (58.57673979312436,241.4986223371671) (59.57673979312436,241.4986223371671) (59.57673979312436,267.4981631162228) (60.57673979312436,267.4981631162228) (60.57673979312436,293.4977038952785) (61.57673979312436,293.4977038952785) (61.57673979312436,319.4972446743342) (62.57673979312436,319.4972446743342) (62.57673979312436,345.4967854533899) (63.57673979312436,345.4967854533899) (63.57673979312436,371.4963262324455) (64.5767397931244,371.4963262324455) (64.5767397931244,397.4958670115012) (65.5767397931244,397.4958670115012) (65.5767397931244,423.4954077905569) (66.5767397931244,423.4954077905569) (66.5767397931244,449.4949485696126) (67.5767397931244,449.4949485696126) (67.5767397931244,475.4944893486683) (76.23523106228389,475.4944893486683) (76.23523106228389,449.4949485696126) (78.80008392274931,449.4949485696126) (78.80008392274931,423.4954077905569) (79.80008392274931,423.4954077905569) (79.80008392274931,397.4958670115012) (80.80008392274934,397.4958670115012) (80.80008392274934,371.4963262324455) (81.80008392274931,371.4963262324455) (81.80008392274931,345.4967854533899) (82.80008392274935,345.4967854533899) (82.80008392274935,319.4972446743342) (83.80008392274931,319.4972446743342) (83.80008392274931,293.4977038952785) (84.80008392274931,293.4977038952785) (84.80008392274931,267.4981631162228) (85.80008392274931,267.4981631162228) (85.80008392274931,241.4986223371671) (86.80008392274931,241.4986223371671) (86.80008392274931,215.4990815581114) (87.80008392274931,215.4990815581114) (87.80008392274931,189.4995407790557) (88.80008392274931,189.4995407790557) (88.80008392274931,163.5) (92.9146860908059,163.5) (92.9146860908059,164.2016674241034) (93.9146860908059,164.2016674241034) (93.9146860908059,164.9033348482068) (94.9146860908059,164.9033348482068) (94.9146860908059,165.6050022723103) (95.9146860908059,165.6050022723103) (95.9146860908059,166.3066696964137) (96.9146860908059,166.3066696964137) (96.9146860908059,167.0083371205171) (97.9146860908059,167.0083371205171) (97.9146860908059,167.7100045446205) (98.9146860908059,167.7100045446205) (98.9146860908059,168.4116719687239) (99.9146860908059,168.4116719687239) (99.9146860908059,169.1133393928274) (100.9146860908059,169.1133393928274) (100.9146860908059,169.8150068169308) (101.9146860908059,169.8150068169308) (101.9146860908059,170.5166742410342) (102.9146860908059,170.5166742410342) (102.9146860908059,171.2183416651376) (103.9146860908059,171.2183416651376) (103.9146860908059,171.920009089241) (104.9146860908059,171.920009089241) (104.9146860908059,172.6216765133445) (105.9146860908059,172.6216765133445) (105.9146860908059,173.3233439374479) (106.9146860908059,173.3233439374479) (106.9146860908059,174.0250113615513) (107.9146860908059,174.0250113615513) (107.9146860908059,174.7266787856547) (108.9146860908059,174.7266787856547) (108.9146860908059,175.4283462097581) (109.9146860908059,175.4283462097581) (109.9146860908059,176.1300136338616) (110.9146860908059,176.1300136338616) (110.9146860908059,176.831681057965) (111.9146860908059,176.831681057965) (111.9146860908059,177.5333484820684) (112.9146860908059,177.5333484820684) (112.9146860908059,178.2350159061718) (113.9146860908059,178.2350159061718) (113.9146860908059,178.9366833302752) (114.9146860908059,178.9366833302752) (114.9146860908059,179.6383507543786) (115.9146860908059,179.6383507543786) (115.9146860908059,180.3400181784821) (116.9146860908059,180.3400181784821) (116.9146860908059,181.0416856025855) (117.9146860908059,181.0416856025855) (117.9146860908059,181.7433530266889) (118.9146860908059,181.7433530266889) (118.9146860908059,182.4450204507923) (119.9146860908059,182.4450204507923) (119.9146860908059,183.1466878748957) (120.9146860908059,183.1466878748957) (120.9146860908059,183.8483552989992) (121.9146860908059,183.8483552989992) (121.9146860908059,184.5500227231026) (122.9146860908059,184.5500227231026) (122.9146860908059,185.251690147206) (123.9146860908059,185.251690147206) (123.9146860908059,185.9533575713094) (124.9146860908059,185.9533575713094) (124.9146860908059,186.6550249954128) (125.9146860908059,186.6550249954128) (125.9146860908059,187.3566924195163) (126.9146860908059,187.3566924195163) (126.9146860908059,188.0583598436197) (127.9146860908059,188.0583598436197) (127.9146860908059,188.7600272677231) (128.9146860908059,188.7600272677231) (128.9146860908059,189.4616946918265) (129.9146860908059,189.4616946918265) (129.9146860908059,190.1633621159299) (130.9146860908059,190.1633621159299) (130.9146860908059,190.8650295400334) (131.9146860908059,190.8650295400334) (131.9146860908059,191.5666969641368) (132.9146860908059,191.5666969641368) (132.9146860908059,192.2683643882402) (133.9146860908059,192.2683643882402) (133.9146860908059,192.9700318123436) (134.9146860908059,192.9700318123436) (134.9146860908059,193.671699236447) (135.9146860908059,193.671699236447) (135.9146860908059,194.3733666605505) (136.9146860908059,194.3733666605505) (136.9146860908059,195.0750340846539) (137.9146860908059,195.0750340846539) (137.9146860908059,195.7767015087573) (138.9146860908059,195.7767015087573) (138.9146860908059,196.4783689328607) (139.9146860908059,196.4783689328607) (139.9146860908059,197.1800363569641) (140.9146860908059,197.1800363569641) (140.9146860908059,197.8817037810676) (141.9146860908059,197.8817037810676) (141.9146860908059,198.583371205171) (142.9146860908059,198.583371205171) (142.9146860908059,199.2850386292744) (700.000002,199.2850386292744)
batteryCharge[0]:
[0]: (0,100) (700.000002,100)
Coffee_Delivery.end:
[0]: (0,0) (149.9146860908059,0) (149.9146860908059,1) (700.000002,1)
[2K
Verifying formula 4 at /nta/queries/query[4]/formula
 -- Formula: simulate[<=700]{robot_inventory[0][0], Coffee_Delivery.end*2}
[2K -- Formula is satisfied.
robot_inventory[0][0]:
[0]: (0,0) (74.81910912028675,0) (74.81910912028675,1) (148.4985641488088,1) (148.4985641488088,0) (700.000002,0)
Coffee_Delivery.end * 2:
[0]: (0,0) (150.4985641488088,0) (150.4985641488088,2) (700.000002,2)
[2K
Verifying formula 5 at /nta/queries/query[5]/formula
 -- Formula: simulate[<=700]{coffee_room[0], coffee_room[1], office001[0], office001[1]}
[2K -- Formula is satisfied.
coffee_room[0]:
[0]: (0,1450) (700.000002,1450)
coffee_room[1]:
[0]: (0,500) (700.000002,500)
office001[0]:
[0]: (0,100) (700.000002,100)
office001[1]:
[0]: (0,200) (700.000002,200)
[2K
Verifying formula 6 at /nta/queries/query[6]/formula
 -- Formula: simulate[<=700]{rm_1.idle, rf_1.idle, rp_1.idle, rd_1.idle}
[2K -- Formula is satisfied.
rm_1.idle:
[0]: (0,0) (0,1) (0,0) (68.57673979312466,0) (68.57673979312466,1) (72.80037109402272,1) (72.80037109402272,0) (142.4798261225443,0) (142.4798261225443,1) (700.000002,1)
rf_1.idle:
[0]: (0,0) (0,1) (700.000002,1)
rp_1.idle:
[0]: (0,0) (0,1) (67.5767397931244,1) (67.5767397931244,0) (72.80037109402272,0) (72.80037109402272,1) (700.000002,1)
rd_1.idle:
[0]: (0,0) (0,1) (141.4798261225448,1) (141.4798261225448,0) (146.4798261225448,0) (146.4798261225448,1) (700.000002,1)
[2K
Verifying formula 7 at /nta/queries/query[7]/formula
 -- Formula: Pr[<=700](<>!rm_1.idle || !rf_1.idle || !rp_1.idle || !rd_1.idle)
[2K -- Formula is satisfied.
(72/72 runs) Pr(<> …) in [0.950056,1] (95% CI)
Values in [0,0] mean=0 steps=2.22045e-16: 72
[2K
Verifying formula 8 at /nta/queries/query[8]/formula
 -- Formula: Pr[<=700]([] (Coffee_Delivery.end imply (rm_1.idle && rf_1.idle && rp_1.idle && rd_1.idle)))
[2K -- Formula is satisfied.
(72/72 runs) Pr([] …) in [0.950056,1] (95% CI)
[2K
Verifying formula 9 at /nta/queries/query[9]/formula
 -- Formula: Pr[<=700] (<> pow(robPositionX[0] - coffee_room[0], 2) + pow(robPositionY[0] - coffee_room[1], 2) <= 900 )
[2K -- Formula is satisfied.
(72/72 runs) Pr(<> …) in [0.950056,1] (95% CI)
Values in [67.5767,67.5767] mean=67.5767 steps=2.22045e-16: 72
[2K
Verifying formula 10 at /nta/queries/query[10]/formula
 -- Formula: Pr[<=700] (<> pow(robPositionX[0] - office001[0], 2) + pow(robPositionY[0] - office001[1], 2) <= 900 )
[2K -- Formula is satisfied.
(72/72 runs) Pr(<> …) in [0.950056,1] (95% CI)
Values in [141.391,146.205] mean=143.7 steps=0.534956: 6 13 7 9 11 5 5 7 9
[2K
Verifying formula 11 at /nta/queries/query[11]/formula
 -- Formula: Pr[<=700] (<> !isValidPosition(humanPositionX[0], humanPositionY[0]))
[2K -- Formula is satisfied.
(72/72 runs) Pr(<> …) in [0.950056,1] (95% CI)
Values in [0,0] mean=0 steps=2.22045e-16: 72
[2K
Verifying formula 12 at /nta/queries/query[12]/formula
 -- Formula: Pr[<=700] (<> !isValidPosition(robPositionX[0], robPositionY[0]))
[2K -- Formula is satisfied.
(72/72 runs) Pr(<> …) in [0.950056,1] (95% CI)
Values in [0,0] mean=0 steps=2.22045e-16: 72
[2K
Verifying formula 13 at /nta/queries/query[13]/formula
 -- Formula: Pr[<=700] (<> currP > 2)
[2K -- Formula is satisfied.
(0/72 runs) Pr(<> …) in [0,0.0499441] (95% CI)
