Options for the verification:
  Generating no trace
  Search order is breadth first
  Using conservative space optimisation
  Seed is 1783333909
  State space representation uses minimal constraint systems with future testing
  Using HashMap + Compress integers for discrete state storage
[2K
Verifying formula 1 at /nta/queries/query[1]/formula
 -- Formula: simulate[<=700]{user_guided_transport_human1_def.s1_start, user_guided_transport_human1_def.s1_end, user_guided_transport_human1_def.s2_start, user_guided_transport_human1_def.s2_idle, user_guided_transport_human1_def.s3_start, user_guided_transport_human1_def.s3_end, user_guided_transport.end}
[2K -- Formula is satisfied.
user_guided_transport_human1_def.s1_start:
[0]: (0,0) (0,1) (0,0) (700,0)
user_guided_transport_human1_def.s1_end:
[0]: (0,0) (1,0) (1,1) (2,1) (2,0) (700,0)
user_guided_transport_human1_def.s2_start:
[0]: (0,0) (2,0) (2,1) (2,0) (700,0)
user_guided_transport_human1_def.s2_idle:
[0]: (0,0) (2,0) (2,1) (9.2289171372104,1) (9.2289171372104,0) (700,0)
user_guided_transport_human1_def.s3_start:
[0]: (0,0) (9.2289171372104,0) (9.2289171372104,1) (9.2289171372104,0) (14.22891713721038,0) (14.22891713721038,1) (14.22891713721038,0) (19.22891713721038,0) (19.22891713721038,1) (19.22891713721038,0) (24.22891713721038,0) (24.22891713721038,1) (24.22891713721038,0) (29.22891713721038,0) (29.22891713721038,1) (29.22891713721038,0) (34.22891713721046,0) (34.22891713721046,1) (34.22891713721046,0) (39.22891713721064,0) (39.22891713721064,1) (39.22891713721064,0) (44.22891713721082,0) (44.22891713721082,1) (44.22891713721082,0) (49.22891713721078,0) (49.22891713721078,1) (49.22891713721078,0) (54.22891713721067,0) (54.22891713721067,1) (54.22891713721067,0) (59.22891713721057,0) (59.22891713721057,1) (59.22891713721057,0) (64.22891713721049,0) (64.22891713721049,1) (64.22891713721049,0) (69.22891713721042,0) (69.22891713721042,1) (69.22891713721042,0) (74.22891713721035,0) (74.22891713721035,1) (74.22891713721035,0) (79.22891713721013,0) (79.22891713721013,1) (79.22891713721013,0) (84.22891713720985,0) (84.22891713720985,1) (84.22891713720985,0) (89.22891713720955,0) (89.22891713720955,1) (89.22891713720955,0) (94.22891713720924,0) (94.22891713720924,1) (94.22891713720924,0) (99.22891713720895,0) (99.22891713720895,1) (99.22891713720895,0) (104.2289171372087,0) (104.2289171372087,1) (104.2289171372087,0) (109.2289171372084,0) (109.2289171372084,1) (109.2289171372084,0) (114.2289171372081,0) (114.2289171372081,1) (114.2289171372081,0) (119.2289171372078,0) (119.2289171372078,1) (119.2289171372078,0) (124.2289171372075,0) (124.2289171372075,1) (124.2289171372075,0) (129.2289171372074,0) (129.2289171372074,1) (129.2289171372074,0) (134.2289171372078,0) (134.2289171372078,1) (134.2289171372078,0) (139.2289171372083,0) (139.2289171372083,1) (139.2289171372083,0) (144.2289171372087,0) (144.2289171372087,1) (144.2289171372087,0) (149.2289171372091,0) (149.2289171372091,1) (149.2289171372091,0) (154.2289171372095,0) (154.2289171372095,1) (154.2289171372095,0) (159.22891713721,0) (159.22891713721,1) (159.22891713721,0) (164.2289171372104,0) (164.2289171372104,1) (164.2289171372104,0) (169.2289171372108,0) (169.2289171372108,1) (169.2289171372108,0) (174.2289171372113,0) (174.2289171372113,1) (174.2289171372113,0) (179.2289171372116,0) (179.2289171372116,1) (179.2289171372116,0) (184.228917137212,0) (184.228917137212,1) (184.228917137212,0) (189.2289171372123,0) (189.2289171372123,1) (189.2289171372123,0) (194.2289171372126,0) (194.2289171372126,1) (194.2289171372126,0) (700,0)
user_guided_transport_human1_def.s3_end:
[0]: (0,0) (194.2289171372126,0) (194.2289171372126,1) (230.4565872784342,1) (230.4565872784342,0) (700,0)
user_guided_transport.end:
[0]: (0,0) (232.4565872784333,0) (232.4565872784333,1) (700,1)
[2K
Verifying formula 2 at /nta/queries/query[2]/formula
 -- Formula: simulate[<=700]{user_guided_transport_robot1_def.s1_start, user_guided_transport_robot1_def.s1_end, user_guided_transport_robot1_def.s2_start, user_guided_transport_robot1_def.s2_end, user_guided_transport_robot1_def.s3_start, user_guided_transport_robot1_def.s3_end, user_guided_transport.end}
[2K -- Formula is satisfied.
user_guided_transport_robot1_def.s1_start:
[0]: (0,0) (0,1) (0,0) (700,0)
user_guided_transport_robot1_def.s1_end:
[0]: (0,0) (2,0) (2,1) (2,0) (700,0)
user_guided_transport_robot1_def.s2_start:
[0]: (0,0) (2,0) (2,1) (2,0) (700,0)
user_guided_transport_robot1_def.s2_end:
[0]: (0,0) (7.388274045334843,0) (7.388274045334843,1) (7.388274045334843,0) (700,0)
user_guided_transport_robot1_def.s3_start:
[0]: (0,0) (7.388274045334843,0) (7.388274045334843,1) (7.388274045334843,0) (700,0)
user_guided_transport_robot1_def.s3_end:
[0]: (0,0) (228.6159441865653,0) (228.6159441865653,1) (228.6159441865653,0) (700,0)
user_guided_transport.end:
[0]: (0,0) (230.6159441865644,0) (230.6159441865644,1) (700,1)
[2K
Verifying formula 3 at /nta/queries/query[3]/formula
 -- Formula: Pr[<=700] (<> user_guided_transport.end)
[2K -- Formula is satisfied.
(72/72 runs) Pr(<> …) in [0.950056,1] (95% CI)
Values in [230.236,235.17] mean=232.79 steps=0.548219: 7 5 10 11 6 7 8 7 11
[2K
Verifying formula 4 at /nta/queries/query[4]/formula
 -- Formula: simulate[<=700]{humanPositionX[0], humanPositionY[0], robPositionX[0], robPositionY[0], batteryCharge[0], user_guided_transport.end}
[2K -- Formula is satisfied.
humanPositionX[0]:
[0]: (0,0) (0,92.5) (1,92.5) (1,97.73313175708738) (10.49969454902063,97.73313175708738) (10.49969454902063,123.7285354798977) (11.49969454902063,123.7285354798977) (11.49969454902063,149.723939202708) (12.49969454902063,149.723939202708) (12.49969454902063,175.7193429255182) (13.49969454902063,175.7193429255182) (13.49969454902063,201.7147466483285) (14.49969454902063,201.7147466483285) (14.49969454902063,227.7101503711388) (15.49969454902063,227.7101503711388) (15.49969454902063,253.7055540939491) (16.49969454902062,253.7055540939491) (16.49969454902062,279.7009578167594) (17.49969454902062,279.7009578167594) (17.49969454902062,305.6963615395697) (18.49969454902062,305.6963615395697) (18.49969454902062,331.69176526238) (19.49969454902061,331.69176526238) (19.49969454902061,357.6871689851903) (20.49969454902061,357.6871689851903) (20.49969454902061,383.6825727080006) (21.4996945490206,383.6825727080006) (21.4996945490206,409.6779764308109) (22.49969454902059,409.6779764308109) (22.49969454902059,435.6733801536212) (23.49969454902059,435.6733801536212) (23.49969454902059,461.6687838764315) (24.49969454902058,461.6687838764315) (24.49969454902058,487.6641875992418) (25.49969454902057,487.6641875992418) (25.49969454902057,513.6595913220521) (26.49969454902056,513.6595913220521) (26.49969454902056,539.6549950448623) (27.49969454902056,539.6549950448623) (27.49969454902056,565.6503987676725) (28.49969454902055,565.6503987676725) (28.49969454902055,591.6458024904828) (29.49969454902054,591.6458024904828) (29.49969454902054,617.641206213293) (30.49969454902054,617.641206213293) (30.49969454902054,643.6366099361032) (31.49969454902053,643.6366099361032) (31.49969454902053,669.6320136589135) (32.49969454902053,669.6320136589135) (32.49969454902053,695.6274173817237) (33.49969454902055,695.6274173817237) (33.49969454902055,721.622821104534) (34.49969454902057,721.622821104534) (34.49969454902057,747.6182248273442) (35.4996945490206,747.6182248273442) (35.4996945490206,773.6136285501544) (36.49969454902062,773.6136285501544) (36.49969454902062,799.6090322729647) (37.49969454902064,799.6090322729647) (37.49969454902064,825.6044359957749) (38.49969454902066,825.6044359957749) (38.49969454902066,851.5998397185851) (39.49969454902068,851.5998397185851) (39.49969454902068,877.5952434413954) (40.4996945490207,877.5952434413954) (40.4996945490207,903.5906471642056) (41.49969454902072,903.5906471642056) (41.49969454902072,929.5860508870159) (42.49969454902075,929.5860508870159) (42.49969454902075,955.5814546098261) (43.49969454902077,955.5814546098261) (43.49969454902077,981.5768583326363) (44.49969454902079,981.5768583326363) (44.49969454902079,1007.572262055447) (45.49969454902081,1007.572262055447) (45.49969454902081,1033.567665778257) (46.49969454902083,1033.567665778257) (46.49969454902083,1059.563069501067) (47.49969454902086,1059.563069501067) (47.49969454902086,1085.558473223878) (48.49969454902089,1085.558473223878) (48.49969454902089,1111.553876946688) (49.49969454902092,1111.553876946688) (49.49969454902092,1137.549280669498) (50.49969454902094,1137.549280669498) (50.49969454902094,1163.544684392309) (51.49969454902097,1163.544684392309) (51.49969454902097,1189.540088115119) (52.499694549021,1189.540088115119) (52.499694549021,1215.535491837929) (53.49969454902103,1215.535491837929) (53.49969454902103,1241.53089556074) (54.49969454902106,1241.53089556074) (54.49969454902106,1267.52629928355) (55.49969454902109,1267.52629928355) (55.49969454902109,1293.52170300636) (56.49969454902111,1293.52170300636) (56.49969454902111,1319.517106729171) (57.49969454902114,1319.517106729171) (57.49969454902114,1345.512510451981) (58.49969454902117,1345.512510451981) (58.49969454902117,1371.507914174791) (59.4996945490212,1371.507914174791) (59.4996945490212,1397.503317897602) (60.49969454902123,1397.503317897602) (60.49969454902123,1423.498721620412) (61.49969454902126,1423.498721620412) (61.49969454902126,1478) (62.49969454902129,1478) (62.49969454902129,1504) (63.49969454902131,1504) (63.49969454902131,1530) (64.49969454902134,1530) (64.49969454902134,1556) (65.49969454902137,1556) (65.49969454902137,1582) (66.4996945490214,1582) (66.4996945490214,1608) (67.49969454902143,1608) (67.49969454902143,1634) (68.49969454902146,1634) (68.49969454902146,1660) (69.49969454902148,1660) (69.49969454902148,1686) (70.49969454902151,1686) (70.49969454902151,1712) (71.49969454902154,1712) (71.49969454902154,1738) (72.49969454902156,1738) (72.49969454902156,1764) (73.49969454902158,1764) (73.49969454902158,1790) (74.49969454902163,1790) (74.49969454902163,1816) (75.4996945490216,1816) (75.4996945490216,1842) (76.49969454902154,1842) (76.49969454902154,1868) (77.49969454902148,1868) (77.49969454902148,1894) (78.49969454902143,1894) (78.49969454902143,1920) (79.49969454902137,1920) (79.49969454902137,1946) (80.4996945490213,1946) (80.4996945490213,1972) (81.49969454902124,1972) (81.49969454902124,1998) (82.49969454902119,1998) (82.49969454902119,2024) (83.49969454902113,2024) (83.49969454902113,2050) (84.49969454902107,2050) (84.49969454902107,2076) (85.49969454902102,2076) (85.49969454902102,2102) (86.49969454902096,2102) (86.49969454902096,2128) (87.4996945490209,2128) (87.4996945490209,2154) (88.49969454902084,2154) (88.49969454902084,2180) (89.49969454902079,2180) (89.49969454902079,2206) (90.49969454902073,2206) (90.49969454902073,2232) (91.49969454902067,2232) (91.49969454902067,2258) (92.49969454902062,2258) (92.49969454902062,2284) (93.49969454902056,2284) (93.49969454902056,2310) (94.49969454902049,2310) (94.49969454902049,2336) (95.49969454902042,2336) (95.49969454902042,2362) (96.49969454902036,2362) (96.49969454902036,2388) (97.4996945490203,2388) (97.4996945490203,2414) (98.49969454902025,2414) (98.49969454902025,2440) (99.49969454902019,2440) (99.49969454902019,2466) (100.4996945490201,2466) (100.4996945490201,2492) (101.4996945490201,2492) (101.4996945490201,2518) (102.49969454902,2518) (102.49969454902,2544) (103.49969454902,2544) (103.49969454902,2570) (104.4996945490199,2570) (104.4996945490199,2596) (105.4996945490198,2596) (105.4996945490198,2622) (106.4996945490198,2622) (106.4996945490198,2648) (107.4996945490197,2648) (107.4996945490197,2674) (108.4996945490197,2674) (108.4996945490197,2700) (109.4996945490196,2700) (109.4996945490196,2726) (110.4996945490196,2726) (110.4996945490196,2752) (111.4996945490195,2752) (111.4996945490195,2778) (112.4996945490195,2778) (112.4996945490195,2804) (113.4996945490194,2804) (113.4996945490194,2830) (114.4996945490193,2830) (114.4996945490193,2856) (115.4996945490193,2856) (115.4996945490193,2882) (116.4996945490192,2882) (116.4996945490192,2908) (117.4996945490192,2908) (117.4996945490192,2934) (118.4996945490191,2934) (118.4996945490191,2960) (119.4996945490191,2960) (119.4996945490191,2986) (120.499694549019,2986) (120.499694549019,3012) (121.4996945490189,3012) (121.4996945490189,3038) (122.4996945490189,3038) (122.4996945490189,3088.5) (123.4996945490188,3088.5) (123.4996945490188,3114.5) (124.4996945490188,3114.5) (124.4996945490188,3140.5) (125.4996945490187,3140.5) (125.4996945490187,3166.5) (126.4996945490187,3166.5) (126.4996945490187,3192.5) (127.4996945490186,3192.5) (127.4996945490186,3218.5) (128.4996945490186,3218.5) (128.4996945490186,3244.5) (129.4996945490186,3244.5) (129.4996945490186,3270.5) (130.4996945490187,3270.5) (130.4996945490187,3296.5) (131.4996945490188,3296.5) (131.4996945490188,3322.5) (132.4996945490188,3322.5) (132.4996945490188,3348.5) (133.4996945490189,3348.5) (133.4996945490189,3374.5) (134.4996945490189,3374.5) (134.4996945490189,3400.5) (135.499694549019,3400.5) (135.499694549019,3426.5) (136.499694549019,3426.5) (136.499694549019,3452.5) (137.4996945490191,3452.5) (137.4996945490191,3478.5) (138.4996945490192,3478.5) (138.4996945490192,3504.5) (139.4996945490192,3504.5) (139.4996945490192,3530.5) (140.4996945490193,3530.5) (140.4996945490193,3556.5) (141.4996945490193,3556.5) (141.4996945490193,3582.5) (142.4996945490194,3582.5) (142.4996945490194,3608.5) (143.4996945490194,3608.5) (143.4996945490194,3634.5) (144.4996945490195,3634.5) (144.4996945490195,3660.5) (145.4996945490196,3660.5) (145.4996945490196,3686.5) (146.4996945490196,3686.5) (146.4996945490196,3712.5) (147.4996945490197,3712.5) (147.4996945490197,3738.5) (148.4996945490197,3738.5) (148.4996945490197,3764.5) (149.4996945490198,3764.5) (149.4996945490198,3790.5) (150.4996945490198,3790.5) (150.4996945490198,3816.5) (151.4996945490199,3816.5) (151.4996945490199,3842.5) (152.4996945490199,3842.5) (152.4996945490199,3868.5) (153.49969454902,3868.5) (153.49969454902,3894.5) (154.4996945490201,3894.5) (154.4996945490201,3920.5) (155.4996945490201,3920.5) (155.4996945490201,3946.5) (156.4996945490202,3946.5) (156.4996945490202,3972.5) (157.4996945490202,3972.5) (157.4996945490202,3998.5) (158.4996945490203,3998.5) (158.4996945490203,4024.5) (159.4996945490203,4024.5) (159.4996945490203,4050.5) (160.4996945490204,4050.5) (160.4996945490204,4076.5) (161.4996945490205,4076.5) (161.4996945490205,4102.5) (162.4996945490205,4102.5) (162.4996945490205,4128.5) (163.4996945490206,4128.5) (163.4996945490206,4154.5) (164.4996945490206,4154.5) (164.4996945490206,4180.5) (165.4996945490207,4180.5) (165.4996945490207,4206.5) (166.4996945490207,4206.5) (166.4996945490207,4232.5) (167.4996945490208,4232.5) (167.4996945490208,4258.5) (168.4996945490209,4258.5) (168.4996945490209,4284.5) (169.4996945490209,4284.5) (169.4996945490209,4310.5) (170.499694549021,4310.5) (170.499694549021,4336.5) (171.499694549021,4336.5) (171.499694549021,4362.5) (172.4996945490211,4362.5) (172.4996945490211,4388.5) (173.4996945490211,4388.5) (173.4996945490211,4416.265463717128) (174.4996945490212,4416.265463717128) (174.4996945490212,4415.530927434256) (175.4996945490213,4415.530927434256) (175.4996945490213,4414.796391151384) (176.4996945490213,4414.796391151384) (176.4996945490213,4414.061854868512) (177.4996945490214,4414.061854868512) (177.4996945490214,4413.327318585641) (178.4996945490215,4413.327318585641) (178.4996945490215,4412.592782302769) (179.4996945490216,4412.592782302769) (179.4996945490216,4411.858246019897) (180.4996945490217,4411.858246019897) (180.4996945490217,4411.123709737025) (181.4996945490218,4411.123709737025) (181.4996945490218,4410.389173454153) (182.4996945490219,4410.389173454153) (182.4996945490219,4409.654637171281) (183.4996945490219,4409.654637171281) (183.4996945490219,4408.920100888409) (184.499694549022,4408.920100888409) (184.499694549022,4408.185564605537) (185.4996945490221,4408.185564605537) (185.4996945490221,4407.451028322665) (186.4996945490222,4407.451028322665) (186.4996945490222,4406.716492039794) (187.4996945490223,4406.716492039794) (187.4996945490223,4405.981955756922) (188.4996945490224,4405.981955756922) (188.4996945490224,4405.24741947405) (189.4996945490224,4405.24741947405) (189.4996945490224,4404.512883191178) (190.4996945490225,4404.512883191178) (190.4996945490225,4403.778346908306) (191.4996945490226,4403.778346908306) (191.4996945490226,4403.043810625434) (192.4996945490226,4403.043810625434) (192.4996945490226,4402.309274342562) (193.4996945490227,4402.309274342562) (193.4996945490227,4401.57473805969) (194.4996945490228,4401.57473805969) (194.4996945490228,4400.840201776819) (700,4400.840201776819)
humanPositionY[0]:
[0]: (0,0) (0,163.5) (1,163.5) (1,188.9679078844919) (10.49969454902063,188.9679078844919) (10.49969454902063,188.479046668909) (11.49969454902063,188.479046668909) (11.49969454902063,187.9901854533261) (12.49969454902063,187.9901854533261) (12.49969454902063,187.5013242377432) (13.49969454902063,187.5013242377432) (13.49969454902063,187.0124630221603) (14.49969454902063,187.0124630221603) (14.49969454902063,186.5236018065774) (15.49969454902063,186.5236018065774) (15.49969454902063,186.0347405909945) (16.49969454902062,186.0347405909945) (16.49969454902062,185.5458793754117) (17.49969454902062,185.5458793754117) (17.49969454902062,185.0570181598288) (18.49969454902062,185.0570181598288) (18.49969454902062,184.5681569442459) (19.49969454902061,184.5681569442459) (19.49969454902061,184.079295728663) (20.49969454902061,184.079295728663) (20.49969454902061,183.5904345130801) (21.4996945490206,183.5904345130801) (21.4996945490206,183.1015732974972) (22.49969454902059,183.1015732974972) (22.49969454902059,182.6127120819143) (23.49969454902059,182.6127120819143) (23.49969454902059,182.1238508663315) (24.49969454902058,182.1238508663315) (24.49969454902058,181.6349896507486) (25.49969454902057,181.6349896507486) (25.49969454902057,181.1461284351657) (26.49969454902056,181.1461284351657) (26.49969454902056,180.6572672195828) (27.49969454902056,180.6572672195828) (27.49969454902056,180.1684060039999) (28.49969454902055,180.1684060039999) (28.49969454902055,179.679544788417) (29.49969454902054,179.679544788417) (29.49969454902054,179.1906835728341) (30.49969454902054,179.1906835728341) (30.49969454902054,178.7018223572512) (31.49969454902053,178.7018223572512) (31.49969454902053,178.2129611416684) (32.49969454902053,178.2129611416684) (32.49969454902053,177.7240999260855) (33.49969454902055,177.7240999260855) (33.49969454902055,177.2352387105026) (34.49969454902057,177.2352387105026) (34.49969454902057,176.7463774949197) (35.4996945490206,176.7463774949197) (35.4996945490206,176.2575162793368) (36.49969454902062,176.2575162793368) (36.49969454902062,175.7686550637539) (37.49969454902064,175.7686550637539) (37.49969454902064,175.279793848171) (38.49969454902066,175.279793848171) (38.49969454902066,174.7909326325882) (39.49969454902068,174.7909326325882) (39.49969454902068,174.3020714170053) (40.4996945490207,174.3020714170053) (40.4996945490207,173.8132102014224) (41.49969454902072,173.8132102014224) (41.49969454902072,173.3243489858395) (42.49969454902075,173.3243489858395) (42.49969454902075,172.8354877702566) (43.49969454902077,172.8354877702566) (43.49969454902077,172.3466265546737) (44.49969454902079,172.3466265546737) (44.49969454902079,171.8577653390908) (45.49969454902081,171.8577653390908) (45.49969454902081,171.3689041235079) (46.49969454902083,171.3689041235079) (46.49969454902083,170.8800429079251) (47.49969454902086,170.8800429079251) (47.49969454902086,170.3911816923422) (48.49969454902089,170.3911816923422) (48.49969454902089,169.9023204767593) (49.49969454902092,169.9023204767593) (49.49969454902092,169.4134592611764) (50.49969454902094,169.4134592611764) (50.49969454902094,168.9245980455935) (51.49969454902097,168.9245980455935) (51.49969454902097,168.4357368300106) (52.499694549021,168.4357368300106) (52.499694549021,167.9468756144277) (53.49969454902103,167.9468756144277) (53.49969454902103,167.4580143988449) (54.49969454902106,167.4580143988449) (54.49969454902106,166.969153183262) (55.49969454902109,166.969153183262) (55.49969454902109,166.4802919676791) (56.49969454902111,166.4802919676791) (56.49969454902111,165.9914307520962) (57.49969454902114,165.9914307520962) (57.49969454902114,165.5025695365133) (58.49969454902117,165.5025695365133) (58.49969454902117,165.0137083209304) (59.4996945490212,165.0137083209304) (59.4996945490212,164.5248471053475) (60.49969454902123,164.5248471053475) (60.49969454902123,164.0359858897646) (61.49969454902126,164.0359858897646) (61.49969454902126,163.5) (173.4996945490211,163.5) (173.4996945490211,189.4896220913107) (174.4996945490212,189.4896220913107) (174.4996945490212,215.4792441826214) (175.4996945490213,215.4792441826214) (175.4996945490213,241.4688662739321) (176.4996945490213,241.4688662739321) (176.4996945490213,267.4584883652428) (177.4996945490214,267.4584883652428) (177.4996945490214,293.4481104565535) (178.4996945490215,293.4481104565535) (178.4996945490215,319.4377325478642) (179.4996945490216,319.4377325478642) (179.4996945490216,345.427354639175) (180.4996945490217,345.427354639175) (180.4996945490217,371.4169767304857) (181.4996945490218,371.4169767304857) (181.4996945490218,397.4065988217964) (182.4996945490219,397.4065988217964) (182.4996945490219,423.3962209131071) (183.4996945490219,423.3962209131071) (183.4996945490219,449.3858430044178) (184.499694549022,449.3858430044178) (184.499694549022,475.3754650957285) (185.4996945490221,475.3754650957285) (185.4996945490221,501.3650871870392) (186.4996945490222,501.3650871870392) (186.4996945490222,527.3547092783499) (187.4996945490223,527.3547092783499) (187.4996945490223,553.3443313696606) (188.4996945490224,553.3443313696606) (188.4996945490224,579.3339534609713) (189.4996945490224,579.3339534609713) (189.4996945490224,605.323575552282) (190.4996945490225,605.323575552282) (190.4996945490225,631.3131976435927) (191.4996945490226,631.3131976435927) (191.4996945490226,657.3028197349034) (192.4996945490226,657.3028197349034) (192.4996945490226,683.2924418262141) (193.4996945490227,683.2924418262141) (193.4996945490227,709.2820639175249) (194.4996945490228,709.2820639175249) (194.4996945490228,735.2716860088356) (700,735.2716860088356)
robPositionX[0]:
[0]: (0,0) (0,92.5) (2,92.5) (2,97.73313175708738) (12.49969454902063,97.73313175708738) (12.49969454902063,123.7285354798977) (13.49969454902063,123.7285354798977) (13.49969454902063,149.723939202708) (14.49969454902063,149.723939202708) (14.49969454902063,175.7193429255182) (15.51849801150387,175.7193429255182) (15.51849801150387,201.7147466483285) (16.51849801150387,201.7147466483285) (16.51849801150387,227.7101503711388) (17.51849801150387,227.7101503711388) (17.51849801150387,253.7055540939491) (18.51849801150387,253.7055540939491) (18.51849801150387,279.7009578167594) (19.51849801150386,279.7009578167594) (19.51849801150386,305.6963615395697) (20.51849801150385,305.6963615395697) (20.51849801150385,331.69176526238) (21.51849801150384,331.69176526238) (21.51849801150384,357.6871689851903) (22.51849801150384,357.6871689851903) (22.51849801150384,383.6825727080006) (23.51849801150383,383.6825727080006) (23.51849801150383,409.6779764308109) (24.51849801150382,409.6779764308109) (24.51849801150382,435.6733801536212) (25.51849801150382,435.6733801536212) (25.51849801150382,461.6687838764315) (26.51849801150381,461.6687838764315) (26.51849801150381,487.6641875992418) (27.5184980115038,487.6641875992418) (27.5184980115038,513.6595913220521) (28.51849801150379,513.6595913220521) (28.51849801150379,539.6549950448623) (29.51849801150379,539.6549950448623) (29.51849801150379,565.6503987676725) (30.51849801150378,565.6503987676725) (30.51849801150378,591.6458024904828) (31.51849801150377,591.6458024904828) (31.51849801150377,617.641206213293) (32.51849801150377,617.641206213293) (32.51849801150377,643.6366099361032) (33.51849801150379,643.6366099361032) (33.51849801150379,669.6320136589135) (34.51849801150382,669.6320136589135) (34.51849801150382,695.6274173817237) (35.51849801150384,695.6274173817237) (35.51849801150384,721.622821104534) (36.51849801150386,721.622821104534) (36.51849801150386,747.6182248273442) (37.51849801150388,747.6182248273442) (37.51849801150388,773.6136285501544) (38.5184980115039,773.6136285501544) (38.5184980115039,799.6090322729647) (39.51849801150392,799.6090322729647) (39.51849801150392,825.6044359957749) (40.51849801150394,825.6044359957749) (40.51849801150394,851.5998397185851) (41.51849801150397,851.5998397185851) (41.51849801150397,877.5952434413954) (42.51849801150399,877.5952434413954) (42.51849801150399,903.5906471642056) (43.51849801150401,903.5906471642056) (43.51849801150401,929.5860508870159) (44.51849801150403,929.5860508870159) (44.51849801150403,955.5814546098261) (45.51849801150405,955.5814546098261) (45.51849801150405,981.5768583326363) (46.51849801150407,981.5768583326363) (46.51849801150407,1007.572262055447) (47.5184980115041,1007.572262055447) (47.5184980115041,1033.567665778257) (48.51849801150413,1033.567665778257) (48.51849801150413,1059.563069501067) (49.51849801150416,1059.563069501067) (49.51849801150416,1085.558473223878) (50.51849801150419,1085.558473223878) (50.51849801150419,1111.553876946688) (51.51849801150421,1111.553876946688) (51.51849801150421,1137.549280669498) (52.51849801150424,1137.549280669498) (52.51849801150424,1163.544684392309) (53.51849801150427,1163.544684392309) (53.51849801150427,1189.540088115119) (54.5184980115043,1189.540088115119) (54.5184980115043,1215.535491837929) (55.51849801150433,1215.535491837929) (55.51849801150433,1241.53089556074) (56.51849801150436,1241.53089556074) (56.51849801150436,1267.52629928355) (57.51849801150438,1267.52629928355) (57.51849801150438,1293.52170300636) (58.51849801150441,1293.52170300636) (58.51849801150441,1319.517106729171) (59.51849801150444,1319.517106729171) (59.51849801150444,1345.512510451981) (60.51849801150447,1345.512510451981) (60.51849801150447,1371.507914174791) (61.5184980115045,1371.507914174791) (61.5184980115045,1397.503317897602) (62.53122886836368,1397.503317897602) (62.53122886836368,1423.501210954746) (63.53984808604289,1423.501210954746) (63.53984808604289,1449.500245178851) (64.54568352681082,1449.500245178851) (64.54568352681082,1475.499802499311) (65.54963425785913,1475.499802499311) (65.54963425785913,1501.499599591989) (66.55230899027929,1501.499599591989) (66.55230899027929,1527.499506587529) (67.55411984160155,1527.499506587529) (67.55411984160155,1553.499463958168) (68.55534582630978,1553.499463958168) (68.55534582630978,1579.49944441867) (69.55617584375976,1579.49944441867) (69.55617584375976,1605.499435462594) (70.55673778298952,1605.499435462594) (70.55673778298952,1631.49943135751) (71.55711822762285,1631.49943135751) (71.55711822762285,1657.499429475914) (72.55737579660605,1657.499429475914) (72.55737579660605,1683.499428613471) (73.5575501761997,1683.499428613471) (73.5575501761997,1709.499428218164) (74.55766823483398,1709.499428218164) (74.55766823483398,1735.499428036972) (75.55774816300136,1735.499428036972) (75.55774816300136,1761.499427953921) (76.55780227604245,1761.499427953921) (76.55780227604245,1787.499427915854) (77.55783891170408,1787.499427915854) (77.55783891170408,1813.499427898406) (78.55786371481553,1813.499427898406) (78.55786371481553,1839.499427890409) (79.55788050704237,1839.499427890409) (79.55788050704237,1865.499427886743) (80.55789187572013,1865.499427886743) (80.55789187572013,1891.499427885063) (81.5578995725557,1891.499427885063) (81.5578995725557,1917.499427884293) (82.55790478346849,1917.499427884293) (82.55790478346849,1943.499427883939) (83.55790831136358,1943.499427883939) (83.55790831136358,1969.499427883778) (84.55791069982955,1969.499427883778) (84.55791069982955,1995.499427883703) (85.55791231686297,1995.499427883703) (85.55791231686297,2021.499427883669) (86.55791341166736,2021.499427883669) (86.55791341166736,2047.499427883654) (87.55791415284094,2047.499427883654) (87.55791415284094,2073.499427883647) (88.55791465463624,2073.499427883647) (88.55791465463624,2099.499427883643) (89.55791499443494,2099.499427883643) (89.55791499443494,2125.499427883642) (90.55791522480125,2125.499427883642) (90.55791522480125,2151.499427883641) (91.5579153796586,2151.499427883641) (91.5579153796586,2177.499427883641) (92.55791548396667,2177.499427883641) (92.55791548396667,2203.499427883641) (93.55791555696709,2203.499427883641) (93.55791555696709,2229.499427883641) (94.55791560638858,2229.499427883641) (94.55791560638858,2255.499427883641) (95.55791563970853,2255.499427883641) (95.55791563970853,2281.499427883641) (96.55791566078189,2281.499427883641) (96.55791566078189,2307.499427883641) (97.55791566078183,2307.499427883641) (97.55791566078183,2333.499427883641) (98.55791566078177,2333.499427883641) (98.55791566078177,2359.499427883641) (99.55791566078172,2359.499427883641) (99.55791566078172,2385.499427883641) (100.5579156607817,2385.499427883641) (100.5579156607817,2411.499427883641) (101.5579156607816,2411.499427883641) (101.5579156607816,2437.499427883641) (102.5579156607815,2437.499427883641) (102.5579156607815,2463.499427883641) (103.5579156607815,2463.499427883641) (103.5579156607815,2489.499427883641) (104.5579156607814,2489.499427883641) (104.5579156607814,2515.499427883641) (105.5579156607814,2515.499427883641) (105.5579156607814,2541.499427883641) (106.5579156607813,2541.499427883641) (106.5579156607813,2567.499427883641) (107.5579156607813,2567.499427883641) (107.5579156607813,2593.499427883641) (108.5579156607812,2593.499427883641) (108.5579156607812,2619.499427883641) (109.5579156607811,2619.499427883641) (109.5579156607811,2645.499427883641) (110.5579156607811,2645.499427883641) (110.5579156607811,2671.499427883641) (111.557915660781,2671.499427883641) (111.557915660781,2697.499427883641) (112.557915660781,2697.499427883641) (112.557915660781,2723.499427883641) (113.5579156607809,2723.499427883641) (113.5579156607809,2749.499427883641) (114.5579156607809,2749.499427883641) (114.5579156607809,2775.499427883641) (115.5579156607808,2775.499427883641) (115.5579156607808,2801.499427883641) (116.5579156607808,2801.499427883641) (116.5579156607808,2827.499427883641) (117.5579156607807,2827.499427883641) (117.5579156607807,2853.499427883641) (118.5579156607806,2853.499427883641) (118.5579156607806,2879.499427883641) (119.5579156607806,2879.499427883641) (119.5579156607806,2905.499427883641) (120.5579156607805,2905.499427883641) (120.5579156607805,2931.499427883641) (121.5579156607805,2931.499427883641) (121.5579156607805,2957.499427883641) (122.5579156607804,2957.499427883641) (122.5579156607804,2983.499427883641) (123.5579156607804,2983.499427883641) (123.5579156607804,3009.499427883641) (124.5579156607803,3009.499427883641) (124.5579156607803,3035.499427883641) (125.5579156607802,3035.499427883641) (125.5579156607802,3061.499427883641) (126.5579156607802,3061.499427883641) (126.5579156607802,3087.499427883641) (127.5579156607801,3087.499427883641) (127.5579156607801,3113.499427883641) (128.5579156607801,3113.499427883641) (128.5579156607801,3139.499427883641) (129.5579156607802,3139.499427883641) (129.5579156607802,3165.499427883641) (130.5579156607802,3165.499427883641) (130.5579156607802,3191.499427883641) (131.5579156607803,3191.499427883641) (131.5579156607803,3217.499427883641) (132.5579156607803,3217.499427883641) (132.5579156607803,3243.499427883641) (133.5579156607804,3243.499427883641) (133.5579156607804,3269.499427883641) (134.5579156607805,3269.499427883641) (134.5579156607805,3295.499427883641) (135.5579156607805,3295.499427883641) (135.5579156607805,3321.499427883641) (136.5579156607806,3321.499427883641) (136.5579156607806,3347.499427883641) (137.5579156607806,3347.499427883641) (137.5579156607806,3373.499427883641) (138.5579156607807,3373.499427883641) (138.5579156607807,3399.499427883641) (139.5579156607807,3399.499427883641) (139.5579156607807,3425.499427883641) (140.5579156607808,3425.499427883641) (140.5579156607808,3451.499427883641) (141.5579156607808,3451.499427883641) (141.5579156607808,3477.499427883641) (142.5579156607809,3477.499427883641) (142.5579156607809,3503.499427883641) (143.557915660781,3503.499427883641) (143.557915660781,3529.499427883641) (144.557915660781,3529.499427883641) (144.557915660781,3555.499427883641) (145.5579156607811,3555.499427883641) (145.5579156607811,3581.499427883641) (146.5579156607811,3581.499427883641) (146.5579156607811,3607.499427883641) (147.5579156607812,3607.499427883641) (147.5579156607812,3633.499427883641) (148.5579156607812,3633.499427883641) (148.5579156607812,3659.499427883641) (149.5579156607813,3659.499427883641) (149.5579156607813,3685.499427883641) (150.5579156607814,3685.499427883641) (150.5579156607814,3711.499427883641) (151.5579156607814,3711.499427883641) (151.5579156607814,3737.499427883641) (152.5579156607815,3737.499427883641) (152.5579156607815,3763.499427883641) (153.5579156607815,3763.499427883641) (153.5579156607815,3789.499427883641) (154.5579156607816,3789.499427883641) (154.5579156607816,3815.499427883641) (155.5579156607816,3815.499427883641) (155.5579156607816,3841.499427883641) (156.5579156607817,3841.499427883641) (156.5579156607817,3867.499427883641) (157.5579156607818,3867.499427883641) (157.5579156607818,3893.499427883641) (158.5579156607818,3893.499427883641) (158.5579156607818,3919.499427883641) (159.5579156607819,3919.499427883641) (159.5579156607819,3945.499427883641) (160.5579156607819,3945.499427883641) (160.5579156607819,3971.499427883641) (161.557915660782,3971.499427883641) (161.557915660782,3997.499427883641) (162.557915660782,3997.499427883641) (162.557915660782,4023.499427883641) (163.5579156607821,4023.499427883641) (163.5579156607821,4049.499427883641) (164.5579156607822,4049.499427883641) (164.5579156607822,4075.499427883641) (165.5579156607822,4075.499427883641) (165.5579156607822,4101.49942788364) (166.5579156607823,4101.49942788364) (166.5579156607823,4127.49942788364) (167.5579156607823,4127.49942788364) (167.5579156607823,4153.49942788364) (168.5579156607824,4153.49942788364) (168.5579156607824,4179.49942788364) (169.5579156607824,4179.49942788364) (169.5579156607824,4205.49942788364) (170.5579156607825,4205.49942788364) (170.5579156607825,4231.49942788364) (171.5579156607826,4231.49942788364) (171.5579156607826,4257.49942788364) (172.5579156607826,4257.49942788364) (172.5579156607826,4283.49942788364) (173.5579156607827,4283.49942788364) (173.5579156607827,4309.49942788364) (174.7966974565376,4309.49942788364) (174.7966974565376,4334.761725317672) (176.3128135534511,4334.761725317672) (176.3128135534511,4357.375029374853) (178.1116707326245,4357.375029374853) (178.1116707326245,4371.80338971305) (180.2473783759181,4371.80338971305) (180.2473783759181,4380.472858151295) (182.5556768348227,4380.472858151295) (182.5556768348227,4385.010512952947) (184.9818168825691,4385.010512952947) (184.9818168825691,4388.172157803916) (187.4505181105918,4388.172157803916) (187.4505181105918,4390.428283375573) (189.9478851461197,4390.428283375573) (189.9478851461197,4391.835488330516) (192.4723503085725,4391.835488330516) (192.4723503085725,4392.871718959358) (195.0091881466943,4392.871718959358) (195.0091881466943,4393.515439372457) (197.5591433667706,4393.515439372457) (197.5591433667706,4394.057268921059) (200.1090985868468,4394.057268921059) (200.1090985868468,4394.599098469662) (202.6590538069229,4394.599098469662) (202.6590538069229,4395.140928018264) (205.2090090269992,4395.140928018264) (205.2090090269992,4395.682757566867) (207.7589642470754,4395.682757566867) (207.7589642470754,4396.224587115469) (210.3089194671516,4396.224587115469) (210.3089194671516,4396.766416664072) (212.8588746872278,4396.766416664072) (212.8588746872278,4397.308246212675) (215.408829907304,4397.308246212675) (215.408829907304,4397.850075761278) (217.9587851273802,4397.850075761278) (217.9587851273802,4398.391905309881) (220.5087403474564,4398.391905309881) (220.5087403474564,4398.933734858484) (223.0586955675326,4398.933734858484) (223.0586955675326,4399.475564407086) (225.6086507876089,4399.475564407086) (225.6086507876089,4400.01739395569) (228.1586060076851,4400.01739395569) (228.1586060076851,4400.559223504292) (230.7085612277612,4400.559223504292) (230.7085612277612,4400.840201776819) (700,4400.840201776819)
robPositionY[0]:
[0]: (0,0) (0,163.5) (2,163.5) (2,188.9679078844919) (12.49969454902063,188.9679078844919) (12.49969454902063,188.479046668909) (13.49969454902063,188.479046668909) (13.49969454902063,187.9901854533261) (14.49969454902063,187.9901854533261) (14.49969454902063,187.5013242377433) (15.51849801150387,187.5013242377433) (15.51849801150387,187.0124630221605) (16.51849801150387,187.0124630221605) (16.51849801150387,186.5236018065776) (17.51849801150387,186.5236018065776) (17.51849801150387,186.0347405909947) (18.51849801150387,186.0347405909947) (18.51849801150387,185.5458793754118) (19.51849801150386,185.5458793754118) (19.51849801150386,185.0570181598289) (20.51849801150385,185.0570181598289) (20.51849801150385,184.568156944246) (21.51849801150384,184.568156944246) (21.51849801150384,184.0792957286631) (22.51849801150384,184.0792957286631) (22.51849801150384,183.5904345130803) (23.51849801150383,183.5904345130803) (23.51849801150383,183.1015732974974) (24.51849801150382,183.1015732974974) (24.51849801150382,182.6127120819145) (25.51849801150382,182.6127120819145) (25.51849801150382,182.1238508663316) (26.51849801150381,182.1238508663316) (26.51849801150381,181.6349896507487) (27.5184980115038,181.6349896507487) (27.5184980115038,181.1461284351658) (28.51849801150379,181.1461284351658) (28.51849801150379,180.6572672195829) (29.51849801150379,180.6572672195829) (29.51849801150379,180.168406004) (30.51849801150378,180.168406004) (30.51849801150378,179.6795447884172) (31.51849801150377,179.6795447884172) (31.51849801150377,179.1906835728343) (32.51849801150377,179.1906835728343) (32.51849801150377,178.7018223572514) (33.51849801150379,178.7018223572514) (33.51849801150379,178.2129611416685) (34.51849801150382,178.2129611416685) (34.51849801150382,177.7240999260856) (35.51849801150384,177.7240999260856) (35.51849801150384,177.2352387105027) (36.51849801150386,177.2352387105027) (36.51849801150386,176.7463774949198) (37.51849801150388,176.7463774949198) (37.51849801150388,176.257516279337) (38.5184980115039,176.257516279337) (38.5184980115039,175.7686550637541) (39.51849801150392,175.7686550637541) (39.51849801150392,175.2797938481712) (40.51849801150394,175.2797938481712) (40.51849801150394,174.7909326325883) (41.51849801150397,174.7909326325883) (41.51849801150397,174.3020714170054) (42.51849801150399,174.3020714170054) (42.51849801150399,173.8132102014225) (43.51849801150401,173.8132102014225) (43.51849801150401,173.3243489858396) (44.51849801150403,173.3243489858396) (44.51849801150403,172.8354877702567) (45.51849801150405,172.8354877702567) (45.51849801150405,172.3466265546739) (46.51849801150407,172.3466265546739) (46.51849801150407,171.857765339091) (47.5184980115041,171.857765339091) (47.5184980115041,171.3689041235081) (48.51849801150413,171.3689041235081) (48.51849801150413,170.8800429079252) (49.51849801150416,170.8800429079252) (49.51849801150416,170.3911816923423) (50.51849801150419,170.3911816923423) (50.51849801150419,169.9023204767594) (51.51849801150421,169.9023204767594) (51.51849801150421,169.4134592611765) (52.51849801150424,169.4134592611765) (52.51849801150424,168.9245980455937) (53.51849801150427,168.9245980455937) (53.51849801150427,168.4357368300108) (54.5184980115043,168.4357368300108) (54.5184980115043,167.9468756144279) (55.51849801150433,167.9468756144279) (55.51849801150433,167.458014398845) (56.51849801150436,167.458014398845) (56.51849801150436,166.9691531832621) (57.51849801150438,166.9691531832621) (57.51849801150438,166.4802919676792) (58.51849801150441,166.4802919676792) (58.51849801150441,165.9914307520963) (59.51849801150444,165.9914307520963) (59.51849801150444,165.5025695365134) (60.51849801150447,165.5025695365134) (60.51849801150447,165.0137083209306) (61.5184980115045,165.0137083209306) (61.5184980115045,164.5248471053477) (62.53122886836368,164.5248471053477) (62.53122886836368,164.1938537681208) (63.53984808604289,164.1938537681208) (63.53984808604289,163.969756883213) (64.54568352681082,163.969756883213) (64.54568352681082,163.8180362843253) (65.54963425785913,163.8180362843253) (65.54963425785913,163.7153175442811) (66.55230899027929,163.7153175442811) (66.55230899027929,163.6457745842783) (67.55411984160155,163.6457745842783) (67.55411984160155,163.5986924756321) (68.55534582630978,163.5986924756321) (68.55534582630978,163.566816881204) (69.55617584375976,163.566816881204) (69.55617584375976,163.545236429983) (70.55673778298952,163.545236429983) (70.55673778298952,163.5306260107791) (71.55711822762285,163.5306260107791) (71.55711822762285,163.5207344505516) (72.55737579660605,163.5207344505516) (72.55737579660605,163.5140376570627) (73.5575501761997,163.5140376570627) (73.5575501761997,163.5095037876518) (74.55766823483398,163.5095037876518) (74.55766823483398,163.5064342631685) (75.55774816300136,163.5064342631685) (75.55774816300136,163.5043561308182) (76.55780227604245,163.5043561308182) (76.55780227604245,163.5029491917491) (77.55783891170408,163.5029491917491) (77.55783891170408,163.5019966645455) (78.55786371481553,163.5019966645455) (78.55786371481553,163.5013517836466) (79.55788050704237,163.5013517836466) (79.55788050704237,163.5009151857469) (80.55789187572013,163.5009151857469) (80.55789187572013,163.5006196001235) (81.5578995725557,163.5006196001235) (81.5578995725557,163.5004194823974) (82.55790478346849,163.5004194823974) (82.55790478346849,163.5002839986634) (83.55790831136358,163.5002839986634) (83.55790831136358,163.5001922733894) (84.55791069982955,163.5001922733894) (84.55791069982955,163.5001301732726) (85.55791231686297,163.5001301732726) (85.55791231686297,163.5000881304022) (86.55791341166736,163.5000881304022) (86.55791341166736,163.5000596654866) (87.55791415284094,163.5000596654866) (87.55791415284094,163.5000403949721) (88.55791465463624,163.5000403949721) (88.55791465463624,163.5000273482928) (89.55791499443494,163.5000273482928) (89.55791499443494,163.5000185135251) (90.55791522480125,163.5000185135251) (90.55791522480125,163.5000125239997) (91.5579153796586,163.5000125239997) (91.5579153796586,163.5000084977071) (92.55791548396667,163.5000084977071) (92.55791548396667,163.5000057856957) (93.55791555696709,163.5000057856957) (93.55791555696709,163.5000038876832) (94.55791560638858,163.5000038876832) (94.55791560638858,163.5000026027226) (95.55791563970853,163.5000026027226) (95.55791563970853,163.5000017364024) (96.55791566078189,163.5000017364024) (96.55791566078189,163.5000011884933) (97.55791566078183,163.5000011884933) (97.55791566078183,163.5000006405843) (174.7966974565376,163.5000006405843) (174.7966974565376,169.6494988603188) (176.3128135534511,169.6494988603188) (176.3128135534511,182.4806515605829) (178.1116707326245,182.4806515605829) (178.1116707326245,204.1098544573876) (180.2473783759181,204.1098544573876) (180.2473783759181,228.6218987825405) (182.5556768348227,228.6218987825405) (182.5556768348227,254.2228692504944) (184.9818168825691,254.2228692504944) (184.9818168825691,280.0299225855101) (187.4505181105918,280.0299225855101) (187.4505181105918,305.9318510350467) (189.9478851461197,305.9318510350467) (189.9478851461197,331.8937418408948) (192.4723503085725,331.8937418408948) (192.4723503085725,357.873084135954) (195.0091881466943,357.873084135954) (195.0091881466943,383.8651141457428) (197.5591433667706,383.8651141457428) (197.5591433667706,409.8594677776426) (200.1090985868468,409.8594677776426) (200.1090985868468,435.8538214095424) (202.6590538069229,435.8538214095424) (202.6590538069229,461.8481750414421) (205.2090090269992,461.8481750414421) (205.2090090269992,487.8425286733419) (207.7589642470754,487.8425286733419) (207.7589642470754,513.8368823052417) (210.3089194671516,513.8368823052417) (210.3089194671516,539.8312359371415) (212.8588746872278,539.8312359371415) (212.8588746872278,565.8255895690413) (215.408829907304,565.8255895690413) (215.408829907304,591.8199432009411) (217.9587851273802,591.8199432009411) (217.9587851273802,617.8142968328409) (220.5087403474564,617.8142968328409) (220.5087403474564,643.8086504647407) (223.0586955675326,643.8086504647407) (223.0586955675326,669.8030040966405) (225.6086507876089,669.8030040966405) (225.6086507876089,695.7973577285403) (228.1586060076851,695.7973577285403) (228.1586060076851,721.7917113604401) (230.7085612277612,721.7917113604401) (230.7085612277612,735.2716860088356) (700,735.2716860088356)
batteryCharge[0]:
[0]: (0,100) (700,100)
user_guided_transport.end:
[0]: (0,0) (232.7085612277603,0) (232.7085612277603,1) (700,1)
[2K
Verifying formula 5 at /nta/queries/query[5]/formula
 -- Formula: simulate[<=700]{robot_inventory[0][0], user_guided_transport.end*2}
[2K -- Formula is satisfied.
robot_inventory[0][0]:
[0]: (0,0) (9.00383603037335,0) (9.00383603037335,1) (700,1)
user_guided_transport.end * 2:
[0]: (0,0) (232.2315061715853,0) (232.2315061715853,2) (700,2)
[2K
Verifying formula 6 at /nta/queries/query[6]/formula
 -- Formula: simulate[<=700]{bedroom[0], bedroom[1], kitchen[0], kitchen[1]}
[2K -- Formula is satisfied.
bedroom[0]:
[0]: (0,100) (700,100)
bedroom[1]:
[0]: (0,200) (700,200)
kitchen[0]:
[0]: (0,4400) (700,4400)
kitchen[1]:
[0]: (0,765) (700,765)
[2K
Verifying formula 7 at /nta/queries/query[7]/formula
 -- Formula: simulate[<=700]{rm_1.idle, rf_1.idle, rp_1.idle, rd_1.idle}
[2K -- Formula is satisfied.
rm_1.idle:
[0]: (0,0) (0,1) (0,0) (3,0) (3,1) (700,1)
rf_1.idle:
[0]: (0,0) (0,1) (8.198449015252026,1) (8.198449015252026,0) (230.4261191564605,0) (230.4261191564605,1) (700,1)
rp_1.idle:
[0]: (0,0) (0,1) (2,1) (2,0) (8.198449015252026,0) (8.198449015252026,1) (700,1)
rd_1.idle:
[0]: (0,0) (0,1) (700,1)
[2K
Verifying formula 8 at /nta/queries/query[8]/formula
 -- Formula: Pr[<=700](<>!rm_1.idle || !rf_1.idle || !rp_1.idle || !rd_1.idle)
[2K -- Formula is satisfied.
(72/72 runs) Pr(<> …) in [0.950056,1] (95% CI)
Values in [0,0] mean=0 steps=2.22045e-16: 72
[2K
Verifying formula 9 at /nta/queries/query[9]/formula
 -- Formula: Pr[<=700]([] (user_guided_transport.end imply (rm_1.idle && rf_1.idle && rp_1.idle && rd_1.idle)))
 -- Throughput: 584396 runs/sec, Load: 333 runs[K
[2K -- Formula is satisfied.
(72/72 runs) Pr([] …) in [0.950056,1] (95% CI)
[2K
Verifying formula 10 at /nta/queries/query[10]/formula
 -- Formula: Pr[<=700] (<> pow(humanPositionX[0] - kitchen[0], 2) + pow(humanPositionY[0] - kitchen[1], 2) <= 900 )
[2K -- Formula is satisfied.
(72/72 runs) Pr(<> …) in [0.950056,1] (95% CI)
Values in [192.145,196.991] mean=194.831 steps=0.538394: 7 7 6 7 5 7 12 12 9
[2K
Verifying formula 11 at /nta/queries/query[11]/formula
 -- Formula: Pr[<=700] (<> pow(humanPositionX[0] - bedroom[0], 2) + pow(humanPositionY[0] - bedroom[1], 2) <= 900 )
[2K -- Formula is satisfied.
(72/72 runs) Pr(<> …) in [0.950056,1] (95% CI)
Values in [1,1] mean=1 steps=2.22045e-16: 72
[2K
Verifying formula 12 at /nta/queries/query[12]/formula
 -- Formula: Pr[<=700] (<> pow(robPositionX[0] - bedroom[0], 2) + pow(robPositionY[0] - bedroom[1], 2) <= 900 )
[2K -- Formula is satisfied.
(72/72 runs) Pr(<> …) in [0.950056,1] (95% CI)
Values in [2,2] mean=2 steps=2.22045e-16: 72
[2K
Verifying formula 13 at /nta/queries/query[13]/formula
 -- Formula: Pr[<=700] (<> !isValidPosition(humanPositionX[0], humanPositionY[0]))
[2K -- Formula is satisfied.
(72/72 runs) Pr(<> …) in [0.950056,1] (95% CI)
Values in [0,0] mean=0 steps=2.22045e-16: 72
[2K
Verifying formula 14 at /nta/queries/query[14]/formula
 -- Formula: Pr[<=700] (<> !isValidPosition(robPositionX[0], robPositionY[0]))
[2K -- Formula is satisfied.
(72/72 runs) Pr(<> …) in [0.950056,1] (95% CI)
Values in [0,0] mean=0 steps=2.22045e-16: 72
[2K
Verifying formula 15 at /nta/queries/query[15]/formula
 -- Formula: Pr[<=700] (<> currP > 2)
 -- Throughput: 586087 runs/sec, Load: 333 runs[K
[2K -- Formula is satisfied.
(0/72 runs) Pr(<> …) in [0,0.0499441] (95% CI)
