Options for the verification:
  Generating no trace
  Search order is breadth first
  Using conservative space optimisation
  Seed is 1784943618
  State space representation uses minimal constraint systems with future testing
  Using HashMap + Compress integers for discrete state storage
[2K
Verifying formula 1 at /nta/queries/query[1]/formula
 -- Formula: simulate[<=700]{user_guided_transport_human1_def.s1_start, user_guided_transport_human1_def.s1_end, user_guided_transport_human1_def.s2_start, user_guided_transport_human1_def.s2_idle, user_guided_transport_human1_def.s3_start, user_guided_transport_human1_def.s3_end, user_guided_transport.end}
[2K -- Formula is satisfied.
user_guided_transport_human1_def.s1_start:
[0]: (0,0) (0,1) (0,0) (700,0)
user_guided_transport_human1_def.s1_end:
[0]: (0,0) (1,0) (1,1) (2,1) (2,0) (700,0)
user_guided_transport_human1_def.s2_start:
[0]: (0,0) (2,0) (2,1) (2,0) (700,0)
user_guided_transport_human1_def.s2_idle:
[0]: (0,0) (2,0) (2,1) (10.74270912439881,1) (10.74270912439881,0) (700,0)
user_guided_transport_human1_def.s3_start:
[0]: (0,0) (10.74270912439881,0) (10.74270912439881,1) (10.74270912439881,0) (15.74270912439879,0) (15.74270912439879,1) (15.74270912439879,0) (20.74270912439879,0) (20.74270912439879,1) (20.74270912439879,0) (25.74270912439879,0) (25.74270912439879,1) (25.74270912439879,0) (30.74270912439879,0) (30.74270912439879,1) (30.74270912439879,0) (35.74270912439866,0) (35.74270912439866,1) (35.74270912439866,0) (40.74270912439851,0) (40.74270912439851,1) (40.74270912439851,0) (45.74270912439833,0) (45.74270912439833,1) (45.74270912439833,0) (50.74270912439838,0) (50.74270912439838,1) (50.74270912439838,0) (55.7427091243985,0) (55.7427091243985,1) (55.7427091243985,0) (60.74270912439864,0) (60.74270912439864,1) (60.74270912439864,0) (65.74270912439877,0) (65.74270912439877,1) (65.74270912439877,0) (70.7427091243989,0) (70.7427091243989,1) (70.7427091243989,0) (75.74270912439906,0) (75.74270912439906,1) (75.74270912439906,0) (80.74270912439881,0) (80.74270912439881,1) (80.74270912439881,0) (85.74270912439853,0) (85.74270912439853,1) (85.74270912439853,0) (90.74270912439825,0) (90.74270912439825,1) (90.74270912439825,0) (95.74270912439795,0) (95.74270912439795,1) (95.74270912439795,0) (100.7427091243977,0) (100.7427091243977,1) (100.7427091243977,0) (105.7427091243974,0) (105.7427091243974,1) (105.7427091243974,0) (110.7427091243971,0) (110.7427091243971,1) (110.7427091243971,0) (115.7427091243968,0) (115.7427091243968,1) (115.7427091243968,0) (120.7427091243965,0) (120.7427091243965,1) (120.7427091243965,0) (125.7427091243962,0) (125.7427091243962,1) (125.7427091243962,0) (130.7427091243963,0) (130.7427091243963,1) (130.7427091243963,0) (135.7427091243966,0) (135.7427091243966,1) (135.7427091243966,0) (140.7427091243968,0) (140.7427091243968,1) (140.7427091243968,0) (145.7427091243971,0) (145.7427091243971,1) (145.7427091243971,0) (150.7427091243974,0) (150.7427091243974,1) (150.7427091243974,0) (155.7427091243977,0) (155.7427091243977,1) (155.7427091243977,0) (160.742709124398,0) (160.742709124398,1) (160.742709124398,0) (165.7427091243983,0) (165.7427091243983,1) (165.7427091243983,0) (170.7427091243985,0) (170.7427091243985,1) (170.7427091243985,0) (175.7427091243989,0) (175.7427091243989,1) (175.7427091243989,0) (180.7427091243992,0) (180.7427091243992,1) (180.7427091243992,0) (185.7427091243996,0) (185.7427091243996,1) (185.7427091243996,0) (190.7427091244,0) (190.7427091244,1) (190.7427091244,0) (195.7427091244004,0) (195.7427091244004,1) (195.7427091244004,0) (700,0)
user_guided_transport_human1_def.s3_end:
[0]: (0,0) (195.7427091244004,0) (195.7427091244004,1) (231.9703792656221,1) (231.9703792656221,0) (700,0)
user_guided_transport.end:
[0]: (0,0) (233.9703792656212,0) (233.9703792656212,1) (700,1)
[2K
Verifying formula 2 at /nta/queries/query[2]/formula
 -- Formula: simulate[<=700]{user_guided_transport_robot1_def.s1_start, user_guided_transport_robot1_def.s1_end, user_guided_transport_robot1_def.s2_start, user_guided_transport_robot1_def.s2_end, user_guided_transport_robot1_def.s3_start, user_guided_transport_robot1_def.s3_end, user_guided_transport.end}
[2K -- Formula is satisfied.
user_guided_transport_robot1_def.s1_start:
[0]: (0,0) (0,1) (0,0) (700,0)
user_guided_transport_robot1_def.s1_end:
[0]: (0,0) (2,0) (2,1) (2,0) (700,0)
user_guided_transport_robot1_def.s2_start:
[0]: (0,0) (2,0) (2,1) (2,0) (700,0)
user_guided_transport_robot1_def.s2_end:
[0]: (0,0) (11.47222781681889,0) (11.47222781681889,1) (11.47222781681889,0) (700,0)
user_guided_transport_robot1_def.s3_start:
[0]: (0,0) (11.47222781681889,0) (11.47222781681889,1) (11.47222781681889,0) (700,0)
user_guided_transport_robot1_def.s3_end:
[0]: (0,0) (232.6998979580429,0) (232.6998979580429,1) (232.6998979580429,0) (700,0)
user_guided_transport.end:
[0]: (0,0) (234.699897958042,0) (234.699897958042,1) (700,1)
[2K
Verifying formula 3 at /nta/queries/query[3]/formula
 -- Formula: Pr[<=700] (<> user_guided_transport.end)
[2K -- Formula is satisfied.
(72/72 runs) Pr(<> …) in [0.950056,1] (95% CI)
Values in [230.396,235.212] mean=232.769 steps=0.535189: 8 6 10 12 6 8 7 8 7
[2K
Verifying formula 4 at /nta/queries/query[4]/formula
 -- Formula: simulate[<=700]{humanPositionX[0], humanPositionY[0], robPositionX[0], robPositionY[0], batteryCharge[0], user_guided_transport.end}
[2K -- Formula is satisfied.
humanPositionX[0]:
[0]: (0,0) (0,92.5) (1,92.5) (1,97.73313175708738) (11.18383400045403,97.73313175708738) (11.18383400045403,123.7285354798977) (12.18383400045403,123.7285354798977) (12.18383400045403,149.723939202708) (13.18383400045403,149.723939202708) (13.18383400045403,175.7193429255182) (14.18383400045402,175.7193429255182) (14.18383400045402,201.7147466483285) (15.18383400045402,201.7147466483285) (15.18383400045402,227.7101503711388) (16.18383400045402,227.7101503711388) (16.18383400045402,253.7055540939491) (17.18383400045402,253.7055540939491) (17.18383400045402,279.7009578167594) (18.18383400045402,279.7009578167594) (18.18383400045402,305.6963615395697) (19.18383400045403,305.6963615395697) (19.18383400045403,331.69176526238) (20.18383400045403,331.69176526238) (20.18383400045403,357.6871689851903) (21.18383400045404,357.6871689851903) (21.18383400045404,383.6825727080006) (22.18383400045404,383.6825727080006) (22.18383400045404,409.6779764308109) (23.18383400045404,409.6779764308109) (23.18383400045404,435.6733801536212) (24.18383400045405,435.6733801536212) (24.18383400045405,461.6687838764315) (25.18383400045405,461.6687838764315) (25.18383400045405,487.6641875992418) (26.18383400045405,487.6641875992418) (26.18383400045405,513.6595913220521) (27.18383400045406,513.6595913220521) (27.18383400045406,539.6549950448623) (28.18383400045406,539.6549950448623) (28.18383400045406,565.6503987676725) (29.18383400045406,565.6503987676725) (29.18383400045406,591.6458024904828) (30.18383400045406,591.6458024904828) (30.18383400045406,617.641206213293) (31.18383400045407,617.641206213293) (31.18383400045407,643.6366099361032) (32.18383400045407,643.6366099361032) (32.18383400045407,669.6320136589135) (33.18383400045404,669.6320136589135) (33.18383400045404,695.6274173817237) (34.18383400045401,695.6274173817237) (34.18383400045401,721.622821104534) (35.18383400045398,721.622821104534) (35.18383400045398,747.6182248273442) (36.18383400045395,747.6182248273442) (36.18383400045395,773.6136285501544) (37.18383400045392,773.6136285501544) (37.18383400045392,799.6090322729647) (38.18383400045388,799.6090322729647) (38.18383400045388,825.6044359957749) (39.18383400045385,825.6044359957749) (39.18383400045385,851.5998397185851) (40.18383400045381,851.5998397185851) (40.18383400045381,877.5952434413954) (41.18383400045379,877.5952434413954) (41.18383400045379,903.5906471642056) (42.18383400045376,903.5906471642056) (42.18383400045376,929.5860508870159) (43.18383400045373,929.5860508870159) (43.18383400045373,955.5814546098261) (44.1838340004537,955.5814546098261) (44.1838340004537,981.5768583326363) (45.18383400045366,981.5768583326363) (45.18383400045366,1007.572262055447) (46.18383400045364,1007.572262055447) (46.18383400045364,1033.567665778257) (47.18383400045361,1033.567665778257) (47.18383400045361,1059.563069501067) (48.18383400045358,1059.563069501067) (48.18383400045358,1085.558473223878) (49.18383400045354,1085.558473223878) (49.18383400045354,1111.553876946688) (50.1838340004535,1111.553876946688) (50.1838340004535,1137.549280669498) (51.18383400045347,1137.549280669498) (51.18383400045347,1163.544684392309) (52.18383400045344,1163.544684392309) (52.18383400045344,1189.540088115119) (53.18383400045348,1189.540088115119) (53.18383400045348,1215.535491837929) (54.18383400045352,1215.535491837929) (54.18383400045352,1241.53089556074) (55.18383400045355,1241.53089556074) (55.18383400045355,1267.52629928355) (56.18383400045359,1267.52629928355) (56.18383400045359,1293.52170300636) (57.18383400045362,1293.52170300636) (57.18383400045362,1319.517106729171) (58.18383400045366,1319.517106729171) (58.18383400045366,1345.512510451981) (59.18383400045369,1345.512510451981) (59.18383400045369,1371.507914174791) (60.18383400045373,1371.507914174791) (60.18383400045373,1397.503317897602) (61.18383400045376,1397.503317897602) (61.18383400045376,1423.498721620412) (62.1838340004538,1423.498721620412) (62.1838340004538,1478) (63.18383400045384,1478) (63.18383400045384,1504) (64.18383400045386,1504) (64.18383400045386,1530) (65.18383400045388,1530) (65.18383400045388,1556) (66.18383400045393,1556) (66.18383400045393,1582) (67.18383400045396,1582) (67.18383400045396,1608) (68.18383400045398,1608) (68.18383400045398,1634) (69.18383400045403,1634) (69.18383400045403,1660) (70.18383400045404,1660) (70.18383400045404,1686) (71.18383400045407,1686) (71.18383400045407,1712) (72.1838340004541,1712) (72.1838340004541,1738) (73.18383400045413,1738) (73.18383400045413,1764) (74.18383400045415,1764) (74.18383400045415,1790) (75.18383400045415,1790) (75.18383400045415,1816) (76.18383400045411,1816) (76.18383400045411,1842) (77.18383400045407,1842) (77.18383400045407,1868) (78.18383400045403,1868) (78.18383400045403,1894) (79.18383400045398,1894) (79.18383400045398,1920) (80.18383400045393,1920) (80.18383400045393,1946) (81.18383400045386,1946) (81.18383400045386,1972) (82.1838340004538,1972) (82.1838340004538,1998) (83.18383400045373,1998) (83.18383400045373,2024) (84.18383400045367,2024) (84.18383400045367,2050) (85.18383400045361,2050) (85.18383400045361,2076) (86.18383400045356,2076) (86.18383400045356,2102) (87.1838340004535,2102) (87.1838340004535,2128) (88.18383400045344,2128) (88.18383400045344,2154) (89.18383400045339,2154) (89.18383400045339,2180) (90.18383400045333,2180) (90.18383400045333,2206) (91.18383400045327,2206) (91.18383400045327,2232) (92.1838340004532,2232) (92.1838340004532,2258) (93.18383400045315,2258) (93.18383400045315,2284) (94.18383400045309,2284) (94.18383400045309,2310) (95.18383400045303,2310) (95.18383400045303,2336) (96.18383400045296,2336) (96.18383400045296,2362) (97.1838340004529,2362) (97.1838340004529,2388) (98.18383400045285,2388) (98.18383400045285,2414) (99.18383400045279,2414) (99.18383400045279,2440) (100.1838340004527,2440) (100.1838340004527,2466) (101.1838340004527,2466) (101.1838340004527,2492) (102.1838340004526,2492) (102.1838340004526,2518) (103.1838340004526,2518) (103.1838340004526,2544) (104.1838340004525,2544) (104.1838340004525,2570) (105.1838340004524,2570) (105.1838340004524,2596) (106.1838340004524,2596) (106.1838340004524,2622) (107.1838340004523,2622) (107.1838340004523,2648) (108.1838340004523,2648) (108.1838340004523,2674) (109.1838340004522,2674) (109.1838340004522,2700) (110.1838340004522,2700) (110.1838340004522,2726) (111.1838340004521,2726) (111.1838340004521,2752) (112.1838340004521,2752) (112.1838340004521,2778) (113.183834000452,2778) (113.183834000452,2804) (114.1838340004519,2804) (114.1838340004519,2830) (115.1838340004519,2830) (115.1838340004519,2856) (116.1838340004518,2856) (116.1838340004518,2882) (117.1838340004518,2882) (117.1838340004518,2908) (118.1838340004517,2908) (118.1838340004517,2934) (119.1838340004517,2934) (119.1838340004517,2960) (120.1838340004516,2960) (120.1838340004516,2986) (121.1838340004515,2986) (121.1838340004515,3012) (122.1838340004515,3012) (122.1838340004515,3038) (123.1838340004514,3038) (123.1838340004514,3088.5) (124.1838340004514,3088.5) (124.1838340004514,3114.5) (125.1838340004513,3114.5) (125.1838340004513,3140.5) (126.1838340004513,3140.5) (126.1838340004513,3166.5) (127.1838340004512,3166.5) (127.1838340004512,3192.5) (128.1838340004512,3192.5) (128.1838340004512,3218.5) (129.1838340004512,3218.5) (129.1838340004512,3244.5) (130.1838340004513,3244.5) (130.1838340004513,3270.5) (131.1838340004514,3270.5) (131.1838340004514,3296.5) (132.1838340004515,3296.5) (132.1838340004515,3322.5) (133.1838340004516,3322.5) (133.1838340004516,3348.5) (134.1838340004517,3348.5) (134.1838340004517,3374.5) (135.1838340004518,3374.5) (135.1838340004518,3400.5) (136.1838340004518,3400.5) (136.1838340004518,3426.5) (137.1838340004519,3426.5) (137.1838340004519,3452.5) (138.183834000452,3452.5) (138.183834000452,3478.5) (139.1838340004521,3478.5) (139.1838340004521,3504.5) (140.1838340004522,3504.5) (140.1838340004522,3530.5) (141.1838340004523,3530.5) (141.1838340004523,3556.5) (142.1838340004524,3556.5) (142.1838340004524,3582.5) (143.1838340004524,3582.5) (143.1838340004524,3608.5) (144.1838340004525,3608.5) (144.1838340004525,3634.5) (145.1838340004526,3634.5) (145.1838340004526,3660.5) (146.1838340004527,3660.5) (146.1838340004527,3686.5) (147.1838340004528,3686.5) (147.1838340004528,3712.5) (148.1838340004529,3712.5) (148.1838340004529,3738.5) (149.1838340004529,3738.5) (149.1838340004529,3764.5) (150.183834000453,3764.5) (150.183834000453,3790.5) (151.1838340004531,3790.5) (151.1838340004531,3816.5) (152.1838340004532,3816.5) (152.1838340004532,3842.5) (153.1838340004533,3842.5) (153.1838340004533,3868.5) (154.1838340004534,3868.5) (154.1838340004534,3894.5) (155.1838340004535,3894.5) (155.1838340004535,3920.5) (156.1838340004535,3920.5) (156.1838340004535,3946.5) (157.1838340004536,3946.5) (157.1838340004536,3972.5) (158.1838340004537,3972.5) (158.1838340004537,3998.5) (159.1838340004538,3998.5) (159.1838340004538,4024.5) (160.1838340004539,4024.5) (160.1838340004539,4050.5) (161.183834000454,4050.5) (161.183834000454,4076.5) (162.1838340004541,4076.5) (162.1838340004541,4102.5) (163.1838340004541,4102.5) (163.1838340004541,4128.5) (164.1838340004542,4128.5) (164.1838340004542,4154.5) (165.1838340004543,4154.5) (165.1838340004543,4180.5) (166.1838340004544,4180.5) (166.1838340004544,4206.5) (167.1838340004545,4206.5) (167.1838340004545,4232.5) (168.1838340004546,4232.5) (168.1838340004546,4258.5) (169.1838340004547,4258.5) (169.1838340004547,4284.5) (170.1838340004547,4284.5) (170.1838340004547,4310.5) (171.1838340004548,4310.5) (171.1838340004548,4336.5) (172.1838340004549,4336.5) (172.1838340004549,4362.5) (173.183834000455,4362.5) (173.183834000455,4388.5) (174.1838340004551,4388.5) (174.1838340004551,4416.265463717128) (175.1838340004552,4416.265463717128) (175.1838340004552,4415.530927434256) (176.1838340004552,4415.530927434256) (176.1838340004552,4414.796391151384) (177.1838340004553,4414.796391151384) (177.1838340004553,4414.061854868512) (178.1838340004554,4414.061854868512) (178.1838340004554,4413.327318585641) (179.1838340004555,4413.327318585641) (179.1838340004555,4412.592782302769) (180.1838340004556,4412.592782302769) (180.1838340004556,4411.858246019897) (181.1838340004557,4411.858246019897) (181.1838340004557,4411.123709737025) (182.1838340004558,4411.123709737025) (182.1838340004558,4410.389173454153) (183.1838340004558,4410.389173454153) (183.1838340004558,4409.654637171281) (184.1838340004559,4409.654637171281) (184.1838340004559,4408.920100888409) (185.1838340004559,4408.920100888409) (185.1838340004559,4408.185564605537) (186.183834000456,4408.185564605537) (186.183834000456,4407.451028322665) (187.1838340004561,4407.451028322665) (187.1838340004561,4406.716492039794) (188.1838340004562,4406.716492039794) (188.1838340004562,4405.981955756922) (189.1838340004562,4405.981955756922) (189.1838340004562,4405.24741947405) (190.1838340004563,4405.24741947405) (190.1838340004563,4404.512883191178) (191.1838340004564,4404.512883191178) (191.1838340004564,4403.778346908306) (192.1838340004565,4403.778346908306) (192.1838340004565,4403.043810625434) (193.1838340004566,4403.043810625434) (193.1838340004566,4402.309274342562) (194.1838340004567,4402.309274342562) (194.1838340004567,4401.57473805969) (195.1838340004567,4401.57473805969) (195.1838340004567,4400.840201776819) (700,4400.840201776819)
humanPositionY[0]:
[0]: (0,0) (0,163.5) (1,163.5) (1,188.9679078844919) (11.18383400045403,188.9679078844919) (11.18383400045403,188.479046668909) (12.18383400045403,188.479046668909) (12.18383400045403,187.9901854533261) (13.18383400045403,187.9901854533261) (13.18383400045403,187.5013242377432) (14.18383400045402,187.5013242377432) (14.18383400045402,187.0124630221603) (15.18383400045402,187.0124630221603) (15.18383400045402,186.5236018065774) (16.18383400045402,186.5236018065774) (16.18383400045402,186.0347405909945) (17.18383400045402,186.0347405909945) (17.18383400045402,185.5458793754117) (18.18383400045402,185.5458793754117) (18.18383400045402,185.0570181598288) (19.18383400045403,185.0570181598288) (19.18383400045403,184.5681569442459) (20.18383400045403,184.5681569442459) (20.18383400045403,184.079295728663) (21.18383400045404,184.079295728663) (21.18383400045404,183.5904345130801) (22.18383400045404,183.5904345130801) (22.18383400045404,183.1015732974972) (23.18383400045404,183.1015732974972) (23.18383400045404,182.6127120819143) (24.18383400045405,182.6127120819143) (24.18383400045405,182.1238508663315) (25.18383400045405,182.1238508663315) (25.18383400045405,181.6349896507486) (26.18383400045405,181.6349896507486) (26.18383400045405,181.1461284351657) (27.18383400045406,181.1461284351657) (27.18383400045406,180.6572672195828) (28.18383400045406,180.6572672195828) (28.18383400045406,180.1684060039999) (29.18383400045406,180.1684060039999) (29.18383400045406,179.679544788417) (30.18383400045406,179.679544788417) (30.18383400045406,179.1906835728341) (31.18383400045407,179.1906835728341) (31.18383400045407,178.7018223572512) (32.18383400045407,178.7018223572512) (32.18383400045407,178.2129611416684) (33.18383400045404,178.2129611416684) (33.18383400045404,177.7240999260855) (34.18383400045401,177.7240999260855) (34.18383400045401,177.2352387105026) (35.18383400045398,177.2352387105026) (35.18383400045398,176.7463774949197) (36.18383400045395,176.7463774949197) (36.18383400045395,176.2575162793368) (37.18383400045392,176.2575162793368) (37.18383400045392,175.7686550637539) (38.18383400045388,175.7686550637539) (38.18383400045388,175.279793848171) (39.18383400045385,175.279793848171) (39.18383400045385,174.7909326325882) (40.18383400045381,174.7909326325882) (40.18383400045381,174.3020714170053) (41.18383400045379,174.3020714170053) (41.18383400045379,173.8132102014224) (42.18383400045376,173.8132102014224) (42.18383400045376,173.3243489858395) (43.18383400045373,173.3243489858395) (43.18383400045373,172.8354877702566) (44.1838340004537,172.8354877702566) (44.1838340004537,172.3466265546737) (45.18383400045366,172.3466265546737) (45.18383400045366,171.8577653390908) (46.18383400045364,171.8577653390908) (46.18383400045364,171.3689041235079) (47.18383400045361,171.3689041235079) (47.18383400045361,170.8800429079251) (48.18383400045358,170.8800429079251) (48.18383400045358,170.3911816923422) (49.18383400045354,170.3911816923422) (49.18383400045354,169.9023204767593) (50.1838340004535,169.9023204767593) (50.1838340004535,169.4134592611764) (51.18383400045347,169.4134592611764) (51.18383400045347,168.9245980455935) (52.18383400045344,168.9245980455935) (52.18383400045344,168.4357368300106) (53.18383400045348,168.4357368300106) (53.18383400045348,167.9468756144277) (54.18383400045352,167.9468756144277) (54.18383400045352,167.4580143988449) (55.18383400045355,167.4580143988449) (55.18383400045355,166.969153183262) (56.18383400045359,166.969153183262) (56.18383400045359,166.4802919676791) (57.18383400045362,166.4802919676791) (57.18383400045362,165.9914307520962) (58.18383400045366,165.9914307520962) (58.18383400045366,165.5025695365133) (59.18383400045369,165.5025695365133) (59.18383400045369,165.0137083209304) (60.18383400045373,165.0137083209304) (60.18383400045373,164.5248471053475) (61.18383400045376,164.5248471053475) (61.18383400045376,164.0359858897646) (62.1838340004538,164.0359858897646) (62.1838340004538,163.5) (174.1838340004551,163.5) (174.1838340004551,189.4896220913107) (175.1838340004552,189.4896220913107) (175.1838340004552,215.4792441826214) (176.1838340004552,215.4792441826214) (176.1838340004552,241.4688662739321) (177.1838340004553,241.4688662739321) (177.1838340004553,267.4584883652428) (178.1838340004554,267.4584883652428) (178.1838340004554,293.4481104565535) (179.1838340004555,293.4481104565535) (179.1838340004555,319.4377325478642) (180.1838340004556,319.4377325478642) (180.1838340004556,345.427354639175) (181.1838340004557,345.427354639175) (181.1838340004557,371.4169767304857) (182.1838340004558,371.4169767304857) (182.1838340004558,397.4065988217964) (183.1838340004558,397.4065988217964) (183.1838340004558,423.3962209131071) (184.1838340004559,423.3962209131071) (184.1838340004559,449.3858430044178) (185.1838340004559,449.3858430044178) (185.1838340004559,475.3754650957285) (186.183834000456,475.3754650957285) (186.183834000456,501.3650871870392) (187.1838340004561,501.3650871870392) (187.1838340004561,527.3547092783499) (188.1838340004562,527.3547092783499) (188.1838340004562,553.3443313696606) (189.1838340004562,553.3443313696606) (189.1838340004562,579.3339534609713) (190.1838340004563,579.3339534609713) (190.1838340004563,605.323575552282) (191.1838340004564,605.323575552282) (191.1838340004564,631.3131976435927) (192.1838340004565,631.3131976435927) (192.1838340004565,657.3028197349034) (193.1838340004566,657.3028197349034) (193.1838340004566,683.2924418262141) (194.1838340004567,683.2924418262141) (194.1838340004567,709.2820639175249) (195.1838340004567,709.2820639175249) (195.1838340004567,735.2716860088356) (700,735.2716860088356)
robPositionX[0]:
[0]: (0,0) (0,92.5) (2,92.5) (2,97.73313175708738) (13.18383400045403,97.73313175708738) (13.18383400045403,123.7285354798977) (14.18383400045402,123.7285354798977) (14.18383400045402,149.723939202708) (15.18383400045402,149.723939202708) (15.18383400045402,175.7193429255182) (16.18383400045402,175.7193429255182) (16.18383400045402,201.7147466483285) (17.18383400045402,201.7147466483285) (17.18383400045402,227.7101503711388) (18.18383400045402,227.7101503711388) (18.18383400045402,253.7055540939491) (19.18383400045403,253.7055540939491) (19.18383400045403,279.7009578167594) (20.20263746293727,279.7009578167594) (20.20263746293727,305.6963615395697) (21.22144092542052,305.6963615395697) (21.22144092542052,331.69176526238) (22.22144092542052,331.69176526238) (22.22144092542052,357.6871689851903) (23.22144092542053,357.6871689851903) (23.22144092542053,383.6825727080006) (24.22144092542053,383.6825727080006) (24.22144092542053,409.6779764308109) (25.22144092542053,409.6779764308109) (25.22144092542053,435.6733801536212) (26.22144092542054,435.6733801536212) (26.22144092542054,461.6687838764315) (27.22144092542054,461.6687838764315) (27.22144092542054,487.6641875992418) (28.22144092542054,487.6641875992418) (28.22144092542054,513.6595913220521) (29.22144092542055,513.6595913220521) (29.22144092542055,539.6549950448623) (30.22144092542055,539.6549950448623) (30.22144092542055,565.6503987676725) (31.22144092542056,565.6503987676725) (31.22144092542056,591.6458024904828) (32.22144092542056,591.6458024904828) (32.22144092542056,617.641206213293) (33.22144092542053,617.641206213293) (33.22144092542053,643.6366099361032) (34.2214409254205,643.6366099361032) (34.2214409254205,669.6320136589135) (35.22144092542047,669.6320136589135) (35.22144092542047,695.6274173817237) (36.22144092542045,695.6274173817237) (36.22144092542045,721.622821104534) (37.22144092542041,721.622821104534) (37.22144092542041,747.6182248273442) (38.22144092542037,747.6182248273442) (38.22144092542037,773.6136285501544) (39.22144092542034,773.6136285501544) (39.22144092542034,799.6090322729647) (40.22144092542031,799.6090322729647) (40.22144092542031,825.6044359957749) (41.22144092542028,825.6044359957749) (41.22144092542028,851.5998397185851) (42.22144092542025,851.5998397185851) (42.22144092542025,877.5952434413954) (43.22144092542023,877.5952434413954) (43.22144092542023,903.5906471642056) (44.2214409254202,903.5906471642056) (44.2214409254202,929.5860508870159) (45.22144092542017,929.5860508870159) (45.22144092542017,955.5814546098261) (46.22144092542014,955.5814546098261) (46.22144092542014,981.5768583326363) (47.22144092542011,981.5768583326363) (47.22144092542011,1007.572262055447) (48.22144092542008,1007.572262055447) (48.22144092542008,1033.567665778257) (49.22144092542004,1033.567665778257) (49.22144092542004,1059.563069501067) (50.22144092542,1059.563069501067) (50.22144092542,1085.558473223878) (51.22144092541998,1085.558473223878) (51.22144092541998,1111.553876946688) (52.22144092541995,1111.553876946688) (52.22144092541995,1137.549280669498) (53.22144092541998,1137.549280669498) (53.22144092541998,1163.544684392309) (54.22144092542002,1163.544684392309) (54.22144092542002,1189.540088115119) (55.22144092542005,1189.540088115119) (55.22144092542005,1215.535491837929) (56.22144092542009,1215.535491837929) (56.22144092542009,1241.53089556074) (57.22144092542013,1241.53089556074) (57.22144092542013,1267.52629928355) (58.22144092542016,1267.52629928355) (58.22144092542016,1293.52170300636) (59.2214409254202,1293.52170300636) (59.2214409254202,1319.517106729171) (60.22144092542023,1319.517106729171) (60.22144092542023,1345.512510451981) (61.22144092542027,1345.512510451981) (61.22144092542027,1371.507914174791) (62.2214409254203,1371.507914174791) (62.2214409254203,1397.503317897602) (63.23417178227948,1397.503317897602) (63.23417178227948,1423.501210954746) (64.2427909999587,1423.501210954746) (64.2427909999587,1449.500245178851) (65.24862644072662,1449.500245178851) (65.24862644072662,1475.499802499311) (66.25257717177494,1475.499802499311) (66.25257717177494,1501.499599591989) (67.25525190419511,1501.499599591989) (67.25525190419511,1527.499506587529) (68.25706275551737,1527.499506587529) (68.25706275551737,1553.499463958168) (69.25828874022559,1553.499463958168) (69.25828874022559,1579.49944441867) (70.25911875767558,1579.49944441867) (70.25911875767558,1605.499435462594) (71.25968069690533,1605.499435462594) (71.25968069690533,1631.49943135751) (72.26006114153867,1631.49943135751) (72.26006114153867,1657.499429475914) (73.26031871052189,1657.499429475914) (73.26031871052189,1683.499428613471) (74.26049309011553,1683.499428613471) (74.26049309011553,1709.499428218164) (75.26061114874977,1709.499428218164) (75.26061114874977,1735.499428036972) (76.26069107691714,1735.499428036972) (76.26069107691714,1761.499427953921) (77.26074518995824,1761.499427953921) (77.26074518995824,1787.499427915854) (78.26078182561989,1787.499427915854) (78.26078182561989,1813.499427898406) (79.26080662873133,1813.499427898406) (79.26080662873133,1839.499427890409) (80.26082342095819,1839.499427890409) (80.26082342095819,1865.499427886743) (81.26083478963595,1865.499427886743) (81.26083478963595,1891.499427885063) (82.2608424864715,1891.499427885063) (82.2608424864715,1917.499427884293) (83.26084769738429,1917.499427884293) (83.26084769738429,1943.499427883939) (84.26085122527938,1943.499427883939) (84.26085122527938,1969.499427883778) (85.26085361374535,1969.499427883778) (85.26085361374535,1995.499427883703) (86.26085523077877,1995.499427883703) (86.26085523077877,2021.499427883669) (87.26085632558316,2021.499427883669) (87.26085632558316,2047.499427883654) (88.26085706675674,2047.499427883654) (88.26085706675674,2073.499427883647) (89.26085756855204,2073.499427883647) (89.26085756855204,2099.499427883643) (90.26085790835074,2099.499427883643) (90.26085790835074,2125.499427883642) (91.26085813871704,2125.499427883642) (91.26085813871704,2151.499427883641) (92.26085829357439,2151.499427883641) (92.26085829357439,2177.499427883641) (93.26085839788246,2177.499427883641) (93.26085839788246,2203.499427883641) (94.26085847088288,2203.499427883641) (94.26085847088288,2229.499427883641) (95.26085852030438,2229.499427883641) (95.26085852030438,2255.499427883641) (96.26085855362433,2255.499427883641) (96.26085855362433,2281.499427883641) (97.26085857469769,2281.499427883641) (97.26085857469769,2307.499427883641) (98.26085857469764,2307.499427883641) (98.26085857469764,2333.499427883641) (99.26085857469758,2333.499427883641) (99.26085857469758,2359.499427883641) (100.2608585746975,2359.499427883641) (100.2608585746975,2385.499427883641) (101.2608585746975,2385.499427883641) (101.2608585746975,2411.499427883641) (102.2608585746974,2411.499427883641) (102.2608585746974,2437.499427883641) (103.2608585746974,2437.499427883641) (103.2608585746974,2463.499427883641) (104.2608585746973,2463.499427883641) (104.2608585746973,2489.499427883641) (105.2608585746972,2489.499427883641) (105.2608585746972,2515.499427883641) (106.2608585746972,2515.499427883641) (106.2608585746972,2541.499427883641) (107.2608585746971,2541.499427883641) (107.2608585746971,2567.499427883641) (108.2608585746971,2567.499427883641) (108.2608585746971,2593.499427883641) (109.260858574697,2593.499427883641) (109.260858574697,2619.499427883641) (110.260858574697,2619.499427883641) (110.260858574697,2645.499427883641) (111.2608585746969,2645.499427883641) (111.2608585746969,2671.499427883641) (112.2608585746968,2671.499427883641) (112.2608585746968,2697.499427883641) (113.2608585746968,2697.499427883641) (113.2608585746968,2723.499427883641) (114.2608585746967,2723.499427883641) (114.2608585746967,2749.499427883641) (115.2608585746967,2749.499427883641) (115.2608585746967,2775.499427883641) (116.2608585746966,2775.499427883641) (116.2608585746966,2801.499427883641) (117.2608585746966,2801.499427883641) (117.2608585746966,2827.499427883641) (118.2608585746965,2827.499427883641) (118.2608585746965,2853.499427883641) (119.2608585746964,2853.499427883641) (119.2608585746964,2879.499427883641) (120.2608585746964,2879.499427883641) (120.2608585746964,2905.499427883641) (121.2608585746963,2905.499427883641) (121.2608585746963,2931.499427883641) (122.2608585746963,2931.499427883641) (122.2608585746963,2957.499427883641) (123.2608585746962,2957.499427883641) (123.2608585746962,2983.499427883641) (124.2608585746962,2983.499427883641) (124.2608585746962,3009.499427883641) (125.2608585746961,3009.499427883641) (125.2608585746961,3035.499427883641) (126.260858574696,3035.499427883641) (126.260858574696,3061.499427883641) (127.260858574696,3061.499427883641) (127.260858574696,3087.499427883641) (128.260858574696,3087.499427883641) (128.260858574696,3113.499427883641) (129.260858574696,3113.499427883641) (129.260858574696,3139.499427883641) (130.2608585746961,3139.499427883641) (130.2608585746961,3165.499427883641) (131.2608585746962,3165.499427883641) (131.2608585746962,3191.499427883641) (132.2608585746963,3191.499427883641) (132.2608585746963,3217.499427883641) (133.2608585746964,3217.499427883641) (133.2608585746964,3243.499427883641) (134.2608585746965,3243.499427883641) (134.2608585746965,3269.499427883641) (135.2608585746966,3269.499427883641) (135.2608585746966,3295.499427883641) (136.2608585746966,3295.499427883641) (136.2608585746966,3321.499427883641) (137.2608585746967,3321.499427883641) (137.2608585746967,3347.499427883641) (138.2608585746968,3347.499427883641) (138.2608585746968,3373.499427883641) (139.2608585746969,3373.499427883641) (139.2608585746969,3399.499427883641) (140.260858574697,3399.499427883641) (140.260858574697,3425.499427883641) (141.2608585746971,3425.499427883641) (141.2608585746971,3451.499427883641) (142.2608585746972,3451.499427883641) (142.2608585746972,3477.499427883641) (143.2608585746972,3477.499427883641) (143.2608585746972,3503.499427883641) (144.2608585746973,3503.499427883641) (144.2608585746973,3529.499427883641) (145.2608585746974,3529.499427883641) (145.2608585746974,3555.499427883641) (146.2608585746975,3555.499427883641) (146.2608585746975,3581.499427883641) (147.2608585746976,3581.499427883641) (147.2608585746976,3607.499427883641) (148.2608585746977,3607.499427883641) (148.2608585746977,3633.499427883641) (149.2608585746977,3633.499427883641) (149.2608585746977,3659.499427883641) (150.2608585746978,3659.499427883641) (150.2608585746978,3685.499427883641) (151.2608585746979,3685.499427883641) (151.2608585746979,3711.499427883641) (152.260858574698,3711.499427883641) (152.260858574698,3737.499427883641) (153.2608585746981,3737.499427883641) (153.2608585746981,3763.499427883641) (154.2608585746982,3763.499427883641) (154.2608585746982,3789.499427883641) (155.2608585746983,3789.499427883641) (155.2608585746983,3815.499427883641) (156.2608585746983,3815.499427883641) (156.2608585746983,3841.499427883641) (157.2608585746984,3841.499427883641) (157.2608585746984,3867.499427883641) (158.2608585746985,3867.499427883641) (158.2608585746985,3893.499427883641) (159.2608585746986,3893.499427883641) (159.2608585746986,3919.499427883641) (160.2608585746987,3919.499427883641) (160.2608585746987,3945.499427883641) (161.2608585746988,3945.499427883641) (161.2608585746988,3971.499427883641) (162.2608585746989,3971.499427883641) (162.2608585746989,3997.499427883641) (163.2608585746989,3997.499427883641) (163.2608585746989,4023.499427883641) (164.260858574699,4023.499427883641) (164.260858574699,4049.499427883641) (165.2608585746991,4049.499427883641) (165.2608585746991,4075.499427883641) (166.2608585746992,4075.499427883641) (166.2608585746992,4101.49942788364) (167.2608585746993,4101.49942788364) (167.2608585746993,4127.49942788364) (168.2608585746994,4127.49942788364) (168.2608585746994,4153.49942788364) (169.2608585746995,4153.49942788364) (169.2608585746995,4179.49942788364) (170.2608585746995,4179.49942788364) (170.2608585746995,4205.49942788364) (171.2608585746996,4205.49942788364) (171.2608585746996,4231.49942788364) (172.2608585746997,4231.49942788364) (172.2608585746997,4257.49942788364) (173.2608585746998,4257.49942788364) (173.2608585746998,4283.49942788364) (174.2608585746999,4283.49942788364) (174.2608585746999,4309.49942788364) (175.4996403704548,4309.49942788364) (175.4996403704548,4334.761725317672) (177.0157564673684,4334.761725317672) (177.0157564673684,4357.375029374853) (178.8146136465417,4357.375029374853) (178.8146136465417,4371.80338971305) (180.9503212898353,4371.80338971305) (180.9503212898353,4380.472858151295) (183.2586197487399,4380.472858151295) (183.2586197487399,4385.010512952947) (185.6847597964862,4385.010512952947) (185.6847597964862,4388.172157803916) (188.1534610245089,4388.172157803916) (188.1534610245089,4390.428283375573) (190.6508280600368,4390.428283375573) (190.6508280600368,4391.835488330516) (193.1752932224896,4391.835488330516) (193.1752932224896,4392.871718959358) (195.7121310606115,4392.871718959358) (195.7121310606115,4393.515439372457) (198.2620862806877,4393.515439372457) (198.2620862806877,4394.057268921059) (200.8120415007639,4394.057268921059) (200.8120415007639,4394.599098469662) (203.3619967208401,4394.599098469662) (203.3619967208401,4395.140928018264) (205.9119519409164,4395.140928018264) (205.9119519409164,4395.682757566867) (208.4619071609926,4395.682757566867) (208.4619071609926,4396.224587115469) (211.0118623810688,4396.224587115469) (211.0118623810688,4396.766416664072) (213.561817601145,4396.766416664072) (213.561817601145,4397.308246212675) (216.1117728212212,4397.308246212675) (216.1117728212212,4397.850075761278) (218.6617280412974,4397.850075761278) (218.6617280412974,4398.391905309881) (221.2116832613736,4398.391905309881) (221.2116832613736,4398.933734858484) (223.7616384814498,4398.933734858484) (223.7616384814498,4399.475564407086) (226.311593701526,4399.475564407086) (226.311593701526,4400.01739395569) (228.8615489216023,4400.01739395569) (228.8615489216023,4400.559223504292) (231.4115041416785,4400.559223504292) (231.4115041416785,4400.840201776819) (700,4400.840201776819)
robPositionY[0]:
[0]: (0,0) (0,163.5) (2,163.5) (2,188.9679078844919) (13.18383400045403,188.9679078844919) (13.18383400045403,188.479046668909) (14.18383400045402,188.479046668909) (14.18383400045402,187.9901854533261) (15.18383400045402,187.9901854533261) (15.18383400045402,187.5013242377432) (16.18383400045402,187.5013242377432) (16.18383400045402,187.0124630221603) (17.18383400045402,187.0124630221603) (17.18383400045402,186.5236018065774) (18.18383400045402,186.5236018065774) (18.18383400045402,186.0347405909945) (19.18383400045403,186.0347405909945) (19.18383400045403,185.5458793754117) (20.20263746293727,185.5458793754117) (20.20263746293727,185.0570181598289) (21.22144092542052,185.0570181598289) (21.22144092542052,184.568156944246) (22.22144092542052,184.568156944246) (22.22144092542052,184.0792957286631) (23.22144092542053,184.0792957286631) (23.22144092542053,183.5904345130803) (24.22144092542053,183.5904345130803) (24.22144092542053,183.1015732974974) (25.22144092542053,183.1015732974974) (25.22144092542053,182.6127120819145) (26.22144092542054,182.6127120819145) (26.22144092542054,182.1238508663316) (27.22144092542054,182.1238508663316) (27.22144092542054,181.6349896507487) (28.22144092542054,181.6349896507487) (28.22144092542054,181.1461284351658) (29.22144092542055,181.1461284351658) (29.22144092542055,180.6572672195829) (30.22144092542055,180.6572672195829) (30.22144092542055,180.168406004) (31.22144092542056,180.168406004) (31.22144092542056,179.6795447884172) (32.22144092542056,179.6795447884172) (32.22144092542056,179.1906835728343) (33.22144092542053,179.1906835728343) (33.22144092542053,178.7018223572514) (34.2214409254205,178.7018223572514) (34.2214409254205,178.2129611416685) (35.22144092542047,178.2129611416685) (35.22144092542047,177.7240999260856) (36.22144092542045,177.7240999260856) (36.22144092542045,177.2352387105027) (37.22144092542041,177.2352387105027) (37.22144092542041,176.7463774949198) (38.22144092542037,176.7463774949198) (38.22144092542037,176.257516279337) (39.22144092542034,176.257516279337) (39.22144092542034,175.7686550637541) (40.22144092542031,175.7686550637541) (40.22144092542031,175.2797938481712) (41.22144092542028,175.2797938481712) (41.22144092542028,174.7909326325883) (42.22144092542025,174.7909326325883) (42.22144092542025,174.3020714170054) (43.22144092542023,174.3020714170054) (43.22144092542023,173.8132102014225) (44.2214409254202,173.8132102014225) (44.2214409254202,173.3243489858396) (45.22144092542017,173.3243489858396) (45.22144092542017,172.8354877702567) (46.22144092542014,172.8354877702567) (46.22144092542014,172.3466265546739) (47.22144092542011,172.3466265546739) (47.22144092542011,171.857765339091) (48.22144092542008,171.857765339091) (48.22144092542008,171.3689041235081) (49.22144092542004,171.3689041235081) (49.22144092542004,170.8800429079252) (50.22144092542,170.8800429079252) (50.22144092542,170.3911816923423) (51.22144092541998,170.3911816923423) (51.22144092541998,169.9023204767594) (52.22144092541995,169.9023204767594) (52.22144092541995,169.4134592611765) (53.22144092541998,169.4134592611765) (53.22144092541998,168.9245980455937) (54.22144092542002,168.9245980455937) (54.22144092542002,168.4357368300108) (55.22144092542005,168.4357368300108) (55.22144092542005,167.9468756144279) (56.22144092542009,167.9468756144279) (56.22144092542009,167.458014398845) (57.22144092542013,167.458014398845) (57.22144092542013,166.9691531832621) (58.22144092542016,166.9691531832621) (58.22144092542016,166.4802919676792) (59.2214409254202,166.4802919676792) (59.2214409254202,165.9914307520963) (60.22144092542023,165.9914307520963) (60.22144092542023,165.5025695365134) (61.22144092542027,165.5025695365134) (61.22144092542027,165.0137083209306) (62.2214409254203,165.0137083209306) (62.2214409254203,164.5248471053477) (63.23417178227948,164.5248471053477) (63.23417178227948,164.1938537681208) (64.2427909999587,164.1938537681208) (64.2427909999587,163.969756883213) (65.24862644072662,163.969756883213) (65.24862644072662,163.8180362843253) (66.25257717177494,163.8180362843253) (66.25257717177494,163.7153175442811) (67.25525190419511,163.7153175442811) (67.25525190419511,163.6457745842783) (68.25706275551737,163.6457745842783) (68.25706275551737,163.5986924756321) (69.25828874022559,163.5986924756321) (69.25828874022559,163.566816881204) (70.25911875767558,163.566816881204) (70.25911875767558,163.545236429983) (71.25968069690533,163.545236429983) (71.25968069690533,163.5306260107791) (72.26006114153867,163.5306260107791) (72.26006114153867,163.5207344505516) (73.26031871052189,163.5207344505516) (73.26031871052189,163.5140376570627) (74.26049309011553,163.5140376570627) (74.26049309011553,163.5095037876518) (75.26061114874977,163.5095037876518) (75.26061114874977,163.5064342631685) (76.26069107691714,163.5064342631685) (76.26069107691714,163.5043561308182) (77.26074518995824,163.5043561308182) (77.26074518995824,163.5029491917491) (78.26078182561989,163.5029491917491) (78.26078182561989,163.5019966645455) (79.26080662873133,163.5019966645455) (79.26080662873133,163.5013517836466) (80.26082342095819,163.5013517836466) (80.26082342095819,163.5009151857469) (81.26083478963595,163.5009151857469) (81.26083478963595,163.5006196001235) (82.2608424864715,163.5006196001235) (82.2608424864715,163.5004194823974) (83.26084769738429,163.5004194823974) (83.26084769738429,163.5002839986634) (84.26085122527938,163.5002839986634) (84.26085122527938,163.5001922733894) (85.26085361374535,163.5001922733894) (85.26085361374535,163.5001301732726) (86.26085523077877,163.5001301732726) (86.26085523077877,163.5000881304022) (87.26085632558316,163.5000881304022) (87.26085632558316,163.5000596654866) (88.26085706675674,163.5000596654866) (88.26085706675674,163.5000403949721) (89.26085756855204,163.5000403949721) (89.26085756855204,163.5000273482928) (90.26085790835074,163.5000273482928) (90.26085790835074,163.5000185135251) (91.26085813871704,163.5000185135251) (91.26085813871704,163.5000125239997) (92.26085829357439,163.5000125239997) (92.26085829357439,163.5000084977071) (93.26085839788246,163.5000084977071) (93.26085839788246,163.5000057856957) (94.26085847088288,163.5000057856957) (94.26085847088288,163.5000038876832) (95.26085852030438,163.5000038876832) (95.26085852030438,163.5000026027226) (96.26085855362433,163.5000026027226) (96.26085855362433,163.5000017364024) (97.26085857469769,163.5000017364024) (97.26085857469769,163.5000011884933) (98.26085857469764,163.5000011884933) (98.26085857469764,163.5000006405843) (175.4996403704548,163.5000006405843) (175.4996403704548,169.6494988603188) (177.0157564673684,169.6494988603188) (177.0157564673684,182.4806515605829) (178.8146136465417,182.4806515605829) (178.8146136465417,204.1098544573876) (180.9503212898353,204.1098544573876) (180.9503212898353,228.6218987825405) (183.2586197487399,228.6218987825405) (183.2586197487399,254.2228692504944) (185.6847597964862,254.2228692504944) (185.6847597964862,280.0299225855101) (188.1534610245089,280.0299225855101) (188.1534610245089,305.9318510350467) (190.6508280600368,305.9318510350467) (190.6508280600368,331.8937418408948) (193.1752932224896,331.8937418408948) (193.1752932224896,357.873084135954) (195.7121310606115,357.873084135954) (195.7121310606115,383.8651141457428) (198.2620862806877,383.8651141457428) (198.2620862806877,409.8594677776426) (200.8120415007639,409.8594677776426) (200.8120415007639,435.8538214095424) (203.3619967208401,435.8538214095424) (203.3619967208401,461.8481750414421) (205.9119519409164,461.8481750414421) (205.9119519409164,487.8425286733419) (208.4619071609926,487.8425286733419) (208.4619071609926,513.8368823052417) (211.0118623810688,513.8368823052417) (211.0118623810688,539.8312359371415) (213.561817601145,539.8312359371415) (213.561817601145,565.8255895690413) (216.1117728212212,565.8255895690413) (216.1117728212212,591.8199432009411) (218.6617280412974,591.8199432009411) (218.6617280412974,617.8142968328409) (221.2116832613736,617.8142968328409) (221.2116832613736,643.8086504647407) (223.7616384814498,643.8086504647407) (223.7616384814498,669.8030040966405) (226.311593701526,669.8030040966405) (226.311593701526,695.7973577285403) (228.8615489216023,695.7973577285403) (228.8615489216023,721.7917113604401) (231.4115041416785,721.7917113604401) (231.4115041416785,735.2716860088356) (700,735.2716860088356)
batteryCharge[0]:
[0]: (0,100) (700,100)
user_guided_transport.end:
[0]: (0,0) (233.4115041416776,0) (233.4115041416776,1) (700,1)
[2K
Verifying formula 5 at /nta/queries/query[5]/formula
 -- Formula: simulate[<=700]{robot_inventory[0][0], user_guided_transport.end*2}
[2K -- Formula is satisfied.
robot_inventory[0][0]:
[0]: (0,0) (9.343215946045062,0) (9.343215946045062,1) (700,1)
user_guided_transport.end * 2:
[0]: (0,0) (232.5520826247831,0) (232.5520826247831,2) (700,2)
[2K
Verifying formula 6 at /nta/queries/query[6]/formula
 -- Formula: simulate[<=700]{bedroom[0], bedroom[1], kitchen[0], kitchen[1]}
[2K -- Formula is satisfied.
bedroom[0]:
[0]: (0,100) (700,100)
bedroom[1]:
[0]: (0,200) (700,200)
kitchen[0]:
[0]: (0,4400) (700,4400)
kitchen[1]:
[0]: (0,765) (700,765)
[2K
Verifying formula 7 at /nta/queries/query[7]/formula
 -- Formula: simulate[<=700]{rm_1.idle, rf_1.idle, rp_1.idle, rd_1.idle}
[2K -- Formula is satisfied.
rm_1.idle:
[0]: (0,0) (0,1) (0,0) (3,0) (3,1) (700,1)
rf_1.idle:
[0]: (0,0) (0,1) (9.905286918494788,1) (9.905286918494788,0) (232.1141535972342,0) (232.1141535972342,1) (700,1)
rp_1.idle:
[0]: (0,0) (0,1) (2,1) (2,0) (9.905286918494788,0) (9.905286918494788,1) (700,1)
rd_1.idle:
[0]: (0,0) (0,1) (700,1)
[2K
Verifying formula 8 at /nta/queries/query[8]/formula
 -- Formula: Pr[<=700](<>!rm_1.idle || !rf_1.idle || !rp_1.idle || !rd_1.idle)
[2K -- Formula is satisfied.
(72/72 runs) Pr(<> …) in [0.950056,1] (95% CI)
Values in [0,0] mean=0 steps=2.22045e-16: 72
[2K
Verifying formula 9 at /nta/queries/query[9]/formula
 -- Formula: Pr[<=700]([] (user_guided_transport.end imply (rm_1.idle && rf_1.idle && rp_1.idle && rd_1.idle)))
 -- Throughput: 624714 runs/sec, Load: 329 runs[K
[2K -- Formula is satisfied.
(72/72 runs) Pr([] …) in [0.950056,1] (95% CI)
[2K
Verifying formula 10 at /nta/queries/query[10]/formula
 -- Formula: Pr[<=700] (<> pow(humanPositionX[0] - kitchen[0], 2) + pow(humanPositionY[0] - kitchen[1], 2) <= 900 )
[2K -- Formula is satisfied.
(72/72 runs) Pr(<> …) in [0.950056,1] (95% CI)
Values in [192.06,196.974] mean=194.269 steps=0.545988: 8 11 9 11 9 6 4 6 8
[2K
Verifying formula 11 at /nta/queries/query[11]/formula
 -- Formula: Pr[<=700] (<> pow(humanPositionX[0] - bedroom[0], 2) + pow(humanPositionY[0] - bedroom[1], 2) <= 900 )
[2K -- Formula is satisfied.
(72/72 runs) Pr(<> …) in [0.950056,1] (95% CI)
Values in [1,1] mean=1 steps=2.22045e-16: 72
[2K
Verifying formula 12 at /nta/queries/query[12]/formula
 -- Formula: Pr[<=700] (<> pow(robPositionX[0] - bedroom[0], 2) + pow(robPositionY[0] - bedroom[1], 2) <= 900 )
[2K -- Formula is satisfied.
(72/72 runs) Pr(<> …) in [0.950056,1] (95% CI)
Values in [2,2] mean=2 steps=2.22045e-16: 72
[2K
Verifying formula 13 at /nta/queries/query[13]/formula
 -- Formula: Pr[<=700] (<> !isValidPosition(humanPositionX[0], humanPositionY[0]))
[2K -- Formula is satisfied.
(72/72 runs) Pr(<> …) in [0.950056,1] (95% CI)
Values in [0,0] mean=0 steps=2.22045e-16: 72
[2K
Verifying formula 14 at /nta/queries/query[14]/formula
 -- Formula: Pr[<=700] (<> !isValidPosition(robPositionX[0], robPositionY[0]))
[2K -- Formula is satisfied.
(72/72 runs) Pr(<> …) in [0.950056,1] (95% CI)
Values in [0,0] mean=0 steps=2.22045e-16: 72
[2K
Verifying formula 15 at /nta/queries/query[15]/formula
 -- Formula: Pr[<=700] (<> currP > 2)
 -- Throughput: 629060 runs/sec, Load: 329 runs[K
[2K -- Formula is satisfied.
(0/72 runs) Pr(<> …) in [0,0.0499441] (95% CI)
