Options for the verification:
  Generating no trace
  Search order is breadth first
  Using conservative space optimisation
  Seed is 1784979363
  State space representation uses minimal constraint systems with future testing
  Using HashMap + Compress integers for discrete state storage
[2K
Verifying formula 1 at /nta/queries/query[1]/formula
 -- Formula: simulate[<=700]{user_guided_transport_human1_def.s1_start, user_guided_transport_human1_def.s1_end, user_guided_transport_human1_def.s2_start, user_guided_transport_human1_def.s2_idle, user_guided_transport_human1_def.s3_start, user_guided_transport_human1_def.s3_end, user_guided_transport.end}
[2K -- Formula is satisfied.
user_guided_transport_human1_def.s1_start:
[0]: (0,0) (0,1) (0,0) (700,0)
user_guided_transport_human1_def.s1_end:
[0]: (0,0) (1,0) (1,1) (2,1) (2,0) (700,0)
user_guided_transport_human1_def.s2_start:
[0]: (0,0) (2,0) (2,1) (2,0) (700,0)
user_guided_transport_human1_def.s2_idle:
[0]: (0,0) (2,0) (2,1) (11.51684880636354,1) (11.51684880636354,0) (700,0)
user_guided_transport_human1_def.s3_start:
[0]: (0,0) (11.51684880636354,0) (11.51684880636354,1) (11.51684880636354,0) (16.51684880636351,0) (16.51684880636351,1) (16.51684880636351,0) (21.51684880636354,0) (21.51684880636354,1) (21.51684880636354,0) (26.51684880636359,0) (26.51684880636359,1) (26.51684880636359,0) (31.51684880636365,0) (31.51684880636365,1) (31.51684880636365,0) (36.51684880636368,0) (36.51684880636368,1) (36.51684880636368,0) (41.51684880636372,0) (41.51684880636372,1) (41.51684880636372,0) (46.51684880636375,0) (46.51684880636375,1) (46.51684880636375,0) (51.51684880636371,0) (51.51684880636371,1) (51.51684880636371,0) (56.5168488063636,0) (56.5168488063636,1) (56.5168488063636,0) (61.5168488063635,0) (61.5168488063635,1) (61.5168488063635,0) (66.51684880636338,0) (66.51684880636338,1) (66.51684880636338,0) (71.5168488063633,0) (71.5168488063633,1) (71.5168488063633,0) (76.51684880636316,0) (76.51684880636316,1) (76.51684880636316,0) (81.51684880636287,0) (81.51684880636287,1) (81.51684880636287,0) (86.51684880636255,0) (86.51684880636255,1) (86.51684880636255,0) (91.51684880636226,0) (91.51684880636226,1) (91.51684880636226,0) (96.51684880636195,0) (96.51684880636195,1) (96.51684880636195,0) (101.5168488063616,0) (101.5168488063616,1) (101.5168488063616,0) (106.5168488063613,0) (106.5168488063613,1) (106.5168488063613,0) (111.5168488063609,0) (111.5168488063609,1) (111.5168488063609,0) (116.5168488063606,0) (116.5168488063606,1) (116.5168488063606,0) (121.5168488063604,0) (121.5168488063604,1) (121.5168488063604,0) (126.5168488063601,0) (126.5168488063601,1) (126.5168488063601,0) (131.5168488063602,0) (131.5168488063602,1) (131.5168488063602,0) (136.5168488063605,0) (136.5168488063605,1) (136.5168488063605,0) (141.5168488063606,0) (141.5168488063606,1) (141.5168488063606,0) (146.5168488063606,0) (146.5168488063606,1) (146.5168488063606,0) (151.5168488063606,0) (151.5168488063606,1) (151.5168488063606,0) (156.5168488063608,0) (156.5168488063608,1) (156.5168488063608,0) (161.5168488063609,0) (161.5168488063609,1) (161.5168488063609,0) (166.5168488063607,0) (166.5168488063607,1) (166.5168488063607,0) (171.5168488063603,0) (171.5168488063603,1) (171.5168488063603,0) (176.5168488063599,0) (176.5168488063599,1) (176.5168488063599,0) (181.5168488063593,0) (181.5168488063593,1) (181.5168488063593,0) (186.5168488063588,0) (186.5168488063588,1) (186.5168488063588,0) (191.5168488063582,0) (191.5168488063582,1) (191.5168488063582,0) (196.5168488063576,0) (196.5168488063576,1) (196.5168488063576,0) (700,0)
user_guided_transport_human1_def.s3_end:
[0]: (0,0) (196.5168488063576,0) (196.5168488063576,1) (232.7257154850894,1) (232.7257154850894,0) (700,0)
user_guided_transport.end:
[0]: (0,0) (234.7257154850885,0) (234.7257154850885,1) (700,1)
[2K
Verifying formula 2 at /nta/queries/query[2]/formula
 -- Formula: simulate[<=700]{user_guided_transport_robot1_def.s1_start, user_guided_transport_robot1_def.s1_end, user_guided_transport_robot1_def.s2_start, user_guided_transport_robot1_def.s2_end, user_guided_transport_robot1_def.s3_start, user_guided_transport_robot1_def.s3_end, user_guided_transport.end}
[2K -- Formula is satisfied.
user_guided_transport_robot1_def.s1_start:
[0]: (0,0) (0,1) (0,0) (700,0)
user_guided_transport_robot1_def.s1_end:
[0]: (0,0) (2,0) (2,1) (2,0) (700,0)
user_guided_transport_robot1_def.s2_start:
[0]: (0,0) (2,0) (2,1) (2,0) (700,0)
user_guided_transport_robot1_def.s2_end:
[0]: (0,0) (9.852495995596041,0) (9.852495995596041,1) (9.852495995596041,0) (700,0)
user_guided_transport_robot1_def.s3_start:
[0]: (0,0) (9.852495995596041,0) (9.852495995596041,1) (9.852495995596041,0) (700,0)
user_guided_transport_robot1_def.s3_end:
[0]: (0,0) (231.0801661368197,0) (231.0801661368197,1) (231.0801661368197,0) (700,0)
user_guided_transport.end:
[0]: (0,0) (233.0801661368188,0) (233.0801661368188,1) (700,1)
[2K
Verifying formula 3 at /nta/queries/query[3]/formula
 -- Formula: Pr[<=700] (<> user_guided_transport.end)
[2K -- Formula is satisfied.
(72/72 runs) Pr(<> …) in [0.950056,1] (95% CI)
Values in [230.343,235.199] mean=232.541 steps=0.539639: 14 5 9 7 9 8 5 9 6
[2K
Verifying formula 4 at /nta/queries/query[4]/formula
 -- Formula: simulate[<=700]{humanPositionX[0], humanPositionY[0], robPositionX[0], robPositionY[0], batteryCharge[0], user_guided_transport.end}
[2K -- Formula is satisfied.
humanPositionX[0]:
[0]: (0,0) (0,92.5) (1,92.5) (1,97.73313175708738) (8.361727138313748,97.73313175708738) (8.361727138313748,123.7285354798977) (9.361727138313746,123.7285354798977) (9.361727138313746,149.723939202708) (10.36172713831375,149.723939202708) (10.36172713831375,175.7193429255182) (11.36172713831375,175.7193429255182) (11.36172713831375,201.7147466483285) (12.36172713831375,201.7147466483285) (12.36172713831375,227.7101503711388) (13.36172713831375,227.7101503711388) (13.36172713831375,253.7055540939491) (14.36172713831375,253.7055540939491) (14.36172713831375,279.7009578167594) (15.36172713831375,279.7009578167594) (15.36172713831375,305.6963615395697) (16.36172713831375,305.6963615395697) (16.36172713831375,331.69176526238) (17.36172713831375,331.69176526238) (17.36172713831375,357.6871689851903) (18.36172713831375,357.6871689851903) (18.36172713831375,383.6825727080006) (19.36172713831375,383.6825727080006) (19.36172713831375,409.6779764308109) (20.36172713831375,409.6779764308109) (20.36172713831375,435.6733801536212) (21.36172713831375,435.6733801536212) (21.36172713831375,461.6687838764315) (22.36172713831375,461.6687838764315) (22.36172713831375,487.6641875992418) (23.36172713831375,487.6641875992418) (23.36172713831375,513.6595913220521) (24.36172713831375,513.6595913220521) (24.36172713831375,539.6549950448623) (25.36172713831375,539.6549950448623) (25.36172713831375,565.6503987676725) (26.36172713831375,565.6503987676725) (26.36172713831375,591.6458024904828) (27.36172713831375,591.6458024904828) (27.36172713831375,617.641206213293) (28.36172713831375,617.641206213293) (28.36172713831375,643.6366099361032) (29.36172713831375,643.6366099361032) (29.36172713831375,669.6320136589135) (30.36172713831375,669.6320136589135) (30.36172713831375,695.6274173817237) (31.36172713831375,695.6274173817237) (31.36172713831375,721.622821104534) (32.36172713831373,721.622821104534) (32.36172713831373,747.6182248273442) (33.3617271383137,747.6182248273442) (33.3617271383137,773.6136285501544) (34.36172713831368,773.6136285501544) (34.36172713831368,799.6090322729647) (35.36172713831365,799.6090322729647) (35.36172713831365,825.6044359957749) (36.36172713831362,825.6044359957749) (36.36172713831362,851.5998397185851) (37.36172713831358,851.5998397185851) (37.36172713831358,877.5952434413954) (38.36172713831355,877.5952434413954) (38.36172713831355,903.5906471642056) (39.36172713831351,903.5906471642056) (39.36172713831351,929.5860508870159) (40.36172713831348,929.5860508870159) (40.36172713831348,955.5814546098261) (41.36172713831344,955.5814546098261) (41.36172713831344,981.5768583326363) (42.36172713831341,981.5768583326363) (42.36172713831341,1007.572262055447) (43.36172713831338,1007.572262055447) (43.36172713831338,1033.567665778257) (44.36172713831341,1033.567665778257) (44.36172713831341,1059.563069501067) (45.36172713831345,1059.563069501067) (45.36172713831345,1085.558473223878) (46.36172713831348,1085.558473223878) (46.36172713831348,1111.553876946688) (47.36172713831351,1111.553876946688) (47.36172713831351,1137.549280669498) (48.36172713831354,1137.549280669498) (48.36172713831354,1163.544684392309) (49.36172713831357,1163.544684392309) (49.36172713831357,1189.540088115119) (50.3617271383136,1189.540088115119) (50.3617271383136,1215.535491837929) (51.36172713831363,1215.535491837929) (51.36172713831363,1241.53089556074) (52.36172713831365,1241.53089556074) (52.36172713831365,1267.52629928355) (53.36172713831369,1267.52629928355) (53.36172713831369,1293.52170300636) (54.36172713831373,1293.52170300636) (54.36172713831373,1319.517106729171) (55.36172713831376,1319.517106729171) (55.36172713831376,1345.512510451981) (56.3617271383138,1345.512510451981) (56.3617271383138,1371.507914174791) (57.36172713831382,1371.507914174791) (57.36172713831382,1397.503317897602) (58.36172713831385,1397.503317897602) (58.36172713831385,1423.498721620412) (59.36172713831388,1423.498721620412) (59.36172713831388,1478) (60.36172713831392,1478) (60.36172713831392,1504) (61.36172713831395,1504) (61.36172713831395,1530) (62.36172713831397,1530) (62.36172713831397,1556) (63.361727138314,1556) (63.361727138314,1582) (64.36172713831402,1582) (64.36172713831402,1608) (65.36172713831405,1608) (65.36172713831405,1634) (66.36172713831408,1634) (66.36172713831408,1660) (67.36172713831409,1660) (67.36172713831409,1686) (68.36172713831412,1686) (68.36172713831412,1712) (69.36172713831415,1712) (69.36172713831415,1738) (70.36172713831418,1738) (70.36172713831418,1764) (71.36172713831421,1764) (71.36172713831421,1790) (72.36172713831425,1790) (72.36172713831425,1816) (73.36172713831421,1816) (73.36172713831421,1842) (74.36172713831415,1842) (74.36172713831415,1868) (75.36172713831409,1868) (75.36172713831409,1894) (76.36172713831405,1894) (76.36172713831405,1920) (77.361727138314,1920) (77.361727138314,1946) (78.36172713831394,1946) (78.36172713831394,1972) (79.36172713831388,1972) (79.36172713831388,1998) (80.36172713831382,1998) (80.36172713831382,2024) (81.36172713831377,2024) (81.36172713831377,2050) (82.3617271383137,2050) (82.3617271383137,2076) (83.36172713831363,2076) (83.36172713831363,2102) (84.36172713831357,2102) (84.36172713831357,2128) (85.36172713831353,2128) (85.36172713831353,2154) (86.36172713831346,2154) (86.36172713831346,2180) (87.36172713831341,2180) (87.36172713831341,2206) (88.36172713831336,2206) (88.36172713831336,2232) (89.3617271383133,2232) (89.3617271383133,2258) (90.36172713831324,2258) (90.36172713831324,2284) (91.36172713831317,2284) (91.36172713831317,2310) (92.36172713831311,2310) (92.36172713831311,2336) (93.36172713831306,2336) (93.36172713831306,2362) (94.361727138313,2362) (94.361727138313,2388) (95.36172713831294,2388) (95.36172713831294,2414) (96.36172713831289,2414) (96.36172713831289,2440) (97.36172713831283,2440) (97.36172713831283,2466) (98.36172713831277,2466) (98.36172713831277,2492) (99.36172713831272,2492) (99.36172713831272,2518) (100.3617271383127,2518) (100.3617271383127,2544) (101.3617271383126,2544) (101.3617271383126,2570) (102.3617271383125,2570) (102.3617271383125,2596) (103.3617271383125,2596) (103.3617271383125,2622) (104.3617271383124,2622) (104.3617271383124,2648) (105.3617271383124,2648) (105.3617271383124,2674) (106.3617271383123,2674) (106.3617271383123,2700) (107.3617271383123,2700) (107.3617271383123,2726) (108.3617271383122,2726) (108.3617271383122,2752) (109.3617271383121,2752) (109.3617271383121,2778) (110.3617271383121,2778) (110.3617271383121,2804) (111.361727138312,2804) (111.361727138312,2830) (112.361727138312,2830) (112.361727138312,2856) (113.3617271383119,2856) (113.3617271383119,2882) (114.3617271383119,2882) (114.3617271383119,2908) (115.3617271383118,2908) (115.3617271383118,2934) (116.3617271383117,2934) (116.3617271383117,2960) (117.3617271383117,2960) (117.3617271383117,2986) (118.3617271383116,2986) (118.3617271383116,3012) (119.3617271383116,3012) (119.3617271383116,3038) (120.3617271383115,3038) (120.3617271383115,3088.5) (121.3617271383115,3088.5) (121.3617271383115,3114.5) (122.3617271383114,3114.5) (122.3617271383114,3140.5) (123.3617271383114,3140.5) (123.3617271383114,3166.5) (124.3617271383113,3166.5) (124.3617271383113,3192.5) (125.3617271383112,3192.5) (125.3617271383112,3218.5) (126.3617271383112,3218.5) (126.3617271383112,3244.5) (127.3617271383111,3244.5) (127.3617271383111,3270.5) (128.3617271383111,3270.5) (128.3617271383111,3296.5) (129.3617271383112,3296.5) (129.3617271383112,3322.5) (130.3617271383112,3322.5) (130.3617271383112,3348.5) (131.3617271383113,3348.5) (131.3617271383113,3374.5) (132.3617271383113,3374.5) (132.3617271383113,3400.5) (133.3617271383114,3400.5) (133.3617271383114,3426.5) (134.3617271383114,3426.5) (134.3617271383114,3452.5) (135.3617271383115,3452.5) (135.3617271383115,3478.5) (136.3617271383116,3478.5) (136.3617271383116,3504.5) (137.3617271383116,3504.5) (137.3617271383116,3530.5) (138.3617271383117,3530.5) (138.3617271383117,3556.5) (139.3617271383117,3556.5) (139.3617271383117,3582.5) (140.3617271383118,3582.5) (140.3617271383118,3608.5) (141.3617271383118,3608.5) (141.3617271383118,3634.5) (142.3617271383119,3634.5) (142.3617271383119,3660.5) (143.3617271383119,3660.5) (143.3617271383119,3686.5) (144.361727138312,3686.5) (144.361727138312,3712.5) (145.3617271383121,3712.5) (145.3617271383121,3738.5) (146.3617271383121,3738.5) (146.3617271383121,3764.5) (147.3617271383122,3764.5) (147.3617271383122,3790.5) (148.3617271383122,3790.5) (148.3617271383122,3816.5) (149.3617271383123,3816.5) (149.3617271383123,3842.5) (150.3617271383123,3842.5) (150.3617271383123,3868.5) (151.3617271383124,3868.5) (151.3617271383124,3894.5) (152.3617271383125,3894.5) (152.3617271383125,3920.5) (153.3617271383125,3920.5) (153.3617271383125,3946.5) (154.3617271383126,3946.5) (154.3617271383126,3972.5) (155.3617271383126,3972.5) (155.3617271383126,3998.5) (156.3617271383127,3998.5) (156.3617271383127,4024.5) (157.3617271383127,4024.5) (157.3617271383127,4050.5) (158.3617271383128,4050.5) (158.3617271383128,4076.5) (159.3617271383129,4076.5) (159.3617271383129,4102.5) (160.3617271383129,4102.5) (160.3617271383129,4128.5) (161.361727138313,4128.5) (161.361727138313,4154.5) (162.361727138313,4154.5) (162.361727138313,4180.5) (163.3617271383131,4180.5) (163.3617271383131,4206.5) (164.3617271383131,4206.5) (164.3617271383131,4232.5) (165.3617271383132,4232.5) (165.3617271383132,4258.5) (166.3617271383133,4258.5) (166.3617271383133,4284.5) (167.3617271383133,4284.5) (167.3617271383133,4310.5) (168.3617271383134,4310.5) (168.3617271383134,4336.5) (169.3617271383134,4336.5) (169.3617271383134,4362.5) (170.3617271383135,4362.5) (170.3617271383135,4388.5) (171.3617271383135,4388.5) (171.3617271383135,4416.265463717128) (172.3617271383136,4416.265463717128) (172.3617271383136,4415.530927434256) (173.3617271383137,4415.530927434256) (173.3617271383137,4414.796391151384) (174.3617271383137,4414.796391151384) (174.3617271383137,4414.061854868512) (175.3617271383138,4414.061854868512) (175.3617271383138,4413.327318585641) (176.3617271383139,4413.327318585641) (176.3617271383139,4412.592782302769) (177.3617271383139,4412.592782302769) (177.3617271383139,4411.858246019897) (178.361727138314,4411.858246019897) (178.361727138314,4411.123709737025) (179.3617271383141,4411.123709737025) (179.3617271383141,4410.389173454153) (180.3617271383141,4410.389173454153) (180.3617271383141,4409.654637171281) (181.3617271383142,4409.654637171281) (181.3617271383142,4408.920100888409) (182.3617271383143,4408.920100888409) (182.3617271383143,4408.185564605537) (183.3617271383143,4408.185564605537) (183.3617271383143,4407.451028322665) (184.3617271383144,4407.451028322665) (184.3617271383144,4406.716492039794) (185.3617271383145,4406.716492039794) (185.3617271383145,4405.981955756922) (186.3617271383146,4405.981955756922) (186.3617271383146,4405.24741947405) (187.3617271383146,4405.24741947405) (187.3617271383146,4404.512883191178) (188.3617271383147,4404.512883191178) (188.3617271383147,4403.778346908306) (189.3617271383148,4403.778346908306) (189.3617271383148,4403.043810625434) (190.3617271383149,4403.043810625434) (190.3617271383149,4402.309274342562) (191.361727138315,4402.309274342562) (191.361727138315,4401.57473805969) (192.361727138315,4401.57473805969) (192.361727138315,4400.840201776819) (700,4400.840201776819)
humanPositionY[0]:
[0]: (0,0) (0,163.5) (1,163.5) (1,188.9679078844919) (8.361727138313748,188.9679078844919) (8.361727138313748,188.479046668909) (9.361727138313746,188.479046668909) (9.361727138313746,187.9901854533261) (10.36172713831375,187.9901854533261) (10.36172713831375,187.5013242377432) (11.36172713831375,187.5013242377432) (11.36172713831375,187.0124630221603) (12.36172713831375,187.0124630221603) (12.36172713831375,186.5236018065774) (13.36172713831375,186.5236018065774) (13.36172713831375,186.0347405909945) (14.36172713831375,186.0347405909945) (14.36172713831375,185.5458793754117) (15.36172713831375,185.5458793754117) (15.36172713831375,185.0570181598288) (16.36172713831375,185.0570181598288) (16.36172713831375,184.5681569442459) (17.36172713831375,184.5681569442459) (17.36172713831375,184.079295728663) (18.36172713831375,184.079295728663) (18.36172713831375,183.5904345130801) (19.36172713831375,183.5904345130801) (19.36172713831375,183.1015732974972) (20.36172713831375,183.1015732974972) (20.36172713831375,182.6127120819143) (21.36172713831375,182.6127120819143) (21.36172713831375,182.1238508663315) (22.36172713831375,182.1238508663315) (22.36172713831375,181.6349896507486) (23.36172713831375,181.6349896507486) (23.36172713831375,181.1461284351657) (24.36172713831375,181.1461284351657) (24.36172713831375,180.6572672195828) (25.36172713831375,180.6572672195828) (25.36172713831375,180.1684060039999) (26.36172713831375,180.1684060039999) (26.36172713831375,179.679544788417) (27.36172713831375,179.679544788417) (27.36172713831375,179.1906835728341) (28.36172713831375,179.1906835728341) (28.36172713831375,178.7018223572512) (29.36172713831375,178.7018223572512) (29.36172713831375,178.2129611416684) (30.36172713831375,178.2129611416684) (30.36172713831375,177.7240999260855) (31.36172713831375,177.7240999260855) (31.36172713831375,177.2352387105026) (32.36172713831373,177.2352387105026) (32.36172713831373,176.7463774949197) (33.3617271383137,176.7463774949197) (33.3617271383137,176.2575162793368) (34.36172713831368,176.2575162793368) (34.36172713831368,175.7686550637539) (35.36172713831365,175.7686550637539) (35.36172713831365,175.279793848171) (36.36172713831362,175.279793848171) (36.36172713831362,174.7909326325882) (37.36172713831358,174.7909326325882) (37.36172713831358,174.3020714170053) (38.36172713831355,174.3020714170053) (38.36172713831355,173.8132102014224) (39.36172713831351,173.8132102014224) (39.36172713831351,173.3243489858395) (40.36172713831348,173.3243489858395) (40.36172713831348,172.8354877702566) (41.36172713831344,172.8354877702566) (41.36172713831344,172.3466265546737) (42.36172713831341,172.3466265546737) (42.36172713831341,171.8577653390908) (43.36172713831338,171.8577653390908) (43.36172713831338,171.3689041235079) (44.36172713831341,171.3689041235079) (44.36172713831341,170.8800429079251) (45.36172713831345,170.8800429079251) (45.36172713831345,170.3911816923422) (46.36172713831348,170.3911816923422) (46.36172713831348,169.9023204767593) (47.36172713831351,169.9023204767593) (47.36172713831351,169.4134592611764) (48.36172713831354,169.4134592611764) (48.36172713831354,168.9245980455935) (49.36172713831357,168.9245980455935) (49.36172713831357,168.4357368300106) (50.3617271383136,168.4357368300106) (50.3617271383136,167.9468756144277) (51.36172713831363,167.9468756144277) (51.36172713831363,167.4580143988449) (52.36172713831365,167.4580143988449) (52.36172713831365,166.969153183262) (53.36172713831369,166.969153183262) (53.36172713831369,166.4802919676791) (54.36172713831373,166.4802919676791) (54.36172713831373,165.9914307520962) (55.36172713831376,165.9914307520962) (55.36172713831376,165.5025695365133) (56.3617271383138,165.5025695365133) (56.3617271383138,165.0137083209304) (57.36172713831382,165.0137083209304) (57.36172713831382,164.5248471053475) (58.36172713831385,164.5248471053475) (58.36172713831385,164.0359858897646) (59.36172713831388,164.0359858897646) (59.36172713831388,163.5) (171.3617271383135,163.5) (171.3617271383135,189.4896220913107) (172.3617271383136,189.4896220913107) (172.3617271383136,215.4792441826214) (173.3617271383137,215.4792441826214) (173.3617271383137,241.4688662739321) (174.3617271383137,241.4688662739321) (174.3617271383137,267.4584883652428) (175.3617271383138,267.4584883652428) (175.3617271383138,293.4481104565535) (176.3617271383139,293.4481104565535) (176.3617271383139,319.4377325478642) (177.3617271383139,319.4377325478642) (177.3617271383139,345.427354639175) (178.361727138314,345.427354639175) (178.361727138314,371.4169767304857) (179.3617271383141,371.4169767304857) (179.3617271383141,397.4065988217964) (180.3617271383141,397.4065988217964) (180.3617271383141,423.3962209131071) (181.3617271383142,423.3962209131071) (181.3617271383142,449.3858430044178) (182.3617271383143,449.3858430044178) (182.3617271383143,475.3754650957285) (183.3617271383143,475.3754650957285) (183.3617271383143,501.3650871870392) (184.3617271383144,501.3650871870392) (184.3617271383144,527.3547092783499) (185.3617271383145,527.3547092783499) (185.3617271383145,553.3443313696606) (186.3617271383146,553.3443313696606) (186.3617271383146,579.3339534609713) (187.3617271383146,579.3339534609713) (187.3617271383146,605.323575552282) (188.3617271383147,605.323575552282) (188.3617271383147,631.3131976435927) (189.3617271383148,631.3131976435927) (189.3617271383148,657.3028197349034) (190.3617271383149,657.3028197349034) (190.3617271383149,683.2924418262141) (191.361727138315,683.2924418262141) (191.361727138315,709.2820639175249) (192.361727138315,709.2820639175249) (192.361727138315,735.2716860088356) (700,735.2716860088356)
robPositionX[0]:
[0]: (0,0) (0,92.5) (2,92.5) (2,97.73313175708738) (10.36172713831375,97.73313175708738) (10.36172713831375,123.7285354798977) (11.38053060079698,123.7285354798977) (11.38053060079698,149.723939202708) (12.39933406328023,149.723939202708) (12.39933406328023,175.7193429255182) (13.39933406328023,175.7193429255182) (13.39933406328023,201.7147466483285) (14.39933406328023,201.7147466483285) (14.39933406328023,227.7101503711388) (15.39933406328023,227.7101503711388) (15.39933406328023,253.7055540939491) (16.39933406328023,253.7055540939491) (16.39933406328023,279.7009578167594) (17.39933406328023,279.7009578167594) (17.39933406328023,305.6963615395697) (18.39933406328023,305.6963615395697) (18.39933406328023,331.69176526238) (19.39933406328023,331.69176526238) (19.39933406328023,357.6871689851903) (20.39933406328023,357.6871689851903) (20.39933406328023,383.6825727080006) (21.39933406328023,383.6825727080006) (21.39933406328023,409.6779764308109) (22.39933406328023,409.6779764308109) (22.39933406328023,435.6733801536212) (23.39933406328023,435.6733801536212) (23.39933406328023,461.6687838764315) (24.39933406328023,461.6687838764315) (24.39933406328023,487.6641875992418) (25.39933406328023,487.6641875992418) (25.39933406328023,513.6595913220521) (26.39933406328024,513.6595913220521) (26.39933406328024,539.6549950448623) (27.39933406328024,539.6549950448623) (27.39933406328024,565.6503987676725) (28.39933406328024,565.6503987676725) (28.39933406328024,591.6458024904828) (29.39933406328024,591.6458024904828) (29.39933406328024,617.641206213293) (30.39933406328024,617.641206213293) (30.39933406328024,643.6366099361032) (31.39933406328024,643.6366099361032) (31.39933406328024,669.6320136589135) (32.39933406328023,669.6320136589135) (32.39933406328023,695.6274173817237) (33.3993340632802,695.6274173817237) (33.3993340632802,721.622821104534) (34.39933406328017,721.622821104534) (34.39933406328017,747.6182248273442) (35.39933406328014,747.6182248273442) (35.39933406328014,773.6136285501544) (36.39933406328012,773.6136285501544) (36.39933406328012,799.6090322729647) (37.39933406328008,799.6090322729647) (37.39933406328008,825.6044359957749) (38.39933406328004,825.6044359957749) (38.39933406328004,851.5998397185851) (39.39933406328001,851.5998397185851) (39.39933406328001,877.5952434413954) (40.39933406327997,877.5952434413954) (40.39933406327997,903.5906471642056) (41.39933406327994,903.5906471642056) (41.39933406327994,929.5860508870159) (42.39933406327991,929.5860508870159) (42.39933406327991,955.5814546098261) (43.39933406327988,955.5814546098261) (43.39933406327988,981.5768583326363) (44.39933406327992,981.5768583326363) (44.39933406327992,1007.572262055447) (45.39933406327995,1007.572262055447) (45.39933406327995,1033.567665778257) (46.39933406327999,1033.567665778257) (46.39933406327999,1059.563069501067) (47.39933406328002,1059.563069501067) (47.39933406328002,1085.558473223878) (48.39933406328004,1085.558473223878) (48.39933406328004,1111.553876946688) (49.39933406328007,1111.553876946688) (49.39933406328007,1137.549280669498) (50.3993340632801,1137.549280669498) (50.3993340632801,1163.544684392309) (51.39933406328013,1163.544684392309) (51.39933406328013,1189.540088115119) (52.39933406328016,1189.540088115119) (52.39933406328016,1215.535491837929) (53.3993340632802,1215.535491837929) (53.3993340632802,1241.53089556074) (54.39933406328024,1241.53089556074) (54.39933406328024,1267.52629928355) (55.39933406328027,1267.52629928355) (55.39933406328027,1293.52170300636) (56.39933406328031,1293.52170300636) (56.39933406328031,1319.517106729171) (57.39933406328034,1319.517106729171) (57.39933406328034,1345.512510451981) (58.39933406328036,1345.512510451981) (58.39933406328036,1371.507914174791) (59.39933406328039,1371.507914174791) (59.39933406328039,1397.503317897602) (60.41206492013958,1397.503317897602) (60.41206492013958,1423.501210954746) (61.4206841378188,1423.501210954746) (61.4206841378188,1449.500245178851) (62.42651957858672,1449.500245178851) (62.42651957858672,1475.499802499311) (63.43047030963502,1475.499802499311) (63.43047030963502,1501.499599591989) (64.43314504205519,1501.499599591989) (64.43314504205519,1527.499506587529) (65.43495589337743,1527.499506587529) (65.43495589337743,1553.499463958168) (66.43618187808566,1553.499463958168) (66.43618187808566,1579.49944441867) (67.43701189553565,1579.49944441867) (67.43701189553565,1605.499435462594) (68.4375738347654,1605.499435462594) (68.4375738347654,1631.49943135751) (69.43795427939874,1631.49943135751) (69.43795427939874,1657.499429475914) (70.43821184838195,1657.499429475914) (70.43821184838195,1683.499428613471) (71.4383862279756,1683.499428613471) (71.4383862279756,1709.499428218164) (72.43850428660988,1709.499428218164) (72.43850428660988,1735.499428036972) (73.43858421477725,1735.499428036972) (73.43858421477725,1761.499427953921) (74.43863832781834,1761.499427953921) (74.43863832781834,1787.499427915854) (75.43867496347997,1787.499427915854) (75.43867496347997,1813.499427898406) (76.43869976659143,1813.499427898406) (76.43869976659143,1839.499427890409) (77.43871655881829,1839.499427890409) (77.43871655881829,1865.499427886743) (78.43872792749605,1865.499427886743) (78.43872792749605,1891.499427885063) (79.43873562433161,1891.499427885063) (79.43873562433161,1917.499427884293) (80.4387408352444,1917.499427884293) (80.4387408352444,1943.499427883939) (81.43874436313949,1943.499427883939) (81.43874436313949,1969.499427883778) (82.43874675160545,1969.499427883778) (82.43874675160545,1995.499427883703) (83.43874836863887,1995.499427883703) (83.43874836863887,2021.499427883669) (84.43874946344326,2021.499427883669) (84.43874946344326,2047.499427883654) (85.43875020461684,2047.499427883654) (85.43875020461684,2073.499427883647) (86.43875070641214,2073.499427883647) (86.43875070641214,2099.499427883643) (87.43875104621084,2099.499427883643) (87.43875104621084,2125.499427883642) (88.43875127657715,2125.499427883642) (88.43875127657715,2151.499427883641) (89.4387514314345,2151.499427883641) (89.4387514314345,2177.499427883641) (90.43875153574257,2177.499427883641) (90.43875153574257,2203.499427883641) (91.43875160874299,2203.499427883641) (91.43875160874299,2229.499427883641) (92.43875165816449,2229.499427883641) (92.43875165816449,2255.499427883641) (93.43875169148444,2255.499427883641) (93.43875169148444,2281.499427883641) (94.4387517125578,2281.499427883641) (94.4387517125578,2307.499427883641) (95.43875171255775,2307.499427883641) (95.43875171255775,2333.499427883641) (96.43875171255769,2333.499427883641) (96.43875171255769,2359.499427883641) (97.43875171255763,2359.499427883641) (97.43875171255763,2385.499427883641) (98.43875171255758,2385.499427883641) (98.43875171255758,2411.499427883641) (99.43875171255752,2411.499427883641) (99.43875171255752,2437.499427883641) (100.4387517125575,2437.499427883641) (100.4387517125575,2463.499427883641) (101.4387517125574,2463.499427883641) (101.4387517125574,2489.499427883641) (102.4387517125573,2489.499427883641) (102.4387517125573,2515.499427883641) (103.4387517125573,2515.499427883641) (103.4387517125573,2541.499427883641) (104.4387517125572,2541.499427883641) (104.4387517125572,2567.499427883641) (105.4387517125572,2567.499427883641) (105.4387517125572,2593.499427883641) (106.4387517125571,2593.499427883641) (106.4387517125571,2619.499427883641) (107.4387517125571,2619.499427883641) (107.4387517125571,2645.499427883641) (108.438751712557,2645.499427883641) (108.438751712557,2671.499427883641) (109.438751712557,2671.499427883641) (109.438751712557,2697.499427883641) (110.4387517125569,2697.499427883641) (110.4387517125569,2723.499427883641) (111.4387517125568,2723.499427883641) (111.4387517125568,2749.499427883641) (112.4387517125568,2749.499427883641) (112.4387517125568,2775.499427883641) (113.4387517125567,2775.499427883641) (113.4387517125567,2801.499427883641) (114.4387517125567,2801.499427883641) (114.4387517125567,2827.499427883641) (115.4387517125566,2827.499427883641) (115.4387517125566,2853.499427883641) (116.4387517125566,2853.499427883641) (116.4387517125566,2879.499427883641) (117.4387517125565,2879.499427883641) (117.4387517125565,2905.499427883641) (118.4387517125564,2905.499427883641) (118.4387517125564,2931.499427883641) (119.4387517125564,2931.499427883641) (119.4387517125564,2957.499427883641) (120.4387517125563,2957.499427883641) (120.4387517125563,2983.499427883641) (121.4387517125563,2983.499427883641) (121.4387517125563,3009.499427883641) (122.4387517125562,3009.499427883641) (122.4387517125562,3035.499427883641) (123.4387517125562,3035.499427883641) (123.4387517125562,3061.499427883641) (124.4387517125561,3061.499427883641) (124.4387517125561,3087.499427883641) (125.438751712556,3087.499427883641) (125.438751712556,3113.499427883641) (126.438751712556,3113.499427883641) (126.438751712556,3139.499427883641) (127.4387517125559,3139.499427883641) (127.4387517125559,3165.499427883641) (128.4387517125559,3165.499427883641) (128.4387517125559,3191.499427883641) (129.438751712556,3191.499427883641) (129.438751712556,3217.499427883641) (130.438751712556,3217.499427883641) (130.438751712556,3243.499427883641) (131.4387517125561,3243.499427883641) (131.4387517125561,3269.499427883641) (132.4387517125561,3269.499427883641) (132.4387517125561,3295.499427883641) (133.4387517125562,3295.499427883641) (133.4387517125562,3321.499427883641) (134.4387517125562,3321.499427883641) (134.4387517125562,3347.499427883641) (135.4387517125563,3347.499427883641) (135.4387517125563,3373.499427883641) (136.4387517125564,3373.499427883641) (136.4387517125564,3399.499427883641) (137.4387517125564,3399.499427883641) (137.4387517125564,3425.499427883641) (138.4387517125565,3425.499427883641) (138.4387517125565,3451.499427883641) (139.4387517125565,3451.499427883641) (139.4387517125565,3477.499427883641) (140.4387517125566,3477.499427883641) (140.4387517125566,3503.499427883641) (141.4387517125566,3503.499427883641) (141.4387517125566,3529.499427883641) (142.4387517125567,3529.499427883641) (142.4387517125567,3555.499427883641) (143.4387517125568,3555.499427883641) (143.4387517125568,3581.499427883641) (144.4387517125568,3581.499427883641) (144.4387517125568,3607.499427883641) (145.4387517125569,3607.499427883641) (145.4387517125569,3633.499427883641) (146.4387517125569,3633.499427883641) (146.4387517125569,3659.499427883641) (147.438751712557,3659.499427883641) (147.438751712557,3685.499427883641) (148.438751712557,3685.499427883641) (148.438751712557,3711.499427883641) (149.4387517125571,3711.499427883641) (149.4387517125571,3737.499427883641) (150.4387517125571,3737.499427883641) (150.4387517125571,3763.499427883641) (151.4387517125572,3763.499427883641) (151.4387517125572,3789.499427883641) (152.4387517125573,3789.499427883641) (152.4387517125573,3815.499427883641) (153.4387517125573,3815.499427883641) (153.4387517125573,3841.499427883641) (154.4387517125574,3841.499427883641) (154.4387517125574,3867.499427883641) (155.4387517125574,3867.499427883641) (155.4387517125574,3893.499427883641) (156.4387517125575,3893.499427883641) (156.4387517125575,3919.499427883641) (157.4387517125575,3919.499427883641) (157.4387517125575,3945.499427883641) (158.4387517125576,3945.499427883641) (158.4387517125576,3971.499427883641) (159.4387517125577,3971.499427883641) (159.4387517125577,3997.499427883641) (160.4387517125577,3997.499427883641) (160.4387517125577,4023.499427883641) (161.4387517125578,4023.499427883641) (161.4387517125578,4049.499427883641) (162.4387517125578,4049.499427883641) (162.4387517125578,4075.499427883641) (163.4387517125579,4075.499427883641) (163.4387517125579,4101.49942788364) (164.4387517125579,4101.49942788364) (164.4387517125579,4127.49942788364) (165.438751712558,4127.49942788364) (165.438751712558,4153.49942788364) (166.4387517125581,4153.49942788364) (166.4387517125581,4179.49942788364) (167.4387517125581,4179.49942788364) (167.4387517125581,4205.49942788364) (168.4387517125582,4205.49942788364) (168.4387517125582,4231.49942788364) (169.4387517125582,4231.49942788364) (169.4387517125582,4257.49942788364) (170.4387517125583,4257.49942788364) (170.4387517125583,4283.49942788364) (171.4387517125583,4283.49942788364) (171.4387517125583,4309.49942788364) (172.6775335083133,4309.49942788364) (172.6775335083133,4334.761725317672) (174.1936496052268,4334.761725317672) (174.1936496052268,4357.375029374853) (175.9925067844001,4357.375029374853) (175.9925067844001,4371.80338971305) (178.1282144276936,4371.80338971305) (178.1282144276936,4380.472858151295) (180.4365128865983,4380.472858151295) (180.4365128865983,4385.010512952947) (182.8626529343446,4385.010512952947) (182.8626529343446,4388.172157803916) (185.3313541623673,4388.172157803916) (185.3313541623673,4390.428283375573) (187.8287211978952,4390.428283375573) (187.8287211978952,4391.835488330516) (190.353186360348,4391.835488330516) (190.353186360348,4392.871718959358) (192.8900241984698,4392.871718959358) (192.8900241984698,4393.515439372457) (195.4399794185461,4393.515439372457) (195.4399794185461,4394.057268921059) (197.9899346386223,4394.057268921059) (197.9899346386223,4394.599098469662) (200.5398898586985,4394.599098469662) (200.5398898586985,4395.140928018264) (203.0898450787747,4395.140928018264) (203.0898450787747,4395.682757566867) (205.6398002988509,4395.682757566867) (205.6398002988509,4396.224587115469) (208.1897555189271,4396.224587115469) (208.1897555189271,4396.766416664072) (210.7397107390033,4396.766416664072) (210.7397107390033,4397.308246212675) (213.2896659590795,4397.308246212675) (213.2896659590795,4397.850075761278) (215.8396211791558,4397.850075761278) (215.8396211791558,4398.391905309881) (218.389576399232,4398.391905309881) (218.389576399232,4398.933734858484) (220.9395316193082,4398.933734858484) (220.9395316193082,4399.475564407086) (223.4894868393844,4399.475564407086) (223.4894868393844,4400.01739395569) (226.0394420594607,4400.01739395569) (226.0394420594607,4400.559223504292) (228.5893972795369,4400.559223504292) (228.5893972795369,4400.840201776819) (700,4400.840201776819)
robPositionY[0]:
[0]: (0,0) (0,163.5) (2,163.5) (2,188.9679078844919) (10.36172713831375,188.9679078844919) (10.36172713831375,188.479046668909) (11.38053060079698,188.479046668909) (11.38053060079698,187.9901854533262) (12.39933406328023,187.9901854533262) (12.39933406328023,187.5013242377433) (13.39933406328023,187.5013242377433) (13.39933406328023,187.0124630221605) (14.39933406328023,187.0124630221605) (14.39933406328023,186.5236018065776) (15.39933406328023,186.5236018065776) (15.39933406328023,186.0347405909947) (16.39933406328023,186.0347405909947) (16.39933406328023,185.5458793754118) (17.39933406328023,185.5458793754118) (17.39933406328023,185.0570181598289) (18.39933406328023,185.0570181598289) (18.39933406328023,184.568156944246) (19.39933406328023,184.568156944246) (19.39933406328023,184.0792957286631) (20.39933406328023,184.0792957286631) (20.39933406328023,183.5904345130803) (21.39933406328023,183.5904345130803) (21.39933406328023,183.1015732974974) (22.39933406328023,183.1015732974974) (22.39933406328023,182.6127120819145) (23.39933406328023,182.6127120819145) (23.39933406328023,182.1238508663316) (24.39933406328023,182.1238508663316) (24.39933406328023,181.6349896507487) (25.39933406328023,181.6349896507487) (25.39933406328023,181.1461284351658) (26.39933406328024,181.1461284351658) (26.39933406328024,180.6572672195829) (27.39933406328024,180.6572672195829) (27.39933406328024,180.168406004) (28.39933406328024,180.168406004) (28.39933406328024,179.6795447884172) (29.39933406328024,179.6795447884172) (29.39933406328024,179.1906835728343) (30.39933406328024,179.1906835728343) (30.39933406328024,178.7018223572514) (31.39933406328024,178.7018223572514) (31.39933406328024,178.2129611416685) (32.39933406328023,178.2129611416685) (32.39933406328023,177.7240999260856) (33.3993340632802,177.7240999260856) (33.3993340632802,177.2352387105027) (34.39933406328017,177.2352387105027) (34.39933406328017,176.7463774949198) (35.39933406328014,176.7463774949198) (35.39933406328014,176.257516279337) (36.39933406328012,176.257516279337) (36.39933406328012,175.7686550637541) (37.39933406328008,175.7686550637541) (37.39933406328008,175.2797938481712) (38.39933406328004,175.2797938481712) (38.39933406328004,174.7909326325883) (39.39933406328001,174.7909326325883) (39.39933406328001,174.3020714170054) (40.39933406327997,174.3020714170054) (40.39933406327997,173.8132102014225) (41.39933406327994,173.8132102014225) (41.39933406327994,173.3243489858396) (42.39933406327991,173.3243489858396) (42.39933406327991,172.8354877702567) (43.39933406327988,172.8354877702567) (43.39933406327988,172.3466265546739) (44.39933406327992,172.3466265546739) (44.39933406327992,171.857765339091) (45.39933406327995,171.857765339091) (45.39933406327995,171.3689041235081) (46.39933406327999,171.3689041235081) (46.39933406327999,170.8800429079252) (47.39933406328002,170.8800429079252) (47.39933406328002,170.3911816923423) (48.39933406328004,170.3911816923423) (48.39933406328004,169.9023204767594) (49.39933406328007,169.9023204767594) (49.39933406328007,169.4134592611765) (50.3993340632801,169.4134592611765) (50.3993340632801,168.9245980455937) (51.39933406328013,168.9245980455937) (51.39933406328013,168.4357368300108) (52.39933406328016,168.4357368300108) (52.39933406328016,167.9468756144279) (53.3993340632802,167.9468756144279) (53.3993340632802,167.458014398845) (54.39933406328024,167.458014398845) (54.39933406328024,166.9691531832621) (55.39933406328027,166.9691531832621) (55.39933406328027,166.4802919676792) (56.39933406328031,166.4802919676792) (56.39933406328031,165.9914307520963) (57.39933406328034,165.9914307520963) (57.39933406328034,165.5025695365134) (58.39933406328036,165.5025695365134) (58.39933406328036,165.0137083209306) (59.39933406328039,165.0137083209306) (59.39933406328039,164.5248471053477) (60.41206492013958,164.5248471053477) (60.41206492013958,164.1938537681208) (61.4206841378188,164.1938537681208) (61.4206841378188,163.969756883213) (62.42651957858672,163.969756883213) (62.42651957858672,163.8180362843253) (63.43047030963502,163.8180362843253) (63.43047030963502,163.7153175442811) (64.43314504205519,163.7153175442811) (64.43314504205519,163.6457745842783) (65.43495589337743,163.6457745842783) (65.43495589337743,163.5986924756321) (66.43618187808566,163.5986924756321) (66.43618187808566,163.566816881204) (67.43701189553565,163.566816881204) (67.43701189553565,163.545236429983) (68.4375738347654,163.545236429983) (68.4375738347654,163.5306260107791) (69.43795427939874,163.5306260107791) (69.43795427939874,163.5207344505516) (70.43821184838195,163.5207344505516) (70.43821184838195,163.5140376570627) (71.4383862279756,163.5140376570627) (71.4383862279756,163.5095037876518) (72.43850428660988,163.5095037876518) (72.43850428660988,163.5064342631685) (73.43858421477725,163.5064342631685) (73.43858421477725,163.5043561308182) (74.43863832781834,163.5043561308182) (74.43863832781834,163.5029491917491) (75.43867496347997,163.5029491917491) (75.43867496347997,163.5019966645455) (76.43869976659143,163.5019966645455) (76.43869976659143,163.5013517836466) (77.43871655881829,163.5013517836466) (77.43871655881829,163.5009151857469) (78.43872792749605,163.5009151857469) (78.43872792749605,163.5006196001235) (79.43873562433161,163.5006196001235) (79.43873562433161,163.5004194823974) (80.4387408352444,163.5004194823974) (80.4387408352444,163.5002839986634) (81.43874436313949,163.5002839986634) (81.43874436313949,163.5001922733894) (82.43874675160545,163.5001922733894) (82.43874675160545,163.5001301732726) (83.43874836863887,163.5001301732726) (83.43874836863887,163.5000881304022) (84.43874946344326,163.5000881304022) (84.43874946344326,163.5000596654866) (85.43875020461684,163.5000596654866) (85.43875020461684,163.5000403949721) (86.43875070641214,163.5000403949721) (86.43875070641214,163.5000273482928) (87.43875104621084,163.5000273482928) (87.43875104621084,163.5000185135251) (88.43875127657715,163.5000185135251) (88.43875127657715,163.5000125239997) (89.4387514314345,163.5000125239997) (89.4387514314345,163.5000084977071) (90.43875153574257,163.5000084977071) (90.43875153574257,163.5000057856957) (91.43875160874299,163.5000057856957) (91.43875160874299,163.5000038876832) (92.43875165816449,163.5000038876832) (92.43875165816449,163.5000026027226) (93.43875169148444,163.5000026027226) (93.43875169148444,163.5000017364024) (94.4387517125578,163.5000017364024) (94.4387517125578,163.5000011884933) (95.43875171255775,163.5000011884933) (95.43875171255775,163.5000006405843) (172.6775335083133,163.5000006405843) (172.6775335083133,169.6494988603188) (174.1936496052268,169.6494988603188) (174.1936496052268,182.4806515605829) (175.9925067844001,182.4806515605829) (175.9925067844001,204.1098544573876) (178.1282144276936,204.1098544573876) (178.1282144276936,228.6218987825405) (180.4365128865983,228.6218987825405) (180.4365128865983,254.2228692504944) (182.8626529343446,254.2228692504944) (182.8626529343446,280.0299225855101) (185.3313541623673,280.0299225855101) (185.3313541623673,305.9318510350467) (187.8287211978952,305.9318510350467) (187.8287211978952,331.8937418408948) (190.353186360348,331.8937418408948) (190.353186360348,357.873084135954) (192.8900241984698,357.873084135954) (192.8900241984698,383.8651141457428) (195.4399794185461,383.8651141457428) (195.4399794185461,409.8594677776426) (197.9899346386223,409.8594677776426) (197.9899346386223,435.8538214095424) (200.5398898586985,435.8538214095424) (200.5398898586985,461.8481750414421) (203.0898450787747,461.8481750414421) (203.0898450787747,487.8425286733419) (205.6398002988509,487.8425286733419) (205.6398002988509,513.8368823052417) (208.1897555189271,513.8368823052417) (208.1897555189271,539.8312359371415) (210.7397107390033,539.8312359371415) (210.7397107390033,565.8255895690413) (213.2896659590795,565.8255895690413) (213.2896659590795,591.8199432009411) (215.8396211791558,591.8199432009411) (215.8396211791558,617.8142968328409) (218.389576399232,617.8142968328409) (218.389576399232,643.8086504647407) (220.9395316193082,643.8086504647407) (220.9395316193082,669.8030040966405) (223.4894868393844,669.8030040966405) (223.4894868393844,695.7973577285403) (226.0394420594607,695.7973577285403) (226.0394420594607,721.7917113604401) (228.5893972795369,721.7917113604401) (228.5893972795369,735.2716860088356) (700,735.2716860088356)
batteryCharge[0]:
[0]: (0,100) (700,100)
user_guided_transport.end:
[0]: (0,0) (230.5893972795359,0) (230.5893972795359,1) (700,1)
[2K
Verifying formula 5 at /nta/queries/query[5]/formula
 -- Formula: simulate[<=700]{robot_inventory[0][0], user_guided_transport.end*2}
[2K -- Formula is satisfied.
robot_inventory[0][0]:
[0]: (0,0) (11.75776339353237,0) (11.75776339353237,1) (700,1)
user_guided_transport.end * 2:
[0]: (0,0) (234.9854335347554,0) (234.9854335347554,2) (700,2)
[2K
Verifying formula 6 at /nta/queries/query[6]/formula
 -- Formula: simulate[<=700]{bedroom[0], bedroom[1], kitchen[0], kitchen[1]}
[2K -- Formula is satisfied.
bedroom[0]:
[0]: (0,100) (700,100)
bedroom[1]:
[0]: (0,200) (700,200)
kitchen[0]:
[0]: (0,4400) (700,4400)
kitchen[1]:
[0]: (0,765) (700,765)
[2K
Verifying formula 7 at /nta/queries/query[7]/formula
 -- Formula: simulate[<=700]{rm_1.idle, rf_1.idle, rp_1.idle, rd_1.idle}
[2K -- Formula is satisfied.
rm_1.idle:
[0]: (0,0) (0,1) (0,0) (3,0) (3,1) (700,1)
rf_1.idle:
[0]: (0,0) (0,1) (11.95748955263147,1) (11.95748955263147,0) (234.1851596938542,0) (234.1851596938542,1) (700,1)
rp_1.idle:
[0]: (0,0) (0,1) (2,1) (2,0) (11.95748955263147,0) (11.95748955263147,1) (700,1)
rd_1.idle:
[0]: (0,0) (0,1) (700,1)
[2K
Verifying formula 8 at /nta/queries/query[8]/formula
 -- Formula: Pr[<=700](<>!rm_1.idle || !rf_1.idle || !rp_1.idle || !rd_1.idle)
[2K -- Formula is satisfied.
(72/72 runs) Pr(<> …) in [0.950056,1] (95% CI)
Values in [0,0] mean=0 steps=2.22045e-16: 72
[2K
Verifying formula 9 at /nta/queries/query[9]/formula
 -- Formula: Pr[<=700]([] (user_guided_transport.end imply (rm_1.idle && rf_1.idle && rp_1.idle && rd_1.idle)))
 -- Throughput: 598829 runs/sec, Load: 332 runs[K
[2K -- Formula is satisfied.
(72/72 runs) Pr([] …) in [0.950056,1] (95% CI)
[2K
Verifying formula 10 at /nta/queries/query[10]/formula
 -- Formula: Pr[<=700] (<> pow(humanPositionX[0] - kitchen[0], 2) + pow(humanPositionY[0] - kitchen[1], 2) <= 900 )
[2K -- Formula is satisfied.
(88/89 runs) Pr(<> …) in [0.938982,0.999716] (95% CI)
Values in [192.04,196.935] mean=194.419 steps=0.489483: 16 7 6 3 15 5 8 11 9 8
[2K
Verifying formula 11 at /nta/queries/query[11]/formula
 -- Formula: Pr[<=700] (<> pow(humanPositionX[0] - bedroom[0], 2) + pow(humanPositionY[0] - bedroom[1], 2) <= 900 )
[2K -- Formula is satisfied.
(72/72 runs) Pr(<> …) in [0.950056,1] (95% CI)
Values in [1,1] mean=1 steps=2.22045e-16: 72
[2K
Verifying formula 12 at /nta/queries/query[12]/formula
 -- Formula: Pr[<=700] (<> pow(robPositionX[0] - bedroom[0], 2) + pow(robPositionY[0] - bedroom[1], 2) <= 900 )
[2K -- Formula is satisfied.
(72/72 runs) Pr(<> …) in [0.950056,1] (95% CI)
Values in [2,2] mean=2 steps=2.22045e-16: 72
[2K
Verifying formula 13 at /nta/queries/query[13]/formula
 -- Formula: Pr[<=700] (<> !isValidPosition(humanPositionX[0], humanPositionY[0]))
[2K -- Formula is satisfied.
(72/72 runs) Pr(<> …) in [0.950056,1] (95% CI)
Values in [0,0] mean=0 steps=2.22045e-16: 72
[2K
Verifying formula 14 at /nta/queries/query[14]/formula
 -- Formula: Pr[<=700] (<> !isValidPosition(robPositionX[0], robPositionY[0]))
[2K -- Formula is satisfied.
(72/72 runs) Pr(<> …) in [0.950056,1] (95% CI)
Values in [0,0] mean=0 steps=2.22045e-16: 72
[2K
Verifying formula 15 at /nta/queries/query[15]/formula
 -- Formula: Pr[<=700] (<> currP > 2)
 -- Throughput: 565671 runs/sec, Load: 335 runs[K
[2K -- Formula is satisfied.
(0/72 runs) Pr(<> …) in [0,0.0499441] (95% CI)
