Options for the verification:
  Generating no trace
  Search order is breadth first
  Using conservative space optimisation
  Seed is 1784944184
  State space representation uses minimal constraint systems with future testing
  Using HashMap + Compress integers for discrete state storage
[2K
Verifying formula 1 at /nta/queries/query[1]/formula
 -- Formula: simulate[<=700]{user_guided_transport_human1_def.s1_start, user_guided_transport_human1_def.s1_end, user_guided_transport_human1_def.s2_start, user_guided_transport_human1_def.s2_idle, user_guided_transport_human1_def.s3_start, user_guided_transport_human1_def.s3_end, user_guided_transport_human1_def.s4_start, user_guided_transport_human1_def.s4_idle, user_guided_transport.end}
[2K -- Formula is satisfied.
user_guided_transport_human1_def.s1_start:
[0]: (0,0) (0,1) (0,0) (700,0)
user_guided_transport_human1_def.s1_end:
[0]: (0,0) (1,0) (1,1) (2,1) (2,0) (700,0)
user_guided_transport_human1_def.s2_start:
[0]: (0,0) (2,0) (2,1) (2,0) (700,0)
user_guided_transport_human1_def.s2_idle:
[0]: (0,0) (2,0) (2,1) (10.2560212801748,1) (10.2560212801748,0) (700,0)
user_guided_transport_human1_def.s3_start:
[0]: (0,0) (10.2560212801748,0) (10.2560212801748,1) (10.2560212801748,0) (15.25602128017482,0) (15.25602128017482,1) (15.25602128017482,0) (20.25602128017482,0) (20.25602128017482,1) (20.25602128017482,0) (25.25602128017482,0) (25.25602128017482,1) (25.25602128017482,0) (30.25602128017482,0) (30.25602128017482,1) (30.25602128017482,0) (35.25602128017494,0) (35.25602128017494,1) (35.25602128017494,0) (40.25602128017512,0) (40.25602128017512,1) (40.25602128017512,0) (45.25602128017515,0) (45.25602128017515,1) (45.25602128017515,0) (50.25602128017518,0) (50.25602128017518,1) (50.25602128017518,0) (55.25602128017518,0) (55.25602128017518,1) (55.25602128017518,0) (60.25602128017518,0) (60.25602128017518,1) (60.25602128017518,0) (65.25602128017509,0) (65.25602128017509,1) (65.25602128017509,0) (70.25602128017474,0) (70.25602128017474,1) (70.25602128017474,0) (75.25602128017438,0) (75.25602128017438,1) (75.25602128017438,0) (80.25602128017402,0) (80.25602128017402,1) (80.25602128017402,0) (85.25602128017367,0) (85.25602128017367,1) (85.25602128017367,0) (90.25602128017331,0) (90.25602128017331,1) (90.25602128017331,0) (95.25602128017296,0) (95.25602128017296,1) (95.25602128017296,0) (100.2560212801726,0) (100.2560212801726,1) (100.2560212801726,0) (105.2560212801722,0) (105.2560212801722,1) (105.2560212801722,0) (110.2560212801719,0) (110.2560212801719,1) (110.2560212801719,0) (115.2560212801715,0) (115.2560212801715,1) (115.2560212801715,0) (120.2560212801712,0) (120.2560212801712,1) (120.2560212801712,0) (125.2560212801708,0) (125.2560212801708,1) (125.2560212801708,0) (130.2560212801708,0) (130.2560212801708,1) (130.2560212801708,0) (135.2560212801712,0) (135.2560212801712,1) (135.2560212801712,0) (140.2560212801716,0) (140.2560212801716,1) (140.2560212801716,0) (145.256021280172,0) (145.256021280172,1) (145.256021280172,0) (150.2560212801724,0) (150.2560212801724,1) (150.2560212801724,0) (155.2560212801728,0) (155.2560212801728,1) (155.2560212801728,0) (160.2560212801732,0) (160.2560212801732,1) (160.2560212801732,0) (165.2560212801736,0) (165.2560212801736,1) (165.2560212801736,0) (170.256021280174,0) (170.256021280174,1) (170.256021280174,0) (175.2560212801744,0) (175.2560212801744,1) (175.2560212801744,0) (180.2560212801748,0) (180.2560212801748,1) (180.2560212801748,0) (185.2560212801752,0) (185.2560212801752,1) (185.2560212801752,0) (190.2560212801756,0) (190.2560212801756,1) (190.2560212801756,0) (195.256021280176,0) (195.256021280176,1) (195.256021280176,0) (700,0)
user_guided_transport_human1_def.s3_end:
[0]: (0,0) (195.256021280176,0) (195.256021280176,1) (195.256021280176,0) (700,0)
user_guided_transport_human1_def.s4_start:
[0]: (0,0) (195.256021280176,0) (195.256021280176,1) (195.256021280176,0) (700,0)
user_guided_transport_human1_def.s4_idle:
[0]: (0,0) (195.256021280176,0) (195.256021280176,1) (424.7705267985062,1) (424.7705267985062,0) (700,0)
user_guided_transport.end:
[0]: (0,0) (426.7705267985053,0) (426.7705267985053,1) (700,1)
[2K
Verifying formula 2 at /nta/queries/query[2]/formula
 -- Formula: simulate[<=700]{user_guided_transport_robot1_def.s1_start, user_guided_transport_robot1_def.s1_end, user_guided_transport_robot1_def.s2_start, user_guided_transport_robot1_def.s2_end, user_guided_transport_robot1_def.s3_start, user_guided_transport_robot1_def.s3_idle, user_guided_transport_robot1_def.s4_start, user_guided_transport_robot1_def.s4_end, user_guided_transport.end}
[2K -- Formula is satisfied.
user_guided_transport_robot1_def.s1_start:
[0]: (0,0) (0,1) (0,0) (700,0)
user_guided_transport_robot1_def.s1_end:
[0]: (0,0) (2,0) (2,1) (2,0) (700,0)
user_guided_transport_robot1_def.s2_start:
[0]: (0,0) (2,0) (2,1) (2,0) (700,0)
user_guided_transport_robot1_def.s2_end:
[0]: (0,0) (9.427811875582725,0) (9.427811875582725,1) (9.427811875582725,0) (700,0)
user_guided_transport_robot1_def.s3_start:
[0]: (0,0) (9.427811875582725,0) (9.427811875582725,1) (9.427811875582725,0) (700,0)
user_guided_transport_robot1_def.s3_idle:
[0]: (0,0) (9.427811875582725,0) (9.427811875582725,1) (194.4278118755852,1) (194.4278118755852,0) (700,0)
user_guided_transport_robot1_def.s4_start:
[0]: (0,0) (194.4278118755852,0) (194.4278118755852,1) (194.4278118755852,0) (700,0)
user_guided_transport_robot1_def.s4_end:
[0]: (0,0) (423.9423173938981,0) (423.9423173938981,1) (423.9423173938981,0) (700,0)
user_guided_transport.end:
[0]: (0,0) (425.9423173938972,0) (425.9423173938972,1) (700,1)
[2K
Verifying formula 3 at /nta/queries/query[3]/formula
 -- Formula: Pr[<=700] (<> user_guided_transport.end)
 -- Throughput: 190531 runs/sec, Load: 339 runs[K
[2K -- Formula is satisfied.
(72/72 runs) Pr(<> …) in [0.950056,1] (95% CI)
Values in [423.527,428.485] mean=426.031 steps=0.550897: 7 11 4 12 6 7 6 9 10
[2K
Verifying formula 4 at /nta/queries/query[4]/formula
 -- Formula: simulate[<=700]{humanPositionX[0], humanPositionY[0], robPositionX[0], robPositionY[0], batteryCharge[0], user_guided_transport.end}
[2K -- Formula is satisfied.
humanPositionX[0]:
[0]: (0,0) (0,92.5) (1,92.5) (1,97.73313175708738) (9.704189840686441,97.73313175708738) (9.704189840686441,123.7285354798977) (10.70418984068644,123.7285354798977) (10.70418984068644,149.723939202708) (11.70418984068644,149.723939202708) (11.70418984068644,175.7193429255182) (12.70418984068644,175.7193429255182) (12.70418984068644,201.7147466483285) (13.70418984068643,201.7147466483285) (13.70418984068643,227.7101503711388) (14.70418984068642,227.7101503711388) (14.70418984068642,253.7055540939491) (15.70418984068641,253.7055540939491) (15.70418984068641,279.7009578167594) (16.70418984068641,279.7009578167594) (16.70418984068641,305.6963615395697) (17.7041898406864,305.6963615395697) (17.7041898406864,331.69176526238) (18.70418984068639,331.69176526238) (18.70418984068639,357.6871689851903) (19.70418984068638,357.6871689851903) (19.70418984068638,383.6825727080006) (20.70418984068637,383.6825727080006) (20.70418984068637,409.6779764308109) (21.70418984068635,409.6779764308109) (21.70418984068635,435.6733801536212) (22.70418984068634,435.6733801536212) (22.70418984068634,461.6687838764315) (23.70418984068632,461.6687838764315) (23.70418984068632,487.6641875992418) (24.70418984068631,487.6641875992418) (24.70418984068631,513.6595913220521) (25.70418984068629,513.6595913220521) (25.70418984068629,539.6549950448623) (26.70418984068628,539.6549950448623) (26.70418984068628,565.6503987676725) (27.70418984068627,565.6503987676725) (27.70418984068627,591.6458024904828) (28.70418984068625,591.6458024904828) (28.70418984068625,617.641206213293) (29.70418984068623,617.641206213293) (29.70418984068623,643.6366099361032) (30.70418984068622,643.6366099361032) (30.70418984068622,669.6320136589135) (31.7041898406862,669.6320136589135) (31.7041898406862,695.6274173817237) (32.70418984068621,695.6274173817237) (32.70418984068621,721.622821104534) (33.70418984068623,721.622821104534) (33.70418984068623,747.6182248273442) (34.70418984068625,747.6182248273442) (34.70418984068625,773.6136285501544) (35.70418984068627,773.6136285501544) (35.70418984068627,799.6090322729647) (36.70418984068629,799.6090322729647) (36.70418984068629,825.6044359957749) (37.70418984068631,825.6044359957749) (37.70418984068631,851.5998397185851) (38.70418984068633,851.5998397185851) (38.70418984068633,877.5952434413954) (39.70418984068635,877.5952434413954) (39.70418984068635,903.5906471642056) (40.70418984068637,903.5906471642056) (40.70418984068637,929.5860508870159) (41.70418984068636,929.5860508870159) (41.70418984068636,955.5814546098261) (42.70418984068635,955.5814546098261) (42.70418984068635,981.5768583326363) (43.70418984068633,981.5768583326363) (43.70418984068633,1007.572262055447) (44.70418984068634,1007.572262055447) (44.70418984068634,1033.567665778257) (45.70418984068635,1033.567665778257) (45.70418984068635,1059.563069501067) (46.70418984068635,1059.563069501067) (46.70418984068635,1085.558473223878) (47.70418984068636,1085.558473223878) (47.70418984068636,1111.553876946688) (48.70418984068636,1111.553876946688) (48.70418984068636,1137.549280669498) (49.70418984068636,1137.549280669498) (49.70418984068636,1163.544684392309) (50.70418984068636,1163.544684392309) (50.70418984068636,1189.540088115119) (51.70418984068636,1189.540088115119) (51.70418984068636,1215.535491837929) (52.70418984068636,1215.535491837929) (52.70418984068636,1241.53089556074) (53.70418984068636,1241.53089556074) (53.70418984068636,1267.52629928355) (54.70418984068636,1267.52629928355) (54.70418984068636,1293.52170300636) (55.70418984068636,1293.52170300636) (55.70418984068636,1319.517106729171) (56.70418984068636,1319.517106729171) (56.70418984068636,1345.512510451981) (57.70418984068636,1345.512510451981) (57.70418984068636,1371.507914174791) (58.70418984068636,1371.507914174791) (58.70418984068636,1397.503317897602) (59.70418984068636,1397.503317897602) (59.70418984068636,1423.498721620412) (60.70418984068636,1423.498721620412) (60.70418984068636,1478) (61.70418984068636,1478) (61.70418984068636,1504) (62.70418984068636,1504) (62.70418984068636,1530) (63.70418984068636,1530) (63.70418984068636,1556) (64.70418984068631,1556) (64.70418984068631,1582) (65.70418984068624,1582) (65.70418984068624,1608) (66.70418984068617,1608) (66.70418984068617,1634) (67.7041898406861,1634) (67.7041898406861,1660) (68.70418984068603,1660) (68.70418984068603,1686) (69.70418984068596,1686) (69.70418984068596,1712) (70.70418984068588,1712) (70.70418984068588,1738) (71.70418984068581,1738) (71.70418984068581,1764) (72.70418984068574,1764) (72.70418984068574,1790) (73.70418984068567,1790) (73.70418984068567,1816) (74.7041898406856,1816) (74.7041898406856,1842) (75.70418984068553,1842) (75.70418984068553,1868) (76.70418984068546,1868) (76.70418984068546,1894) (77.70418984068539,1894) (77.70418984068539,1920) (78.70418984068532,1920) (78.70418984068532,1946) (79.70418984068525,1946) (79.70418984068525,1972) (80.70418984068517,1972) (80.70418984068517,1998) (81.7041898406851,1998) (81.7041898406851,2024) (82.70418984068503,2024) (82.70418984068503,2050) (83.70418984068496,2050) (83.70418984068496,2076) (84.70418984068489,2076) (84.70418984068489,2102) (85.70418984068482,2102) (85.70418984068482,2128) (86.70418984068475,2128) (86.70418984068475,2154) (87.70418984068468,2154) (87.70418984068468,2180) (88.70418984068461,2180) (88.70418984068461,2206) (89.70418984068453,2206) (89.70418984068453,2232) (90.70418984068446,2232) (90.70418984068446,2258) (91.70418984068439,2258) (91.70418984068439,2284) (92.70418984068432,2284) (92.70418984068432,2310) (93.70418984068425,2310) (93.70418984068425,2336) (94.70418984068418,2336) (94.70418984068418,2362) (95.70418984068411,2362) (95.70418984068411,2388) (96.70418984068404,2388) (96.70418984068404,2414) (97.70418984068397,2414) (97.70418984068397,2440) (98.7041898406839,2440) (98.7041898406839,2466) (99.70418984068382,2466) (99.70418984068382,2492) (100.7041898406838,2492) (100.7041898406838,2518) (101.7041898406837,2518) (101.7041898406837,2544) (102.7041898406836,2544) (102.7041898406836,2570) (103.7041898406835,2570) (103.7041898406835,2596) (104.7041898406835,2596) (104.7041898406835,2622) (105.7041898406834,2622) (105.7041898406834,2648) (106.7041898406833,2648) (106.7041898406833,2674) (107.7041898406833,2674) (107.7041898406833,2700) (108.7041898406832,2700) (108.7041898406832,2726) (109.7041898406831,2726) (109.7041898406831,2752) (110.704189840683,2752) (110.704189840683,2778) (111.704189840683,2778) (111.704189840683,2804) (112.7041898406829,2804) (112.7041898406829,2830) (113.7041898406828,2830) (113.7041898406828,2856) (114.7041898406828,2856) (114.7041898406828,2882) (115.7041898406827,2882) (115.7041898406827,2908) (116.7041898406826,2908) (116.7041898406826,2934) (117.7041898406825,2934) (117.7041898406825,2960) (118.7041898406825,2960) (118.7041898406825,2986) (119.7041898406824,2986) (119.7041898406824,3012) (120.7041898406823,3012) (120.7041898406823,3038) (121.7041898406823,3038) (121.7041898406823,3088.5) (122.7041898406822,3088.5) (122.7041898406822,3114.5) (123.7041898406821,3114.5) (123.7041898406821,3140.5) (124.704189840682,3140.5) (124.704189840682,3166.5) (125.704189840682,3166.5) (125.704189840682,3192.5) (126.7041898406819,3192.5) (126.7041898406819,3218.5) (127.7041898406818,3218.5) (127.7041898406818,3244.5) (128.7041898406819,3244.5) (128.7041898406819,3270.5) (129.7041898406819,3270.5) (129.7041898406819,3296.5) (130.704189840682,3296.5) (130.704189840682,3322.5) (131.7041898406821,3322.5) (131.7041898406821,3348.5) (132.7041898406822,3348.5) (132.7041898406822,3374.5) (133.7041898406823,3374.5) (133.7041898406823,3400.5) (134.7041898406823,3400.5) (134.7041898406823,3426.5) (135.7041898406824,3426.5) (135.7041898406824,3452.5) (136.7041898406825,3452.5) (136.7041898406825,3478.5) (137.7041898406826,3478.5) (137.7041898406826,3504.5) (138.7041898406827,3504.5) (138.7041898406827,3530.5) (139.7041898406827,3530.5) (139.7041898406827,3556.5) (140.7041898406828,3556.5) (140.7041898406828,3582.5) (141.7041898406829,3582.5) (141.7041898406829,3608.5) (142.704189840683,3608.5) (142.704189840683,3634.5) (143.7041898406831,3634.5) (143.7041898406831,3660.5) (144.7041898406831,3660.5) (144.7041898406831,3686.5) (145.7041898406832,3686.5) (145.7041898406832,3712.5) (146.7041898406833,3712.5) (146.7041898406833,3738.5) (147.7041898406834,3738.5) (147.7041898406834,3764.5) (148.7041898406835,3764.5) (148.7041898406835,3790.5) (149.7041898406835,3790.5) (149.7041898406835,3816.5) (150.7041898406836,3816.5) (150.7041898406836,3842.5) (151.7041898406837,3842.5) (151.7041898406837,3868.5) (152.7041898406838,3868.5) (152.7041898406838,3894.5) (153.7041898406839,3894.5) (153.7041898406839,3920.5) (154.7041898406839,3920.5) (154.7041898406839,3946.5) (155.704189840684,3946.5) (155.704189840684,3972.5) (156.7041898406841,3972.5) (156.7041898406841,3998.5) (157.7041898406842,3998.5) (157.7041898406842,4024.5) (158.7041898406843,4024.5) (158.7041898406843,4050.5) (159.7041898406843,4050.5) (159.7041898406843,4076.5) (160.7041898406844,4076.5) (160.7041898406844,4102.5) (161.7041898406845,4102.5) (161.7041898406845,4128.5) (162.7041898406846,4128.5) (162.7041898406846,4154.5) (163.7041898406846,4154.5) (163.7041898406846,4180.5) (164.7041898406847,4180.5) (164.7041898406847,4206.5) (165.7041898406848,4206.5) (165.7041898406848,4232.5) (166.7041898406849,4232.5) (166.7041898406849,4258.5) (167.704189840685,4258.5) (167.704189840685,4284.5) (168.704189840685,4284.5) (168.704189840685,4310.5) (169.7041898406851,4310.5) (169.7041898406851,4336.5) (170.7041898406852,4336.5) (170.7041898406852,4362.5) (171.7041898406853,4362.5) (171.7041898406853,4388.5) (172.7041898406854,4388.5) (172.7041898406854,4416.265463717128) (173.7041898406854,4416.265463717128) (173.7041898406854,4415.530927434256) (174.7041898406855,4415.530927434256) (174.7041898406855,4414.796391151384) (175.7041898406856,4414.796391151384) (175.7041898406856,4414.061854868512) (176.7041898406857,4414.061854868512) (176.7041898406857,4413.327318585641) (177.7041898406858,4413.327318585641) (177.7041898406858,4412.592782302769) (178.7041898406858,4412.592782302769) (178.7041898406858,4411.858246019897) (179.7041898406859,4411.858246019897) (179.7041898406859,4411.123709737025) (180.704189840686,4411.123709737025) (180.704189840686,4410.389173454153) (181.7041898406861,4410.389173454153) (181.7041898406861,4409.654637171281) (182.7041898406862,4409.654637171281) (182.7041898406862,4408.920100888409) (183.7041898406862,4408.920100888409) (183.7041898406862,4408.185564605537) (184.7041898406863,4408.185564605537) (184.7041898406863,4407.451028322665) (185.7041898406864,4407.451028322665) (185.7041898406864,4406.716492039794) (186.7041898406865,4406.716492039794) (186.7041898406865,4405.981955756922) (187.7041898406866,4405.981955756922) (187.7041898406866,4405.24741947405) (188.7041898406866,4405.24741947405) (188.7041898406866,4404.512883191178) (189.7041898406867,4404.512883191178) (189.7041898406867,4403.778346908306) (190.7041898406868,4403.778346908306) (190.7041898406868,4403.043810625434) (191.7041898406869,4403.043810625434) (191.7041898406869,4402.309274342562) (192.704189840687,4402.309274342562) (192.704189840687,4401.57473805969) (193.704189840687,4401.57473805969) (193.704189840687,4400.840201776819) (700,4400.840201776819)
humanPositionY[0]:
[0]: (0,0) (0,163.5) (1,163.5) (1,188.9679078844919) (9.704189840686441,188.9679078844919) (9.704189840686441,188.479046668909) (10.70418984068644,188.479046668909) (10.70418984068644,187.9901854533261) (11.70418984068644,187.9901854533261) (11.70418984068644,187.5013242377432) (12.70418984068644,187.5013242377432) (12.70418984068644,187.0124630221603) (13.70418984068643,187.0124630221603) (13.70418984068643,186.5236018065774) (14.70418984068642,186.5236018065774) (14.70418984068642,186.0347405909945) (15.70418984068641,186.0347405909945) (15.70418984068641,185.5458793754117) (16.70418984068641,185.5458793754117) (16.70418984068641,185.0570181598288) (17.7041898406864,185.0570181598288) (17.7041898406864,184.5681569442459) (18.70418984068639,184.5681569442459) (18.70418984068639,184.079295728663) (19.70418984068638,184.079295728663) (19.70418984068638,183.5904345130801) (20.70418984068637,183.5904345130801) (20.70418984068637,183.1015732974972) (21.70418984068635,183.1015732974972) (21.70418984068635,182.6127120819143) (22.70418984068634,182.6127120819143) (22.70418984068634,182.1238508663315) (23.70418984068632,182.1238508663315) (23.70418984068632,181.6349896507486) (24.70418984068631,181.6349896507486) (24.70418984068631,181.1461284351657) (25.70418984068629,181.1461284351657) (25.70418984068629,180.6572672195828) (26.70418984068628,180.6572672195828) (26.70418984068628,180.1684060039999) (27.70418984068627,180.1684060039999) (27.70418984068627,179.679544788417) (28.70418984068625,179.679544788417) (28.70418984068625,179.1906835728341) (29.70418984068623,179.1906835728341) (29.70418984068623,178.7018223572512) (30.70418984068622,178.7018223572512) (30.70418984068622,178.2129611416684) (31.7041898406862,178.2129611416684) (31.7041898406862,177.7240999260855) (32.70418984068621,177.7240999260855) (32.70418984068621,177.2352387105026) (33.70418984068623,177.2352387105026) (33.70418984068623,176.7463774949197) (34.70418984068625,176.7463774949197) (34.70418984068625,176.2575162793368) (35.70418984068627,176.2575162793368) (35.70418984068627,175.7686550637539) (36.70418984068629,175.7686550637539) (36.70418984068629,175.279793848171) (37.70418984068631,175.279793848171) (37.70418984068631,174.7909326325882) (38.70418984068633,174.7909326325882) (38.70418984068633,174.3020714170053) (39.70418984068635,174.3020714170053) (39.70418984068635,173.8132102014224) (40.70418984068637,173.8132102014224) (40.70418984068637,173.3243489858395) (41.70418984068636,173.3243489858395) (41.70418984068636,172.8354877702566) (42.70418984068635,172.8354877702566) (42.70418984068635,172.3466265546737) (43.70418984068633,172.3466265546737) (43.70418984068633,171.8577653390908) (44.70418984068634,171.8577653390908) (44.70418984068634,171.3689041235079) (45.70418984068635,171.3689041235079) (45.70418984068635,170.8800429079251) (46.70418984068635,170.8800429079251) (46.70418984068635,170.3911816923422) (47.70418984068636,170.3911816923422) (47.70418984068636,169.9023204767593) (48.70418984068636,169.9023204767593) (48.70418984068636,169.4134592611764) (49.70418984068636,169.4134592611764) (49.70418984068636,168.9245980455935) (50.70418984068636,168.9245980455935) (50.70418984068636,168.4357368300106) (51.70418984068636,168.4357368300106) (51.70418984068636,167.9468756144277) (52.70418984068636,167.9468756144277) (52.70418984068636,167.4580143988449) (53.70418984068636,167.4580143988449) (53.70418984068636,166.969153183262) (54.70418984068636,166.969153183262) (54.70418984068636,166.4802919676791) (55.70418984068636,166.4802919676791) (55.70418984068636,165.9914307520962) (56.70418984068636,165.9914307520962) (56.70418984068636,165.5025695365133) (57.70418984068636,165.5025695365133) (57.70418984068636,165.0137083209304) (58.70418984068636,165.0137083209304) (58.70418984068636,164.5248471053475) (59.70418984068636,164.5248471053475) (59.70418984068636,164.0359858897646) (60.70418984068636,164.0359858897646) (60.70418984068636,163.5) (172.7041898406854,163.5) (172.7041898406854,189.4896220913107) (173.7041898406854,189.4896220913107) (173.7041898406854,215.4792441826214) (174.7041898406855,215.4792441826214) (174.7041898406855,241.4688662739321) (175.7041898406856,241.4688662739321) (175.7041898406856,267.4584883652428) (176.7041898406857,267.4584883652428) (176.7041898406857,293.4481104565535) (177.7041898406858,293.4481104565535) (177.7041898406858,319.4377325478642) (178.7041898406858,319.4377325478642) (178.7041898406858,345.427354639175) (179.7041898406859,345.427354639175) (179.7041898406859,371.4169767304857) (180.704189840686,371.4169767304857) (180.704189840686,397.4065988217964) (181.7041898406861,397.4065988217964) (181.7041898406861,423.3962209131071) (182.7041898406862,423.3962209131071) (182.7041898406862,449.3858430044178) (183.7041898406862,449.3858430044178) (183.7041898406862,475.3754650957285) (184.7041898406863,475.3754650957285) (184.7041898406863,501.3650871870392) (185.7041898406864,501.3650871870392) (185.7041898406864,527.3547092783499) (186.7041898406865,527.3547092783499) (186.7041898406865,553.3443313696606) (187.7041898406866,553.3443313696606) (187.7041898406866,579.3339534609713) (188.7041898406866,579.3339534609713) (188.7041898406866,605.323575552282) (189.7041898406867,605.323575552282) (189.7041898406867,631.3131976435927) (190.7041898406868,631.3131976435927) (190.7041898406868,657.3028197349034) (191.7041898406869,657.3028197349034) (191.7041898406869,683.2924418262141) (192.704189840687,683.2924418262141) (192.704189840687,709.2820639175249) (193.704189840687,709.2820639175249) (193.704189840687,735.2716860088356) (700,735.2716860088356)
robPositionX[0]:
[0]: (0,0) (0,92.5) (2,92.5) (2,97.73313175708738) (195.7041898406862,97.73313175708738) (195.7041898406862,123.7285354798977) (196.7229933031694,123.7285354798977) (196.7229933031694,149.723939202708) (197.7229933031694,149.723939202708) (197.7229933031694,175.7193429255182) (198.7417967656527,175.7193429255182) (198.7417967656527,201.7147466483285) (199.7417967656527,201.7147466483285) (199.7417967656527,227.7101503711388) (200.7606002281359,227.7101503711388) (200.7606002281359,253.7055540939491) (201.7794036906191,253.7055540939491) (201.7794036906191,279.7009578167594) (202.7982071531023,279.7009578167594) (202.7982071531023,305.6963615395697) (203.8170106155855,305.6963615395697) (203.8170106155855,331.69176526238) (204.8170106155854,331.69176526238) (204.8170106155854,357.6871689851903) (205.8358140780686,357.6871689851903) (205.8358140780686,383.6825727080006) (206.8546175405517,383.6825727080006) (206.8546175405517,409.6779764308109) (207.8734210030349,409.6779764308109) (207.8734210030349,435.6733801536212) (208.8922244655181,435.6733801536212) (208.8922244655181,461.6687838764315) (209.9110279280013,461.6687838764315) (209.9110279280013,487.6641875992418) (210.9298313904844,487.6641875992418) (210.9298313904844,513.6595913220521) (211.9486348529676,513.6595913220521) (211.9486348529676,539.6549950448623) (212.9486348529676,539.6549950448623) (212.9486348529676,565.6503987676725) (213.9486348529675,565.6503987676725) (213.9486348529675,591.6458024904828) (214.9674383154507,591.6458024904828) (214.9674383154507,617.641206213293) (215.9674383154506,617.641206213293) (215.9674383154506,643.6366099361032) (216.9862417779338,643.6366099361032) (216.9862417779338,669.6320136589135) (218.005045240417,669.6320136589135) (218.005045240417,695.6274173817237) (219.0238487029002,695.6274173817237) (219.0238487029002,721.622821104534) (220.0238487029001,721.622821104534) (220.0238487029001,747.6182248273442) (221.0238487029,747.6182248273442) (221.0238487029,773.6136285501544) (222.0238487029,773.6136285501544) (222.0238487029,799.6090322729647) (223.0426521653831,799.6090322729647) (223.0426521653831,825.6044359957749) (224.0614556278663,825.6044359957749) (224.0614556278663,851.5998397185851) (225.0802590903495,851.5998397185851) (225.0802590903495,877.5952434413954) (226.0990625528327,877.5952434413954) (226.0990625528327,903.5906471642056) (227.1178660153159,903.5906471642056) (227.1178660153159,929.5860508870159) (228.136669477799,929.5860508870159) (228.136669477799,955.5814546098261) (229.1554729402822,955.5814546098261) (229.1554729402822,981.5768583326363) (230.1742764027654,981.5768583326363) (230.1742764027654,1007.572262055447) (231.1742764027653,1007.572262055447) (231.1742764027653,1033.567665778257) (232.1742764027653,1033.567665778257) (232.1742764027653,1059.563069501067) (233.1742764027652,1059.563069501067) (233.1742764027652,1085.558473223878) (234.1742764027652,1085.558473223878) (234.1742764027652,1111.553876946688) (235.1742764027651,1111.553876946688) (235.1742764027651,1137.549280669498) (236.1930798652483,1137.549280669498) (236.1930798652483,1163.544684392309) (237.1930798652482,1163.544684392309) (237.1930798652482,1189.540088115119) (238.2118833277313,1189.540088115119) (238.2118833277313,1215.535491837929) (239.2306867902145,1215.535491837929) (239.2306867902145,1241.53089556074) (240.2494902526977,1241.53089556074) (240.2494902526977,1267.52629928355) (241.2682937151809,1267.52629928355) (241.2682937151809,1293.52170300636) (242.2682937151808,1293.52170300636) (242.2682937151808,1319.517106729171) (243.287097177664,1319.517106729171) (243.287097177664,1345.512510451981) (244.2870971776639,1345.512510451981) (244.2870971776639,1371.507914174791) (246.7236933500711,1371.507914174791) (246.7236933500711,1374.986654373684) (247.723693350071,1374.986654373684) (247.723693350071,1378.465394572576) (248.7236933500709,1378.465394572576) (248.7236933500709,1381.944134771469) (249.7236933500708,1381.944134771469) (249.7236933500708,1385.422874970361) (250.7236933500707,1385.422874970361) (250.7236933500707,1388.901615169254) (253.160289522478,1388.901615169254) (253.160289522478,1392.380355368146) (254.2534916901245,1392.380355368146) (254.2534916901245,1418.267510717711) (255.346693857771,1418.267510717711) (255.346693857771,1444.154666067276) (256.3466938577709,1444.154666067276) (256.3466938577709,1470.041821416841) (257.3466938577708,1470.041821416841) (257.3466938577708,1495.928976766406) (258.3466938577707,1495.928976766406) (258.3466938577707,1521.816132115971) (259.4398960254172,1521.816132115971) (259.4398960254172,1547.703287465537) (260.5330981930637,1547.703287465537) (260.5330981930637,1573.590442815102) (261.5330981930636,1573.590442815102) (261.5330981930636,1599.477598164667) (262.6263003607101,1599.477598164667) (262.6263003607101,1625.364753514232) (263.7195025283566,1625.364753514232) (263.7195025283566,1651.251908863797) (264.7195025283565,1651.251908863797) (264.7195025283565,1677.139064213362) (265.8127046960033,1677.139064213362) (265.8127046960033,1703.026219562927) (266.90590686365,1703.026219562927) (266.90590686365,1728.913374912492) (267.9059068636502,1728.913374912492) (267.9059068636502,1754.800530262057) (268.999109031297,1754.800530262057) (268.999109031297,1780.687685611622) (270.0923111989438,1780.687685611622) (270.0923111989438,1806.574840961187) (271.092311198944,1806.574840961187) (271.092311198944,1832.461996310753) (272.1855133665908,1832.461996310753) (272.1855133665908,1858.349151660318) (273.2787155342376,1858.349151660318) (273.2787155342376,1884.236307009883) (274.2787155342378,1884.236307009883) (274.2787155342378,1910.123462359448) (275.3719177018845,1910.123462359448) (275.3719177018845,1936.010617709013) (276.4651198695313,1936.010617709013) (276.4651198695313,1961.897773058578) (277.558322037178,1961.897773058578) (277.558322037178,1987.784928408143) (278.6515242048248,1987.784928408143) (278.6515242048248,2013.672083757708) (279.7447263724716,2013.672083757708) (279.7447263724716,2039.559239107273) (280.8379285401184,2039.559239107273) (280.8379285401184,2065.446394456838) (281.9311307077652,2065.446394456838) (281.9311307077652,2091.333549806403) (283.0243328754119,2091.333549806403) (283.0243328754119,2117.220705155969) (284.0243328754121,2117.220705155969) (284.0243328754121,2143.107860505534) (285.1175350430589,2143.107860505534) (285.1175350430589,2168.995015855099) (286.2107372107056,2168.995015855099) (286.2107372107056,2194.882171204664) (287.2107372107059,2194.882171204664) (287.2107372107059,2220.769326554229) (288.3039393783527,2220.769326554229) (288.3039393783527,2246.656481903794) (289.3971415459994,2246.656481903794) (289.3971415459994,2272.543637253359) (290.3971415459997,2272.543637253359) (290.3971415459997,2298.430792602924) (291.4903437136464,2298.430792602924) (291.4903437136464,2324.317947952489) (292.5835458812932,2324.317947952489) (292.5835458812932,2350.205103302054) (293.5835458812934,2350.205103302054) (293.5835458812934,2376.092258651619) (294.5835458812936,2376.092258651619) (294.5835458812936,2401.979414001185) (295.6767480489403,2401.979414001185) (295.6767480489403,2427.86656935075) (296.7699502165871,2427.86656935075) (296.7699502165871,2453.753724700315) (297.7699502165872,2453.753724700315) (297.7699502165872,2479.64088004988) (298.863152384234,2479.64088004988) (298.863152384234,2505.528035399445) (299.9563545518807,2505.528035399445) (299.9563545518807,2531.41519074901) (300.9563545518808,2531.41519074901) (300.9563545518808,2557.302346098575) (301.956354551881,2557.302346098575) (301.956354551881,2583.18950144814) (303.0495567195278,2583.18950144814) (303.0495567195278,2609.076656797705) (304.1427588871745,2609.076656797705) (304.1427588871745,2634.96381214727) (305.1427588871747,2634.96381214727) (305.1427588871747,2660.850967496835) (306.1427588871749,2660.850967496835) (306.1427588871749,2686.738122846401) (307.142758887175,2686.738122846401) (307.142758887175,2712.625278195966) (308.2359610548218,2712.625278195966) (308.2359610548218,2738.512433545531) (309.3291632224685,2738.512433545531) (309.3291632224685,2764.399588895096) (310.3291632224687,2764.399588895096) (310.3291632224687,2790.286744244661) (311.4223653901154,2790.286744244661) (311.4223653901154,2816.173899594226) (312.5155675577622,2816.173899594226) (312.5155675577622,2842.061054943791) (313.608769725409,2842.061054943791) (313.608769725409,2867.948210293356) (314.7019718930558,2867.948210293356) (314.7019718930558,2893.835365642921) (315.7951740607025,2893.835365642921) (315.7951740607025,2919.722520992486) (316.8883762283493,2919.722520992486) (316.8883762283493,2945.609676342051) (317.8883762283495,2945.609676342051) (317.8883762283495,2971.496831691617) (318.8942608499341,2971.496831691617) (318.8942608499341,2997.49638151889) (319.9001454715188,2997.49638151889) (319.9001454715188,3023.495931346164) (320.9060300931035,3023.495931346164) (320.9060300931035,3049.495481173438) (321.9060300931037,3049.495481173438) (321.9060300931037,3075.495031000712) (322.9119147146884,3075.495031000712) (322.9119147146884,3101.494580827985) (323.9119147146885,3101.494580827985) (323.9119147146885,3127.494130655259) (324.9119147146887,3127.494130655259) (324.9119147146887,3153.493680482533) (325.9177993362733,3153.493680482533) (325.9177993362733,3179.493230309807) (326.9177993362736,3179.493230309807) (326.9177993362736,3205.49278013708) (327.9177993362738,3205.49278013708) (327.9177993362738,3231.492329964354) (328.9236839578585,3231.492329964354) (328.9236839578585,3257.491879791628) (329.9236839578587,3257.491879791628) (329.9236839578587,3283.491429618902) (330.9295685794433,3283.491429618902) (330.9295685794433,3309.490979446176) (331.9295685794435,3309.490979446176) (331.9295685794435,3335.490529273449) (332.9295685794436,3335.490529273449) (332.9295685794436,3361.490079100723) (333.9354532010283,3361.490079100723) (333.9354532010283,3387.489628927997) (334.9354532010286,3387.489628927997) (334.9354532010286,3413.489178755271) (335.9413378226132,3413.489178755271) (335.9413378226132,3439.488728582544) (336.9472224441979,3439.488728582544) (336.9472224441979,3465.488278409818) (337.9531070657825,3465.488278409818) (337.9531070657825,3491.487828237092) (338.9531070657828,3491.487828237092) (338.9531070657828,3517.487378064366) (339.9589916873674,3517.487378064366) (339.9589916873674,3543.486927891639) (340.9589916873676,3543.486927891639) (340.9589916873676,3569.486477718913) (341.9589916873678,3569.486477718913) (341.9589916873678,3595.486027546187) (342.9589916873679,3595.486027546187) (342.9589916873679,3621.485577373461) (343.9648763089526,3621.485577373461) (343.9648763089526,3647.485127200734) (344.9707609305372,3647.485127200734) (344.9707609305372,3673.484677028008) (345.9707609305374,3673.484677028008) (345.9707609305374,3699.484226855282) (346.976645552122,3699.484226855282) (346.976645552122,3725.483776682556) (347.9825301737067,3725.483776682556) (347.9825301737067,3751.48332650983) (348.9825301737069,3751.48332650983) (348.9825301737069,3777.482876337103) (349.9884147952915,3777.482876337103) (349.9884147952915,3803.482426164377) (350.9942994168762,3803.482426164377) (350.9942994168762,3829.481975991651) (352.0001840384608,3829.481975991651) (352.0001840384608,3855.481525818925) (353.000184038461,3855.481525818925) (353.000184038461,3881.481075646198) (354.0060686600457,3881.481075646198) (354.0060686600457,3907.480625473472) (355.0119532816304,3907.480625473472) (355.0119532816304,3933.480175300746) (356.0119532816306,3933.480175300746) (356.0119532816306,3959.47972512802) (357.0178379032153,3959.47972512802) (357.0178379032153,3985.479274955293) (358.0237225247999,3985.479274955293) (358.0237225247999,4011.478824782567) (359.0296071463846,4011.478824782567) (359.0296071463846,4037.478374609841) (360.0354917679693,4037.478374609841) (360.0354917679693,4063.477924437115) (361.041376389554,4063.477924437115) (361.041376389554,4089.477474264389) (362.0472610111386,4089.477474264389) (362.0472610111386,4115.477024091662) (363.0531456327233,4115.477024091662) (363.0531456327233,4141.476573918936) (364.0590302543079,4141.476573918936) (364.0590302543079,4167.47612374621) (365.059030254308,4167.47612374621) (365.059030254308,4193.475673573484) (366.0590302543082,4193.475673573484) (366.0590302543082,4219.475223400757) (367.0590302543084,4219.475223400757) (367.0590302543084,4245.474773228031) (368.0590302543085,4245.474773228031) (368.0590302543085,4271.474323055305) (369.0590302543087,4271.474323055305) (369.0590302543087,4297.473872882579) (370.0590302543089,4297.473872882579) (370.0590302543089,4323.473422709852) (372.495204783104,4323.473422709852) (372.495204783104,4326.963026763519) (374.9313793118991,4326.963026763519) (374.9313793118991,4330.452630817186) (375.9313793118994,4330.452630817186) (375.9313793118994,4333.942234870853) (378.3675538406944,4333.942234870853) (378.3675538406944,4337.43183892452) (379.3675538406946,4337.43183892452) (379.3675538406946,4340.921442978187) (381.8037283694897,4340.921442978187) (381.8037283694897,4344.411047031854) (384.2399028982848,4344.411047031854) (384.2399028982848,4347.900651085521) (386.6760774270799,4347.900651085521) (386.6760774270799,4351.390255139188) (389.112251955875,4351.390255139188) (389.112251955875,4354.879859192854) (391.5484264846701,4354.879859192854) (391.5484264846701,4358.369463246521) (393.9846010134652,4358.369463246521) (393.9846010134652,4361.859067300188) (396.4207755422603,4361.859067300188) (396.4207755422603,4365.348671353855) (398.8569500710554,4365.348671353855) (398.8569500710554,4368.838275407522) (401.2931245998505,4368.838275407522) (401.2931245998505,4372.327879461189) (403.7292991286457,4372.327879461189) (403.7292991286457,4375.817483514856) (406.1654736574407,4375.817483514856) (406.1654736574407,4379.307087568523) (408.6016481862358,4379.307087568523) (408.6016481862358,4382.796691622189) (411.037822715031,4382.796691622189) (411.037822715031,4386.286295675856) (413.4739972438261,4386.286295675856) (413.4739972438261,4389.775899729522) (415.9101717726213,4389.775899729522) (415.9101717726213,4393.265503783189) (418.3463463014165,4393.265503783189) (418.3463463014165,4396.755107836855) (420.7825208302115,4396.755107836855) (420.7825208302115,4400.244711890522) (423.2186953590067,4400.244711890522) (423.2186953590067,4400.840201776819) (700,4400.840201776819)
robPositionY[0]:
[0]: (0,0) (0,163.5) (2,163.5) (2,188.9679078844919) (195.7041898406862,188.9679078844919) (195.7041898406862,188.479046668909) (196.7229933031694,188.479046668909) (196.7229933031694,187.9901854533262) (197.7229933031694,187.9901854533262) (197.7229933031694,187.5013242377435) (198.7417967656527,187.5013242377435) (198.7417967656527,187.0124630221606) (199.7417967656527,187.0124630221606) (199.7417967656527,186.5236018065777) (200.7606002281359,186.5236018065777) (200.7606002281359,186.034740590995) (201.7794036906191,186.034740590995) (201.7794036906191,185.5458793754121) (202.7982071531023,185.5458793754121) (202.7982071531023,185.0570181598295) (203.8170106155855,185.0570181598295) (203.8170106155855,184.5681569442468) (204.8170106155854,184.5681569442468) (204.8170106155854,184.079295728664) (205.8358140780686,184.079295728664) (205.8358140780686,183.5904345130811) (206.8546175405517,183.5904345130811) (206.8546175405517,183.1015732974986) (207.8734210030349,183.1015732974986) (207.8734210030349,182.6127120819158) (208.8922244655181,182.6127120819158) (208.8922244655181,182.1238508663329) (209.9110279280013,182.1238508663329) (209.9110279280013,181.6349896507502) (210.9298313904844,181.6349896507502) (210.9298313904844,181.1461284351673) (211.9486348529676,181.1461284351673) (211.9486348529676,180.6572672195846) (212.9486348529676,180.6572672195846) (212.9486348529676,180.1684060040018) (213.9486348529675,180.1684060040018) (213.9486348529675,179.6795447884191) (214.9674383154507,179.6795447884191) (214.9674383154507,179.1906835728362) (215.9674383154506,179.1906835728362) (215.9674383154506,178.7018223572533) (216.9862417779338,178.7018223572533) (216.9862417779338,178.2129611416705) (218.005045240417,178.2129611416705) (218.005045240417,177.7240999260877) (219.0238487029002,177.7240999260877) (219.0238487029002,177.2352387105049) (220.0238487029001,177.2352387105049) (220.0238487029001,176.7463774949222) (221.0238487029,176.7463774949222) (221.0238487029,176.2575162793394) (222.0238487029,176.2575162793394) (222.0238487029,175.7686550637567) (223.0426521653831,175.7686550637567) (223.0426521653831,175.2797938481738) (224.0614556278663,175.2797938481738) (224.0614556278663,174.7909326325911) (225.0802590903495,174.7909326325911) (225.0802590903495,174.3020714170082) (226.0990625528327,174.3020714170082) (226.0990625528327,173.8132102014254) (227.1178660153159,173.8132102014254) (227.1178660153159,173.3243489858428) (228.136669477799,173.3243489858428) (228.136669477799,172.8354877702601) (229.1554729402822,172.8354877702601) (229.1554729402822,172.3466265546772) (230.1742764027654,172.3466265546772) (230.1742764027654,171.8577653390945) (231.1742764027653,171.8577653390945) (231.1742764027653,171.3689041235117) (232.1742764027653,171.3689041235117) (232.1742764027653,170.880042907929) (233.1742764027652,170.880042907929) (233.1742764027652,170.3911816923462) (234.1742764027652,170.3911816923462) (234.1742764027652,169.9023204767635) (235.1742764027651,169.9023204767635) (235.1742764027651,169.4134592611807) (236.1930798652483,169.4134592611807) (236.1930798652483,168.9245980455979) (237.1930798652482,168.9245980455979) (237.1930798652482,168.435736830015) (238.2118833277313,168.435736830015) (238.2118833277313,167.9468756144324) (239.2306867902145,167.9468756144324) (239.2306867902145,167.4580143988497) (240.2494902526977,167.4580143988497) (240.2494902526977,166.9691531832668) (241.2682937151809,166.9691531832668) (241.2682937151809,166.480291967684) (242.2682937151808,166.480291967684) (242.2682937151808,165.9914307521013) (243.287097177664,165.9914307521013) (243.287097177664,165.5025695365184) (244.2870971776639,165.5025695365184) (244.2870971776639,165.0137083209355) (246.7236933500711,165.0137083209355) (246.7236933500711,190.7799336290518) (247.723693350071,190.7799336290518) (247.723693350071,216.546158937168) (248.7236933500709,216.546158937168) (248.7236933500709,242.3123842452842) (249.7236933500708,242.3123842452842) (249.7236933500708,268.0786095534005) (250.7236933500707,268.0786095534005) (250.7236933500707,293.8448348615167) (253.160289522478,293.8448348615167) (253.160289522478,319.611060169633) (254.2534916901245,319.611060169633) (254.2534916901245,317.1913106149312) (255.346693857771,317.1913106149312) (255.346693857771,314.7715610602295) (256.3466938577709,314.7715610602295) (256.3466938577709,312.3518115055277) (257.3466938577708,312.3518115055277) (257.3466938577708,309.932061950826) (258.3466938577707,309.932061950826) (258.3466938577707,307.5123123961242) (259.4398960254172,307.5123123961242) (259.4398960254172,305.0925628414225) (260.5330981930637,305.0925628414225) (260.5330981930637,302.6728132867207) (261.5330981930636,302.6728132867207) (261.5330981930636,300.253063732019) (262.6263003607101,300.253063732019) (262.6263003607101,297.8333141773172) (263.7195025283566,297.8333141773172) (263.7195025283566,295.4135646226154) (264.7195025283565,295.4135646226154) (264.7195025283565,292.9938150679137) (265.8127046960033,292.9938150679137) (265.8127046960033,290.5740655132119) (266.90590686365,290.5740655132119) (266.90590686365,288.1543159585102) (267.9059068636502,288.1543159585102) (267.9059068636502,285.7345664038084) (268.999109031297,285.7345664038084) (268.999109031297,283.3148168491066) (270.0923111989438,283.3148168491066) (270.0923111989438,280.8950672944048) (271.092311198944,280.8950672944048) (271.092311198944,278.4753177397031) (272.1855133665908,278.4753177397031) (272.1855133665908,276.0555681850013) (273.2787155342376,276.0555681850013) (273.2787155342376,273.6358186302995) (274.2787155342378,273.6358186302995) (274.2787155342378,271.2160690755978) (275.3719177018845,271.2160690755978) (275.3719177018845,268.796319520896) (276.4651198695313,268.796319520896) (276.4651198695313,266.3765699661942) (277.558322037178,266.3765699661942) (277.558322037178,263.9568204114925) (278.6515242048248,263.9568204114925) (278.6515242048248,261.5370708567906) (279.7447263724716,261.5370708567906) (279.7447263724716,259.1173213020889) (280.8379285401184,259.1173213020889) (280.8379285401184,256.6975717473871) (281.9311307077652,256.6975717473871) (281.9311307077652,254.2778221926853) (283.0243328754119,254.2778221926853) (283.0243328754119,251.8580726379836) (284.0243328754121,251.8580726379836) (284.0243328754121,249.4383230832818) (285.1175350430589,249.4383230832818) (285.1175350430589,247.01857352858) (286.2107372107056,247.01857352858) (286.2107372107056,244.5988239738783) (287.2107372107059,244.5988239738783) (287.2107372107059,242.1790744191765) (288.3039393783527,242.1790744191765) (288.3039393783527,239.7593248644748) (289.3971415459994,239.7593248644748) (289.3971415459994,237.339575309773) (290.3971415459997,237.339575309773) (290.3971415459997,234.9198257550713) (291.4903437136464,234.9198257550713) (291.4903437136464,232.5000762003694) (292.5835458812932,232.5000762003694) (292.5835458812932,230.0803266456677) (293.5835458812934,230.0803266456677) (293.5835458812934,227.6605770909659) (294.5835458812936,227.6605770909659) (294.5835458812936,225.2408275362642) (295.6767480489403,225.2408275362642) (295.6767480489403,222.8210779815625) (296.7699502165871,222.8210779815625) (296.7699502165871,220.4013284268607) (297.7699502165872,220.4013284268607) (297.7699502165872,217.9815788721589) (298.863152384234,217.9815788721589) (298.863152384234,215.5618293174572) (299.9563545518807,215.5618293174572) (299.9563545518807,213.1420797627554) (300.9563545518808,213.1420797627554) (300.9563545518808,210.7223302080537) (301.956354551881,210.7223302080537) (301.956354551881,208.3025806533519) (303.0495567195278,208.3025806533519) (303.0495567195278,205.8828310986502) (304.1427588871745,205.8828310986502) (304.1427588871745,203.4630815439484) (305.1427588871747,203.4630815439484) (305.1427588871747,201.0433319892467) (306.1427588871749,201.0433319892467) (306.1427588871749,198.6235824345449) (307.142758887175,198.6235824345449) (307.142758887175,196.2038328798432) (308.2359610548218,196.2038328798432) (308.2359610548218,193.7840833251414) (309.3291632224685,193.7840833251414) (309.3291632224685,191.3643337704397) (310.3291632224687,191.3643337704397) (310.3291632224687,188.9445842157379) (311.4223653901154,188.9445842157379) (311.4223653901154,186.5248346610361) (312.5155675577622,186.5248346610361) (312.5155675577622,184.1050851063343) (313.608769725409,184.1050851063343) (313.608769725409,181.6853355516326) (314.7019718930558,181.6853355516326) (314.7019718930558,179.2655859969308) (315.7951740607025,179.2655859969308) (315.7951740607025,176.8458364422291) (316.8883762283493,176.8458364422291) (316.8883762283493,174.4260868875273) (317.8883762283495,174.4260868875273) (317.8883762283495,172.0063373328256) (318.8942608499341,172.0063373328256) (318.8942608499341,171.8533380546641) (319.9001454715188,171.8533380546641) (319.9001454715188,171.7003387765016) (320.9060300931035,171.7003387765016) (320.9060300931035,171.5473394983395) (321.9060300931037,171.5473394983395) (321.9060300931037,171.3943402201775) (322.9119147146884,171.3943402201775) (322.9119147146884,171.241340942015) (323.9119147146885,171.241340942015) (323.9119147146885,171.0883416638525) (324.9119147146887,171.0883416638525) (324.9119147146887,170.93534238569) (325.9177993362733,170.93534238569) (325.9177993362733,170.782343107528) (326.9177993362736,170.782343107528) (326.9177993362736,170.629343829366) (327.9177993362738,170.629343829366) (327.9177993362738,170.476344551204) (328.9236839578585,170.476344551204) (328.9236839578585,170.3233452730415) (329.9236839578587,170.3233452730415) (329.9236839578587,170.170345994879) (330.9295685794433,170.170345994879) (330.9295685794433,170.017346716717) (331.9295685794435,170.017346716717) (331.9295685794435,169.864347438555) (332.9295685794436,169.864347438555) (332.9295685794436,169.711348160393) (333.9354532010283,169.711348160393) (333.9354532010283,169.5583488822305) (334.9354532010286,169.5583488822305) (334.9354532010286,169.405349604068) (335.9413378226132,169.405349604068) (335.9413378226132,169.252350325906) (336.9472224441979,169.252350325906) (336.9472224441979,169.0993510477435) (337.9531070657825,169.0993510477435) (337.9531070657825,168.9463517695814) (338.9531070657828,168.9463517695814) (338.9531070657828,168.7933524914194) (339.9589916873674,168.7933524914194) (339.9589916873674,168.6403532132569) (340.9589916873676,168.6403532132569) (340.9589916873676,168.4873539350944) (341.9589916873678,168.4873539350944) (341.9589916873678,168.3343546569319) (342.9589916873679,168.3343546569319) (342.9589916873679,168.1813553787694) (343.9648763089526,168.1813553787694) (343.9648763089526,168.0283561006074) (344.9707609305372,168.0283561006074) (344.9707609305372,167.8753568224449) (345.9707609305374,167.8753568224449) (345.9707609305374,167.7223575442824) (346.976645552122,167.7223575442824) (346.976645552122,167.5693582661204) (347.9825301737067,167.5693582661204) (347.9825301737067,167.4163589879579) (348.9825301737069,167.4163589879579) (348.9825301737069,167.2633597097954) (349.9884147952915,167.2633597097954) (349.9884147952915,167.1103604316334) (350.9942994168762,167.1103604316334) (350.9942994168762,166.9573611534709) (352.0001840384608,166.9573611534709) (352.0001840384608,166.8043618753089) (353.000184038461,166.8043618753089) (353.000184038461,166.6513625971469) (354.0060686600457,166.6513625971469) (354.0060686600457,166.4983633189844) (355.0119532816304,166.4983633189844) (355.0119532816304,166.3453640408224) (356.0119532816306,166.3453640408224) (356.0119532816306,166.1923647626604) (357.0178379032153,166.1923647626604) (357.0178379032153,166.0393654844979) (358.0237225247999,166.0393654844979) (358.0237225247999,165.8863662063359) (359.0296071463846,165.8863662063359) (359.0296071463846,165.7333669281734) (360.0354917679693,165.7333669281734) (360.0354917679693,165.5803676500104) (361.041376389554,165.5803676500104) (361.041376389554,165.4273683718479) (362.0472610111386,165.4273683718479) (362.0472610111386,165.2743690936863) (363.0531456327233,165.2743690936863) (363.0531456327233,165.1213698155238) (364.0590302543079,165.1213698155238) (364.0590302543079,164.9683705373618) (365.059030254308,164.9683705373618) (365.059030254308,164.8153712591998) (366.0590302543082,164.8153712591998) (366.0590302543082,164.6623719810378) (367.0590302543084,164.6623719810378) (367.0590302543084,164.5093727028758) (368.0590302543085,164.5093727028758) (368.0590302543085,164.3563734247138) (369.0590302543087,164.3563734247138) (369.0590302543087,164.2033741465518) (370.0590302543089,164.2033741465518) (370.0590302543089,164.0503748683898) (372.495204783104,164.0503748683898) (372.495204783104,189.8151310975613) (374.9313793118991,189.8151310975613) (374.9313793118991,215.5798873267328) (375.9313793118994,215.5798873267328) (375.9313793118994,241.3446435559043) (378.3675538406944,241.3446435559043) (378.3675538406944,267.1093997850758) (379.3675538406946,267.1093997850758) (379.3675538406946,292.8741560142473) (381.8037283694897,292.8741560142473) (381.8037283694897,318.6389122434188) (384.2399028982848,318.6389122434188) (384.2399028982848,344.4036684725903) (386.6760774270799,344.4036684725903) (386.6760774270799,370.1684247017618) (389.112251955875,370.1684247017618) (389.112251955875,395.9331809309333) (391.5484264846701,395.9331809309333) (391.5484264846701,421.6979371601049) (393.9846010134652,421.6979371601049) (393.9846010134652,447.4626933892764) (396.4207755422603,447.4626933892764) (396.4207755422603,473.227449618448) (398.8569500710554,473.227449618448) (398.8569500710554,498.9922058476195) (401.2931245998505,498.9922058476195) (401.2931245998505,524.7569620767911) (403.7292991286457,524.7569620767911) (403.7292991286457,550.5217183059626) (406.1654736574407,550.5217183059626) (406.1654736574407,576.2864745351342) (408.6016481862358,576.2864745351342) (408.6016481862358,602.0512307643057) (411.037822715031,602.0512307643057) (411.037822715031,627.8159869934773) (413.4739972438261,627.8159869934773) (413.4739972438261,653.5807432226488) (415.9101717726213,653.5807432226488) (415.9101717726213,679.3454994518204) (418.3463463014165,679.3454994518204) (418.3463463014165,705.1102556809919) (420.7825208302115,705.1102556809919) (420.7825208302115,730.8750119101635) (423.2186953590067,730.8750119101635) (423.2186953590067,735.2716860088356) (700,735.2716860088356)
batteryCharge[0]:
[0]: (0,100) (700,100)
user_guided_transport.end:
[0]: (0,0) (425.2186953590058,0) (425.2186953590058,1) (700,1)
[2K
Verifying formula 5 at /nta/queries/query[5]/formula
 -- Formula: simulate[<=700]{robot_inventory[0][0], user_guided_transport.end*2}
[2K -- Formula is satisfied.
robot_inventory[0][0]:
[0]: (0,0) (10.58215685945877,0) (10.58215685945877,1) (700,1)
user_guided_transport.end * 2:
[0]: (0,0) (427.0966623777907,0) (427.0966623777907,2) (700,2)
[2K
Verifying formula 6 at /nta/queries/query[6]/formula
 -- Formula: simulate[<=700]{bedroom[0], bedroom[1], kitchen[0], kitchen[1]}
[2K -- Formula is satisfied.
bedroom[0]:
[0]: (0,100) (700,100)
bedroom[1]:
[0]: (0,200) (700,200)
kitchen[0]:
[0]: (0,4400) (700,4400)
kitchen[1]:
[0]: (0,765) (700,765)
[2K
Verifying formula 7 at /nta/queries/query[7]/formula
 -- Formula: simulate[<=700]{rm_1.idle, rf_1.idle, rp_1.idle, rd_1.idle}
[2K -- Formula is satisfied.
rm_1.idle:
[0]: (0,0) (0,1) (0,0) (3,0) (3,1) (700,1)
rf_1.idle:
[0]: (0,0) (0,1) (195.474880998158,1) (195.474880998158,0) (425.9893865164191,0) (425.9893865164191,1) (700,1)
rp_1.idle:
[0]: (0,0) (0,1) (2,1) (2,0) (10.4748809981558,0) (10.4748809981558,1) (700,1)
rd_1.idle:
[0]: (0,0) (0,1) (700,1)
[2K
Verifying formula 8 at /nta/queries/query[8]/formula
 -- Formula: Pr[<=700](<>!rm_1.idle || !rf_1.idle || !rp_1.idle || !rd_1.idle)
[2K -- Formula is satisfied.
(72/72 runs) Pr(<> …) in [0.950056,1] (95% CI)
Values in [0,0] mean=0 steps=2.22045e-16: 72
[2K
Verifying formula 9 at /nta/queries/query[9]/formula
 -- Formula: Pr[<=700]([] (user_guided_transport.end imply (rm_1.idle && rf_1.idle && rp_1.idle && rd_1.idle)))
 -- Throughput: 247065 runs/sec, Load: 366 runs[K
 -- Throughput: 250149 runs/sec, Load: 342 runs[K
 -- Throughput: 247148 runs/sec, Load: 318 runs[K
[2K -- Formula is satisfied.
(72/72 runs) Pr([] …) in [0.950056,1] (95% CI)
[2K
Verifying formula 10 at /nta/queries/query[10]/formula
 -- Formula: Pr[<=700] (<> pow(humanPositionX[0] - kitchen[0], 2) + pow(humanPositionY[0] - kitchen[1], 2) <= 900 )
[2K -- Formula is satisfied.
(72/72 runs) Pr(<> …) in [0.950056,1] (95% CI)
Values in [192.073,196.953] mean=194.239 steps=0.54231: 11 10 10 9 9 5 3 6 9
[2K
Verifying formula 11 at /nta/queries/query[11]/formula
 -- Formula: Pr[<=700] (<> pow(humanPositionX[0] - bedroom[0], 2) + pow(humanPositionY[0] - bedroom[1], 2) <= 900 )
[2K -- Formula is satisfied.
(72/72 runs) Pr(<> …) in [0.950056,1] (95% CI)
Values in [1,1] mean=1 steps=2.22045e-16: 72
[2K
Verifying formula 12 at /nta/queries/query[12]/formula
 -- Formula: Pr[<=700] (<> pow(robPositionX[0] - bedroom[0], 2) + pow(robPositionY[0] - bedroom[1], 2) <= 900 )
[2K -- Formula is satisfied.
(72/72 runs) Pr(<> …) in [0.950056,1] (95% CI)
Values in [2,2] mean=2 steps=2.22045e-16: 72
[2K
Verifying formula 13 at /nta/queries/query[13]/formula
 -- Formula: Pr[<=700] (<> !isValidPosition(humanPositionX[0], humanPositionY[0]))
[2K -- Formula is satisfied.
(72/72 runs) Pr(<> …) in [0.950056,1] (95% CI)
Values in [0,0] mean=0 steps=2.22045e-16: 72
[2K
Verifying formula 14 at /nta/queries/query[14]/formula
 -- Formula: Pr[<=700] (<> !isValidPosition(robPositionX[0], robPositionY[0]))
[2K -- Formula is satisfied.
(72/72 runs) Pr(<> …) in [0.950056,1] (95% CI)
Values in [0,0] mean=0 steps=2.22045e-16: 72
[2K
Verifying formula 15 at /nta/queries/query[15]/formula
 -- Formula: Pr[<=700] (<> currP > 2)
 -- Throughput: 248200 runs/sec, Load: 366 runs[K
 -- Throughput: 250852 runs/sec, Load: 341 runs[K
[2K -- Formula is satisfied.
(0/72 runs) Pr(<> …) in [0,0.0499441] (95% CI)
