Options for the verification:
  Generating no trace
  Search order is breadth first
  Using conservative space optimisation
  Seed is 1784845450
  State space representation uses minimal constraint systems with future testing
  Using HashMap + Compress integers for discrete state storage
[2K
Verifying formula 1 at /nta/queries/query[1]/formula
 -- Formula: simulate[<=700]{user_guided_transport_human1_def.s1_start, user_guided_transport_human1_def.s1_end, user_guided_transport_human1_def.s2_start, user_guided_transport_human1_def.s2_end, user_guided_transport_human1_def.s3_start, user_guided_transport_human1_def.s3_idle, user_guided_transport_human1_def.s4_start, user_guided_transport_human1_def.s4_idle, user_guided_transport_human1_def.s5_start, user_guided_transport_human1_def.s5_idle, user_guided_transport.end}
[2K -- Formula is satisfied.
user_guided_transport_human1_def.s1_start:
[0]: (0,0) (0,1) (0,0) (700,0)
user_guided_transport_human1_def.s1_end:
[0]: (0,0) (1,0) (1,1) (2,1) (2,0) (700,0)
user_guided_transport_human1_def.s2_start:
[0]: (0,0) (2,0) (2,1) (2,0) (7,0) (7,1) (7,0) (12,0) (12,1) (12,0) (17,0) (17,1) (17,0) (22,0) (22,1) (22,0) (27,0) (27,1) (27,0) (32,0) (32,1) (32,0) (37,0) (37,1) (37,0) (42,0) (42,1) (42,0) (47,0) (47,1) (47,0) (52,0) (52,1) (52,0) (57,0) (57,1) (57,0) (62,0) (62,1) (62,0) (67,0) (67,1) (67,0) (72,0) (72,1) (72,0) (77,0) (77,1) (77,0) (82,0) (82,1) (82,0) (87,0) (87,1) (87,0) (92,0) (92,1) (92,0) (97,0) (97,1) (97,0) (102,0) (102,1) (102,0) (107,0) (107,1) (107,0) (112,0) (112,1) (112,0) (117,0) (117,1) (117,0) (122,0) (122,1) (122,0) (127,0) (127,1) (127,0) (132,0) (132,1) (132,0) (137,0) (137,1) (137,0) (142,0) (142,1) (142,0) (147,0) (147,1) (147,0) (152,0) (152,1) (152,0) (157,0) (157,1) (157,0) (162,0) (162,1) (162,0) (167,0) (167,1) (167,0) (172,0) (172,1) (172,0) (177,0) (177,1) (177,0) (182,0) (182,1) (182,0) (187,0) (187,1) (187,0) (700,0)
user_guided_transport_human1_def.s2_end:
[0]: (0,0) (187,0) (187,1) (187,0) (700,0)
user_guided_transport_human1_def.s3_start:
[0]: (0,0) (187,0) (187,1) (187,0) (700,0)
user_guided_transport_human1_def.s3_idle:
[0]: (0,0) (187,0) (187,1) (416.514505518293,1) (416.514505518293,0) (700,0)
user_guided_transport_human1_def.s4_start:
[0]: (0,0) (416.514505518293,0) (416.514505518293,1) (416.514505518293,0) (700,0)
user_guided_transport_human1_def.s4_idle:
[0]: (0,0) (416.514505518293,0) (416.514505518293,1) (416.514505518293,0) (700,0)
user_guided_transport_human1_def.s5_start:
[0]: (0,0) (416.514505518293,0) (416.514505518293,1) (416.514505518293,0) (700,0)
user_guided_transport_human1_def.s5_idle:
[0]: (0,0) (416.514505518293,0) (416.514505518293,1) (421.5145055182929,1) (421.5145055182929,0) (700,0)
user_guided_transport.end:
[0]: (0,0) (423.5145055182929,0) (423.5145055182929,1) (700,1)
[2K
Verifying formula 2 at /nta/queries/query[2]/formula
 -- Formula: simulate[<=700]{user_guided_transport_robot1_def.s1_start, user_guided_transport_robot1_def.s1_end, user_guided_transport_robot1_def.s2_start, user_guided_transport_robot1_def.s2_end, user_guided_transport_robot1_def.s3_start, user_guided_transport_robot1_def.s3_end, user_guided_transport_robot1_def.s4_start, user_guided_transport_robot1_def.s4_end, user_guided_transport_robot1_def.s5_start, user_guided_transport_robot1_def.s5_end, user_guided_transport.end}
[2K -- Formula is satisfied.
user_guided_transport_robot1_def.s1_start:
[0]: (0,0) (0,1) (0,0) (700,0)
user_guided_transport_robot1_def.s1_end:
[0]: (0,0) (2,0) (2,1) (2,0) (700,0)
user_guided_transport_robot1_def.s2_start:
[0]: (0,0) (2,0) (2,1) (2,0) (700,0)
user_guided_transport_robot1_def.s2_end:
[0]: (0,0) (11.01156366546638,0) (11.01156366546638,1) (187,1) (187,0) (700,0)
user_guided_transport_robot1_def.s3_start:
[0]: (0,0) (187,0) (187,1) (187,0) (700,0)
user_guided_transport_robot1_def.s3_end:
[0]: (0,0) (416.514505518293,0) (416.514505518293,1) (416.514505518293,0) (700,0)
user_guided_transport_robot1_def.s4_start:
[0]: (0,0) (416.514505518293,0) (416.514505518293,1) (416.514505518293,0) (700,0)
user_guided_transport_robot1_def.s4_end:
[0]: (0,0) (416.514505518293,0) (416.514505518293,1) (416.514505518293,0) (700,0)
user_guided_transport_robot1_def.s5_start:
[0]: (0,0) (416.514505518293,0) (416.514505518293,1) (416.514505518293,0) (700,0)
user_guided_transport_robot1_def.s5_end:
[0]: (0,0) (421.5145055182929,0) (421.5145055182929,1) (421.5145055182929,0) (700,0)
user_guided_transport.end:
[0]: (0,0) (423.5145055182929,0) (423.5145055182929,1) (700,1)
[2K
Verifying formula 3 at /nta/queries/query[3]/formula
 -- Formula: Pr[<=700] (<> user_guided_transport.end)
[2K -- Formula is satisfied.
(72/72 runs) Pr(<> …) in [0.950056,1] (95% CI)
Values in [423.515,423.515] mean=423.515 steps=2.22045e-16: 72
[2K
Verifying formula 4 at /nta/queries/query[4]/formula
 -- Formula: simulate[<=700]{humanPositionX[0], humanPositionY[0], robPositionX[0], robPositionY[0], batteryCharge[0], user_guided_transport.end}
[2K -- Formula is satisfied.
humanPositionX[0]:
[0]: (0,0) (0,92.5) (1,92.5) (1,97.73313175708738) (3,97.73313175708738) (3,123.7285354798977) (4,123.7285354798977) (4,149.723939202708) (5,149.723939202708) (5,175.7193429255182) (6,175.7193429255182) (6,201.7147466483285) (7,201.7147466483285) (7,227.7101503711388) (8,227.7101503711388) (8,253.7055540939491) (9,253.7055540939491) (9,279.7009578167594) (10,279.7009578167594) (10,305.6963615395697) (11,305.6963615395697) (11,331.69176526238) (12,331.69176526238) (12,357.6871689851903) (13,357.6871689851903) (13,383.6825727080006) (14,383.6825727080006) (14,409.6779764308109) (15,409.6779764308109) (15,435.6733801536212) (16,435.6733801536212) (16,461.6687838764315) (17,461.6687838764315) (17,487.6641875992418) (18,487.6641875992418) (18,513.6595913220521) (19,513.6595913220521) (19,539.6549950448623) (20,539.6549950448623) (20,565.6503987676725) (21,565.6503987676725) (21,591.6458024904828) (22,591.6458024904828) (22,617.641206213293) (23,617.641206213293) (23,643.6366099361032) (24,643.6366099361032) (24,669.6320136589135) (25,669.6320136589135) (25,695.6274173817237) (26,695.6274173817237) (26,721.622821104534) (27,721.622821104534) (27,747.6182248273442) (28,747.6182248273442) (28,773.6136285501544) (29,773.6136285501544) (29,799.6090322729647) (30,799.6090322729647) (30,825.6044359957749) (31,825.6044359957749) (31,851.5998397185851) (32,851.5998397185851) (32,877.5952434413954) (33,877.5952434413954) (33,903.5906471642056) (34,903.5906471642056) (34,929.5860508870159) (35,929.5860508870159) (35,955.5814546098261) (36,955.5814546098261) (36,981.5768583326363) (37,981.5768583326363) (37,1007.572262055447) (38,1007.572262055447) (38,1033.567665778257) (39,1033.567665778257) (39,1059.563069501067) (40,1059.563069501067) (40,1085.558473223878) (41,1085.558473223878) (41,1111.553876946688) (42,1111.553876946688) (42,1137.549280669498) (43,1137.549280669498) (43,1163.544684392309) (44,1163.544684392309) (44,1189.540088115119) (45,1189.540088115119) (45,1215.535491837929) (46,1215.535491837929) (46,1241.53089556074) (47,1241.53089556074) (47,1267.52629928355) (48,1267.52629928355) (48,1293.52170300636) (49,1293.52170300636) (49,1319.517106729171) (50,1319.517106729171) (50,1345.512510451981) (51,1345.512510451981) (51,1371.507914174791) (52,1371.507914174791) (52,1397.503317897602) (53,1397.503317897602) (53,1423.498721620412) (54,1423.498721620412) (54,1478) (55,1478) (55,1504) (56,1504) (56,1530) (57,1530) (57,1556) (58,1556) (58,1582) (59,1582) (59,1608) (60,1608) (60,1634) (61,1634) (61,1660) (62,1660) (62,1686) (63,1686) (63,1712) (64,1712) (64,1738) (65,1738) (65,1764) (66,1764) (66,1790) (67,1790) (67,1816) (68,1816) (68,1842) (69,1842) (69,1868) (70,1868) (70,1894) (71,1894) (71,1920) (72,1920) (72,1946) (73,1946) (73,1972) (74,1972) (74,1998) (75,1998) (75,2024) (76,2024) (76,2050) (77,2050) (77,2076) (78,2076) (78,2102) (79,2102) (79,2128) (80,2128) (80,2154) (81,2154) (81,2180) (82,2180) (82,2206) (83,2206) (83,2232) (84,2232) (84,2258) (85,2258) (85,2284) (86,2284) (86,2310) (87,2310) (87,2336) (88,2336) (88,2362) (89,2362) (89,2388) (90,2388) (90,2414) (91,2414) (91,2440) (92,2440) (92,2466) (93,2466) (93,2492) (94,2492) (94,2518) (95,2518) (95,2544) (96,2544) (96,2570) (97,2570) (97,2596) (98,2596) (98,2622) (99,2622) (99,2648) (100,2648) (100,2674) (101,2674) (101,2700) (102,2700) (102,2726) (103,2726) (103,2752) (104,2752) (104,2778) (105,2778) (105,2804) (106,2804) (106,2830) (107,2830) (107,2856) (108,2856) (108,2882) (109,2882) (109,2908) (110,2908) (110,2934) (111,2934) (111,2960) (112,2960) (112,2986) (113,2986) (113,3012) (114,3012) (114,3038) (115,3038) (115,3088.5) (116,3088.5) (116,3114.5) (117,3114.5) (117,3140.5) (118,3140.5) (118,3166.5) (119,3166.5) (119,3192.5) (120,3192.5) (120,3218.5) (121,3218.5) (121,3244.5) (122,3244.5) (122,3270.5) (123,3270.5) (123,3296.5) (124,3296.5) (124,3322.5) (125,3322.5) (125,3348.5) (126,3348.5) (126,3374.5) (127,3374.5) (127,3400.5) (128,3400.5) (128,3426.5) (129,3426.5) (129,3452.5) (130,3452.5) (130,3478.5) (131,3478.5) (131,3504.5) (132,3504.5) (132,3530.5) (133,3530.5) (133,3556.5) (134,3556.5) (134,3582.5) (135,3582.5) (135,3608.5) (136,3608.5) (136,3634.5) (137,3634.5) (137,3660.5) (138,3660.5) (138,3686.5) (139,3686.5) (139,3712.5) (140,3712.5) (140,3738.5) (141,3738.5) (141,3764.5) (142,3764.5) (142,3790.5) (143,3790.5) (143,3816.5) (144,3816.5) (144,3842.5) (145,3842.5) (145,3868.5) (146,3868.5) (146,3894.5) (147,3894.5) (147,3920.5) (148,3920.5) (148,3946.5) (149,3946.5) (149,3972.5) (150,3972.5) (150,3998.5) (151,3998.5) (151,4024.5) (152,4024.5) (152,4050.5) (153,4050.5) (153,4076.5) (154,4076.5) (154,4102.5) (155,4102.5) (155,4128.5) (156,4128.5) (156,4154.5) (157,4154.5) (157,4180.5) (158,4180.5) (158,4206.5) (159,4206.5) (159,4232.5) (160,4232.5) (160,4258.5) (161,4258.5) (161,4284.5) (162,4284.5) (162,4310.5) (163,4310.5) (163,4336.5) (164,4336.5) (164,4362.5) (165,4362.5) (165,4388.5) (166,4388.5) (166,4416.265463717128) (167,4416.265463717128) (167,4415.530927434256) (168,4415.530927434256) (168,4414.796391151384) (169,4414.796391151384) (169,4414.061854868512) (170,4414.061854868512) (170,4413.327318585641) (171,4413.327318585641) (171,4412.592782302769) (172,4412.592782302769) (172,4411.858246019897) (173,4411.858246019897) (173,4411.123709737025) (174,4411.123709737025) (174,4410.389173454153) (175,4410.389173454153) (175,4409.654637171281) (176,4409.654637171281) (176,4408.920100888409) (177,4408.920100888409) (177,4408.185564605537) (178,4408.185564605537) (178,4407.451028322665) (179,4407.451028322665) (179,4406.716492039794) (180,4406.716492039794) (180,4405.981955756922) (181,4405.981955756922) (181,4405.24741947405) (182,4405.24741947405) (182,4404.512883191178) (183,4404.512883191178) (183,4403.778346908306) (184,4403.778346908306) (184,4403.043810625434) (185,4403.043810625434) (185,4402.309274342562) (186,4402.309274342562) (186,4401.57473805969) (187,4401.57473805969) (187,4400.840201776819) (700.000002,4400.840201776819)
humanPositionY[0]:
[0]: (0,0) (0,163.5) (1,163.5) (1,188.9679078844919) (3,188.9679078844919) (3,188.479046668909) (4,188.479046668909) (4,187.9901854533261) (5,187.9901854533261) (5,187.5013242377432) (6,187.5013242377432) (6,187.0124630221603) (7,187.0124630221603) (7,186.5236018065774) (8,186.5236018065774) (8,186.0347405909945) (9,186.0347405909945) (9,185.5458793754117) (10,185.5458793754117) (10,185.0570181598288) (11,185.0570181598288) (11,184.5681569442459) (12,184.5681569442459) (12,184.079295728663) (13,184.079295728663) (13,183.5904345130801) (14,183.5904345130801) (14,183.1015732974972) (15,183.1015732974972) (15,182.6127120819143) (16,182.6127120819143) (16,182.1238508663315) (17,182.1238508663315) (17,181.6349896507486) (18,181.6349896507486) (18,181.1461284351657) (19,181.1461284351657) (19,180.6572672195828) (20,180.6572672195828) (20,180.1684060039999) (21,180.1684060039999) (21,179.679544788417) (22,179.679544788417) (22,179.1906835728341) (23,179.1906835728341) (23,178.7018223572512) (24,178.7018223572512) (24,178.2129611416684) (25,178.2129611416684) (25,177.7240999260855) (26,177.7240999260855) (26,177.2352387105026) (27,177.2352387105026) (27,176.7463774949197) (28,176.7463774949197) (28,176.2575162793368) (29,176.2575162793368) (29,175.7686550637539) (30,175.7686550637539) (30,175.279793848171) (31,175.279793848171) (31,174.7909326325882) (32,174.7909326325882) (32,174.3020714170053) (33,174.3020714170053) (33,173.8132102014224) (34,173.8132102014224) (34,173.3243489858395) (35,173.3243489858395) (35,172.8354877702566) (36,172.8354877702566) (36,172.3466265546737) (37,172.3466265546737) (37,171.8577653390908) (38,171.8577653390908) (38,171.3689041235079) (39,171.3689041235079) (39,170.8800429079251) (40,170.8800429079251) (40,170.3911816923422) (41,170.3911816923422) (41,169.9023204767593) (42,169.9023204767593) (42,169.4134592611764) (43,169.4134592611764) (43,168.9245980455935) (44,168.9245980455935) (44,168.4357368300106) (45,168.4357368300106) (45,167.9468756144277) (46,167.9468756144277) (46,167.4580143988449) (47,167.4580143988449) (47,166.969153183262) (48,166.969153183262) (48,166.4802919676791) (49,166.4802919676791) (49,165.9914307520962) (50,165.9914307520962) (50,165.5025695365133) (51,165.5025695365133) (51,165.0137083209304) (52,165.0137083209304) (52,164.5248471053475) (53,164.5248471053475) (53,164.0359858897646) (54,164.0359858897646) (54,163.5) (166,163.5) (166,189.4896220913107) (167,189.4896220913107) (167,215.4792441826214) (168,215.4792441826214) (168,241.4688662739321) (169,241.4688662739321) (169,267.4584883652428) (170,267.4584883652428) (170,293.4481104565535) (171,293.4481104565535) (171,319.4377325478642) (172,319.4377325478642) (172,345.427354639175) (173,345.427354639175) (173,371.4169767304857) (174,371.4169767304857) (174,397.4065988217964) (175,397.4065988217964) (175,423.3962209131071) (176,423.3962209131071) (176,449.3858430044178) (177,449.3858430044178) (177,475.3754650957285) (178,475.3754650957285) (178,501.3650871870392) (179,501.3650871870392) (179,527.3547092783499) (180,527.3547092783499) (180,553.3443313696606) (181,553.3443313696606) (181,579.3339534609713) (182,579.3339534609713) (182,605.323575552282) (183,605.323575552282) (183,631.3131976435927) (184,631.3131976435927) (184,657.3028197349034) (185,657.3028197349034) (185,683.2924418262141) (186,683.2924418262141) (186,709.2820639175249) (187,709.2820639175249) (187,735.2716860088356) (700.000002,735.2716860088356)
robPositionX[0]:
[0]: (0,0) (0,92.5) (2,92.5) (2,97.73313175708738) (189,97.73313175708738) (189,123.7285354798977) (190.0188034624832,123.7285354798977) (190.0188034624832,149.723939202708) (191.0188034624832,149.723939202708) (191.0188034624832,175.7193429255182) (192.0376069249665,175.7193429255182) (192.0376069249665,201.7147466483285) (193.0376069249665,201.7147466483285) (193.0376069249665,227.7101503711388) (194.0564103874497,227.7101503711388) (194.0564103874497,253.7055540939491) (195.075213849933,253.7055540939491) (195.075213849933,279.7009578167594) (196.0940173124162,279.7009578167594) (196.0940173124162,305.6963615395697) (197.1128207748994,305.6963615395697) (197.1128207748994,331.69176526238) (198.1128207748994,331.69176526238) (198.1128207748994,357.6871689851903) (199.1316242373827,357.6871689851903) (199.1316242373827,383.6825727080006) (200.1504276998659,383.6825727080006) (200.1504276998659,409.6779764308109) (201.1692311623491,409.6779764308109) (201.1692311623491,435.6733801536212) (202.1880346248324,435.6733801536212) (202.1880346248324,461.6687838764315) (203.2068380873156,461.6687838764315) (203.2068380873156,487.6641875992418) (204.2256415497989,487.6641875992418) (204.2256415497989,513.6595913220521) (205.2444450122821,513.6595913220521) (205.2444450122821,539.6549950448623) (206.2444450122821,539.6549950448623) (206.2444450122821,565.6503987676725) (207.2444450122821,565.6503987676725) (207.2444450122821,591.6458024904828) (208.2632484747654,591.6458024904828) (208.2632484747654,617.641206213293) (209.2632484747654,617.641206213293) (209.2632484747654,643.6366099361032) (210.2820519372486,643.6366099361032) (210.2820519372486,669.6320136589135) (211.3008553997319,669.6320136589135) (211.3008553997319,695.6274173817237) (212.3196588622151,695.6274173817237) (212.3196588622151,721.622821104534) (213.3196588622151,721.622821104534) (213.3196588622151,747.6182248273442) (214.3196588622151,747.6182248273442) (214.3196588622151,773.6136285501544) (215.3196588622151,773.6136285501544) (215.3196588622151,799.6090322729647) (216.3384623246983,799.6090322729647) (216.3384623246983,825.6044359957749) (217.3572657871816,825.6044359957749) (217.3572657871816,851.5998397185851) (218.3760692496648,851.5998397185851) (218.3760692496648,877.5952434413954) (219.394872712148,877.5952434413954) (219.394872712148,903.5906471642056) (220.4136761746313,903.5906471642056) (220.4136761746313,929.5860508870159) (221.4324796371145,929.5860508870159) (221.4324796371145,955.5814546098261) (222.4512830995978,955.5814546098261) (222.4512830995978,981.5768583326363) (223.470086562081,981.5768583326363) (223.470086562081,1007.572262055447) (224.470086562081,1007.572262055447) (224.470086562081,1033.567665778257) (225.470086562081,1033.567665778257) (225.470086562081,1059.563069501067) (226.470086562081,1059.563069501067) (226.470086562081,1085.558473223878) (227.470086562081,1085.558473223878) (227.470086562081,1111.553876946688) (228.470086562081,1111.553876946688) (228.470086562081,1137.549280669498) (229.4888900245643,1137.549280669498) (229.4888900245643,1163.544684392309) (230.4888900245643,1163.544684392309) (230.4888900245643,1189.540088115119) (231.5076934870475,1189.540088115119) (231.5076934870475,1215.535491837929) (232.5264969495307,1215.535491837929) (232.5264969495307,1241.53089556074) (233.545300412014,1241.53089556074) (233.545300412014,1267.52629928355) (234.5641038744972,1267.52629928355) (234.5641038744972,1293.52170300636) (235.5641038744972,1293.52170300636) (235.5641038744972,1319.517106729171) (236.5829073369804,1319.517106729171) (236.5829073369804,1345.512510451981) (237.5829073369804,1345.512510451981) (237.5829073369804,1371.507914174791) (240.0195035093878,1371.507914174791) (240.0195035093878,1374.986654373684) (241.0195035093878,1374.986654373684) (241.0195035093878,1378.465394572576) (242.0195035093878,1378.465394572576) (242.0195035093878,1381.944134771469) (243.0195035093878,1381.944134771469) (243.0195035093878,1385.422874970361) (244.0195035093878,1385.422874970361) (244.0195035093878,1388.901615169254) (246.4560996817952,1388.901615169254) (246.4560996817952,1392.380355368146) (247.5493018494418,1392.380355368146) (247.5493018494418,1418.267510717711) (248.6425040170884,1418.267510717711) (248.6425040170884,1444.154666067276) (249.6425040170884,1444.154666067276) (249.6425040170884,1470.041821416841) (250.6425040170884,1470.041821416841) (250.6425040170884,1495.928976766406) (251.6425040170884,1495.928976766406) (251.6425040170884,1521.816132115971) (252.7357061847349,1521.816132115971) (252.7357061847349,1547.703287465537) (253.8289083523815,1547.703287465537) (253.8289083523815,1573.590442815102) (254.8289083523815,1573.590442815102) (254.8289083523815,1599.477598164667) (255.9221105200281,1599.477598164667) (255.9221105200281,1625.364753514232) (257.0153126876746,1625.364753514232) (257.0153126876746,1651.251908863797) (258.0153126876746,1651.251908863797) (258.0153126876746,1677.139064213362) (259.1085148553211,1677.139064213362) (259.1085148553211,1703.026219562927) (260.2017170229677,1703.026219562927) (260.2017170229677,1728.913374912492) (261.2017170229677,1728.913374912492) (261.2017170229677,1754.800530262057) (262.2949191906142,1754.800530262057) (262.2949191906142,1780.687685611622) (263.3881213582608,1780.687685611622) (263.3881213582608,1806.574840961187) (264.3881213582608,1806.574840961187) (264.3881213582608,1832.461996310753) (265.4813235259073,1832.461996310753) (265.4813235259073,1858.349151660318) (266.5745256935538,1858.349151660318) (266.5745256935538,1884.236307009883) (267.5745256935538,1884.236307009883) (267.5745256935538,1910.123462359448) (268.6677278612004,1910.123462359448) (268.6677278612004,1936.010617709013) (269.7609300288469,1936.010617709013) (269.7609300288469,1961.897773058578) (270.8541321964935,1961.897773058578) (270.8541321964935,1987.784928408143) (271.94733436414,1987.784928408143) (271.94733436414,2013.672083757708) (273.0405365317868,2013.672083757708) (273.0405365317868,2039.559239107273) (274.1337386994333,2039.559239107273) (274.1337386994333,2065.446394456838) (275.2269408670799,2065.446394456838) (275.2269408670799,2091.333549806403) (276.3201430347264,2091.333549806403) (276.3201430347264,2117.220705155969) (277.3201430347264,2117.220705155969) (277.3201430347264,2143.107860505534) (278.413345202373,2143.107860505534) (278.413345202373,2168.995015855099) (279.5065473700195,2168.995015855099) (279.5065473700195,2194.882171204664) (280.5065473700195,2194.882171204664) (280.5065473700195,2220.769326554229) (281.5997495376661,2220.769326554229) (281.5997495376661,2246.656481903794) (282.6929517053126,2246.656481903794) (282.6929517053126,2272.543637253359) (283.6929517053126,2272.543637253359) (283.6929517053126,2298.430792602924) (284.7861538729591,2298.430792602924) (284.7861538729591,2324.317947952489) (285.8793560406057,2324.317947952489) (285.8793560406057,2350.205103302054) (286.8793560406057,2350.205103302054) (286.8793560406057,2376.092258651619) (287.8793560406057,2376.092258651619) (287.8793560406057,2401.979414001185) (288.9725582082522,2401.979414001185) (288.9725582082522,2427.86656935075) (290.065760375899,2427.86656935075) (290.065760375899,2453.753724700315) (291.065760375899,2453.753724700315) (291.065760375899,2479.64088004988) (292.1589625435456,2479.64088004988) (292.1589625435456,2505.528035399445) (293.2521647111921,2505.528035399445) (293.2521647111921,2531.41519074901) (294.2521647111921,2531.41519074901) (294.2521647111921,2557.302346098575) (295.2521647111921,2557.302346098575) (295.2521647111921,2583.18950144814) (296.3453668788386,2583.18950144814) (296.3453668788386,2609.076656797705) (297.4385690464852,2609.076656797705) (297.4385690464852,2634.96381214727) (298.4385690464852,2634.96381214727) (298.4385690464852,2660.850967496835) (299.4385690464852,2660.850967496835) (299.4385690464852,2686.738122846401) (300.4385690464852,2686.738122846401) (300.4385690464852,2712.625278195966) (301.5317712141317,2712.625278195966) (301.5317712141317,2738.512433545531) (302.6249733817783,2738.512433545531) (302.6249733817783,2764.399588895096) (303.6249733817783,2764.399588895096) (303.6249733817783,2790.286744244661) (304.7181755494248,2790.286744244661) (304.7181755494248,2816.173899594226) (305.8113777170714,2816.173899594226) (305.8113777170714,2842.061054943791) (306.9045798847179,2842.061054943791) (306.9045798847179,2867.948210293356) (307.9977820523644,2867.948210293356) (307.9977820523644,2893.835365642921) (309.0909842200112,2893.835365642921) (309.0909842200112,2919.722520992486) (310.1841863876577,2919.722520992486) (310.1841863876577,2945.609676342051) (311.1841863876577,2945.609676342051) (311.1841863876577,2971.496831691617) (312.1900710092422,2971.496831691617) (312.1900710092422,2997.49638151889) (313.1959556308266,2997.49638151889) (313.1959556308266,3023.495931346164) (314.201840252411,3023.495931346164) (314.201840252411,3049.495481173438) (315.201840252411,3049.495481173438) (315.201840252411,3075.495031000712) (316.2077248739955,3075.495031000712) (316.2077248739955,3101.494580827985) (317.2077248739955,3101.494580827985) (317.2077248739955,3127.494130655259) (318.2077248739955,3127.494130655259) (318.2077248739955,3153.493680482533) (319.2136094955799,3153.493680482533) (319.2136094955799,3179.493230309807) (320.2136094955799,3179.493230309807) (320.2136094955799,3205.49278013708) (321.2136094955799,3205.49278013708) (321.2136094955799,3231.492329964354) (322.2194941171643,3231.492329964354) (322.2194941171643,3257.491879791628) (323.2194941171643,3257.491879791628) (323.2194941171643,3283.491429618902) (324.2253787387488,3283.491429618902) (324.2253787387488,3309.490979446176) (325.2253787387488,3309.490979446176) (325.2253787387488,3335.490529273449) (326.2253787387488,3335.490529273449) (326.2253787387488,3361.490079100723) (327.2312633603332,3361.490079100723) (327.2312633603332,3387.489628927997) (328.2312633603332,3387.489628927997) (328.2312633603332,3413.489178755271) (329.2371479819176,3413.489178755271) (329.2371479819176,3439.488728582544) (330.2430326035021,3439.488728582544) (330.2430326035021,3465.488278409818) (331.2489172250865,3465.488278409818) (331.2489172250865,3491.487828237092) (332.2489172250865,3491.487828237092) (332.2489172250865,3517.487378064366) (333.2548018466709,3517.487378064366) (333.2548018466709,3543.486927891639) (334.2548018466709,3543.486927891639) (334.2548018466709,3569.486477718913) (335.2548018466709,3569.486477718913) (335.2548018466709,3595.486027546187) (336.2548018466709,3595.486027546187) (336.2548018466709,3621.485577373461) (337.2606864682554,3621.485577373461) (337.2606864682554,3647.485127200734) (338.2665710898398,3647.485127200734) (338.2665710898398,3673.484677028008) (339.2665710898398,3673.484677028008) (339.2665710898398,3699.484226855282) (340.2724557114242,3699.484226855282) (340.2724557114242,3725.483776682556) (341.2783403330087,3725.483776682556) (341.2783403330087,3751.48332650983) (342.2783403330087,3751.48332650983) (342.2783403330087,3777.482876337103) (343.2842249545931,3777.482876337103) (343.2842249545931,3803.482426164377) (344.2901095761775,3803.482426164377) (344.2901095761775,3829.481975991651) (345.295994197762,3829.481975991651) (345.295994197762,3855.481525818925) (346.295994197762,3855.481525818925) (346.295994197762,3881.481075646198) (347.3018788193464,3881.481075646198) (347.3018788193464,3907.480625473472) (348.3077634409308,3907.480625473472) (348.3077634409308,3933.480175300746) (349.3077634409308,3933.480175300746) (349.3077634409308,3959.47972512802) (350.3136480625153,3959.47972512802) (350.3136480625153,3985.479274955293) (351.3195326840997,3985.479274955293) (351.3195326840997,4011.478824782567) (352.3254173056841,4011.478824782567) (352.3254173056841,4037.478374609841) (353.3313019272686,4037.478374609841) (353.3313019272686,4063.477924437115) (354.337186548853,4063.477924437115) (354.337186548853,4089.477474264389) (355.3430711704374,4089.477474264389) (355.3430711704374,4115.477024091662) (356.3489557920219,4115.477024091662) (356.3489557920219,4141.476573918936) (357.3548404136063,4141.476573918936) (357.3548404136063,4167.47612374621) (358.3548404136063,4167.47612374621) (358.3548404136063,4193.475673573484) (359.3548404136063,4193.475673573484) (359.3548404136063,4219.475223400757) (360.3548404136063,4219.475223400757) (360.3548404136063,4245.474773228031) (361.3548404136063,4245.474773228031) (361.3548404136063,4271.474323055305) (362.3548404136063,4271.474323055305) (362.3548404136063,4297.473872882579) (363.3548404136063,4297.473872882579) (363.3548404136063,4323.473422709852) (365.7910149424008,4323.473422709852) (365.7910149424008,4326.963026763519) (368.2271894711955,4326.963026763519) (368.2271894711955,4330.452630817186) (369.2271894711955,4330.452630817186) (369.2271894711955,4333.942234870853) (371.66336399999,4333.942234870853) (371.66336399999,4337.43183892452) (372.66336399999,4337.43183892452) (372.66336399999,4340.921442978187) (375.0995385287847,4340.921442978187) (375.0995385287847,4344.411047031854) (377.5357130575792,4344.411047031854) (377.5357130575792,4347.900651085521) (379.9718875863737,4347.900651085521) (379.9718875863737,4351.390255139188) (382.4080621151684,4351.390255139188) (382.4080621151684,4354.879859192854) (384.8442366439629,4354.879859192854) (384.8442366439629,4358.369463246521) (387.2804111727576,4358.369463246521) (387.2804111727576,4361.859067300188) (389.7165857015521,4361.859067300188) (389.7165857015521,4365.348671353855) (392.1527602303469,4365.348671353855) (392.1527602303469,4368.838275407522) (394.5889347591414,4368.838275407522) (394.5889347591414,4372.327879461189) (397.0251092879361,4372.327879461189) (397.0251092879361,4375.817483514856) (399.4612838167305,4375.817483514856) (399.4612838167305,4379.307087568523) (401.8974583455251,4379.307087568523) (401.8974583455251,4382.796691622189) (404.3336328743198,4382.796691622189) (404.3336328743198,4386.286295675856) (406.7698074031143,4386.286295675856) (406.7698074031143,4389.775899729522) (409.205981931909,4389.775899729522) (409.205981931909,4393.265503783189) (411.6421564607035,4393.265503783189) (411.6421564607035,4396.755107836855) (414.0783309894982,4396.755107836855) (414.0783309894982,4400.244711890522) (416.5145055182928,4400.244711890522) (416.5145055182928,4400.840201776819) (700.000002,4400.840201776819)
robPositionY[0]:
[0]: (0,0) (0,163.5) (2,163.5) (2,188.9679078844919) (189,188.9679078844919) (189,188.479046668909) (190.0188034624832,188.479046668909) (190.0188034624832,187.9901854533262) (191.0188034624832,187.9901854533262) (191.0188034624832,187.5013242377435) (192.0376069249665,187.5013242377435) (192.0376069249665,187.0124630221606) (193.0376069249665,187.0124630221606) (193.0376069249665,186.5236018065777) (194.0564103874497,186.5236018065777) (194.0564103874497,186.034740590995) (195.075213849933,186.034740590995) (195.075213849933,185.5458793754121) (196.0940173124162,185.5458793754121) (196.0940173124162,185.0570181598295) (197.1128207748994,185.0570181598295) (197.1128207748994,184.5681569442468) (198.1128207748994,184.5681569442468) (198.1128207748994,184.079295728664) (199.1316242373827,184.079295728664) (199.1316242373827,183.5904345130811) (200.1504276998659,183.5904345130811) (200.1504276998659,183.1015732974986) (201.1692311623491,183.1015732974986) (201.1692311623491,182.6127120819158) (202.1880346248324,182.6127120819158) (202.1880346248324,182.1238508663329) (203.2068380873156,182.1238508663329) (203.2068380873156,181.6349896507502) (204.2256415497989,181.6349896507502) (204.2256415497989,181.1461284351673) (205.2444450122821,181.1461284351673) (205.2444450122821,180.6572672195846) (206.2444450122821,180.6572672195846) (206.2444450122821,180.1684060040018) (207.2444450122821,180.1684060040018) (207.2444450122821,179.6795447884191) (208.2632484747654,179.6795447884191) (208.2632484747654,179.1906835728362) (209.2632484747654,179.1906835728362) (209.2632484747654,178.7018223572533) (210.2820519372486,178.7018223572533) (210.2820519372486,178.2129611416705) (211.3008553997319,178.2129611416705) (211.3008553997319,177.7240999260877) (212.3196588622151,177.7240999260877) (212.3196588622151,177.2352387105049) (213.3196588622151,177.2352387105049) (213.3196588622151,176.7463774949222) (214.3196588622151,176.7463774949222) (214.3196588622151,176.2575162793394) (215.3196588622151,176.2575162793394) (215.3196588622151,175.7686550637567) (216.3384623246983,175.7686550637567) (216.3384623246983,175.2797938481738) (217.3572657871816,175.2797938481738) (217.3572657871816,174.7909326325911) (218.3760692496648,174.7909326325911) (218.3760692496648,174.3020714170082) (219.394872712148,174.3020714170082) (219.394872712148,173.8132102014254) (220.4136761746313,173.8132102014254) (220.4136761746313,173.3243489858428) (221.4324796371145,173.3243489858428) (221.4324796371145,172.8354877702601) (222.4512830995978,172.8354877702601) (222.4512830995978,172.3466265546772) (223.470086562081,172.3466265546772) (223.470086562081,171.8577653390945) (224.470086562081,171.8577653390945) (224.470086562081,171.3689041235117) (225.470086562081,171.3689041235117) (225.470086562081,170.880042907929) (226.470086562081,170.880042907929) (226.470086562081,170.3911816923462) (227.470086562081,170.3911816923462) (227.470086562081,169.9023204767635) (228.470086562081,169.9023204767635) (228.470086562081,169.4134592611807) (229.4888900245643,169.4134592611807) (229.4888900245643,168.9245980455979) (230.4888900245643,168.9245980455979) (230.4888900245643,168.435736830015) (231.5076934870475,168.435736830015) (231.5076934870475,167.9468756144324) (232.5264969495307,167.9468756144324) (232.5264969495307,167.4580143988497) (233.545300412014,167.4580143988497) (233.545300412014,166.9691531832668) (234.5641038744972,166.9691531832668) (234.5641038744972,166.480291967684) (235.5641038744972,166.480291967684) (235.5641038744972,165.9914307521013) (236.5829073369804,165.9914307521013) (236.5829073369804,165.5025695365184) (237.5829073369804,165.5025695365184) (237.5829073369804,165.0137083209355) (240.0195035093878,165.0137083209355) (240.0195035093878,190.7799336290518) (241.0195035093878,190.7799336290518) (241.0195035093878,216.546158937168) (242.0195035093878,216.546158937168) (242.0195035093878,242.3123842452842) (243.0195035093878,242.3123842452842) (243.0195035093878,268.0786095534005) (244.0195035093878,268.0786095534005) (244.0195035093878,293.8448348615167) (246.4560996817952,293.8448348615167) (246.4560996817952,319.611060169633) (247.5493018494418,319.611060169633) (247.5493018494418,317.1913106149312) (248.6425040170884,317.1913106149312) (248.6425040170884,314.7715610602295) (249.6425040170884,314.7715610602295) (249.6425040170884,312.3518115055277) (250.6425040170884,312.3518115055277) (250.6425040170884,309.932061950826) (251.6425040170884,309.932061950826) (251.6425040170884,307.5123123961242) (252.7357061847349,307.5123123961242) (252.7357061847349,305.0925628414225) (253.8289083523815,305.0925628414225) (253.8289083523815,302.6728132867207) (254.8289083523815,302.6728132867207) (254.8289083523815,300.253063732019) (255.9221105200281,300.253063732019) (255.9221105200281,297.8333141773172) (257.0153126876746,297.8333141773172) (257.0153126876746,295.4135646226154) (258.0153126876746,295.4135646226154) (258.0153126876746,292.9938150679137) (259.1085148553211,292.9938150679137) (259.1085148553211,290.5740655132119) (260.2017170229677,290.5740655132119) (260.2017170229677,288.1543159585102) (261.2017170229677,288.1543159585102) (261.2017170229677,285.7345664038084) (262.2949191906142,285.7345664038084) (262.2949191906142,283.3148168491066) (263.3881213582608,283.3148168491066) (263.3881213582608,280.8950672944048) (264.3881213582608,280.8950672944048) (264.3881213582608,278.4753177397031) (265.4813235259073,278.4753177397031) (265.4813235259073,276.0555681850013) (266.5745256935538,276.0555681850013) (266.5745256935538,273.6358186302995) (267.5745256935538,273.6358186302995) (267.5745256935538,271.2160690755978) (268.6677278612004,271.2160690755978) (268.6677278612004,268.796319520896) (269.7609300288469,268.796319520896) (269.7609300288469,266.3765699661942) (270.8541321964935,266.3765699661942) (270.8541321964935,263.9568204114925) (271.94733436414,263.9568204114925) (271.94733436414,261.5370708567906) (273.0405365317868,261.5370708567906) (273.0405365317868,259.1173213020889) (274.1337386994333,259.1173213020889) (274.1337386994333,256.6975717473871) (275.2269408670799,256.6975717473871) (275.2269408670799,254.2778221926853) (276.3201430347264,254.2778221926853) (276.3201430347264,251.8580726379836) (277.3201430347264,251.8580726379836) (277.3201430347264,249.4383230832818) (278.413345202373,249.4383230832818) (278.413345202373,247.01857352858) (279.5065473700195,247.01857352858) (279.5065473700195,244.5988239738783) (280.5065473700195,244.5988239738783) (280.5065473700195,242.1790744191765) (281.5997495376661,242.1790744191765) (281.5997495376661,239.7593248644748) (282.6929517053126,239.7593248644748) (282.6929517053126,237.339575309773) (283.6929517053126,237.339575309773) (283.6929517053126,234.9198257550713) (284.7861538729591,234.9198257550713) (284.7861538729591,232.5000762003694) (285.8793560406057,232.5000762003694) (285.8793560406057,230.0803266456677) (286.8793560406057,230.0803266456677) (286.8793560406057,227.6605770909659) (287.8793560406057,227.6605770909659) (287.8793560406057,225.2408275362642) (288.9725582082522,225.2408275362642) (288.9725582082522,222.8210779815625) (290.065760375899,222.8210779815625) (290.065760375899,220.4013284268607) (291.065760375899,220.4013284268607) (291.065760375899,217.9815788721589) (292.1589625435456,217.9815788721589) (292.1589625435456,215.5618293174572) (293.2521647111921,215.5618293174572) (293.2521647111921,213.1420797627554) (294.2521647111921,213.1420797627554) (294.2521647111921,210.7223302080537) (295.2521647111921,210.7223302080537) (295.2521647111921,208.3025806533519) (296.3453668788386,208.3025806533519) (296.3453668788386,205.8828310986502) (297.4385690464852,205.8828310986502) (297.4385690464852,203.4630815439484) (298.4385690464852,203.4630815439484) (298.4385690464852,201.0433319892467) (299.4385690464852,201.0433319892467) (299.4385690464852,198.6235824345449) (300.4385690464852,198.6235824345449) (300.4385690464852,196.2038328798432) (301.5317712141317,196.2038328798432) (301.5317712141317,193.7840833251414) (302.6249733817783,193.7840833251414) (302.6249733817783,191.3643337704397) (303.6249733817783,191.3643337704397) (303.6249733817783,188.9445842157379) (304.7181755494248,188.9445842157379) (304.7181755494248,186.5248346610361) (305.8113777170714,186.5248346610361) (305.8113777170714,184.1050851063343) (306.9045798847179,184.1050851063343) (306.9045798847179,181.6853355516326) (307.9977820523644,181.6853355516326) (307.9977820523644,179.2655859969308) (309.0909842200112,179.2655859969308) (309.0909842200112,176.8458364422291) (310.1841863876577,176.8458364422291) (310.1841863876577,174.4260868875273) (311.1841863876577,174.4260868875273) (311.1841863876577,172.0063373328256) (312.1900710092422,172.0063373328256) (312.1900710092422,171.8533380546641) (313.1959556308266,171.8533380546641) (313.1959556308266,171.7003387765016) (314.201840252411,171.7003387765016) (314.201840252411,171.5473394983395) (315.201840252411,171.5473394983395) (315.201840252411,171.3943402201775) (316.2077248739955,171.3943402201775) (316.2077248739955,171.241340942015) (317.2077248739955,171.241340942015) (317.2077248739955,171.0883416638525) (318.2077248739955,171.0883416638525) (318.2077248739955,170.93534238569) (319.2136094955799,170.93534238569) (319.2136094955799,170.782343107528) (320.2136094955799,170.782343107528) (320.2136094955799,170.629343829366) (321.2136094955799,170.629343829366) (321.2136094955799,170.476344551204) (322.2194941171643,170.476344551204) (322.2194941171643,170.3233452730415) (323.2194941171643,170.3233452730415) (323.2194941171643,170.170345994879) (324.2253787387488,170.170345994879) (324.2253787387488,170.017346716717) (325.2253787387488,170.017346716717) (325.2253787387488,169.864347438555) (326.2253787387488,169.864347438555) (326.2253787387488,169.711348160393) (327.2312633603332,169.711348160393) (327.2312633603332,169.5583488822305) (328.2312633603332,169.5583488822305) (328.2312633603332,169.405349604068) (329.2371479819176,169.405349604068) (329.2371479819176,169.252350325906) (330.2430326035021,169.252350325906) (330.2430326035021,169.0993510477435) (331.2489172250865,169.0993510477435) (331.2489172250865,168.9463517695814) (332.2489172250865,168.9463517695814) (332.2489172250865,168.7933524914194) (333.2548018466709,168.7933524914194) (333.2548018466709,168.6403532132569) (334.2548018466709,168.6403532132569) (334.2548018466709,168.4873539350944) (335.2548018466709,168.4873539350944) (335.2548018466709,168.3343546569319) (336.2548018466709,168.3343546569319) (336.2548018466709,168.1813553787694) (337.2606864682554,168.1813553787694) (337.2606864682554,168.0283561006074) (338.2665710898398,168.0283561006074) (338.2665710898398,167.8753568224449) (339.2665710898398,167.8753568224449) (339.2665710898398,167.7223575442824) (340.2724557114242,167.7223575442824) (340.2724557114242,167.5693582661204) (341.2783403330087,167.5693582661204) (341.2783403330087,167.4163589879579) (342.2783403330087,167.4163589879579) (342.2783403330087,167.2633597097954) (343.2842249545931,167.2633597097954) (343.2842249545931,167.1103604316334) (344.2901095761775,167.1103604316334) (344.2901095761775,166.9573611534709) (345.295994197762,166.9573611534709) (345.295994197762,166.8043618753089) (346.295994197762,166.8043618753089) (346.295994197762,166.6513625971469) (347.3018788193464,166.6513625971469) (347.3018788193464,166.4983633189844) (348.3077634409308,166.4983633189844) (348.3077634409308,166.3453640408224) (349.3077634409308,166.3453640408224) (349.3077634409308,166.1923647626604) (350.3136480625153,166.1923647626604) (350.3136480625153,166.0393654844979) (351.3195326840997,166.0393654844979) (351.3195326840997,165.8863662063359) (352.3254173056841,165.8863662063359) (352.3254173056841,165.7333669281734) (353.3313019272686,165.7333669281734) (353.3313019272686,165.5803676500104) (354.337186548853,165.5803676500104) (354.337186548853,165.4273683718479) (355.3430711704374,165.4273683718479) (355.3430711704374,165.2743690936863) (356.3489557920219,165.2743690936863) (356.3489557920219,165.1213698155238) (357.3548404136063,165.1213698155238) (357.3548404136063,164.9683705373618) (358.3548404136063,164.9683705373618) (358.3548404136063,164.8153712591998) (359.3548404136063,164.8153712591998) (359.3548404136063,164.6623719810378) (360.3548404136063,164.6623719810378) (360.3548404136063,164.5093727028758) (361.3548404136063,164.5093727028758) (361.3548404136063,164.3563734247138) (362.3548404136063,164.3563734247138) (362.3548404136063,164.2033741465518) (363.3548404136063,164.2033741465518) (363.3548404136063,164.0503748683898) (365.7910149424008,164.0503748683898) (365.7910149424008,189.8151310975613) (368.2271894711955,189.8151310975613) (368.2271894711955,215.5798873267328) (369.2271894711955,215.5798873267328) (369.2271894711955,241.3446435559043) (371.66336399999,241.3446435559043) (371.66336399999,267.1093997850758) (372.66336399999,267.1093997850758) (372.66336399999,292.8741560142473) (375.0995385287847,292.8741560142473) (375.0995385287847,318.6389122434188) (377.5357130575792,318.6389122434188) (377.5357130575792,344.4036684725903) (379.9718875863737,344.4036684725903) (379.9718875863737,370.1684247017618) (382.4080621151684,370.1684247017618) (382.4080621151684,395.9331809309333) (384.8442366439629,395.9331809309333) (384.8442366439629,421.6979371601049) (387.2804111727576,421.6979371601049) (387.2804111727576,447.4626933892764) (389.7165857015521,447.4626933892764) (389.7165857015521,473.227449618448) (392.1527602303469,473.227449618448) (392.1527602303469,498.9922058476195) (394.5889347591414,498.9922058476195) (394.5889347591414,524.7569620767911) (397.0251092879361,524.7569620767911) (397.0251092879361,550.5217183059626) (399.4612838167305,550.5217183059626) (399.4612838167305,576.2864745351342) (401.8974583455251,576.2864745351342) (401.8974583455251,602.0512307643057) (404.3336328743198,602.0512307643057) (404.3336328743198,627.8159869934773) (406.7698074031143,627.8159869934773) (406.7698074031143,653.5807432226488) (409.205981931909,653.5807432226488) (409.205981931909,679.3454994518204) (411.6421564607035,679.3454994518204) (411.6421564607035,705.1102556809919) (414.0783309894982,705.1102556809919) (414.0783309894982,730.8750119101635) (416.5145055182928,730.8750119101635) (416.5145055182928,735.2716860088356) (700.000002,735.2716860088356)
batteryCharge[0]:
[0]: (0,100) (700.000002,100)
user_guided_transport.end:
[0]: (0,0) (423.5145055182929,0) (423.5145055182929,1) (700.000002,1)
[2K
Verifying formula 5 at /nta/queries/query[5]/formula
 -- Formula: simulate[<=700]{robot_inventory[0][0], user_guided_transport.end*2}
[2K -- Formula is satisfied.
robot_inventory[0][0]:
[0]: (0,0) (10.30212339228451,0) (10.30212339228451,1) (421.5145055182929,1) (421.5145055182929,0) (700,0)
user_guided_transport.end * 2:
[0]: (0,0) (423.5145055182929,0) (423.5145055182929,2) (700,2)
[2K
Verifying formula 6 at /nta/queries/query[6]/formula
 -- Formula: simulate[<=700]{bedroom[0], bedroom[1], kitchen[0], kitchen[1]}
[2K -- Formula is satisfied.
bedroom[0]:
[0]: (0,100) (700.000002,100)
bedroom[1]:
[0]: (0,200) (700.000002,200)
kitchen[0]:
[0]: (0,4400) (700.000002,4400)
kitchen[1]:
[0]: (0,765) (700.000002,765)
[2K
Verifying formula 7 at /nta/queries/query[7]/formula
 -- Formula: simulate[<=700]{rm_1.idle, rf_1.idle, rp_1.idle, rd_1.idle}
[2K -- Formula is satisfied.
rm_1.idle:
[0]: (0,0) (0,1) (0,0) (3,0) (3,1) (416.514505518293,1) (416.5590622009244,0) (416.5590622009244,1) (700,1)
rf_1.idle:
[0]: (0,0) (0,1) (187,1) (187,0) (417.5145055182925,0) (417.5145055182925,1) (700,1)
rp_1.idle:
[0]: (0,0) (0,1) (2,1) (2,0) (10.54627468831362,0) (10.54627468831362,1) (700,1)
rd_1.idle:
[0]: (0,0) (0,1) (416.514505518293,1) (416.514505518293,0) (421.5145055182929,0) (421.5145055182929,1) (700,1)
[2K
Verifying formula 8 at /nta/queries/query[8]/formula
 -- Formula: Pr[<=700](<>!rm_1.idle || !rf_1.idle || !rp_1.idle || !rd_1.idle)
[2K -- Formula is satisfied.
(72/72 runs) Pr(<> …) in [0.950056,1] (95% CI)
Values in [0,0] mean=0 steps=2.22045e-16: 72
[2K
Verifying formula 9 at /nta/queries/query[9]/formula
 -- Formula: Pr[<=700]([] (user_guided_transport.end imply (rm_1.idle && rf_1.idle && rp_1.idle && rd_1.idle)))
 -- Throughput: 278116 runs/sec, Load: 363 runs[K
 -- Throughput: 280982 runs/sec, Load: 336 runs[K
[2K -- Formula is satisfied.
(72/72 runs) Pr([] …) in [0.950056,1] (95% CI)
[2K
Verifying formula 10 at /nta/queries/query[10]/formula
 -- Formula: Pr[<=700] (<> pow(humanPositionX[0] - kitchen[0], 2) + pow(humanPositionY[0] - kitchen[1], 2) <= 900 )
[2K -- Formula is satisfied.
(72/72 runs) Pr(<> …) in [0.950056,1] (95% CI)
Values in [187,187] mean=187 steps=2.22045e-16: 72
[2K
Verifying formula 11 at /nta/queries/query[11]/formula
 -- Formula: Pr[<=700] (<> pow(humanPositionX[0] - bedroom[0], 2) + pow(humanPositionY[0] - bedroom[1], 2) <= 900 )
[2K -- Formula is satisfied.
(72/72 runs) Pr(<> …) in [0.950056,1] (95% CI)
Values in [1,1] mean=1 steps=2.22045e-16: 72
[2K
Verifying formula 12 at /nta/queries/query[12]/formula
 -- Formula: Pr[<=700] (<> pow(robPositionX[0] - kitchen[0], 2) + pow(robPositionY[0] - kitchen[1], 2) <= 900 )
 -- Throughput: 213291 runs/sec, Load: 358 runs[K
 -- Throughput: 213122 runs/sec, Load: 327 runs[K
[2K -- Formula is satisfied.
(72/72 runs) Pr(<> …) in [0.950056,1] (95% CI)
Values in [416.515,416.515] mean=416.515 steps=3.15797e-14: 8 0 0 0 0 5 0 57 2
[2K
Verifying formula 13 at /nta/queries/query[13]/formula
 -- Formula: Pr[<=700] (<> pow(robPositionX[0] - bedroom[0], 2) + pow(robPositionY[0] - bedroom[1], 2) <= 900 )
[2K -- Formula is satisfied.
(72/72 runs) Pr(<> …) in [0.950056,1] (95% CI)
Values in [2,2] mean=2 steps=2.22045e-16: 72
[2K
Verifying formula 14 at /nta/queries/query[14]/formula
 -- Formula: Pr[<=700] (<> !isValidPosition(humanPositionX[0], humanPositionY[0]))
[2K -- Formula is satisfied.
(72/72 runs) Pr(<> …) in [0.950056,1] (95% CI)
Values in [0,0] mean=0 steps=2.22045e-16: 72
[2K
Verifying formula 15 at /nta/queries/query[15]/formula
 -- Formula: Pr[<=700] (<> !isValidPosition(robPositionX[0], robPositionY[0]))
[2K -- Formula is satisfied.
(72/72 runs) Pr(<> …) in [0.950056,1] (95% CI)
Values in [0,0] mean=0 steps=2.22045e-16: 72
[2K
Verifying formula 16 at /nta/queries/query[16]/formula
 -- Formula: Pr[<=700] (<> currP > 2)
 -- Throughput: 278432 runs/sec, Load: 363 runs[K
 -- Throughput: 276494 runs/sec, Load: 336 runs[K
[2K -- Formula is satisfied.
(0/72 runs) Pr(<> …) in [0,0.0499441] (95% CI)
