Options for the verification:
  Generating no trace
  Search order is breadth first
  Using conservative space optimisation
  Seed is 1784371327
  State space representation uses minimal constraint systems with future testing
  Using HashMap + Compress integers for discrete state storage
[2K
Verifying formula 1 at /nta/queries/query[1]/formula
 -- Formula: simulate[<=700]{user_guided_transport_human1_def.s1_start, user_guided_transport_human1_def.s1_end, user_guided_transport_human1_def.s2_start, user_guided_transport_human1_def.s2_idle, user_guided_transport_human1_def.s3_start, user_guided_transport_human1_def.s3_end, user_guided_transport.end}
[2K -- Formula is satisfied.
user_guided_transport_human1_def.s1_start:
[0]: (0,0) (0,1) (0,0) (700,0)
user_guided_transport_human1_def.s1_end:
[0]: (0,0) (1,0) (1,1) (2,1) (2,0) (700,0)
user_guided_transport_human1_def.s2_start:
[0]: (0,0) (2,0) (2,1) (2,0) (700,0)
user_guided_transport_human1_def.s2_idle:
[0]: (0,0) (2,0) (2,1) (10.9586678374299,1) (10.9586678374299,0) (700,0)
user_guided_transport_human1_def.s3_start:
[0]: (0,0) (10.9586678374299,0) (10.9586678374299,1) (10.9586678374299,0) (15.95866783742988,0) (15.95866783742988,1) (15.95866783742988,0) (20.95866783742986,0) (20.95866783742986,1) (20.95866783742986,0) (25.95866783742988,0) (25.95866783742988,1) (25.95866783742988,0) (30.95866783742988,0) (30.95866783742988,1) (30.95866783742988,0) (35.95866783742974,0) (35.95866783742974,1) (35.95866783742974,0) (40.95866783742956,0) (40.95866783742956,1) (40.95866783742956,0) (45.95866783742938,0) (45.95866783742938,1) (45.95866783742938,0) (50.9586678374293,0) (50.9586678374293,1) (50.9586678374293,0) (55.95866783742922,0) (55.95866783742922,1) (55.95866783742922,0) (60.95866783742915,0) (60.95866783742915,1) (60.95866783742915,0) (65.95866783742906,0) (65.95866783742906,1) (65.95866783742906,0) (70.95866783742899,0) (70.95866783742899,1) (70.95866783742899,0) (75.95866783742888,0) (75.95866783742888,1) (75.95866783742888,0) (80.95866783742861,0) (80.95866783742861,1) (80.95866783742861,0) (85.95866783742832,0) (85.95866783742832,1) (85.95866783742832,0) (90.95866783742804,0) (90.95866783742804,1) (90.95866783742804,0) (95.95866783742775,0) (95.95866783742775,1) (95.95866783742775,0) (100.9586678374275,0) (100.9586678374275,1) (100.9586678374275,0) (105.9586678374272,0) (105.9586678374272,1) (105.9586678374272,0) (110.958667837427,0) (110.958667837427,1) (110.958667837427,0) (115.9586678374267,0) (115.9586678374267,1) (115.9586678374267,0) (120.9586678374264,0) (120.9586678374264,1) (120.9586678374264,0) (125.9586678374261,0) (125.9586678374261,1) (125.9586678374261,0) (130.9586678374262,0) (130.9586678374262,1) (130.9586678374262,0) (135.9586678374265,0) (135.9586678374265,1) (135.9586678374265,0) (140.9586678374267,0) (140.9586678374267,1) (140.9586678374267,0) (145.9586678374267,0) (145.9586678374267,1) (145.9586678374267,0) (150.9586678374267,0) (150.9586678374267,1) (150.9586678374267,0) (155.9586678374267,0) (155.9586678374267,1) (155.9586678374267,0) (160.9586678374267,0) (160.9586678374267,1) (160.9586678374267,0) (165.9586678374264,0) (165.9586678374264,1) (165.9586678374264,0) (170.9586678374258,0) (170.9586678374258,1) (170.9586678374258,0) (175.9586678374252,0) (175.9586678374252,1) (175.9586678374252,0) (180.9586678374248,0) (180.9586678374248,1) (180.9586678374248,0) (185.9586678374242,0) (185.9586678374242,1) (185.9586678374242,0) (190.9586678374237,0) (190.9586678374237,1) (190.9586678374237,0) (195.9586678374231,0) (195.9586678374231,1) (195.9586678374231,0) (700,0)
user_guided_transport_human1_def.s3_end:
[0]: (0,0) (195.9586678374231,0) (195.9586678374231,1) (232.1863379786383,1) (232.1863379786383,0) (700,0)
user_guided_transport.end:
[0]: (0,0) (234.1863379786374,0) (234.1863379786374,1) (700,1)
[2K
Verifying formula 2 at /nta/queries/query[2]/formula
 -- Formula: simulate[<=700]{user_guided_transport_robot1_def.s1_start, user_guided_transport_robot1_def.s1_end, user_guided_transport_robot1_def.s2_start, user_guided_transport_robot1_def.s2_end, user_guided_transport_robot1_def.s3_start, user_guided_transport_robot1_def.s3_end, user_guided_transport.end}
[2K -- Formula is satisfied.
user_guided_transport_robot1_def.s1_start:
[0]: (0,0) (0,1) (0,0) (700,0)
user_guided_transport_robot1_def.s1_end:
[0]: (0,0) (2,0) (2,1) (2,0) (700,0)
user_guided_transport_robot1_def.s2_start:
[0]: (0,0) (2,0) (2,1) (2,0) (700,0)
user_guided_transport_robot1_def.s2_end:
[0]: (0,0) (9.994401707237518,0) (9.994401707237518,1) (9.994401707237518,0) (700,0)
user_guided_transport_robot1_def.s3_start:
[0]: (0,0) (9.994401707237518,0) (9.994401707237518,1) (9.994401707237518,0) (700,0)
user_guided_transport_robot1_def.s3_end:
[0]: (0,0) (231.2032683859784,0) (231.2032683859784,1) (231.2032683859784,0) (700,0)
user_guided_transport.end:
[0]: (0,0) (233.2032683859775,0) (233.2032683859775,1) (700,1)
[2K
Verifying formula 3 at /nta/queries/query[3]/formula
 -- Formula: Pr[<=700] (<> user_guided_transport.end)
[2K -- Formula is satisfied.
(72/72 runs) Pr(<> …) in [0.950056,1] (95% CI)
Values in [230.291,235.199] mean=232.78 steps=0.545303: 8 6 11 9 7 6 7 7 11
[2K
Verifying formula 4 at /nta/queries/query[4]/formula
 -- Formula: simulate[<=700]{humanPositionX[0], humanPositionY[0], robPositionX[0], robPositionY[0], batteryCharge[0], user_guided_transport.end}
[2K -- Formula is satisfied.
humanPositionX[0]:
[0]: (0,0) (0,92.5) (1,92.5) (1,97.73313175708738) (9.119129057576743,97.73313175708738) (9.119129057576743,123.7285354798977) (10.11912905757674,123.7285354798977) (10.11912905757674,149.723939202708) (11.11912905757674,149.723939202708) (11.11912905757674,175.7193429255182) (12.11912905757674,175.7193429255182) (12.11912905757674,201.7147466483285) (13.11912905757674,201.7147466483285) (13.11912905757674,227.7101503711388) (14.11912905757674,227.7101503711388) (14.11912905757674,253.7055540939491) (15.11912905757674,253.7055540939491) (15.11912905757674,279.7009578167594) (16.11912905757674,279.7009578167594) (16.11912905757674,305.6963615395697) (17.11912905757674,305.6963615395697) (17.11912905757674,331.69176526238) (18.11912905757672,331.69176526238) (18.11912905757672,357.6871689851903) (19.11912905757671,357.6871689851903) (19.11912905757671,383.6825727080006) (20.1191290575767,383.6825727080006) (20.1191290575767,409.6779764308109) (21.11912905757669,409.6779764308109) (21.11912905757669,435.6733801536212) (22.11912905757668,435.6733801536212) (22.11912905757668,461.6687838764315) (23.11912905757667,461.6687838764315) (23.11912905757667,487.6641875992418) (24.11912905757666,487.6641875992418) (24.11912905757666,513.6595913220521) (25.11912905757665,513.6595913220521) (25.11912905757665,539.6549950448623) (26.11912905757664,539.6549950448623) (26.11912905757664,565.6503987676725) (27.11912905757663,565.6503987676725) (27.11912905757663,591.6458024904828) (28.11912905757662,591.6458024904828) (28.11912905757662,617.641206213293) (29.11912905757661,617.641206213293) (29.11912905757661,643.6366099361032) (30.1191290575766,643.6366099361032) (30.1191290575766,669.6320136589135) (31.11912905757659,669.6320136589135) (31.11912905757659,695.6274173817237) (32.11912905757657,695.6274173817237) (32.11912905757657,721.622821104534) (33.11912905757656,721.622821104534) (33.11912905757656,747.6182248273442) (34.11912905757654,747.6182248273442) (34.11912905757654,773.6136285501544) (35.11912905757653,773.6136285501544) (35.11912905757653,799.6090322729647) (36.11912905757652,799.6090322729647) (36.11912905757652,825.6044359957749) (37.1191290575765,825.6044359957749) (37.1191290575765,851.5998397185851) (38.11912905757649,851.5998397185851) (38.11912905757649,877.5952434413954) (39.11912905757647,877.5952434413954) (39.11912905757647,903.5906471642056) (40.11912905757646,903.5906471642056) (40.11912905757646,929.5860508870159) (41.11912905757644,929.5860508870159) (41.11912905757644,955.5814546098261) (42.11912905757643,955.5814546098261) (42.11912905757643,981.5768583326363) (43.11912905757642,981.5768583326363) (43.11912905757642,1007.572262055447) (44.1191290575764,1007.572262055447) (44.1191290575764,1033.567665778257) (45.11912905757639,1033.567665778257) (45.11912905757639,1059.563069501067) (46.11912905757637,1059.563069501067) (46.11912905757637,1085.558473223878) (47.11912905757636,1085.558473223878) (47.11912905757636,1111.553876946688) (48.11912905757634,1111.553876946688) (48.11912905757634,1137.549280669498) (49.11912905757633,1137.549280669498) (49.11912905757633,1163.544684392309) (50.11912905757632,1163.544684392309) (50.11912905757632,1189.540088115119) (51.1191290575763,1189.540088115119) (51.1191290575763,1215.535491837929) (52.11912905757629,1215.535491837929) (52.11912905757629,1241.53089556074) (53.11912905757627,1241.53089556074) (53.11912905757627,1267.52629928355) (54.11912905757626,1267.52629928355) (54.11912905757626,1293.52170300636) (55.11912905757625,1293.52170300636) (55.11912905757625,1319.517106729171) (56.11912905757623,1319.517106729171) (56.11912905757623,1345.512510451981) (57.11912905757622,1345.512510451981) (57.11912905757622,1371.507914174791) (58.1191290575762,1371.507914174791) (58.1191290575762,1397.503317897602) (59.11912905757619,1397.503317897602) (59.11912905757619,1423.498721620412) (60.11912905757617,1423.498721620412) (60.11912905757617,1478) (61.11912905757616,1478) (61.11912905757616,1504) (62.11912905757615,1504) (62.11912905757615,1530) (63.11912905757614,1530) (63.11912905757614,1556) (64.11912905757613,1556) (64.11912905757613,1582) (65.11912905757612,1582) (65.11912905757612,1608) (66.11912905757612,1608) (66.11912905757612,1634) (67.1191290575761,1634) (67.1191290575761,1660) (68.11912905757609,1660) (68.11912905757609,1686) (69.11912905757607,1686) (69.11912905757607,1712) (70.11912905757606,1712) (70.11912905757606,1738) (71.11912905757605,1738) (71.11912905757605,1764) (72.11912905757605,1764) (72.11912905757605,1790) (73.11912905757606,1790) (73.11912905757606,1816) (74.11912905757603,1816) (74.11912905757603,1842) (75.11912905757599,1842) (75.11912905757599,1868) (76.11912905757593,1868) (76.11912905757593,1894) (77.11912905757588,1894) (77.11912905757588,1920) (78.11912905757582,1920) (78.11912905757582,1946) (79.11912905757576,1946) (79.11912905757576,1972) (80.11912905757571,1972) (80.11912905757571,1998) (81.11912905757565,1998) (81.11912905757565,2024) (82.11912905757558,2024) (82.11912905757558,2050) (83.11912905757552,2050) (83.11912905757552,2076) (84.11912905757546,2076) (84.11912905757546,2102) (85.11912905757541,2102) (85.11912905757541,2128) (86.11912905757535,2128) (86.11912905757535,2154) (87.11912905757529,2154) (87.11912905757529,2180) (88.11912905757524,2180) (88.11912905757524,2206) (89.11912905757519,2206) (89.11912905757519,2232) (90.11912905757512,2232) (90.11912905757512,2258) (91.11912905757507,2258) (91.11912905757507,2284) (92.11912905757501,2284) (92.11912905757501,2310) (93.11912905757495,2310) (93.11912905757495,2336) (94.1191290575749,2336) (94.1191290575749,2362) (95.11912905757482,2362) (95.11912905757482,2388) (96.11912905757477,2388) (96.11912905757477,2414) (97.11912905757471,2414) (97.11912905757471,2440) (98.11912905757465,2440) (98.11912905757465,2466) (99.1191290575746,2466) (99.1191290575746,2492) (100.1191290575745,2492) (100.1191290575745,2518) (101.1191290575745,2518) (101.1191290575745,2544) (102.1191290575744,2544) (102.1191290575744,2570) (103.1191290575744,2570) (103.1191290575744,2596) (104.1191290575743,2596) (104.1191290575743,2622) (105.1191290575743,2622) (105.1191290575743,2648) (106.1191290575742,2648) (106.1191290575742,2674) (107.1191290575741,2674) (107.1191290575741,2700) (108.1191290575741,2700) (108.1191290575741,2726) (109.119129057574,2726) (109.119129057574,2752) (110.119129057574,2752) (110.119129057574,2778) (111.1191290575739,2778) (111.1191290575739,2804) (112.1191290575739,2804) (112.1191290575739,2830) (113.1191290575738,2830) (113.1191290575738,2856) (114.1191290575737,2856) (114.1191290575737,2882) (115.1191290575737,2882) (115.1191290575737,2908) (116.1191290575736,2908) (116.1191290575736,2934) (117.1191290575736,2934) (117.1191290575736,2960) (118.1191290575735,2960) (118.1191290575735,2986) (119.1191290575735,2986) (119.1191290575735,3012) (120.1191290575734,3012) (120.1191290575734,3038) (121.1191290575733,3038) (121.1191290575733,3088.5) (122.1191290575733,3088.5) (122.1191290575733,3114.5) (123.1191290575732,3114.5) (123.1191290575732,3140.5) (124.1191290575732,3140.5) (124.1191290575732,3166.5) (125.1191290575731,3166.5) (125.1191290575731,3192.5) (126.1191290575731,3192.5) (126.1191290575731,3218.5) (127.119129057573,3218.5) (127.119129057573,3244.5) (128.119129057573,3244.5) (128.119129057573,3270.5) (129.119129057573,3270.5) (129.119129057573,3296.5) (130.1191290575731,3296.5) (130.1191290575731,3322.5) (131.1191290575732,3322.5) (131.1191290575732,3348.5) (132.1191290575733,3348.5) (132.1191290575733,3374.5) (133.1191290575734,3374.5) (133.1191290575734,3400.5) (134.1191290575735,3400.5) (134.1191290575735,3426.5) (135.1191290575736,3426.5) (135.1191290575736,3452.5) (136.1191290575736,3452.5) (136.1191290575736,3478.5) (137.1191290575737,3478.5) (137.1191290575737,3504.5) (138.1191290575738,3504.5) (138.1191290575738,3530.5) (139.1191290575739,3530.5) (139.1191290575739,3556.5) (140.119129057574,3556.5) (140.119129057574,3582.5) (141.1191290575741,3582.5) (141.1191290575741,3608.5) (142.1191290575742,3608.5) (142.1191290575742,3634.5) (143.1191290575742,3634.5) (143.1191290575742,3660.5) (144.1191290575743,3660.5) (144.1191290575743,3686.5) (145.1191290575744,3686.5) (145.1191290575744,3712.5) (146.1191290575745,3712.5) (146.1191290575745,3738.5) (147.1191290575746,3738.5) (147.1191290575746,3764.5) (148.1191290575747,3764.5) (148.1191290575747,3790.5) (149.1191290575748,3790.5) (149.1191290575748,3816.5) (150.1191290575748,3816.5) (150.1191290575748,3842.5) (151.1191290575749,3842.5) (151.1191290575749,3868.5) (152.119129057575,3868.5) (152.119129057575,3894.5) (153.1191290575751,3894.5) (153.1191290575751,3920.5) (154.1191290575752,3920.5) (154.1191290575752,3946.5) (155.1191290575753,3946.5) (155.1191290575753,3972.5) (156.1191290575753,3972.5) (156.1191290575753,3998.5) (157.1191290575754,3998.5) (157.1191290575754,4024.5) (158.1191290575755,4024.5) (158.1191290575755,4050.5) (159.1191290575756,4050.5) (159.1191290575756,4076.5) (160.1191290575757,4076.5) (160.1191290575757,4102.5) (161.1191290575758,4102.5) (161.1191290575758,4128.5) (162.1191290575759,4128.5) (162.1191290575759,4154.5) (163.1191290575759,4154.5) (163.1191290575759,4180.5) (164.119129057576,4180.5) (164.119129057576,4206.5) (165.1191290575761,4206.5) (165.1191290575761,4232.5) (166.1191290575762,4232.5) (166.1191290575762,4258.5) (167.1191290575763,4258.5) (167.1191290575763,4284.5) (168.1191290575764,4284.5) (168.1191290575764,4310.5) (169.1191290575765,4310.5) (169.1191290575765,4336.5) (170.1191290575765,4336.5) (170.1191290575765,4362.5) (171.1191290575766,4362.5) (171.1191290575766,4388.5) (172.1191290575767,4388.5) (172.1191290575767,4416.265463717128) (173.1191290575768,4416.265463717128) (173.1191290575768,4415.530927434256) (174.1191290575769,4415.530927434256) (174.1191290575769,4414.796391151384) (175.1191290575769,4414.796391151384) (175.1191290575769,4414.061854868512) (176.119129057577,4414.061854868512) (176.119129057577,4413.327318585641) (177.119129057577,4413.327318585641) (177.119129057577,4412.592782302769) (178.1191290575771,4412.592782302769) (178.1191290575771,4411.858246019897) (179.1191290575772,4411.858246019897) (179.1191290575772,4411.123709737025) (180.1191290575773,4411.123709737025) (180.1191290575773,4410.389173454153) (181.1191290575774,4410.389173454153) (181.1191290575774,4409.654637171281) (182.1191290575775,4409.654637171281) (182.1191290575775,4408.920100888409) (183.1191290575775,4408.920100888409) (183.1191290575775,4408.185564605537) (184.1191290575776,4408.185564605537) (184.1191290575776,4407.451028322665) (185.1191290575777,4407.451028322665) (185.1191290575777,4406.716492039794) (186.1191290575778,4406.716492039794) (186.1191290575778,4405.981955756922) (187.1191290575779,4405.981955756922) (187.1191290575779,4405.24741947405) (188.1191290575779,4405.24741947405) (188.1191290575779,4404.512883191178) (189.119129057578,4404.512883191178) (189.119129057578,4403.778346908306) (190.1191290575781,4403.778346908306) (190.1191290575781,4403.043810625434) (191.1191290575782,4403.043810625434) (191.1191290575782,4402.309274342562) (192.1191290575782,4402.309274342562) (192.1191290575782,4401.57473805969) (193.1191290575783,4401.57473805969) (193.1191290575783,4400.840201776819) (700,4400.840201776819)
humanPositionY[0]:
[0]: (0,0) (0,163.5) (1,163.5) (1,188.9679078844919) (9.119129057576743,188.9679078844919) (9.119129057576743,188.479046668909) (10.11912905757674,188.479046668909) (10.11912905757674,187.9901854533261) (11.11912905757674,187.9901854533261) (11.11912905757674,187.5013242377432) (12.11912905757674,187.5013242377432) (12.11912905757674,187.0124630221603) (13.11912905757674,187.0124630221603) (13.11912905757674,186.5236018065774) (14.11912905757674,186.5236018065774) (14.11912905757674,186.0347405909945) (15.11912905757674,186.0347405909945) (15.11912905757674,185.5458793754117) (16.11912905757674,185.5458793754117) (16.11912905757674,185.0570181598288) (17.11912905757674,185.0570181598288) (17.11912905757674,184.5681569442459) (18.11912905757672,184.5681569442459) (18.11912905757672,184.079295728663) (19.11912905757671,184.079295728663) (19.11912905757671,183.5904345130801) (20.1191290575767,183.5904345130801) (20.1191290575767,183.1015732974972) (21.11912905757669,183.1015732974972) (21.11912905757669,182.6127120819143) (22.11912905757668,182.6127120819143) (22.11912905757668,182.1238508663315) (23.11912905757667,182.1238508663315) (23.11912905757667,181.6349896507486) (24.11912905757666,181.6349896507486) (24.11912905757666,181.1461284351657) (25.11912905757665,181.1461284351657) (25.11912905757665,180.6572672195828) (26.11912905757664,180.6572672195828) (26.11912905757664,180.1684060039999) (27.11912905757663,180.1684060039999) (27.11912905757663,179.679544788417) (28.11912905757662,179.679544788417) (28.11912905757662,179.1906835728341) (29.11912905757661,179.1906835728341) (29.11912905757661,178.7018223572512) (30.1191290575766,178.7018223572512) (30.1191290575766,178.2129611416684) (31.11912905757659,178.2129611416684) (31.11912905757659,177.7240999260855) (32.11912905757657,177.7240999260855) (32.11912905757657,177.2352387105026) (33.11912905757656,177.2352387105026) (33.11912905757656,176.7463774949197) (34.11912905757654,176.7463774949197) (34.11912905757654,176.2575162793368) (35.11912905757653,176.2575162793368) (35.11912905757653,175.7686550637539) (36.11912905757652,175.7686550637539) (36.11912905757652,175.279793848171) (37.1191290575765,175.279793848171) (37.1191290575765,174.7909326325882) (38.11912905757649,174.7909326325882) (38.11912905757649,174.3020714170053) (39.11912905757647,174.3020714170053) (39.11912905757647,173.8132102014224) (40.11912905757646,173.8132102014224) (40.11912905757646,173.3243489858395) (41.11912905757644,173.3243489858395) (41.11912905757644,172.8354877702566) (42.11912905757643,172.8354877702566) (42.11912905757643,172.3466265546737) (43.11912905757642,172.3466265546737) (43.11912905757642,171.8577653390908) (44.1191290575764,171.8577653390908) (44.1191290575764,171.3689041235079) (45.11912905757639,171.3689041235079) (45.11912905757639,170.8800429079251) (46.11912905757637,170.8800429079251) (46.11912905757637,170.3911816923422) (47.11912905757636,170.3911816923422) (47.11912905757636,169.9023204767593) (48.11912905757634,169.9023204767593) (48.11912905757634,169.4134592611764) (49.11912905757633,169.4134592611764) (49.11912905757633,168.9245980455935) (50.11912905757632,168.9245980455935) (50.11912905757632,168.4357368300106) (51.1191290575763,168.4357368300106) (51.1191290575763,167.9468756144277) (52.11912905757629,167.9468756144277) (52.11912905757629,167.4580143988449) (53.11912905757627,167.4580143988449) (53.11912905757627,166.969153183262) (54.11912905757626,166.969153183262) (54.11912905757626,166.4802919676791) (55.11912905757625,166.4802919676791) (55.11912905757625,165.9914307520962) (56.11912905757623,165.9914307520962) (56.11912905757623,165.5025695365133) (57.11912905757622,165.5025695365133) (57.11912905757622,165.0137083209304) (58.1191290575762,165.0137083209304) (58.1191290575762,164.5248471053475) (59.11912905757619,164.5248471053475) (59.11912905757619,164.0359858897646) (60.11912905757617,164.0359858897646) (60.11912905757617,163.5) (172.1191290575767,163.5) (172.1191290575767,189.4896220913107) (173.1191290575768,189.4896220913107) (173.1191290575768,215.4792441826214) (174.1191290575769,215.4792441826214) (174.1191290575769,241.4688662739321) (175.1191290575769,241.4688662739321) (175.1191290575769,267.4584883652428) (176.119129057577,267.4584883652428) (176.119129057577,293.4481104565535) (177.119129057577,293.4481104565535) (177.119129057577,319.4377325478642) (178.1191290575771,319.4377325478642) (178.1191290575771,345.427354639175) (179.1191290575772,345.427354639175) (179.1191290575772,371.4169767304857) (180.1191290575773,371.4169767304857) (180.1191290575773,397.4065988217964) (181.1191290575774,397.4065988217964) (181.1191290575774,423.3962209131071) (182.1191290575775,423.3962209131071) (182.1191290575775,449.3858430044178) (183.1191290575775,449.3858430044178) (183.1191290575775,475.3754650957285) (184.1191290575776,475.3754650957285) (184.1191290575776,501.3650871870392) (185.1191290575777,501.3650871870392) (185.1191290575777,527.3547092783499) (186.1191290575778,527.3547092783499) (186.1191290575778,553.3443313696606) (187.1191290575779,553.3443313696606) (187.1191290575779,579.3339534609713) (188.1191290575779,579.3339534609713) (188.1191290575779,605.323575552282) (189.119129057578,605.323575552282) (189.119129057578,631.3131976435927) (190.1191290575781,631.3131976435927) (190.1191290575781,657.3028197349034) (191.1191290575782,657.3028197349034) (191.1191290575782,683.2924418262141) (192.1191290575782,683.2924418262141) (192.1191290575782,709.2820639175249) (193.1191290575783,709.2820639175249) (193.1191290575783,735.2716860088356) (700,735.2716860088356)
robPositionX[0]:
[0]: (0,0) (0,92.5) (2,92.5) (2,97.73313175708738) (11.11912905757674,97.73313175708738) (11.11912905757674,123.7285354798977) (12.13793252005998,123.7285354798977) (12.13793252005998,149.723939202708) (13.15673598254322,149.723939202708) (13.15673598254322,175.7193429255182) (14.15673598254322,175.7193429255182) (14.15673598254322,201.7147466483285) (15.15673598254322,201.7147466483285) (15.15673598254322,227.7101503711388) (16.15673598254322,227.7101503711388) (16.15673598254322,253.7055540939491) (17.15673598254322,253.7055540939491) (17.15673598254322,279.7009578167594) (18.15673598254321,279.7009578167594) (18.15673598254321,305.6963615395697) (19.1567359825432,305.6963615395697) (19.1567359825432,331.69176526238) (20.15673598254319,331.69176526238) (20.15673598254319,357.6871689851903) (21.15673598254318,357.6871689851903) (21.15673598254318,383.6825727080006) (22.15673598254316,383.6825727080006) (22.15673598254316,409.6779764308109) (23.15673598254315,409.6779764308109) (23.15673598254315,435.6733801536212) (24.15673598254314,435.6733801536212) (24.15673598254314,461.6687838764315) (25.15673598254313,461.6687838764315) (25.15673598254313,487.6641875992418) (26.15673598254312,487.6641875992418) (26.15673598254312,513.6595913220521) (27.15673598254311,513.6595913220521) (27.15673598254311,539.6549950448623) (28.1567359825431,539.6549950448623) (28.1567359825431,565.6503987676725) (29.15673598254309,565.6503987676725) (29.15673598254309,591.6458024904828) (30.15673598254308,591.6458024904828) (30.15673598254308,617.641206213293) (31.15673598254307,617.641206213293) (31.15673598254307,643.6366099361032) (32.15673598254305,643.6366099361032) (32.15673598254305,669.6320136589135) (33.15673598254304,669.6320136589135) (33.15673598254304,695.6274173817237) (34.15673598254303,695.6274173817237) (34.15673598254303,721.622821104534) (35.15673598254301,721.622821104534) (35.15673598254301,747.6182248273442) (36.156735982543,747.6182248273442) (36.156735982543,773.6136285501544) (37.15673598254298,773.6136285501544) (37.15673598254298,799.6090322729647) (38.15673598254297,799.6090322729647) (38.15673598254297,825.6044359957749) (39.15673598254295,825.6044359957749) (39.15673598254295,851.5998397185851) (40.15673598254294,851.5998397185851) (40.15673598254294,877.5952434413954) (41.15673598254293,877.5952434413954) (41.15673598254293,903.5906471642056) (42.15673598254291,903.5906471642056) (42.15673598254291,929.5860508870159) (43.1567359825429,929.5860508870159) (43.1567359825429,955.5814546098261) (44.15673598254288,955.5814546098261) (44.15673598254288,981.5768583326363) (45.15673598254287,981.5768583326363) (45.15673598254287,1007.572262055447) (46.15673598254286,1007.572262055447) (46.15673598254286,1033.567665778257) (47.15673598254284,1033.567665778257) (47.15673598254284,1059.563069501067) (48.15673598254283,1059.563069501067) (48.15673598254283,1085.558473223878) (49.15673598254281,1085.558473223878) (49.15673598254281,1111.553876946688) (50.1567359825428,1111.553876946688) (50.1567359825428,1137.549280669498) (51.15673598254278,1137.549280669498) (51.15673598254278,1163.544684392309) (52.15673598254277,1163.544684392309) (52.15673598254277,1189.540088115119) (53.15673598254276,1189.540088115119) (53.15673598254276,1215.535491837929) (54.15673598254274,1215.535491837929) (54.15673598254274,1241.53089556074) (55.15673598254273,1241.53089556074) (55.15673598254273,1267.52629928355) (56.15673598254271,1267.52629928355) (56.15673598254271,1293.52170300636) (57.1567359825427,1293.52170300636) (57.1567359825427,1319.517106729171) (58.15673598254268,1319.517106729171) (58.15673598254268,1345.512510451981) (59.15673598254267,1345.512510451981) (59.15673598254267,1371.507914174791) (60.15673598254266,1371.507914174791) (60.15673598254266,1397.503317897602) (61.16946683940179,1397.503317897602) (61.16946683940179,1423.501210954746) (62.17808605708098,1423.501210954746) (62.17808605708098,1449.500245178851) (63.18392149784886,1449.500245178851) (63.18392149784886,1475.499802499311) (64.18787222889712,1475.499802499311) (64.18787222889712,1501.499599591989) (65.19054696131725,1501.499599591989) (65.19054696131725,1527.499506587529) (66.19235781263947,1527.499506587529) (66.19235781263947,1553.499463958168) (67.19358379734766,1553.499463958168) (67.19358379734766,1579.49944441867) (68.1944138147976,1579.49944441867) (68.1944138147976,1605.499435462594) (69.19497575402731,1605.499435462594) (69.19497575402731,1631.49943135751) (70.19535619866062,1631.49943135751) (70.19535619866062,1657.499429475914) (71.19561376764379,1657.499429475914) (71.19561376764379,1683.499428613471) (72.19578814723741,1683.499428613471) (72.19578814723741,1709.499428218164) (73.19590620587167,1709.499428218164) (73.19590620587167,1735.499428036972) (74.19598613403905,1735.499428036972) (74.19598613403905,1761.499427953921) (75.19604024708013,1761.499427953921) (75.19604024708013,1787.499427915854) (76.19607688274176,1787.499427915854) (76.19607688274176,1813.499427898406) (77.19610168585321,1813.499427898406) (77.19610168585321,1839.499427890409) (78.19611847808007,1839.499427890409) (78.19611847808007,1865.499427886743) (79.19612984675783,1865.499427886743) (79.19612984675783,1891.499427885063) (80.19613754359339,1891.499427885063) (80.19613754359339,1917.499427884293) (81.19614275450618,1917.499427884293) (81.19614275450618,1943.499427883939) (82.19614628240127,1943.499427883939) (82.19614628240127,1969.499427883778) (83.19614867086725,1969.499427883778) (83.19614867086725,1995.499427883703) (84.19615028790066,1995.499427883703) (84.19615028790066,2021.499427883669) (85.19615138270505,2021.499427883669) (85.19615138270505,2047.499427883654) (86.19615212387863,2047.499427883654) (86.19615212387863,2073.499427883647) (87.19615262567393,2073.499427883647) (87.19615262567393,2099.499427883643) (88.19615296547263,2099.499427883643) (88.19615296547263,2125.499427883642) (89.19615319583895,2125.499427883642) (89.19615319583895,2151.499427883641) (90.19615335069629,2151.499427883641) (90.19615335069629,2177.499427883641) (91.19615345500436,2177.499427883641) (91.19615345500436,2203.499427883641) (92.19615352800479,2203.499427883641) (92.19615352800479,2229.499427883641) (93.19615357742629,2229.499427883641) (93.19615357742629,2255.499427883641) (94.19615361074624,2255.499427883641) (94.19615361074624,2281.499427883641) (95.1961536318196,2281.499427883641) (95.1961536318196,2307.499427883641) (96.19615363181954,2307.499427883641) (96.19615363181954,2333.499427883641) (97.19615363181948,2333.499427883641) (97.19615363181948,2359.499427883641) (98.19615363181943,2359.499427883641) (98.19615363181943,2385.499427883641) (99.19615363181937,2385.499427883641) (99.19615363181937,2411.499427883641) (100.1961536318193,2411.499427883641) (100.1961536318193,2437.499427883641) (101.1961536318193,2437.499427883641) (101.1961536318193,2463.499427883641) (102.1961536318192,2463.499427883641) (102.1961536318192,2489.499427883641) (103.1961536318191,2489.499427883641) (103.1961536318191,2515.499427883641) (104.1961536318191,2515.499427883641) (104.1961536318191,2541.499427883641) (105.196153631819,2541.499427883641) (105.196153631819,2567.499427883641) (106.196153631819,2567.499427883641) (106.196153631819,2593.499427883641) (107.1961536318189,2593.499427883641) (107.1961536318189,2619.499427883641) (108.1961536318189,2619.499427883641) (108.1961536318189,2645.499427883641) (109.1961536318188,2645.499427883641) (109.1961536318188,2671.499427883641) (110.1961536318187,2671.499427883641) (110.1961536318187,2697.499427883641) (111.1961536318187,2697.499427883641) (111.1961536318187,2723.499427883641) (112.1961536318186,2723.499427883641) (112.1961536318186,2749.499427883641) (113.1961536318186,2749.499427883641) (113.1961536318186,2775.499427883641) (114.1961536318185,2775.499427883641) (114.1961536318185,2801.499427883641) (115.1961536318185,2801.499427883641) (115.1961536318185,2827.499427883641) (116.1961536318184,2827.499427883641) (116.1961536318184,2853.499427883641) (117.1961536318183,2853.499427883641) (117.1961536318183,2879.499427883641) (118.1961536318183,2879.499427883641) (118.1961536318183,2905.499427883641) (119.1961536318182,2905.499427883641) (119.1961536318182,2931.499427883641) (120.1961536318182,2931.499427883641) (120.1961536318182,2957.499427883641) (121.1961536318181,2957.499427883641) (121.1961536318181,2983.499427883641) (122.1961536318181,2983.499427883641) (122.1961536318181,3009.499427883641) (123.196153631818,3009.499427883641) (123.196153631818,3035.499427883641) (124.1961536318179,3035.499427883641) (124.1961536318179,3061.499427883641) (125.1961536318179,3061.499427883641) (125.1961536318179,3087.499427883641) (126.1961536318178,3087.499427883641) (126.1961536318178,3113.499427883641) (127.1961536318178,3113.499427883641) (127.1961536318178,3139.499427883641) (128.1961536318177,3139.499427883641) (128.1961536318177,3165.499427883641) (129.1961536318178,3165.499427883641) (129.1961536318178,3191.499427883641) (130.1961536318179,3191.499427883641) (130.1961536318179,3217.499427883641) (131.196153631818,3217.499427883641) (131.196153631818,3243.499427883641) (132.1961536318181,3243.499427883641) (132.1961536318181,3269.499427883641) (133.1961536318182,3269.499427883641) (133.1961536318182,3295.499427883641) (134.1961536318182,3295.499427883641) (134.1961536318182,3321.499427883641) (135.1961536318183,3321.499427883641) (135.1961536318183,3347.499427883641) (136.1961536318184,3347.499427883641) (136.1961536318184,3373.499427883641) (137.1961536318185,3373.499427883641) (137.1961536318185,3399.499427883641) (138.1961536318186,3399.499427883641) (138.1961536318186,3425.499427883641) (139.1961536318187,3425.499427883641) (139.1961536318187,3451.499427883641) (140.1961536318188,3451.499427883641) (140.1961536318188,3477.499427883641) (141.1961536318188,3477.499427883641) (141.1961536318188,3503.499427883641) (142.1961536318189,3503.499427883641) (142.1961536318189,3529.499427883641) (143.196153631819,3529.499427883641) (143.196153631819,3555.499427883641) (144.1961536318191,3555.499427883641) (144.1961536318191,3581.499427883641) (145.1961536318192,3581.499427883641) (145.1961536318192,3607.499427883641) (146.1961536318193,3607.499427883641) (146.1961536318193,3633.499427883641) (147.1961536318194,3633.499427883641) (147.1961536318194,3659.499427883641) (148.1961536318194,3659.499427883641) (148.1961536318194,3685.499427883641) (149.1961536318195,3685.499427883641) (149.1961536318195,3711.499427883641) (150.1961536318196,3711.499427883641) (150.1961536318196,3737.499427883641) (151.1961536318197,3737.499427883641) (151.1961536318197,3763.499427883641) (152.1961536318198,3763.499427883641) (152.1961536318198,3789.499427883641) (153.1961536318199,3789.499427883641) (153.1961536318199,3815.499427883641) (154.19615363182,3815.499427883641) (154.19615363182,3841.499427883641) (155.19615363182,3841.499427883641) (155.19615363182,3867.499427883641) (156.1961536318201,3867.499427883641) (156.1961536318201,3893.499427883641) (157.1961536318202,3893.499427883641) (157.1961536318202,3919.499427883641) (158.1961536318203,3919.499427883641) (158.1961536318203,3945.499427883641) (159.1961536318204,3945.499427883641) (159.1961536318204,3971.499427883641) (160.1961536318205,3971.499427883641) (160.1961536318205,3997.499427883641) (161.1961536318206,3997.499427883641) (161.1961536318206,4023.499427883641) (162.1961536318206,4023.499427883641) (162.1961536318206,4049.499427883641) (163.1961536318207,4049.499427883641) (163.1961536318207,4075.499427883641) (164.1961536318208,4075.499427883641) (164.1961536318208,4101.49942788364) (165.1961536318209,4101.49942788364) (165.1961536318209,4127.49942788364) (166.196153631821,4127.49942788364) (166.196153631821,4153.49942788364) (167.1961536318211,4153.49942788364) (167.1961536318211,4179.49942788364) (168.1961536318211,4179.49942788364) (168.1961536318211,4205.49942788364) (169.1961536318212,4205.49942788364) (169.1961536318212,4231.49942788364) (170.1961536318213,4231.49942788364) (170.1961536318213,4257.49942788364) (171.1961536318214,4257.49942788364) (171.1961536318214,4283.49942788364) (172.1961536318215,4283.49942788364) (172.1961536318215,4309.49942788364) (173.4349354275764,4309.49942788364) (173.4349354275764,4334.761725317672) (174.9510515244899,4334.761725317672) (174.9510515244899,4357.375029374853) (176.7499087036633,4357.375029374853) (176.7499087036633,4371.80338971305) (178.8856163469568,4371.80338971305) (178.8856163469568,4380.472858151295) (181.1939148058615,4380.472858151295) (181.1939148058615,4385.010512952947) (183.6200548536078,4385.010512952947) (183.6200548536078,4388.172157803916) (186.0887560816305,4388.172157803916) (186.0887560816305,4390.428283375573) (188.5861231171584,4390.428283375573) (188.5861231171584,4391.835488330516) (191.1105882796112,4391.835488330516) (191.1105882796112,4392.871718959358) (193.6474261177331,4392.871718959358) (193.6474261177331,4393.515439372457) (196.1973813378093,4393.515439372457) (196.1973813378093,4394.057268921059) (198.7473365578855,4394.057268921059) (198.7473365578855,4394.599098469662) (201.2972917779617,4394.599098469662) (201.2972917779617,4395.140928018264) (203.8472469980379,4395.140928018264) (203.8472469980379,4395.682757566867) (206.3972022181141,4395.682757566867) (206.3972022181141,4396.224587115469) (208.9471574381903,4396.224587115469) (208.9471574381903,4396.766416664072) (211.4971126582665,4396.766416664072) (211.4971126582665,4397.308246212675) (214.0470678783427,4397.308246212675) (214.0470678783427,4397.850075761278) (216.597023098419,4397.850075761278) (216.597023098419,4398.391905309881) (219.1469783184952,4398.391905309881) (219.1469783184952,4398.933734858484) (221.6969335385714,4398.933734858484) (221.6969335385714,4399.475564407086) (224.2468887586476,4399.475564407086) (224.2468887586476,4400.01739395569) (226.7968439787239,4400.01739395569) (226.7968439787239,4400.559223504292) (229.3467991988001,4400.559223504292) (229.3467991988001,4400.840201776819) (700,4400.840201776819)
robPositionY[0]:
[0]: (0,0) (0,163.5) (2,163.5) (2,188.9679078844919) (11.11912905757674,188.9679078844919) (11.11912905757674,188.479046668909) (12.13793252005998,188.479046668909) (12.13793252005998,187.9901854533262) (13.15673598254322,187.9901854533262) (13.15673598254322,187.5013242377433) (14.15673598254322,187.5013242377433) (14.15673598254322,187.0124630221605) (15.15673598254322,187.0124630221605) (15.15673598254322,186.5236018065776) (16.15673598254322,186.5236018065776) (16.15673598254322,186.0347405909947) (17.15673598254322,186.0347405909947) (17.15673598254322,185.5458793754118) (18.15673598254321,185.5458793754118) (18.15673598254321,185.0570181598289) (19.1567359825432,185.0570181598289) (19.1567359825432,184.568156944246) (20.15673598254319,184.568156944246) (20.15673598254319,184.0792957286631) (21.15673598254318,184.0792957286631) (21.15673598254318,183.5904345130803) (22.15673598254316,183.5904345130803) (22.15673598254316,183.1015732974974) (23.15673598254315,183.1015732974974) (23.15673598254315,182.6127120819145) (24.15673598254314,182.6127120819145) (24.15673598254314,182.1238508663316) (25.15673598254313,182.1238508663316) (25.15673598254313,181.6349896507487) (26.15673598254312,181.6349896507487) (26.15673598254312,181.1461284351658) (27.15673598254311,181.1461284351658) (27.15673598254311,180.6572672195829) (28.1567359825431,180.6572672195829) (28.1567359825431,180.168406004) (29.15673598254309,180.168406004) (29.15673598254309,179.6795447884172) (30.15673598254308,179.6795447884172) (30.15673598254308,179.1906835728343) (31.15673598254307,179.1906835728343) (31.15673598254307,178.7018223572514) (32.15673598254305,178.7018223572514) (32.15673598254305,178.2129611416685) (33.15673598254304,178.2129611416685) (33.15673598254304,177.7240999260856) (34.15673598254303,177.7240999260856) (34.15673598254303,177.2352387105027) (35.15673598254301,177.2352387105027) (35.15673598254301,176.7463774949198) (36.156735982543,176.7463774949198) (36.156735982543,176.257516279337) (37.15673598254298,176.257516279337) (37.15673598254298,175.7686550637541) (38.15673598254297,175.7686550637541) (38.15673598254297,175.2797938481712) (39.15673598254295,175.2797938481712) (39.15673598254295,174.7909326325883) (40.15673598254294,174.7909326325883) (40.15673598254294,174.3020714170054) (41.15673598254293,174.3020714170054) (41.15673598254293,173.8132102014225) (42.15673598254291,173.8132102014225) (42.15673598254291,173.3243489858396) (43.1567359825429,173.3243489858396) (43.1567359825429,172.8354877702567) (44.15673598254288,172.8354877702567) (44.15673598254288,172.3466265546739) (45.15673598254287,172.3466265546739) (45.15673598254287,171.857765339091) (46.15673598254286,171.857765339091) (46.15673598254286,171.3689041235081) (47.15673598254284,171.3689041235081) (47.15673598254284,170.8800429079252) (48.15673598254283,170.8800429079252) (48.15673598254283,170.3911816923423) (49.15673598254281,170.3911816923423) (49.15673598254281,169.9023204767594) (50.1567359825428,169.9023204767594) (50.1567359825428,169.4134592611765) (51.15673598254278,169.4134592611765) (51.15673598254278,168.9245980455937) (52.15673598254277,168.9245980455937) (52.15673598254277,168.4357368300108) (53.15673598254276,168.4357368300108) (53.15673598254276,167.9468756144279) (54.15673598254274,167.9468756144279) (54.15673598254274,167.458014398845) (55.15673598254273,167.458014398845) (55.15673598254273,166.9691531832621) (56.15673598254271,166.9691531832621) (56.15673598254271,166.4802919676792) (57.1567359825427,166.4802919676792) (57.1567359825427,165.9914307520963) (58.15673598254268,165.9914307520963) (58.15673598254268,165.5025695365134) (59.15673598254267,165.5025695365134) (59.15673598254267,165.0137083209306) (60.15673598254266,165.0137083209306) (60.15673598254266,164.5248471053477) (61.16946683940179,164.5248471053477) (61.16946683940179,164.1938537681208) (62.17808605708098,164.1938537681208) (62.17808605708098,163.969756883213) (63.18392149784886,163.969756883213) (63.18392149784886,163.8180362843253) (64.18787222889712,163.8180362843253) (64.18787222889712,163.7153175442811) (65.19054696131725,163.7153175442811) (65.19054696131725,163.6457745842783) (66.19235781263947,163.6457745842783) (66.19235781263947,163.5986924756321) (67.19358379734766,163.5986924756321) (67.19358379734766,163.566816881204) (68.1944138147976,163.566816881204) (68.1944138147976,163.545236429983) (69.19497575402731,163.545236429983) (69.19497575402731,163.5306260107791) (70.19535619866062,163.5306260107791) (70.19535619866062,163.5207344505516) (71.19561376764379,163.5207344505516) (71.19561376764379,163.5140376570627) (72.19578814723741,163.5140376570627) (72.19578814723741,163.5095037876518) (73.19590620587167,163.5095037876518) (73.19590620587167,163.5064342631685) (74.19598613403905,163.5064342631685) (74.19598613403905,163.5043561308182) (75.19604024708013,163.5043561308182) (75.19604024708013,163.5029491917491) (76.19607688274176,163.5029491917491) (76.19607688274176,163.5019966645455) (77.19610168585321,163.5019966645455) (77.19610168585321,163.5013517836466) (78.19611847808007,163.5013517836466) (78.19611847808007,163.5009151857469) (79.19612984675783,163.5009151857469) (79.19612984675783,163.5006196001235) (80.19613754359339,163.5006196001235) (80.19613754359339,163.5004194823974) (81.19614275450618,163.5004194823974) (81.19614275450618,163.5002839986634) (82.19614628240127,163.5002839986634) (82.19614628240127,163.5001922733894) (83.19614867086725,163.5001922733894) (83.19614867086725,163.5001301732726) (84.19615028790066,163.5001301732726) (84.19615028790066,163.5000881304022) (85.19615138270505,163.5000881304022) (85.19615138270505,163.5000596654866) (86.19615212387863,163.5000596654866) (86.19615212387863,163.5000403949721) (87.19615262567393,163.5000403949721) (87.19615262567393,163.5000273482928) (88.19615296547263,163.5000273482928) (88.19615296547263,163.5000185135251) (89.19615319583895,163.5000185135251) (89.19615319583895,163.5000125239997) (90.19615335069629,163.5000125239997) (90.19615335069629,163.5000084977071) (91.19615345500436,163.5000084977071) (91.19615345500436,163.5000057856957) (92.19615352800479,163.5000057856957) (92.19615352800479,163.5000038876832) (93.19615357742629,163.5000038876832) (93.19615357742629,163.5000026027226) (94.19615361074624,163.5000026027226) (94.19615361074624,163.5000017364024) (95.1961536318196,163.5000017364024) (95.1961536318196,163.5000011884933) (96.19615363181954,163.5000011884933) (96.19615363181954,163.5000006405843) (173.4349354275764,163.5000006405843) (173.4349354275764,169.6494988603188) (174.9510515244899,169.6494988603188) (174.9510515244899,182.4806515605829) (176.7499087036633,182.4806515605829) (176.7499087036633,204.1098544573876) (178.8856163469568,204.1098544573876) (178.8856163469568,228.6218987825405) (181.1939148058615,228.6218987825405) (181.1939148058615,254.2228692504944) (183.6200548536078,254.2228692504944) (183.6200548536078,280.0299225855101) (186.0887560816305,280.0299225855101) (186.0887560816305,305.9318510350467) (188.5861231171584,305.9318510350467) (188.5861231171584,331.8937418408948) (191.1105882796112,331.8937418408948) (191.1105882796112,357.873084135954) (193.6474261177331,357.873084135954) (193.6474261177331,383.8651141457428) (196.1973813378093,383.8651141457428) (196.1973813378093,409.8594677776426) (198.7473365578855,409.8594677776426) (198.7473365578855,435.8538214095424) (201.2972917779617,435.8538214095424) (201.2972917779617,461.8481750414421) (203.8472469980379,461.8481750414421) (203.8472469980379,487.8425286733419) (206.3972022181141,487.8425286733419) (206.3972022181141,513.8368823052417) (208.9471574381903,513.8368823052417) (208.9471574381903,539.8312359371415) (211.4971126582665,539.8312359371415) (211.4971126582665,565.8255895690413) (214.0470678783427,565.8255895690413) (214.0470678783427,591.8199432009411) (216.597023098419,591.8199432009411) (216.597023098419,617.8142968328409) (219.1469783184952,617.8142968328409) (219.1469783184952,643.8086504647407) (221.6969335385714,643.8086504647407) (221.6969335385714,669.8030040966405) (224.2468887586476,669.8030040966405) (224.2468887586476,695.7973577285403) (226.7968439787239,695.7973577285403) (226.7968439787239,721.7917113604401) (229.3467991988001,721.7917113604401) (229.3467991988001,735.2716860088356) (700,735.2716860088356)
batteryCharge[0]:
[0]: (0,100) (700,100)
user_guided_transport.end:
[0]: (0,0) (231.3467991987991,0) (231.3467991987991,1) (700,1)
[2K
Verifying formula 5 at /nta/queries/query[5]/formula
 -- Formula: simulate[<=700]{robot_inventory[0][0], user_guided_transport.end*2}
[2K -- Formula is satisfied.
robot_inventory[0][0]:
[0]: (0,0) (11.30866538564544,0) (11.30866538564544,1) (700,1)
user_guided_transport.end * 2:
[0]: (0,0) (234.5363355268687,0) (234.5363355268687,2) (700,2)
[2K
Verifying formula 6 at /nta/queries/query[6]/formula
 -- Formula: simulate[<=700]{bedroom[0], bedroom[1], kitchen[0], kitchen[1]}
[2K -- Formula is satisfied.
bedroom[0]:
[0]: (0,100) (700,100)
bedroom[1]:
[0]: (0,200) (700,200)
kitchen[0]:
[0]: (0,4400) (700,4400)
kitchen[1]:
[0]: (0,765) (700,765)
[2K
Verifying formula 7 at /nta/queries/query[7]/formula
 -- Formula: simulate[<=700]{rm_1.idle, rf_1.idle, rp_1.idle, rd_1.idle}
[2K -- Formula is satisfied.
rm_1.idle:
[0]: (0,0) (0,1) (0,0) (3,0) (3,1) (700,1)
rf_1.idle:
[0]: (0,0) (0,1) (11.81780627005767,1) (11.81780627005767,0) (234.0454764112695,0) (234.0454764112695,1) (700,1)
rp_1.idle:
[0]: (0,0) (0,1) (2,1) (2,0) (11.81780627005767,0) (11.81780627005767,1) (700,1)
rd_1.idle:
[0]: (0,0) (0,1) (700,1)
[2K
Verifying formula 8 at /nta/queries/query[8]/formula
 -- Formula: Pr[<=700](<>!rm_1.idle || !rf_1.idle || !rp_1.idle || !rd_1.idle)
[2K -- Formula is satisfied.
(72/72 runs) Pr(<> …) in [0.950056,1] (95% CI)
Values in [0,0] mean=0 steps=2.22045e-16: 72
[2K
Verifying formula 9 at /nta/queries/query[9]/formula
 -- Formula: Pr[<=700]([] (user_guided_transport.end imply (rm_1.idle && rf_1.idle && rp_1.idle && rd_1.idle)))
 -- Throughput: 594972 runs/sec, Load: 332 runs[K
[2K -- Formula is satisfied.
(72/72 runs) Pr([] …) in [0.950056,1] (95% CI)
[2K
Verifying formula 10 at /nta/queries/query[10]/formula
 -- Formula: Pr[<=700] (<> pow(humanPositionX[0] - kitchen[0], 2) + pow(humanPositionY[0] - kitchen[1], 2) <= 900 )
[2K -- Formula is satisfied.
(72/72 runs) Pr(<> …) in [0.950056,1] (95% CI)
Values in [192.201,196.946] mean=194.597 steps=0.527197: 2 8 11 12 12 7 3 10 7
[2K
Verifying formula 11 at /nta/queries/query[11]/formula
 -- Formula: Pr[<=700] (<> pow(humanPositionX[0] - bedroom[0], 2) + pow(humanPositionY[0] - bedroom[1], 2) <= 900 )
[2K -- Formula is satisfied.
(72/72 runs) Pr(<> …) in [0.950056,1] (95% CI)
Values in [1,1] mean=1 steps=2.22045e-16: 72
[2K
Verifying formula 12 at /nta/queries/query[12]/formula
 -- Formula: Pr[<=700] (<> pow(robPositionX[0] - bedroom[0], 2) + pow(robPositionY[0] - bedroom[1], 2) <= 900 )
[2K -- Formula is satisfied.
(72/72 runs) Pr(<> …) in [0.950056,1] (95% CI)
Values in [2,2] mean=2 steps=2.22045e-16: 72
[2K
Verifying formula 13 at /nta/queries/query[13]/formula
 -- Formula: Pr[<=700] (<> !isValidPosition(humanPositionX[0], humanPositionY[0]))
[2K -- Formula is satisfied.
(72/72 runs) Pr(<> …) in [0.950056,1] (95% CI)
Values in [0,0] mean=0 steps=2.22045e-16: 72
[2K
Verifying formula 14 at /nta/queries/query[14]/formula
 -- Formula: Pr[<=700] (<> !isValidPosition(robPositionX[0], robPositionY[0]))
[2K -- Formula is satisfied.
(72/72 runs) Pr(<> …) in [0.950056,1] (95% CI)
Values in [0,0] mean=0 steps=2.22045e-16: 72
[2K
Verifying formula 15 at /nta/queries/query[15]/formula
 -- Formula: Pr[<=700] (<> currP > 2)
 -- Throughput: 596038 runs/sec, Load: 332 runs[K
[2K -- Formula is satisfied.
(0/72 runs) Pr(<> …) in [0,0.0499441] (95% CI)
