Options for the verification:
  Generating no trace
  Search order is breadth first
  Using conservative space optimisation
  Seed is 1784380347
  State space representation uses minimal constraint systems with future testing
  Using HashMap + Compress integers for discrete state storage
[2K
Verifying formula 1 at /nta/queries/query[1]/formula
 -- Formula: simulate[<=700]{user_guided_transport_h1_def.s1_start, user_guided_transport_h1_def.s1_end, user_guided_transport_h1_def.s2_start, user_guided_transport_h1_def.s2_idle, user_guided_transport_h1_def.s3_start, user_guided_transport_h1_def.s3_end, user_guided_transport.end}
[2K -- Formula is satisfied.
user_guided_transport_h1_def.s1_start:
[0]: (0,0) (0,1) (0,0) (700,0)
user_guided_transport_h1_def.s1_end:
[0]: (0,0) (1,0) (1,1) (2,1) (2,0) (700,0)
user_guided_transport_h1_def.s2_start:
[0]: (0,0) (2,0) (2,1) (2,0) (700,0)
user_guided_transport_h1_def.s2_idle:
[0]: (0,0) (2,0) (2,1) (11.43991398469211,1) (11.43991398469211,0) (700,0)
user_guided_transport_h1_def.s3_start:
[0]: (0,0) (11.43991398469211,0) (11.43991398469211,1) (11.43991398469211,0) (16.43991398469209,0) (16.43991398469209,1) (16.43991398469209,0) (21.43991398469209,0) (21.43991398469209,1) (21.43991398469209,0) (26.43991398469209,0) (26.43991398469209,1) (26.43991398469209,0) (31.43991398469209,0) (31.43991398469209,1) (31.43991398469209,0) (36.43991398469222,0) (36.43991398469222,1) (36.43991398469222,0) (41.43991398469236,0) (41.43991398469236,1) (41.43991398469236,0) (46.4399139846925,0) (46.4399139846925,1) (46.4399139846925,0) (51.43991398469254,0) (51.43991398469254,1) (51.43991398469254,0) (56.43991398469255,0) (56.43991398469255,1) (56.43991398469255,0) (61.43991398469255,0) (61.43991398469255,1) (61.43991398469255,0) (66.43991398469272,0) (66.43991398469272,1) (66.43991398469272,0) (71.43991398469305,0) (71.43991398469305,1) (71.43991398469305,0) (76.43991398469335,0) (76.43991398469335,1) (76.43991398469335,0) (81.43991398469367,0) (81.43991398469367,1) (81.43991398469367,0) (86.43991398469402,0) (86.43991398469402,1) (86.43991398469402,0) (91.4399139846943,0) (91.4399139846943,1) (91.4399139846943,0) (96.43991398469463,0) (96.43991398469463,1) (96.43991398469463,0) (101.439913984695,0) (101.439913984695,1) (101.439913984695,0) (106.4399139846953,0) (106.4399139846953,1) (106.4399139846953,0) (111.4399139846957,0) (111.4399139846957,1) (111.4399139846957,0) (116.439913984696,0) (116.439913984696,1) (116.439913984696,0) (121.4399139846964,0) (121.4399139846964,1) (121.4399139846964,0) (126.4399139846967,0) (126.4399139846967,1) (126.4399139846967,0) (131.439913984697,0) (131.439913984697,1) (131.439913984697,0) (136.4399139846975,0) (136.4399139846975,1) (136.4399139846975,0) (141.4399139846979,0) (141.4399139846979,1) (141.4399139846979,0) (146.4399139846983,0) (146.4399139846983,1) (146.4399139846983,0) (151.4399139846987,0) (151.4399139846987,1) (151.4399139846987,0) (156.4399139846992,0) (156.4399139846992,1) (156.4399139846992,0) (161.4399139846996,0) (161.4399139846996,1) (161.4399139846996,0) (166.4399139847,0) (166.4399139847,1) (166.4399139847,0) (171.4399139847002,0) (171.4399139847002,1) (171.4399139847002,0) (176.4399139847005,0) (176.4399139847005,1) (176.4399139847005,0) (181.4399139847009,0) (181.4399139847009,1) (181.4399139847009,0) (186.4399139847011,0) (186.4399139847011,1) (186.4399139847011,0) (191.4399139847015,0) (191.4399139847015,1) (191.4399139847015,0) (196.4399139847019,0) (196.4399139847019,1) (196.4399139847019,0) (700,0)
user_guided_transport_h1_def.s3_end:
[0]: (0,0) (196.4399139847019,0) (196.4399139847019,1) (232.64878066344,1) (232.64878066344,0) (700,0)
user_guided_transport.end:
[0]: (0,0) (234.6487806634391,0) (234.6487806634391,1) (700,1)
[2K
Verifying formula 2 at /nta/queries/query[2]/formula
 -- Formula: simulate[<=700]{user_guided_transport_r1_def.s1_start, user_guided_transport_r1_def.s1_end, user_guided_transport_r1_def.s2_start, user_guided_transport_r1_def.s2_end, user_guided_transport_r1_def.s3_start, user_guided_transport_r1_def.s3_end, user_guided_transport.end}
[2K -- Formula is satisfied.
user_guided_transport_r1_def.s1_start:
[0]: (0,0) (0,1) (0,0) (700,0)
user_guided_transport_r1_def.s1_end:
[0]: (0,0) (2,0) (2,1) (2,0) (700,0)
user_guided_transport_r1_def.s2_start:
[0]: (0,0) (2,0) (2,1) (2,0) (700,0)
user_guided_transport_r1_def.s2_end:
[0]: (0,0) (7.721181439196799,0) (7.721181439196799,1) (7.721181439196799,0) (700,0)
user_guided_transport_r1_def.s3_start:
[0]: (0,0) (7.721181439196799,0) (7.721181439196799,1) (7.721181439196799,0) (700,0)
user_guided_transport_r1_def.s3_end:
[0]: (0,0) (228.9488515804202,0) (228.9488515804202,1) (228.9488515804202,0) (700,0)
user_guided_transport.end:
[0]: (0,0) (230.9488515804192,0) (230.9488515804192,1) (700,1)
[2K
Verifying formula 3 at /nta/queries/query[3]/formula
 -- Formula: Pr[<=700] (<> user_guided_transport.end)
[2K -- Formula is satisfied.
(72/72 runs) Pr(<> …) in [0.950056,1] (95% CI)
Values in [230.249,235.208] mean=232.482 steps=0.550991: 11 7 8 11 7 9 7 8 4
[2K
Verifying formula 4 at /nta/queries/query[4]/formula
 -- Formula: simulate[<=700]{humanPositionX[0], humanPositionY[0], robPositionX[0], robPositionY[0], batteryCharge[0], user_guided_transport.end}
[2K -- Formula is satisfied.
humanPositionX[0]:
[0]: (0,0) (0,92.5) (1,92.5) (1,97.73313175708738) (9.553141056104575,97.73313175708738) (9.553141056104575,123.7285354798977) (10.55314105610457,123.7285354798977) (10.55314105610457,149.723939202708) (11.55314105610457,149.723939202708) (11.55314105610457,175.7193429255182) (12.55314105610457,175.7193429255182) (12.55314105610457,201.7147466483285) (13.55314105610457,201.7147466483285) (13.55314105610457,227.7101503711388) (14.55314105610457,227.7101503711388) (14.55314105610457,253.7055540939491) (15.55314105610457,253.7055540939491) (15.55314105610457,279.7009578167594) (16.55314105610456,279.7009578167594) (16.55314105610456,305.6963615395697) (17.55314105610456,305.6963615395697) (17.55314105610456,331.69176526238) (18.55314105610456,331.69176526238) (18.55314105610456,357.6871689851903) (19.55314105610456,357.6871689851903) (19.55314105610456,383.6825727080006) (20.55314105610456,383.6825727080006) (20.55314105610456,409.6779764308109) (21.55314105610456,409.6779764308109) (21.55314105610456,435.6733801536212) (22.55314105610456,435.6733801536212) (22.55314105610456,461.6687838764315) (23.55314105610456,461.6687838764315) (23.55314105610456,487.6641875992418) (24.55314105610456,487.6641875992418) (24.55314105610456,513.6595913220521) (25.55314105610456,513.6595913220521) (25.55314105610456,539.6549950448623) (26.55314105610456,539.6549950448623) (26.55314105610456,565.6503987676725) (27.55314105610456,565.6503987676725) (27.55314105610456,591.6458024904828) (28.55314105610456,591.6458024904828) (28.55314105610456,617.641206213293) (29.55314105610456,617.641206213293) (29.55314105610456,643.6366099361032) (30.55314105610456,643.6366099361032) (30.55314105610456,669.6320136589135) (31.55314105610456,669.6320136589135) (31.55314105610456,695.6274173817237) (32.55314105610459,695.6274173817237) (32.55314105610459,721.622821104534) (33.55314105610462,721.622821104534) (33.55314105610462,747.6182248273442) (34.55314105610466,747.6182248273442) (34.55314105610466,773.6136285501544) (35.55314105610469,773.6136285501544) (35.55314105610469,799.6090322729647) (36.55314105610473,799.6090322729647) (36.55314105610473,825.6044359957749) (37.55314105610476,825.6044359957749) (37.55314105610476,851.5998397185851) (38.5531410561048,851.5998397185851) (38.5531410561048,877.5952434413954) (39.55314105610483,877.5952434413954) (39.55314105610483,903.5906471642056) (40.55314105610487,903.5906471642056) (40.55314105610487,929.5860508870159) (41.55314105610491,929.5860508870159) (41.55314105610491,955.5814546098261) (42.55314105610494,955.5814546098261) (42.55314105610494,981.5768583326363) (43.55314105610498,981.5768583326363) (43.55314105610498,1007.572262055447) (44.55314105610501,1007.572262055447) (44.55314105610501,1033.567665778257) (45.553141056105,1033.567665778257) (45.553141056105,1059.563069501067) (46.55314105610498,1059.563069501067) (46.55314105610498,1085.558473223878) (47.55314105610496,1085.558473223878) (47.55314105610496,1111.553876946688) (48.55314105610493,1111.553876946688) (48.55314105610493,1137.549280669498) (49.55314105610491,1137.549280669498) (49.55314105610491,1163.544684392309) (50.55314105610489,1163.544684392309) (50.55314105610489,1189.540088115119) (51.55314105610487,1189.540088115119) (51.55314105610487,1215.535491837929) (52.55314105610485,1215.535491837929) (52.55314105610485,1241.53089556074) (53.55314105610483,1241.53089556074) (53.55314105610483,1267.52629928355) (54.55314105610481,1267.52629928355) (54.55314105610481,1293.52170300636) (55.55314105610478,1293.52170300636) (55.55314105610478,1319.517106729171) (56.55314105610476,1319.517106729171) (56.55314105610476,1345.512510451981) (57.55314105610474,1345.512510451981) (57.55314105610474,1371.507914174791) (58.55314105610472,1371.507914174791) (58.55314105610472,1397.503317897602) (59.5531410561047,1397.503317897602) (59.5531410561047,1423.498721620412) (60.55314105610468,1423.498721620412) (60.55314105610468,1478) (61.55314105610466,1478) (61.55314105610466,1504) (62.55314105610465,1504) (62.55314105610465,1530) (63.55314105610463,1530) (63.55314105610463,1556) (64.55314105610461,1556) (64.55314105610461,1582) (65.55314105610459,1582) (65.55314105610459,1608) (66.55314105610458,1608) (66.55314105610458,1634) (67.55314105610456,1634) (67.55314105610456,1660) (68.55314105610455,1660) (68.55314105610455,1686) (69.55314105610454,1686) (69.55314105610454,1712) (70.55314105610452,1712) (70.55314105610452,1738) (71.55314105610451,1738) (71.55314105610451,1764) (72.55314105610449,1764) (72.55314105610449,1790) (73.55314105610451,1790) (73.55314105610451,1816) (74.55314105610447,1816) (74.55314105610447,1842) (75.55314105610441,1842) (75.55314105610441,1868) (76.55314105610435,1868) (76.55314105610435,1894) (77.55314105610431,1894) (77.55314105610431,1920) (78.55314105610427,1920) (78.55314105610427,1946) (79.5531410561042,1946) (79.5531410561042,1972) (80.55314105610415,1972) (80.55314105610415,1998) (81.55314105610408,1998) (81.55314105610408,2024) (82.55314105610401,2024) (82.55314105610401,2050) (83.55314105610395,2050) (83.55314105610395,2076) (84.5531410561039,2076) (84.5531410561039,2102) (85.55314105610384,2102) (85.55314105610384,2128) (86.55314105610378,2128) (86.55314105610378,2154) (87.55314105610373,2154) (87.55314105610373,2180) (88.55314105610367,2180) (88.55314105610367,2206) (89.55314105610361,2206) (89.55314105610361,2232) (90.55314105610354,2232) (90.55314105610354,2258) (91.55314105610348,2258) (91.55314105610348,2284) (92.55314105610343,2284) (92.55314105610343,2310) (93.55314105610337,2310) (93.55314105610337,2336) (94.5531410561033,2336) (94.5531410561033,2362) (95.55314105610324,2362) (95.55314105610324,2388) (96.55314105610319,2388) (96.55314105610319,2414) (97.55314105610313,2414) (97.55314105610313,2440) (98.55314105610307,2440) (98.55314105610307,2466) (99.55314105610302,2466) (99.55314105610302,2492) (100.553141056103,2492) (100.553141056103,2518) (101.5531410561029,2518) (101.5531410561029,2544) (102.5531410561028,2544) (102.5531410561028,2570) (103.5531410561028,2570) (103.5531410561028,2596) (104.5531410561027,2596) (104.5531410561027,2622) (105.5531410561027,2622) (105.5531410561027,2648) (106.5531410561026,2648) (106.5531410561026,2674) (107.5531410561026,2674) (107.5531410561026,2700) (108.5531410561025,2700) (108.5531410561025,2726) (109.5531410561024,2726) (109.5531410561024,2752) (110.5531410561024,2752) (110.5531410561024,2778) (111.5531410561023,2778) (111.5531410561023,2804) (112.5531410561023,2804) (112.5531410561023,2830) (113.5531410561022,2830) (113.5531410561022,2856) (114.5531410561022,2856) (114.5531410561022,2882) (115.5531410561021,2882) (115.5531410561021,2908) (116.553141056102,2908) (116.553141056102,2934) (117.553141056102,2934) (117.553141056102,2960) (118.5531410561019,2960) (118.5531410561019,2986) (119.5531410561019,2986) (119.5531410561019,3012) (120.5531410561018,3012) (120.5531410561018,3038) (121.5531410561018,3038) (121.5531410561018,3088.5) (122.5531410561017,3088.5) (122.5531410561017,3114.5) (123.5531410561017,3114.5) (123.5531410561017,3140.5) (124.5531410561016,3140.5) (124.5531410561016,3166.5) (125.5531410561015,3166.5) (125.5531410561015,3192.5) (126.5531410561015,3192.5) (126.5531410561015,3218.5) (127.5531410561014,3218.5) (127.5531410561014,3244.5) (128.5531410561014,3244.5) (128.5531410561014,3270.5) (129.5531410561015,3270.5) (129.5531410561015,3296.5) (130.5531410561015,3296.5) (130.5531410561015,3322.5) (131.5531410561016,3322.5) (131.5531410561016,3348.5) (132.5531410561017,3348.5) (132.5531410561017,3374.5) (133.5531410561017,3374.5) (133.5531410561017,3400.5) (134.5531410561018,3400.5) (134.5531410561018,3426.5) (135.5531410561018,3426.5) (135.5531410561018,3452.5) (136.5531410561019,3452.5) (136.5531410561019,3478.5) (137.5531410561019,3478.5) (137.5531410561019,3504.5) (138.553141056102,3504.5) (138.553141056102,3530.5) (139.553141056102,3530.5) (139.553141056102,3556.5) (140.5531410561021,3556.5) (140.5531410561021,3582.5) (141.5531410561022,3582.5) (141.5531410561022,3608.5) (142.5531410561022,3608.5) (142.5531410561022,3634.5) (143.5531410561023,3634.5) (143.5531410561023,3660.5) (144.5531410561023,3660.5) (144.5531410561023,3686.5) (145.5531410561024,3686.5) (145.5531410561024,3712.5) (146.5531410561024,3712.5) (146.5531410561024,3738.5) (147.5531410561025,3738.5) (147.5531410561025,3764.5) (148.5531410561026,3764.5) (148.5531410561026,3790.5) (149.5531410561026,3790.5) (149.5531410561026,3816.5) (150.5531410561027,3816.5) (150.5531410561027,3842.5) (151.5531410561027,3842.5) (151.5531410561027,3868.5) (152.5531410561028,3868.5) (152.5531410561028,3894.5) (153.5531410561028,3894.5) (153.5531410561028,3920.5) (154.5531410561029,3920.5) (154.5531410561029,3946.5) (155.553141056103,3946.5) (155.553141056103,3972.5) (156.553141056103,3972.5) (156.553141056103,3998.5) (157.5531410561031,3998.5) (157.5531410561031,4024.5) (158.5531410561031,4024.5) (158.5531410561031,4050.5) (159.5531410561032,4050.5) (159.5531410561032,4076.5) (160.5531410561032,4076.5) (160.5531410561032,4102.5) (161.5531410561033,4102.5) (161.5531410561033,4128.5) (162.5531410561034,4128.5) (162.5531410561034,4154.5) (163.5531410561034,4154.5) (163.5531410561034,4180.5) (164.5531410561035,4180.5) (164.5531410561035,4206.5) (165.5531410561035,4206.5) (165.5531410561035,4232.5) (166.5531410561036,4232.5) (166.5531410561036,4258.5) (167.5531410561036,4258.5) (167.5531410561036,4284.5) (168.5531410561037,4284.5) (168.5531410561037,4310.5) (169.5531410561038,4310.5) (169.5531410561038,4336.5) (170.5531410561038,4336.5) (170.5531410561038,4362.5) (171.5531410561039,4362.5) (171.5531410561039,4388.5) (172.5531410561039,4388.5) (172.5531410561039,4416.265463717128) (173.553141056104,4416.265463717128) (173.553141056104,4415.530927434256) (174.5531410561041,4415.530927434256) (174.5531410561041,4414.796391151384) (175.5531410561041,4414.796391151384) (175.5531410561041,4414.061854868512) (176.5531410561042,4414.061854868512) (176.5531410561042,4413.327318585641) (177.5531410561043,4413.327318585641) (177.5531410561043,4412.592782302769) (178.5531410561044,4412.592782302769) (178.5531410561044,4411.858246019897) (179.5531410561045,4411.858246019897) (179.5531410561045,4411.123709737025) (180.5531410561046,4411.123709737025) (180.5531410561046,4410.389173454153) (181.5531410561046,4410.389173454153) (181.5531410561046,4409.654637171281) (182.5531410561047,4409.654637171281) (182.5531410561047,4408.920100888409) (183.5531410561048,4408.920100888409) (183.5531410561048,4408.185564605537) (184.5531410561049,4408.185564605537) (184.5531410561049,4407.451028322665) (185.553141056105,4407.451028322665) (185.553141056105,4406.716492039794) (186.5531410561051,4406.716492039794) (186.5531410561051,4405.981955756922) (187.5531410561051,4405.981955756922) (187.5531410561051,4405.24741947405) (188.5531410561052,4405.24741947405) (188.5531410561052,4404.512883191178) (189.5531410561053,4404.512883191178) (189.5531410561053,4403.778346908306) (190.5531410561053,4403.778346908306) (190.5531410561053,4403.043810625434) (191.5531410561054,4403.043810625434) (191.5531410561054,4402.309274342562) (192.5531410561055,4402.309274342562) (192.5531410561055,4401.57473805969) (193.5531410561056,4401.57473805969) (193.5531410561056,4400.840201776819) (700,4400.840201776819)
humanPositionY[0]:
[0]: (0,0) (0,163.5) (1,163.5) (1,188.9679078844919) (9.553141056104575,188.9679078844919) (9.553141056104575,188.479046668909) (10.55314105610457,188.479046668909) (10.55314105610457,187.9901854533261) (11.55314105610457,187.9901854533261) (11.55314105610457,187.5013242377432) (12.55314105610457,187.5013242377432) (12.55314105610457,187.0124630221603) (13.55314105610457,187.0124630221603) (13.55314105610457,186.5236018065774) (14.55314105610457,186.5236018065774) (14.55314105610457,186.0347405909945) (15.55314105610457,186.0347405909945) (15.55314105610457,185.5458793754117) (16.55314105610456,185.5458793754117) (16.55314105610456,185.0570181598288) (17.55314105610456,185.0570181598288) (17.55314105610456,184.5681569442459) (18.55314105610456,184.5681569442459) (18.55314105610456,184.079295728663) (19.55314105610456,184.079295728663) (19.55314105610456,183.5904345130801) (20.55314105610456,183.5904345130801) (20.55314105610456,183.1015732974972) (21.55314105610456,183.1015732974972) (21.55314105610456,182.6127120819143) (22.55314105610456,182.6127120819143) (22.55314105610456,182.1238508663315) (23.55314105610456,182.1238508663315) (23.55314105610456,181.6349896507486) (24.55314105610456,181.6349896507486) (24.55314105610456,181.1461284351657) (25.55314105610456,181.1461284351657) (25.55314105610456,180.6572672195828) (26.55314105610456,180.6572672195828) (26.55314105610456,180.1684060039999) (27.55314105610456,180.1684060039999) (27.55314105610456,179.679544788417) (28.55314105610456,179.679544788417) (28.55314105610456,179.1906835728341) (29.55314105610456,179.1906835728341) (29.55314105610456,178.7018223572512) (30.55314105610456,178.7018223572512) (30.55314105610456,178.2129611416684) (31.55314105610456,178.2129611416684) (31.55314105610456,177.7240999260855) (32.55314105610459,177.7240999260855) (32.55314105610459,177.2352387105026) (33.55314105610462,177.2352387105026) (33.55314105610462,176.7463774949197) (34.55314105610466,176.7463774949197) (34.55314105610466,176.2575162793368) (35.55314105610469,176.2575162793368) (35.55314105610469,175.7686550637539) (36.55314105610473,175.7686550637539) (36.55314105610473,175.279793848171) (37.55314105610476,175.279793848171) (37.55314105610476,174.7909326325882) (38.5531410561048,174.7909326325882) (38.5531410561048,174.3020714170053) (39.55314105610483,174.3020714170053) (39.55314105610483,173.8132102014224) (40.55314105610487,173.8132102014224) (40.55314105610487,173.3243489858395) (41.55314105610491,173.3243489858395) (41.55314105610491,172.8354877702566) (42.55314105610494,172.8354877702566) (42.55314105610494,172.3466265546737) (43.55314105610498,172.3466265546737) (43.55314105610498,171.8577653390908) (44.55314105610501,171.8577653390908) (44.55314105610501,171.3689041235079) (45.553141056105,171.3689041235079) (45.553141056105,170.8800429079251) (46.55314105610498,170.8800429079251) (46.55314105610498,170.3911816923422) (47.55314105610496,170.3911816923422) (47.55314105610496,169.9023204767593) (48.55314105610493,169.9023204767593) (48.55314105610493,169.4134592611764) (49.55314105610491,169.4134592611764) (49.55314105610491,168.9245980455935) (50.55314105610489,168.9245980455935) (50.55314105610489,168.4357368300106) (51.55314105610487,168.4357368300106) (51.55314105610487,167.9468756144277) (52.55314105610485,167.9468756144277) (52.55314105610485,167.4580143988449) (53.55314105610483,167.4580143988449) (53.55314105610483,166.969153183262) (54.55314105610481,166.969153183262) (54.55314105610481,166.4802919676791) (55.55314105610478,166.4802919676791) (55.55314105610478,165.9914307520962) (56.55314105610476,165.9914307520962) (56.55314105610476,165.5025695365133) (57.55314105610474,165.5025695365133) (57.55314105610474,165.0137083209304) (58.55314105610472,165.0137083209304) (58.55314105610472,164.5248471053475) (59.5531410561047,164.5248471053475) (59.5531410561047,164.0359858897646) (60.55314105610468,164.0359858897646) (60.55314105610468,163.5) (172.5531410561039,163.5) (172.5531410561039,189.4896220913107) (173.553141056104,189.4896220913107) (173.553141056104,215.4792441826214) (174.5531410561041,215.4792441826214) (174.5531410561041,241.4688662739321) (175.5531410561041,241.4688662739321) (175.5531410561041,267.4584883652428) (176.5531410561042,267.4584883652428) (176.5531410561042,293.4481104565535) (177.5531410561043,293.4481104565535) (177.5531410561043,319.4377325478642) (178.5531410561044,319.4377325478642) (178.5531410561044,345.427354639175) (179.5531410561045,345.427354639175) (179.5531410561045,371.4169767304857) (180.5531410561046,371.4169767304857) (180.5531410561046,397.4065988217964) (181.5531410561046,397.4065988217964) (181.5531410561046,423.3962209131071) (182.5531410561047,423.3962209131071) (182.5531410561047,449.3858430044178) (183.5531410561048,449.3858430044178) (183.5531410561048,475.3754650957285) (184.5531410561049,475.3754650957285) (184.5531410561049,501.3650871870392) (185.553141056105,501.3650871870392) (185.553141056105,527.3547092783499) (186.5531410561051,527.3547092783499) (186.5531410561051,553.3443313696606) (187.5531410561051,553.3443313696606) (187.5531410561051,579.3339534609713) (188.5531410561052,579.3339534609713) (188.5531410561052,605.323575552282) (189.5531410561053,605.323575552282) (189.5531410561053,631.3131976435927) (190.5531410561053,631.3131976435927) (190.5531410561053,657.3028197349034) (191.5531410561054,657.3028197349034) (191.5531410561054,683.2924418262141) (192.5531410561055,683.2924418262141) (192.5531410561055,709.2820639175249) (193.5531410561056,709.2820639175249) (193.5531410561056,735.2716860088356) (700,735.2716860088356)
robPositionX[0]:
[0]: (0,0) (0,92.5) (2,92.5) (2,97.73313175708738) (11.55314105610457,97.73313175708738) (11.55314105610457,123.7285354798977) (12.55314105610457,123.7285354798977) (12.55314105610457,149.723939202708) (13.57194451858781,149.723939202708) (13.57194451858781,175.7193429255182) (14.57194451858781,175.7193429255182) (14.57194451858781,201.7147466483285) (15.57194451858781,201.7147466483285) (15.57194451858781,227.7101503711388) (16.57194451858781,227.7101503711388) (16.57194451858781,253.7055540939491) (17.57194451858781,253.7055540939491) (17.57194451858781,279.7009578167594) (18.57194451858781,279.7009578167594) (18.57194451858781,305.6963615395697) (19.57194451858781,305.6963615395697) (19.57194451858781,331.69176526238) (20.57194451858781,331.69176526238) (20.57194451858781,357.6871689851903) (21.57194451858781,357.6871689851903) (21.57194451858781,383.6825727080006) (22.57194451858781,383.6825727080006) (22.57194451858781,409.6779764308109) (23.57194451858781,409.6779764308109) (23.57194451858781,435.6733801536212) (24.57194451858781,435.6733801536212) (24.57194451858781,461.6687838764315) (25.57194451858781,461.6687838764315) (25.57194451858781,487.6641875992418) (26.57194451858781,487.6641875992418) (26.57194451858781,513.6595913220521) (27.57194451858781,513.6595913220521) (27.57194451858781,539.6549950448623) (28.57194451858781,539.6549950448623) (28.57194451858781,565.6503987676725) (29.57194451858781,565.6503987676725) (29.57194451858781,591.6458024904828) (30.57194451858781,591.6458024904828) (30.57194451858781,617.641206213293) (31.57194451858781,617.641206213293) (31.57194451858781,643.6366099361032) (32.57194451858783,643.6366099361032) (32.57194451858783,669.6320136589135) (33.57194451858786,669.6320136589135) (33.57194451858786,695.6274173817237) (34.5719445185879,695.6274173817237) (34.5719445185879,721.622821104534) (35.57194451858793,721.622821104534) (35.57194451858793,747.6182248273442) (36.57194451858797,747.6182248273442) (36.57194451858797,773.6136285501544) (37.571944518588,773.6136285501544) (37.571944518588,799.6090322729647) (38.57194451858804,799.6090322729647) (38.57194451858804,825.6044359957749) (39.57194451858808,825.6044359957749) (39.57194451858808,851.5998397185851) (40.57194451858811,851.5998397185851) (40.57194451858811,877.5952434413954) (41.57194451858815,877.5952434413954) (41.57194451858815,903.5906471642056) (42.57194451858818,903.5906471642056) (42.57194451858818,929.5860508870159) (43.57194451858822,929.5860508870159) (43.57194451858822,955.5814546098261) (44.57194451858825,955.5814546098261) (44.57194451858825,981.5768583326363) (45.57194451858824,981.5768583326363) (45.57194451858824,1007.572262055447) (46.57194451858822,1007.572262055447) (46.57194451858822,1033.567665778257) (47.5719445185882,1033.567665778257) (47.5719445185882,1059.563069501067) (48.57194451858818,1059.563069501067) (48.57194451858818,1085.558473223878) (49.57194451858815,1085.558473223878) (49.57194451858815,1111.553876946688) (50.57194451858813,1111.553876946688) (50.57194451858813,1137.549280669498) (51.57194451858811,1137.549280669498) (51.57194451858811,1163.544684392309) (52.57194451858809,1163.544684392309) (52.57194451858809,1189.540088115119) (53.57194451858807,1189.540088115119) (53.57194451858807,1215.535491837929) (54.57194451858805,1215.535491837929) (54.57194451858805,1241.53089556074) (55.57194451858803,1241.53089556074) (55.57194451858803,1267.52629928355) (56.571944518588,1267.52629928355) (56.571944518588,1293.52170300636) (57.57194451858798,1293.52170300636) (57.57194451858798,1319.517106729171) (58.57194451858796,1319.517106729171) (58.57194451858796,1345.512510451981) (59.57194451858794,1345.512510451981) (59.57194451858794,1371.507914174791) (60.57194451858792,1371.507914174791) (60.57194451858792,1397.503317897602) (61.58467537544706,1397.503317897602) (61.58467537544706,1423.501210954746) (62.59329459312623,1423.501210954746) (62.59329459312623,1449.500245178851) (63.59913003389411,1449.500245178851) (63.59913003389411,1475.499802499311) (64.60308076494236,1475.499802499311) (64.60308076494236,1501.499599591989) (65.60575549736248,1501.499599591989) (65.60575549736248,1527.499506587529) (66.6075663486847,1527.499506587529) (66.6075663486847,1553.499463958168) (67.60879233339288,1553.499463958168) (67.60879233339288,1579.49944441867) (68.60962235084283,1579.49944441867) (68.60962235084283,1605.499435462594) (69.61018429007254,1605.499435462594) (69.61018429007254,1631.49943135751) (70.61056473470583,1631.49943135751) (70.61056473470583,1657.499429475914) (71.61082230368901,1657.499429475914) (71.61082230368901,1683.499428613471) (72.61099668328261,1683.499428613471) (72.61099668328261,1709.499428218164) (73.61111474191686,1709.499428218164) (73.61111474191686,1735.499428036972) (74.61119467008423,1735.499428036972) (74.61119467008423,1761.499427953921) (75.61124878312532,1761.499427953921) (75.61124878312532,1787.499427915854) (76.61128541878695,1787.499427915854) (76.61128541878695,1813.499427898406) (77.61131022189841,1813.499427898406) (77.61131022189841,1839.499427890409) (78.61132701412527,1839.499427890409) (78.61132701412527,1865.499427886743) (79.61133838280303,1865.499427886743) (79.61133838280303,1891.499427885063) (80.61134607963859,1891.499427885063) (80.61134607963859,1917.499427884293) (81.61135129055137,1917.499427884293) (81.61135129055137,1943.499427883939) (82.61135481844646,1943.499427883939) (82.61135481844646,1969.499427883778) (83.61135720691243,1969.499427883778) (83.61135720691243,1995.499427883703) (84.61135882394585,1995.499427883703) (84.61135882394585,2021.499427883669) (85.61135991875024,2021.499427883669) (85.61135991875024,2047.499427883654) (86.61136065992382,2047.499427883654) (86.61136065992382,2073.499427883647) (87.61136116171912,2073.499427883647) (87.61136116171912,2099.499427883643) (88.61136150151782,2099.499427883643) (88.61136150151782,2125.499427883642) (89.61136173188412,2125.499427883642) (89.61136173188412,2151.499427883641) (90.61136188674146,2151.499427883641) (90.61136188674146,2177.499427883641) (91.61136199104953,2177.499427883641) (91.61136199104953,2203.499427883641) (92.61136206404996,2203.499427883641) (92.61136206404996,2229.499427883641) (93.61136211347146,2229.499427883641) (93.61136211347146,2255.499427883641) (94.61136214679141,2255.499427883641) (94.61136214679141,2281.499427883641) (95.61136216786477,2281.499427883641) (95.61136216786477,2307.499427883641) (96.61136216786471,2307.499427883641) (96.61136216786471,2333.499427883641) (97.61136216786466,2333.499427883641) (97.61136216786466,2359.499427883641) (98.6113621678646,2359.499427883641) (98.6113621678646,2385.499427883641) (99.61136216786454,2385.499427883641) (99.61136216786454,2411.499427883641) (100.6113621678645,2411.499427883641) (100.6113621678645,2437.499427883641) (101.6113621678644,2437.499427883641) (101.6113621678644,2463.499427883641) (102.6113621678644,2463.499427883641) (102.6113621678644,2489.499427883641) (103.6113621678643,2489.499427883641) (103.6113621678643,2515.499427883641) (104.6113621678643,2515.499427883641) (104.6113621678643,2541.499427883641) (105.6113621678642,2541.499427883641) (105.6113621678642,2567.499427883641) (106.6113621678641,2567.499427883641) (106.6113621678641,2593.499427883641) (107.6113621678641,2593.499427883641) (107.6113621678641,2619.499427883641) (108.611362167864,2619.499427883641) (108.611362167864,2645.499427883641) (109.611362167864,2645.499427883641) (109.611362167864,2671.499427883641) (110.6113621678639,2671.499427883641) (110.6113621678639,2697.499427883641) (111.6113621678639,2697.499427883641) (111.6113621678639,2723.499427883641) (112.6113621678638,2723.499427883641) (112.6113621678638,2749.499427883641) (113.6113621678637,2749.499427883641) (113.6113621678637,2775.499427883641) (114.6113621678637,2775.499427883641) (114.6113621678637,2801.499427883641) (115.6113621678636,2801.499427883641) (115.6113621678636,2827.499427883641) (116.6113621678636,2827.499427883641) (116.6113621678636,2853.499427883641) (117.6113621678635,2853.499427883641) (117.6113621678635,2879.499427883641) (118.6113621678635,2879.499427883641) (118.6113621678635,2905.499427883641) (119.6113621678634,2905.499427883641) (119.6113621678634,2931.499427883641) (120.6113621678633,2931.499427883641) (120.6113621678633,2957.499427883641) (121.6113621678633,2957.499427883641) (121.6113621678633,2983.499427883641) (122.6113621678632,2983.499427883641) (122.6113621678632,3009.499427883641) (123.6113621678632,3009.499427883641) (123.6113621678632,3035.499427883641) (124.6113621678631,3035.499427883641) (124.6113621678631,3061.499427883641) (125.6113621678631,3061.499427883641) (125.6113621678631,3087.499427883641) (126.611362167863,3087.499427883641) (126.611362167863,3113.499427883641) (127.6113621678629,3113.499427883641) (127.6113621678629,3139.499427883641) (128.6113621678629,3139.499427883641) (128.6113621678629,3165.499427883641) (129.611362167863,3165.499427883641) (129.611362167863,3191.499427883641) (130.6113621678631,3191.499427883641) (130.6113621678631,3217.499427883641) (131.6113621678631,3217.499427883641) (131.6113621678631,3243.499427883641) (132.6113621678632,3243.499427883641) (132.6113621678632,3269.499427883641) (133.6113621678632,3269.499427883641) (133.6113621678632,3295.499427883641) (134.6113621678633,3295.499427883641) (134.6113621678633,3321.499427883641) (135.6113621678633,3321.499427883641) (135.6113621678633,3347.499427883641) (136.6113621678634,3347.499427883641) (136.6113621678634,3373.499427883641) (137.6113621678635,3373.499427883641) (137.6113621678635,3399.499427883641) (138.6113621678635,3399.499427883641) (138.6113621678635,3425.499427883641) (139.6113621678636,3425.499427883641) (139.6113621678636,3451.499427883641) (140.6113621678636,3451.499427883641) (140.6113621678636,3477.499427883641) (141.6113621678637,3477.499427883641) (141.6113621678637,3503.499427883641) (142.6113621678637,3503.499427883641) (142.6113621678637,3529.499427883641) (143.6113621678638,3529.499427883641) (143.6113621678638,3555.499427883641) (144.6113621678639,3555.499427883641) (144.6113621678639,3581.499427883641) (145.6113621678639,3581.499427883641) (145.6113621678639,3607.499427883641) (146.611362167864,3607.499427883641) (146.611362167864,3633.499427883641) (147.611362167864,3633.499427883641) (147.611362167864,3659.499427883641) (148.6113621678641,3659.499427883641) (148.6113621678641,3685.499427883641) (149.6113621678641,3685.499427883641) (149.6113621678641,3711.499427883641) (150.6113621678642,3711.499427883641) (150.6113621678642,3737.499427883641) (151.6113621678643,3737.499427883641) (151.6113621678643,3763.499427883641) (152.6113621678643,3763.499427883641) (152.6113621678643,3789.499427883641) (153.6113621678644,3789.499427883641) (153.6113621678644,3815.499427883641) (154.6113621678644,3815.499427883641) (154.6113621678644,3841.499427883641) (155.6113621678645,3841.499427883641) (155.6113621678645,3867.499427883641) (156.6113621678645,3867.499427883641) (156.6113621678645,3893.499427883641) (157.6113621678646,3893.499427883641) (157.6113621678646,3919.499427883641) (158.6113621678647,3919.499427883641) (158.6113621678647,3945.499427883641) (159.6113621678647,3945.499427883641) (159.6113621678647,3971.499427883641) (160.6113621678648,3971.499427883641) (160.6113621678648,3997.499427883641) (161.6113621678648,3997.499427883641) (161.6113621678648,4023.499427883641) (162.6113621678649,4023.499427883641) (162.6113621678649,4049.499427883641) (163.6113621678649,4049.499427883641) (163.6113621678649,4075.499427883641) (164.611362167865,4075.499427883641) (164.611362167865,4101.49942788364) (165.6113621678651,4101.49942788364) (165.6113621678651,4127.49942788364) (166.6113621678651,4127.49942788364) (166.6113621678651,4153.49942788364) (167.6113621678652,4153.49942788364) (167.6113621678652,4179.49942788364) (168.6113621678652,4179.49942788364) (168.6113621678652,4205.49942788364) (169.6113621678653,4205.49942788364) (169.6113621678653,4231.49942788364) (170.6113621678653,4231.49942788364) (170.6113621678653,4257.49942788364) (171.6113621678654,4257.49942788364) (171.6113621678654,4283.49942788364) (172.6113621678655,4283.49942788364) (172.6113621678655,4309.49942788364) (173.8501439636204,4309.49942788364) (173.8501439636204,4334.761725317672) (175.3662600605339,4334.761725317672) (175.3662600605339,4357.375029374853) (177.1651172397073,4357.375029374853) (177.1651172397073,4371.80338971305) (179.3008248830008,4371.80338971305) (179.3008248830008,4380.472858151295) (181.6091233419055,4380.472858151295) (181.6091233419055,4385.010512952947) (184.0352633896518,4385.010512952947) (184.0352633896518,4388.172157803916) (186.5039646176746,4388.172157803916) (186.5039646176746,4390.428283375573) (189.0013316532024,4390.428283375573) (189.0013316532024,4391.835488330516) (191.5257968156552,4391.835488330516) (191.5257968156552,4392.871718959358) (194.0626346537771,4392.871718959358) (194.0626346537771,4393.515439372457) (196.6125898738534,4393.515439372457) (196.6125898738534,4394.057268921059) (199.1625450939295,4394.057268921059) (199.1625450939295,4394.599098469662) (201.7125003140057,4394.599098469662) (201.7125003140057,4395.140928018264) (204.2624555340819,4395.140928018264) (204.2624555340819,4395.682757566867) (206.8124107541582,4395.682757566867) (206.8124107541582,4396.224587115469) (209.3623659742344,4396.224587115469) (209.3623659742344,4396.766416664072) (211.9123211943106,4396.766416664072) (211.9123211943106,4397.308246212675) (214.4622764143868,4397.308246212675) (214.4622764143868,4397.850075761278) (217.012231634463,4397.850075761278) (217.012231634463,4398.391905309881) (219.5621868545392,4398.391905309881) (219.5621868545392,4398.933734858484) (222.1121420746154,4398.933734858484) (222.1121420746154,4399.475564407086) (224.6620972946916,4399.475564407086) (224.6620972946916,4400.01739395569) (227.2120525147678,4400.01739395569) (227.2120525147678,4400.559223504292) (229.762007734844,4400.559223504292) (229.762007734844,4400.840201776819) (700,4400.840201776819)
robPositionY[0]:
[0]: (0,0) (0,163.5) (2,163.5) (2,188.9679078844919) (11.55314105610457,188.9679078844919) (11.55314105610457,188.479046668909) (12.55314105610457,188.479046668909) (12.55314105610457,187.9901854533262) (13.57194451858781,187.9901854533262) (13.57194451858781,187.5013242377433) (14.57194451858781,187.5013242377433) (14.57194451858781,187.0124630221605) (15.57194451858781,187.0124630221605) (15.57194451858781,186.5236018065776) (16.57194451858781,186.5236018065776) (16.57194451858781,186.0347405909947) (17.57194451858781,186.0347405909947) (17.57194451858781,185.5458793754118) (18.57194451858781,185.5458793754118) (18.57194451858781,185.0570181598289) (19.57194451858781,185.0570181598289) (19.57194451858781,184.568156944246) (20.57194451858781,184.568156944246) (20.57194451858781,184.0792957286631) (21.57194451858781,184.0792957286631) (21.57194451858781,183.5904345130803) (22.57194451858781,183.5904345130803) (22.57194451858781,183.1015732974974) (23.57194451858781,183.1015732974974) (23.57194451858781,182.6127120819145) (24.57194451858781,182.6127120819145) (24.57194451858781,182.1238508663316) (25.57194451858781,182.1238508663316) (25.57194451858781,181.6349896507487) (26.57194451858781,181.6349896507487) (26.57194451858781,181.1461284351658) (27.57194451858781,181.1461284351658) (27.57194451858781,180.6572672195829) (28.57194451858781,180.6572672195829) (28.57194451858781,180.168406004) (29.57194451858781,180.168406004) (29.57194451858781,179.6795447884172) (30.57194451858781,179.6795447884172) (30.57194451858781,179.1906835728343) (31.57194451858781,179.1906835728343) (31.57194451858781,178.7018223572514) (32.57194451858783,178.7018223572514) (32.57194451858783,178.2129611416685) (33.57194451858786,178.2129611416685) (33.57194451858786,177.7240999260856) (34.5719445185879,177.7240999260856) (34.5719445185879,177.2352387105027) (35.57194451858793,177.2352387105027) (35.57194451858793,176.7463774949198) (36.57194451858797,176.7463774949198) (36.57194451858797,176.257516279337) (37.571944518588,176.257516279337) (37.571944518588,175.7686550637541) (38.57194451858804,175.7686550637541) (38.57194451858804,175.2797938481712) (39.57194451858808,175.2797938481712) (39.57194451858808,174.7909326325883) (40.57194451858811,174.7909326325883) (40.57194451858811,174.3020714170054) (41.57194451858815,174.3020714170054) (41.57194451858815,173.8132102014225) (42.57194451858818,173.8132102014225) (42.57194451858818,173.3243489858396) (43.57194451858822,173.3243489858396) (43.57194451858822,172.8354877702567) (44.57194451858825,172.8354877702567) (44.57194451858825,172.3466265546739) (45.57194451858824,172.3466265546739) (45.57194451858824,171.857765339091) (46.57194451858822,171.857765339091) (46.57194451858822,171.3689041235081) (47.5719445185882,171.3689041235081) (47.5719445185882,170.8800429079252) (48.57194451858818,170.8800429079252) (48.57194451858818,170.3911816923423) (49.57194451858815,170.3911816923423) (49.57194451858815,169.9023204767594) (50.57194451858813,169.9023204767594) (50.57194451858813,169.4134592611765) (51.57194451858811,169.4134592611765) (51.57194451858811,168.9245980455937) (52.57194451858809,168.9245980455937) (52.57194451858809,168.4357368300108) (53.57194451858807,168.4357368300108) (53.57194451858807,167.9468756144279) (54.57194451858805,167.9468756144279) (54.57194451858805,167.458014398845) (55.57194451858803,167.458014398845) (55.57194451858803,166.9691531832621) (56.571944518588,166.9691531832621) (56.571944518588,166.4802919676792) (57.57194451858798,166.4802919676792) (57.57194451858798,165.9914307520963) (58.57194451858796,165.9914307520963) (58.57194451858796,165.5025695365134) (59.57194451858794,165.5025695365134) (59.57194451858794,165.0137083209306) (60.57194451858792,165.0137083209306) (60.57194451858792,164.5248471053477) (61.58467537544706,164.5248471053477) (61.58467537544706,164.1938537681208) (62.59329459312623,164.1938537681208) (62.59329459312623,163.969756883213) (63.59913003389411,163.969756883213) (63.59913003389411,163.8180362843253) (64.60308076494236,163.8180362843253) (64.60308076494236,163.7153175442811) (65.60575549736248,163.7153175442811) (65.60575549736248,163.6457745842783) (66.6075663486847,163.6457745842783) (66.6075663486847,163.5986924756321) (67.60879233339288,163.5986924756321) (67.60879233339288,163.566816881204) (68.60962235084283,163.566816881204) (68.60962235084283,163.545236429983) (69.61018429007254,163.545236429983) (69.61018429007254,163.5306260107791) (70.61056473470583,163.5306260107791) (70.61056473470583,163.5207344505516) (71.61082230368901,163.5207344505516) (71.61082230368901,163.5140376570627) (72.61099668328261,163.5140376570627) (72.61099668328261,163.5095037876518) (73.61111474191686,163.5095037876518) (73.61111474191686,163.5064342631685) (74.61119467008423,163.5064342631685) (74.61119467008423,163.5043561308182) (75.61124878312532,163.5043561308182) (75.61124878312532,163.5029491917491) (76.61128541878695,163.5029491917491) (76.61128541878695,163.5019966645455) (77.61131022189841,163.5019966645455) (77.61131022189841,163.5013517836466) (78.61132701412527,163.5013517836466) (78.61132701412527,163.5009151857469) (79.61133838280303,163.5009151857469) (79.61133838280303,163.5006196001235) (80.61134607963859,163.5006196001235) (80.61134607963859,163.5004194823974) (81.61135129055137,163.5004194823974) (81.61135129055137,163.5002839986634) (82.61135481844646,163.5002839986634) (82.61135481844646,163.5001922733894) (83.61135720691243,163.5001922733894) (83.61135720691243,163.5001301732726) (84.61135882394585,163.5001301732726) (84.61135882394585,163.5000881304022) (85.61135991875024,163.5000881304022) (85.61135991875024,163.5000596654866) (86.61136065992382,163.5000596654866) (86.61136065992382,163.5000403949721) (87.61136116171912,163.5000403949721) (87.61136116171912,163.5000273482928) (88.61136150151782,163.5000273482928) (88.61136150151782,163.5000185135251) (89.61136173188412,163.5000185135251) (89.61136173188412,163.5000125239997) (90.61136188674146,163.5000125239997) (90.61136188674146,163.5000084977071) (91.61136199104953,163.5000084977071) (91.61136199104953,163.5000057856957) (92.61136206404996,163.5000057856957) (92.61136206404996,163.5000038876832) (93.61136211347146,163.5000038876832) (93.61136211347146,163.5000026027226) (94.61136214679141,163.5000026027226) (94.61136214679141,163.5000017364024) (95.61136216786477,163.5000017364024) (95.61136216786477,163.5000011884933) (96.61136216786471,163.5000011884933) (96.61136216786471,163.5000006405843) (173.8501439636204,163.5000006405843) (173.8501439636204,169.6494988603188) (175.3662600605339,169.6494988603188) (175.3662600605339,182.4806515605829) (177.1651172397073,182.4806515605829) (177.1651172397073,204.1098544573876) (179.3008248830008,204.1098544573876) (179.3008248830008,228.6218987825405) (181.6091233419055,228.6218987825405) (181.6091233419055,254.2228692504944) (184.0352633896518,254.2228692504944) (184.0352633896518,280.0299225855101) (186.5039646176746,280.0299225855101) (186.5039646176746,305.9318510350467) (189.0013316532024,305.9318510350467) (189.0013316532024,331.8937418408948) (191.5257968156552,331.8937418408948) (191.5257968156552,357.873084135954) (194.0626346537771,357.873084135954) (194.0626346537771,383.8651141457428) (196.6125898738534,383.8651141457428) (196.6125898738534,409.8594677776426) (199.1625450939295,409.8594677776426) (199.1625450939295,435.8538214095424) (201.7125003140057,435.8538214095424) (201.7125003140057,461.8481750414421) (204.2624555340819,461.8481750414421) (204.2624555340819,487.8425286733419) (206.8124107541582,487.8425286733419) (206.8124107541582,513.8368823052417) (209.3623659742344,513.8368823052417) (209.3623659742344,539.8312359371415) (211.9123211943106,539.8312359371415) (211.9123211943106,565.8255895690413) (214.4622764143868,565.8255895690413) (214.4622764143868,591.8199432009411) (217.012231634463,591.8199432009411) (217.012231634463,617.8142968328409) (219.5621868545392,617.8142968328409) (219.5621868545392,643.8086504647407) (222.1121420746154,643.8086504647407) (222.1121420746154,669.8030040966405) (224.6620972946916,669.8030040966405) (224.6620972946916,695.7973577285403) (227.2120525147678,695.7973577285403) (227.2120525147678,721.7917113604401) (229.762007734844,721.7917113604401) (229.762007734844,735.2716860088356) (700,735.2716860088356)
batteryCharge[0]:
[0]: (0,100) (700,100)
user_guided_transport.end:
[0]: (0,0) (231.7620077348431,0) (231.7620077348431,1) (700,1)
[2K
Verifying formula 5 at /nta/queries/query[5]/formula
 -- Formula: simulate[<=700]{robot_inventory[0][0], user_guided_transport.end*2}
[2K -- Formula is satisfied.
robot_inventory[0][0]:
[0]: (0,0) (11.63511177952177,0) (11.63511177952177,1) (700,1)
user_guided_transport.end * 2:
[0]: (0,0) (234.8439784582615,0) (234.8439784582615,2) (700,2)
[2K
Verifying formula 6 at /nta/queries/query[6]/formula
 -- Formula: simulate[<=700]{bedroom[0], bedroom[1], kitchen[0], kitchen[1]}
[2K -- Formula is satisfied.
bedroom[0]:
[0]: (0,100) (700,100)
bedroom[1]:
[0]: (0,200) (700,200)
kitchen[0]:
[0]: (0,4400) (700,4400)
kitchen[1]:
[0]: (0,765) (700,765)
[2K
Verifying formula 7 at /nta/queries/query[7]/formula
 -- Formula: simulate[<=700]{rm_1.idle, rf_1.idle, rp_1.idle, rd_1.idle}
[2K -- Formula is satisfied.
rm_1.idle:
[0]: (0,0) (0,1) (0,0) (3,0) (3,1) (700,1)
rf_1.idle:
[0]: (0,0) (0,1) (7.136417814395531,1) (7.136417814395531,0) (229.3452844931419,0) (229.3452844931419,1) (700,1)
rp_1.idle:
[0]: (0,0) (0,1) (2,1) (2,0) (7.136417814395531,0) (7.136417814395531,1) (700,1)
rd_1.idle:
[0]: (0,0) (0,1) (700,1)
[2K
Verifying formula 8 at /nta/queries/query[8]/formula
 -- Formula: Pr[<=700](<>!rm_1.idle || !rf_1.idle || !rp_1.idle || !rd_1.idle)
[2K -- Formula is satisfied.
(72/72 runs) Pr(<> …) in [0.950056,1] (95% CI)
Values in [0,0] mean=0 steps=2.22045e-16: 72
[2K
Verifying formula 9 at /nta/queries/query[9]/formula
 -- Formula: Pr[<=700]([] (user_guided_transport.end imply (rm_1.idle && rf_1.idle && rp_1.idle && rd_1.idle)))
 -- Throughput: 541439 runs/sec, Load: 337 runs[K
[2K -- Formula is satisfied.
(72/72 runs) Pr([] …) in [0.950056,1] (95% CI)
[2K
Verifying formula 10 at /nta/queries/query[10]/formula
 -- Formula: Pr[<=700] (<> pow(humanPositionX[0] - kitchen[0], 2) + pow(humanPositionY[0] - kitchen[1], 2) <= 900 )
[2K -- Formula is satisfied.
(72/72 runs) Pr(<> …) in [0.950056,1] (95% CI)
Values in [192.037,196.965] mean=194.646 steps=0.547545: 10 6 4 7 8 13 7 7 10
[2K
Verifying formula 11 at /nta/queries/query[11]/formula
 -- Formula: Pr[<=700] (<> pow(humanPositionX[0] - bedroom[0], 2) + pow(humanPositionY[0] - bedroom[1], 2) <= 900 )
[2K -- Formula is satisfied.
(72/72 runs) Pr(<> …) in [0.950056,1] (95% CI)
Values in [1,1] mean=1 steps=2.22045e-16: 72
[2K
Verifying formula 12 at /nta/queries/query[12]/formula
 -- Formula: Pr[<=700] (<> pow(robPositionX[0] - bedroom[0], 2) + pow(robPositionY[0] - bedroom[1], 2) <= 900 )
[2K -- Formula is satisfied.
(72/72 runs) Pr(<> …) in [0.950056,1] (95% CI)
Values in [2,2] mean=2 steps=2.22045e-16: 72
[2K
Verifying formula 13 at /nta/queries/query[13]/formula
 -- Formula: Pr[<=700] (<> !isValidPosition(humanPositionX[0], humanPositionY[0]))
[2K -- Formula is satisfied.
(72/72 runs) Pr(<> …) in [0.950056,1] (95% CI)
Values in [0,0] mean=0 steps=2.22045e-16: 72
[2K
Verifying formula 14 at /nta/queries/query[14]/formula
 -- Formula: Pr[<=700] (<> !isValidPosition(robPositionX[0], robPositionY[0]))
[2K -- Formula is satisfied.
(72/72 runs) Pr(<> …) in [0.950056,1] (95% CI)
Values in [0,0] mean=0 steps=2.22045e-16: 72
[2K
Verifying formula 15 at /nta/queries/query[15]/formula
 -- Formula: Pr[<=700] (<> currP > 2)
 -- Throughput: 536728 runs/sec, Load: 338 runs[K
[2K -- Formula is satisfied.
(0/72 runs) Pr(<> …) in [0,0.0499441] (95% CI)
