Options for the verification:
  Generating no trace
  Search order is breadth first
  Using conservative space optimisation
  Seed is 1779210676
  State space representation uses minimal constraint systems with future testing
  Using HashMap + Compress integers for discrete state storage
[2K
Verifying formula 1 at /nta/queries/query[1]/formula
 -- Formula: simulate[<=700]{user_guided_transport_human1_def.s1_start, user_guided_transport_human1_def.s1_end, user_guided_transport_human1_def.s2_start, user_guided_transport_human1_def.s2_idle, user_guided_transport_human1_def.s3_start, user_guided_transport_human1_def.s3_end, user_guided_transport.end}
[2K -- Formula is satisfied.
user_guided_transport_human1_def.s1_start:
[0]: (0,0) (0,1) (0,0) (700,0)
user_guided_transport_human1_def.s1_end:
[0]: (0,0) (1,0) (1,1) (2,1) (2,0) (700,0)
user_guided_transport_human1_def.s2_start:
[0]: (0,0) (2,0) (2,1) (2,0) (700,0)
user_guided_transport_human1_def.s2_idle:
[0]: (0,0) (2,0) (2,1) (10.82823302136111,1) (10.82823302136111,0) (700,0)
user_guided_transport_human1_def.s3_start:
[0]: (0,0) (10.82823302136111,0) (10.82823302136111,1) (10.82823302136111,0) (15.82823302136108,0) (15.82823302136108,1) (15.82823302136108,0) (20.82823302136111,0) (20.82823302136111,1) (20.82823302136111,0) (25.82823302136116,0) (25.82823302136116,1) (25.82823302136116,0) (30.82823302136122,0) (30.82823302136122,1) (30.82823302136122,0) (35.82823302136126,0) (35.82823302136126,1) (35.82823302136126,0) (40.82823302136129,0) (40.82823302136129,1) (40.82823302136129,0) (45.82823302136133,0) (45.82823302136133,1) (45.82823302136133,0) (50.8282330213614,0) (50.8282330213614,1) (50.8282330213614,0) (55.82823302136146,0) (55.82823302136146,1) (55.82823302136146,0) (60.82823302136153,0) (60.82823302136153,1) (60.82823302136153,0) (65.8282330213616,0) (65.8282330213616,1) (65.8282330213616,0) (70.82823302136165,0) (70.82823302136165,1) (70.82823302136165,0) (75.82823302136168,0) (75.82823302136168,1) (75.82823302136168,0) (80.82823302136141,0) (80.82823302136141,1) (80.82823302136141,0) (85.82823302136111,0) (85.82823302136111,1) (85.82823302136111,0) (90.82823302136083,0) (90.82823302136083,1) (90.82823302136083,0) (95.82823302136053,0) (95.82823302136053,1) (95.82823302136053,0) (100.8282330213602,0) (100.8282330213602,1) (100.8282330213602,0) (105.8282330213598,0) (105.8282330213598,1) (105.8282330213598,0) (110.8282330213595,0) (110.8282330213595,1) (110.8282330213595,0) (115.8282330213591,0) (115.8282330213591,1) (115.8282330213591,0) (120.8282330213588,0) (120.8282330213588,1) (120.8282330213588,0) (125.8282330213584,0) (125.8282330213584,1) (125.8282330213584,0) (130.8282330213585,0) (130.8282330213585,1) (130.8282330213585,0) (135.8282330213589,0) (135.8282330213589,1) (135.8282330213589,0) (140.8282330213594,0) (140.8282330213594,1) (140.8282330213594,0) (145.8282330213598,0) (145.8282330213598,1) (145.8282330213598,0) (150.8282330213602,0) (150.8282330213602,1) (150.8282330213602,0) (155.8282330213606,0) (155.8282330213606,1) (155.8282330213606,0) (160.8282330213611,0) (160.8282330213611,1) (160.8282330213611,0) (165.8282330213615,0) (165.8282330213615,1) (165.8282330213615,0) (170.8282330213619,0) (170.8282330213619,1) (170.8282330213619,0) (175.8282330213623,0) (175.8282330213623,1) (175.8282330213623,0) (180.8282330213627,0) (180.8282330213627,1) (180.8282330213627,0) (185.8282330213631,0) (185.8282330213631,1) (185.8282330213631,0) (190.8282330213635,0) (190.8282330213635,1) (190.8282330213635,0) (195.8282330213638,0) (195.8282330213638,1) (195.8282330213638,0) (700,0)
user_guided_transport_human1_def.s3_end:
[0]: (0,0) (195.8282330213638,0) (195.8282330213638,1) (232.0370997001023,1) (232.0370997001023,0) (700,0)
user_guided_transport.end:
[0]: (0,0) (232.0370997001023,0) (232.0370997001023,1) (700,1)
[2K
Verifying formula 2 at /nta/queries/query[2]/formula
 -- Formula: simulate[<=700]{user_guided_transport_robot1_def.s1_start, user_guided_transport_robot1_def.s1_end, user_guided_transport_robot1_def.s2_start, user_guided_transport_robot1_def.s2_end, user_guided_transport_robot1_def.s3_start, user_guided_transport_robot1_def.s3_end, user_guided_transport.end}
[2K -- Formula is satisfied.
user_guided_transport_robot1_def.s1_start:
[0]: (0,0) (0,1) (0,0) (700,0)
user_guided_transport_robot1_def.s1_end:
[0]: (0,0) (2,0) (2,1) (2,0) (700,0)
user_guided_transport_robot1_def.s2_start:
[0]: (0,0) (2,0) (2,1) (2,0) (700,0)
user_guided_transport_robot1_def.s2_end:
[0]: (0,0) (7.231120204127492,0) (7.231120204127492,1) (7.231120204127492,0) (700,0)
user_guided_transport_robot1_def.s3_start:
[0]: (0,0) (7.231120204127492,0) (7.231120204127492,1) (7.231120204127492,0) (700,0)
user_guided_transport_robot1_def.s3_end:
[0]: (0,0) (228.4587903453506,0) (228.4587903453506,1) (228.4587903453506,0) (700,0)
user_guided_transport.end:
[0]: (0,0) (228.4587903453506,0) (228.4587903453506,1) (700,1)
[2K
Verifying formula 3 at /nta/queries/query[3]/formula
 -- Formula: Pr[<=700] (<> user_guided_transport.end)
[2K -- Formula is satisfied.
(72/72 runs) Pr(<> …) in [0.950056,1] (95% CI)
Values in [228.277,233.153] mean=230.798 steps=0.541791: 6 3 11 8 18 5 2 11 8
[2K
Verifying formula 4 at /nta/queries/query[4]/formula
 -- Formula: simulate[<=700]{humanPositionX[0], humanPositionY[0], robPositionX[0], robPositionY[0], batteryCharge[0], user_guided_transport.end}
[2K -- Formula is satisfied.
humanPositionX[0]:
[0]: (0,0) (0,92.5) (1,92.5) (1,97.73313175708738) (10.55966529167806,97.73313175708738) (10.55966529167806,123.7285354798977) (11.55966529167806,123.7285354798977) (11.55966529167806,149.723939202708) (12.55966529167806,149.723939202708) (12.55966529167806,175.7193429255182) (13.55966529167806,175.7193429255182) (13.55966529167806,201.7147466483285) (14.55966529167806,201.7147466483285) (14.55966529167806,227.7101503711388) (15.55966529167806,227.7101503711388) (15.55966529167806,253.7055540939491) (16.55966529167806,253.7055540939491) (16.55966529167806,279.7009578167594) (17.55966529167806,279.7009578167594) (17.55966529167806,305.6963615395697) (18.55966529167807,305.6963615395697) (18.55966529167807,331.69176526238) (19.55966529167806,331.69176526238) (19.55966529167806,357.6871689851903) (20.55966529167805,357.6871689851903) (20.55966529167805,383.6825727080006) (21.55966529167804,383.6825727080006) (21.55966529167804,409.6779764308109) (22.55966529167804,409.6779764308109) (22.55966529167804,435.6733801536212) (23.55966529167803,435.6733801536212) (23.55966529167803,461.6687838764315) (24.55966529167802,461.6687838764315) (24.55966529167802,487.6641875992418) (25.55966529167802,487.6641875992418) (25.55966529167802,513.6595913220521) (26.55966529167801,513.6595913220521) (26.55966529167801,539.6549950448623) (27.559665291678,539.6549950448623) (27.559665291678,565.6503987676725) (28.55966529167799,565.6503987676725) (28.55966529167799,591.6458024904828) (29.55966529167799,591.6458024904828) (29.55966529167799,617.641206213293) (30.55966529167798,617.641206213293) (30.55966529167798,643.6366099361032) (31.55966529167797,643.6366099361032) (31.55966529167797,669.6320136589135) (32.55966529167797,669.6320136589135) (32.55966529167797,695.6274173817237) (33.55966529167796,695.6274173817237) (33.55966529167796,721.622821104534) (34.55966529167795,721.622821104534) (34.55966529167795,747.6182248273442) (35.55966529167794,747.6182248273442) (35.55966529167794,773.6136285501544) (36.55966529167794,773.6136285501544) (36.55966529167794,799.6090322729647) (37.55966529167793,799.6090322729647) (37.55966529167793,825.6044359957749) (38.55966529167792,825.6044359957749) (38.55966529167792,851.5998397185851) (39.55966529167792,851.5998397185851) (39.55966529167792,877.5952434413954) (40.55966529167791,877.5952434413954) (40.55966529167791,903.5906471642056) (41.5596652916779,903.5906471642056) (41.5596652916779,929.5860508870159) (42.5596652916779,929.5860508870159) (42.5596652916779,955.5814546098261) (43.55966529167789,955.5814546098261) (43.55966529167789,981.5768583326363) (44.55966529167788,981.5768583326363) (44.55966529167788,1007.572262055447) (45.55966529167787,1007.572262055447) (45.55966529167787,1033.567665778257) (46.55966529167787,1033.567665778257) (46.55966529167787,1059.563069501067) (47.55966529167786,1059.563069501067) (47.55966529167786,1085.558473223878) (48.55966529167785,1085.558473223878) (48.55966529167785,1111.553876946688) (49.55966529167785,1111.553876946688) (49.55966529167785,1137.549280669498) (50.55966529167784,1137.549280669498) (50.55966529167784,1163.544684392309) (51.55966529167783,1163.544684392309) (51.55966529167783,1189.540088115119) (52.55966529167782,1189.540088115119) (52.55966529167782,1215.535491837929) (53.55966529167782,1215.535491837929) (53.55966529167782,1241.53089556074) (54.55966529167781,1241.53089556074) (54.55966529167781,1267.52629928355) (55.5596652916778,1267.52629928355) (55.5596652916778,1293.52170300636) (56.5596652916778,1293.52170300636) (56.5596652916778,1319.517106729171) (57.55966529167779,1319.517106729171) (57.55966529167779,1345.512510451981) (58.55966529167778,1345.512510451981) (58.55966529167778,1371.507914174791) (59.55966529167777,1371.507914174791) (59.55966529167777,1397.503317897602) (60.55966529167777,1397.503317897602) (60.55966529167777,1423.498721620412) (61.55966529167776,1423.498721620412) (61.55966529167776,1478) (62.55966529167776,1478) (62.55966529167776,1504) (63.55966529167776,1504) (63.55966529167776,1530) (64.55966529167776,1530) (64.55966529167776,1556) (65.55966529167776,1556) (65.55966529167776,1582) (66.55966529167776,1582) (66.55966529167776,1608) (67.55966529167776,1608) (67.55966529167776,1634) (68.55966529167776,1634) (68.55966529167776,1660) (69.55966529167776,1660) (69.55966529167776,1686) (70.55966529167776,1686) (70.55966529167776,1712) (71.55966529167776,1712) (71.55966529167776,1738) (72.55966529167775,1738) (72.55966529167775,1764) (73.55966529167775,1764) (73.55966529167775,1790) (74.55966529167777,1790) (74.55966529167777,1816) (75.55966529167775,1816) (75.55966529167775,1842) (76.5596652916777,1842) (76.5596652916777,1868) (77.55966529167765,1868) (77.55966529167765,1894) (78.5596652916776,1894) (78.5596652916776,1920) (79.55966529167756,1920) (79.55966529167756,1946) (80.5596652916775,1946) (80.5596652916775,1972) (81.55966529167745,1972) (81.55966529167745,1998) (82.55966529167739,1998) (82.55966529167739,2024) (83.55966529167733,2024) (83.55966529167733,2050) (84.55966529167728,2050) (84.55966529167728,2076) (85.55966529167722,2076) (85.55966529167722,2102) (86.55966529167715,2102) (86.55966529167715,2128) (87.55966529167709,2128) (87.55966529167709,2154) (88.55966529167704,2154) (88.55966529167704,2180) (89.55966529167698,2180) (89.55966529167698,2206) (90.55966529167692,2206) (90.55966529167692,2232) (91.55966529167686,2232) (91.55966529167686,2258) (92.55966529167681,2258) (92.55966529167681,2284) (93.55966529167674,2284) (93.55966529167674,2310) (94.55966529167667,2310) (94.55966529167667,2336) (95.55966529167661,2336) (95.55966529167661,2362) (96.55966529167655,2362) (96.55966529167655,2388) (97.5596652916765,2388) (97.5596652916765,2414) (98.55966529167644,2414) (98.55966529167644,2440) (99.55966529167638,2440) (99.55966529167638,2466) (100.5596652916763,2466) (100.5596652916763,2492) (101.5596652916763,2492) (101.5596652916763,2518) (102.5596652916762,2518) (102.5596652916762,2544) (103.5596652916762,2544) (103.5596652916762,2570) (104.5596652916761,2570) (104.5596652916761,2596) (105.559665291676,2596) (105.559665291676,2622) (106.559665291676,2622) (106.559665291676,2648) (107.5596652916759,2648) (107.5596652916759,2674) (108.5596652916759,2674) (108.5596652916759,2700) (109.5596652916758,2700) (109.5596652916758,2726) (110.5596652916758,2726) (110.5596652916758,2752) (111.5596652916757,2752) (111.5596652916757,2778) (112.5596652916756,2778) (112.5596652916756,2804) (113.5596652916756,2804) (113.5596652916756,2830) (114.5596652916755,2830) (114.5596652916755,2856) (115.5596652916755,2856) (115.5596652916755,2882) (116.5596652916754,2882) (116.5596652916754,2908) (117.5596652916754,2908) (117.5596652916754,2934) (118.5596652916753,2934) (118.5596652916753,2960) (119.5596652916752,2960) (119.5596652916752,2986) (120.5596652916752,2986) (120.5596652916752,3012) (121.5596652916751,3012) (121.5596652916751,3038) (122.5596652916751,3038) (122.5596652916751,3088.5) (123.559665291675,3088.5) (123.559665291675,3114.5) (124.559665291675,3114.5) (124.559665291675,3140.5) (125.5596652916749,3140.5) (125.5596652916749,3166.5) (126.5596652916748,3166.5) (126.5596652916748,3192.5) (127.5596652916748,3192.5) (127.5596652916748,3218.5) (128.5596652916748,3218.5) (128.5596652916748,3244.5) (129.5596652916748,3244.5) (129.5596652916748,3270.5) (130.5596652916749,3270.5) (130.5596652916749,3296.5) (131.5596652916749,3296.5) (131.5596652916749,3322.5) (132.559665291675,3322.5) (132.559665291675,3348.5) (133.5596652916751,3348.5) (133.5596652916751,3374.5) (134.5596652916751,3374.5) (134.5596652916751,3400.5) (135.5596652916752,3400.5) (135.5596652916752,3426.5) (136.5596652916752,3426.5) (136.5596652916752,3452.5) (137.5596652916753,3452.5) (137.5596652916753,3478.5) (138.5596652916753,3478.5) (138.5596652916753,3504.5) (139.5596652916754,3504.5) (139.5596652916754,3530.5) (140.5596652916755,3530.5) (140.5596652916755,3556.5) (141.5596652916755,3556.5) (141.5596652916755,3582.5) (142.5596652916756,3582.5) (142.5596652916756,3608.5) (143.5596652916756,3608.5) (143.5596652916756,3634.5) (144.5596652916757,3634.5) (144.5596652916757,3660.5) (145.5596652916757,3660.5) (145.5596652916757,3686.5) (146.5596652916758,3686.5) (146.5596652916758,3712.5) (147.5596652916759,3712.5) (147.5596652916759,3738.5) (148.5596652916759,3738.5) (148.5596652916759,3764.5) (149.559665291676,3764.5) (149.559665291676,3790.5) (150.559665291676,3790.5) (150.559665291676,3816.5) (151.5596652916761,3816.5) (151.5596652916761,3842.5) (152.5596652916761,3842.5) (152.5596652916761,3868.5) (153.5596652916762,3868.5) (153.5596652916762,3894.5) (154.5596652916763,3894.5) (154.5596652916763,3920.5) (155.5596652916763,3920.5) (155.5596652916763,3946.5) (156.5596652916764,3946.5) (156.5596652916764,3972.5) (157.5596652916764,3972.5) (157.5596652916764,3998.5) (158.5596652916765,3998.5) (158.5596652916765,4024.5) (159.5596652916765,4024.5) (159.5596652916765,4050.5) (160.5596652916766,4050.5) (160.5596652916766,4076.5) (161.5596652916767,4076.5) (161.5596652916767,4102.5) (162.5596652916767,4102.5) (162.5596652916767,4128.5) (163.5596652916768,4128.5) (163.5596652916768,4154.5) (164.5596652916768,4154.5) (164.5596652916768,4180.5) (165.5596652916769,4180.5) (165.5596652916769,4206.5) (166.5596652916769,4206.5) (166.5596652916769,4232.5) (167.559665291677,4232.5) (167.559665291677,4258.5) (168.559665291677,4258.5) (168.559665291677,4284.5) (169.5596652916771,4284.5) (169.5596652916771,4310.5) (170.5596652916772,4310.5) (170.5596652916772,4336.5) (171.5596652916772,4336.5) (171.5596652916772,4362.5) (172.5596652916773,4362.5) (172.5596652916773,4388.5) (173.5596652916773,4388.5) (173.5596652916773,4416.265463717128) (174.5596652916774,4416.265463717128) (174.5596652916774,4415.530927434256) (175.5596652916774,4415.530927434256) (175.5596652916774,4414.796391151384) (176.5596652916775,4414.796391151384) (176.5596652916775,4414.061854868512) (177.5596652916776,4414.061854868512) (177.5596652916776,4413.327318585641) (178.5596652916777,4413.327318585641) (178.5596652916777,4412.592782302769) (179.5596652916777,4412.592782302769) (179.5596652916777,4411.858246019897) (180.5596652916778,4411.858246019897) (180.5596652916778,4411.123709737025) (181.5596652916779,4411.123709737025) (181.5596652916779,4410.389173454153) (182.559665291678,4410.389173454153) (182.559665291678,4409.654637171281) (183.559665291678,4409.654637171281) (183.559665291678,4408.920100888409) (184.5596652916781,4408.920100888409) (184.5596652916781,4408.185564605537) (185.5596652916782,4408.185564605537) (185.5596652916782,4407.451028322665) (186.5596652916783,4407.451028322665) (186.5596652916783,4406.716492039794) (187.5596652916784,4406.716492039794) (187.5596652916784,4405.981955756922) (188.5596652916785,4405.981955756922) (188.5596652916785,4405.24741947405) (189.5596652916785,4405.24741947405) (189.5596652916785,4404.512883191178) (190.5596652916786,4404.512883191178) (190.5596652916786,4403.778346908306) (191.5596652916787,4403.778346908306) (191.5596652916787,4403.043810625434) (192.5596652916788,4403.043810625434) (192.5596652916788,4402.309274342562) (193.5596652916788,4402.309274342562) (193.5596652916788,4401.57473805969) (194.5596652916789,4401.57473805969) (194.5596652916789,4400.840201776819) (700,4400.840201776819)
humanPositionY[0]:
[0]: (0,0) (0,163.5) (1,163.5) (1,188.9679078844919) (10.55966529167806,188.9679078844919) (10.55966529167806,188.479046668909) (11.55966529167806,188.479046668909) (11.55966529167806,187.9901854533261) (12.55966529167806,187.9901854533261) (12.55966529167806,187.5013242377432) (13.55966529167806,187.5013242377432) (13.55966529167806,187.0124630221603) (14.55966529167806,187.0124630221603) (14.55966529167806,186.5236018065774) (15.55966529167806,186.5236018065774) (15.55966529167806,186.0347405909945) (16.55966529167806,186.0347405909945) (16.55966529167806,185.5458793754117) (17.55966529167806,185.5458793754117) (17.55966529167806,185.0570181598288) (18.55966529167807,185.0570181598288) (18.55966529167807,184.5681569442459) (19.55966529167806,184.5681569442459) (19.55966529167806,184.079295728663) (20.55966529167805,184.079295728663) (20.55966529167805,183.5904345130801) (21.55966529167804,183.5904345130801) (21.55966529167804,183.1015732974972) (22.55966529167804,183.1015732974972) (22.55966529167804,182.6127120819143) (23.55966529167803,182.6127120819143) (23.55966529167803,182.1238508663315) (24.55966529167802,182.1238508663315) (24.55966529167802,181.6349896507486) (25.55966529167802,181.6349896507486) (25.55966529167802,181.1461284351657) (26.55966529167801,181.1461284351657) (26.55966529167801,180.6572672195828) (27.559665291678,180.6572672195828) (27.559665291678,180.1684060039999) (28.55966529167799,180.1684060039999) (28.55966529167799,179.679544788417) (29.55966529167799,179.679544788417) (29.55966529167799,179.1906835728341) (30.55966529167798,179.1906835728341) (30.55966529167798,178.7018223572512) (31.55966529167797,178.7018223572512) (31.55966529167797,178.2129611416684) (32.55966529167797,178.2129611416684) (32.55966529167797,177.7240999260855) (33.55966529167796,177.7240999260855) (33.55966529167796,177.2352387105026) (34.55966529167795,177.2352387105026) (34.55966529167795,176.7463774949197) (35.55966529167794,176.7463774949197) (35.55966529167794,176.2575162793368) (36.55966529167794,176.2575162793368) (36.55966529167794,175.7686550637539) (37.55966529167793,175.7686550637539) (37.55966529167793,175.279793848171) (38.55966529167792,175.279793848171) (38.55966529167792,174.7909326325882) (39.55966529167792,174.7909326325882) (39.55966529167792,174.3020714170053) (40.55966529167791,174.3020714170053) (40.55966529167791,173.8132102014224) (41.5596652916779,173.8132102014224) (41.5596652916779,173.3243489858395) (42.5596652916779,173.3243489858395) (42.5596652916779,172.8354877702566) (43.55966529167789,172.8354877702566) (43.55966529167789,172.3466265546737) (44.55966529167788,172.3466265546737) (44.55966529167788,171.8577653390908) (45.55966529167787,171.8577653390908) (45.55966529167787,171.3689041235079) (46.55966529167787,171.3689041235079) (46.55966529167787,170.8800429079251) (47.55966529167786,170.8800429079251) (47.55966529167786,170.3911816923422) (48.55966529167785,170.3911816923422) (48.55966529167785,169.9023204767593) (49.55966529167785,169.9023204767593) (49.55966529167785,169.4134592611764) (50.55966529167784,169.4134592611764) (50.55966529167784,168.9245980455935) (51.55966529167783,168.9245980455935) (51.55966529167783,168.4357368300106) (52.55966529167782,168.4357368300106) (52.55966529167782,167.9468756144277) (53.55966529167782,167.9468756144277) (53.55966529167782,167.4580143988449) (54.55966529167781,167.4580143988449) (54.55966529167781,166.969153183262) (55.5596652916778,166.969153183262) (55.5596652916778,166.4802919676791) (56.5596652916778,166.4802919676791) (56.5596652916778,165.9914307520962) (57.55966529167779,165.9914307520962) (57.55966529167779,165.5025695365133) (58.55966529167778,165.5025695365133) (58.55966529167778,165.0137083209304) (59.55966529167777,165.0137083209304) (59.55966529167777,164.5248471053475) (60.55966529167777,164.5248471053475) (60.55966529167777,164.0359858897646) (61.55966529167776,164.0359858897646) (61.55966529167776,163.5) (173.5596652916773,163.5) (173.5596652916773,189.4896220913107) (174.5596652916774,189.4896220913107) (174.5596652916774,215.4792441826214) (175.5596652916774,215.4792441826214) (175.5596652916774,241.4688662739321) (176.5596652916775,241.4688662739321) (176.5596652916775,267.4584883652428) (177.5596652916776,267.4584883652428) (177.5596652916776,293.4481104565535) (178.5596652916777,293.4481104565535) (178.5596652916777,319.4377325478642) (179.5596652916777,319.4377325478642) (179.5596652916777,345.427354639175) (180.5596652916778,345.427354639175) (180.5596652916778,371.4169767304857) (181.5596652916779,371.4169767304857) (181.5596652916779,397.4065988217964) (182.559665291678,397.4065988217964) (182.559665291678,423.3962209131071) (183.559665291678,423.3962209131071) (183.559665291678,449.3858430044178) (184.5596652916781,449.3858430044178) (184.5596652916781,475.3754650957285) (185.5596652916782,475.3754650957285) (185.5596652916782,501.3650871870392) (186.5596652916783,501.3650871870392) (186.5596652916783,527.3547092783499) (187.5596652916784,527.3547092783499) (187.5596652916784,553.3443313696606) (188.5596652916785,553.3443313696606) (188.5596652916785,579.3339534609713) (189.5596652916785,579.3339534609713) (189.5596652916785,605.323575552282) (190.5596652916786,605.323575552282) (190.5596652916786,631.3131976435927) (191.5596652916787,631.3131976435927) (191.5596652916787,657.3028197349034) (192.5596652916788,657.3028197349034) (192.5596652916788,683.2924418262141) (193.5596652916788,683.2924418262141) (193.5596652916788,709.2820639175249) (194.5596652916789,709.2820639175249) (194.5596652916789,735.2716860088356) (700,735.2716860088356)
robPositionX[0]:
[0]: (0,0) (0,92.5) (2,92.5) (2,97.73313175708738) (12.55966529167806,97.73313175708738) (12.55966529167806,123.7285354798977) (13.55966529167806,123.7285354798977) (13.55966529167806,149.723939202708) (14.55966529167806,149.723939202708) (14.55966529167806,175.7193429255182) (15.55966529167806,175.7193429255182) (15.55966529167806,201.7147466483285) (16.57846875416131,201.7147466483285) (16.57846875416131,227.7101503711388) (17.57846875416131,227.7101503711388) (17.57846875416131,253.7055540939491) (18.57846875416131,253.7055540939491) (18.57846875416131,279.7009578167594) (19.5784687541613,279.7009578167594) (19.5784687541613,305.6963615395697) (20.57846875416129,305.6963615395697) (20.57846875416129,331.69176526238) (21.57846875416129,331.69176526238) (21.57846875416129,357.6871689851903) (22.57846875416128,357.6871689851903) (22.57846875416128,383.6825727080006) (23.57846875416127,383.6825727080006) (23.57846875416127,409.6779764308109) (24.57846875416126,409.6779764308109) (24.57846875416126,435.6733801536212) (25.57846875416126,435.6733801536212) (25.57846875416126,461.6687838764315) (26.57846875416125,461.6687838764315) (26.57846875416125,487.6641875992418) (27.57846875416124,487.6641875992418) (27.57846875416124,513.6595913220521) (28.57846875416124,513.6595913220521) (28.57846875416124,539.6549950448623) (29.57846875416123,539.6549950448623) (29.57846875416123,565.6503987676725) (30.57846875416122,565.6503987676725) (30.57846875416122,591.6458024904828) (31.57846875416121,591.6458024904828) (31.57846875416121,617.641206213293) (32.57846875416121,617.641206213293) (32.57846875416121,643.6366099361032) (33.5784687541612,643.6366099361032) (33.5784687541612,669.6320136589135) (34.57846875416119,669.6320136589135) (34.57846875416119,695.6274173817237) (35.57846875416119,695.6274173817237) (35.57846875416119,721.622821104534) (36.57846875416118,721.622821104534) (36.57846875416118,747.6182248273442) (37.57846875416117,747.6182248273442) (37.57846875416117,773.6136285501544) (38.57846875416116,773.6136285501544) (38.57846875416116,799.6090322729647) (39.57846875416116,799.6090322729647) (39.57846875416116,825.6044359957749) (40.57846875416115,825.6044359957749) (40.57846875416115,851.5998397185851) (41.57846875416114,851.5998397185851) (41.57846875416114,877.5952434413954) (42.57846875416114,877.5952434413954) (42.57846875416114,903.5906471642056) (43.57846875416113,903.5906471642056) (43.57846875416113,929.5860508870159) (44.57846875416112,929.5860508870159) (44.57846875416112,955.5814546098261) (45.57846875416111,955.5814546098261) (45.57846875416111,981.5768583326363) (46.57846875416111,981.5768583326363) (46.57846875416111,1007.572262055447) (47.5784687541611,1007.572262055447) (47.5784687541611,1033.567665778257) (48.57846875416109,1033.567665778257) (48.57846875416109,1059.563069501067) (49.57846875416109,1059.563069501067) (49.57846875416109,1085.558473223878) (50.57846875416108,1085.558473223878) (50.57846875416108,1111.553876946688) (51.57846875416107,1111.553876946688) (51.57846875416107,1137.549280669498) (52.57846875416107,1137.549280669498) (52.57846875416107,1163.544684392309) (53.57846875416106,1163.544684392309) (53.57846875416106,1189.540088115119) (54.57846875416105,1189.540088115119) (54.57846875416105,1215.535491837929) (55.57846875416104,1215.535491837929) (55.57846875416104,1241.53089556074) (56.57846875416104,1241.53089556074) (56.57846875416104,1267.52629928355) (57.57846875416103,1267.52629928355) (57.57846875416103,1293.52170300636) (58.57846875416102,1293.52170300636) (58.57846875416102,1319.517106729171) (59.57846875416102,1319.517106729171) (59.57846875416102,1345.512510451981) (60.57846875416101,1345.512510451981) (60.57846875416101,1371.507914174791) (61.578468754161,1371.507914174791) (61.578468754161,1397.503317897602) (62.59119961102015,1397.503317897602) (62.59119961102015,1423.501210954746) (63.59981882869934,1423.501210954746) (63.59981882869934,1449.500245178851) (64.60565426946724,1449.500245178851) (64.60565426946724,1475.499802499311) (65.60960500051551,1475.499802499311) (65.60960500051551,1501.499599591989) (66.61227973293565,1501.499599591989) (66.61227973293565,1527.499506587529) (67.61409058425788,1527.499506587529) (67.61409058425788,1553.499463958168) (68.61531656896608,1553.499463958168) (68.61531656896608,1579.49944441867) (69.61614658641604,1579.49944441867) (69.61614658641604,1605.499435462594) (70.61670852564576,1605.499435462594) (70.61670852564576,1631.49943135751) (71.61708897027907,1631.49943135751) (71.61708897027907,1657.499429475914) (72.61734653926224,1657.499429475914) (72.61734653926224,1683.499428613471) (73.61752091885586,1683.499428613471) (73.61752091885586,1709.499428218164) (74.61763897749013,1709.499428218164) (74.61763897749013,1735.499428036972) (75.61771890565751,1735.499428036972) (75.61771890565751,1761.499427953921) (76.61777301869861,1761.499427953921) (76.61777301869861,1787.499427915854) (77.61780965436024,1787.499427915854) (77.61780965436024,1813.499427898406) (78.6178344574717,1813.499427898406) (78.6178344574717,1839.499427890409) (79.61785124969857,1839.499427890409) (79.61785124969857,1865.499427886743) (80.61786261837634,1865.499427886743) (80.61786261837634,1891.499427885063) (81.6178703152119,1891.499427885063) (81.6178703152119,1917.499427884293) (82.61787552612469,1917.499427884293) (82.61787552612469,1943.499427883939) (83.61787905401978,1943.499427883939) (83.61787905401978,1969.499427883778) (84.61788144248575,1969.499427883778) (84.61788144248575,1995.499427883703) (85.61788305951917,1995.499427883703) (85.61788305951917,2021.499427883669) (86.61788415432355,2021.499427883669) (86.61788415432355,2047.499427883654) (87.61788489549713,2047.499427883654) (87.61788489549713,2073.499427883647) (88.61788539729243,2073.499427883647) (88.61788539729243,2099.499427883643) (89.61788573709113,2099.499427883643) (89.61788573709113,2125.499427883642) (90.61788596745744,2125.499427883642) (90.61788596745744,2151.499427883641) (91.61788612231479,2151.499427883641) (91.61788612231479,2177.499427883641) (92.61788622662286,2177.499427883641) (92.61788622662286,2203.499427883641) (93.61788629962327,2203.499427883641) (93.61788629962327,2229.499427883641) (94.61788634904477,2229.499427883641) (94.61788634904477,2255.499427883641) (95.61788638236472,2255.499427883641) (95.61788638236472,2281.499427883641) (96.61788640343808,2281.499427883641) (96.61788640343808,2307.499427883641) (97.61788640343802,2307.499427883641) (97.61788640343802,2333.499427883641) (98.61788640343796,2333.499427883641) (98.61788640343796,2359.499427883641) (99.61788640343791,2359.499427883641) (99.61788640343791,2385.499427883641) (100.6178864034379,2385.499427883641) (100.6178864034379,2411.499427883641) (101.6178864034378,2411.499427883641) (101.6178864034378,2437.499427883641) (102.6178864034377,2437.499427883641) (102.6178864034377,2463.499427883641) (103.6178864034377,2463.499427883641) (103.6178864034377,2489.499427883641) (104.6178864034376,2489.499427883641) (104.6178864034376,2515.499427883641) (105.6178864034376,2515.499427883641) (105.6178864034376,2541.499427883641) (106.6178864034375,2541.499427883641) (106.6178864034375,2567.499427883641) (107.6178864034375,2567.499427883641) (107.6178864034375,2593.499427883641) (108.6178864034374,2593.499427883641) (108.6178864034374,2619.499427883641) (109.6178864034373,2619.499427883641) (109.6178864034373,2645.499427883641) (110.6178864034373,2645.499427883641) (110.6178864034373,2671.499427883641) (111.6178864034372,2671.499427883641) (111.6178864034372,2697.499427883641) (112.6178864034372,2697.499427883641) (112.6178864034372,2723.499427883641) (113.6178864034371,2723.499427883641) (113.6178864034371,2749.499427883641) (114.6178864034371,2749.499427883641) (114.6178864034371,2775.499427883641) (115.617886403437,2775.499427883641) (115.617886403437,2801.499427883641) (116.6178864034369,2801.499427883641) (116.6178864034369,2827.499427883641) (117.6178864034369,2827.499427883641) (117.6178864034369,2853.499427883641) (118.6178864034368,2853.499427883641) (118.6178864034368,2879.499427883641) (119.6178864034368,2879.499427883641) (119.6178864034368,2905.499427883641) (120.6178864034367,2905.499427883641) (120.6178864034367,2931.499427883641) (121.6178864034367,2931.499427883641) (121.6178864034367,2957.499427883641) (122.6178864034366,2957.499427883641) (122.6178864034366,2983.499427883641) (123.6178864034365,2983.499427883641) (123.6178864034365,3009.499427883641) (124.6178864034365,3009.499427883641) (124.6178864034365,3035.499427883641) (125.6178864034364,3035.499427883641) (125.6178864034364,3061.499427883641) (126.6178864034364,3061.499427883641) (126.6178864034364,3087.499427883641) (127.6178864034363,3087.499427883641) (127.6178864034363,3113.499427883641) (128.6178864034363,3113.499427883641) (128.6178864034363,3139.499427883641) (129.6178864034364,3139.499427883641) (129.6178864034364,3165.499427883641) (130.6178864034364,3165.499427883641) (130.6178864034364,3191.499427883641) (131.6178864034365,3191.499427883641) (131.6178864034365,3217.499427883641) (132.6178864034365,3217.499427883641) (132.6178864034365,3243.499427883641) (133.6178864034366,3243.499427883641) (133.6178864034366,3269.499427883641) (134.6178864034366,3269.499427883641) (134.6178864034366,3295.499427883641) (135.6178864034367,3295.499427883641) (135.6178864034367,3321.499427883641) (136.6178864034368,3321.499427883641) (136.6178864034368,3347.499427883641) (137.6178864034368,3347.499427883641) (137.6178864034368,3373.499427883641) (138.6178864034369,3373.499427883641) (138.6178864034369,3399.499427883641) (139.6178864034369,3399.499427883641) (139.6178864034369,3425.499427883641) (140.617886403437,3425.499427883641) (140.617886403437,3451.499427883641) (141.617886403437,3451.499427883641) (141.617886403437,3477.499427883641) (142.6178864034371,3477.499427883641) (142.6178864034371,3503.499427883641) (143.6178864034372,3503.499427883641) (143.6178864034372,3529.499427883641) (144.6178864034372,3529.499427883641) (144.6178864034372,3555.499427883641) (145.6178864034373,3555.499427883641) (145.6178864034373,3581.499427883641) (146.6178864034373,3581.499427883641) (146.6178864034373,3607.499427883641) (147.6178864034374,3607.499427883641) (147.6178864034374,3633.499427883641) (148.6178864034374,3633.499427883641) (148.6178864034374,3659.499427883641) (149.6178864034375,3659.499427883641) (149.6178864034375,3685.499427883641) (150.6178864034376,3685.499427883641) (150.6178864034376,3711.499427883641) (151.6178864034376,3711.499427883641) (151.6178864034376,3737.499427883641) (152.6178864034377,3737.499427883641) (152.6178864034377,3763.499427883641) (153.6178864034377,3763.499427883641) (153.6178864034377,3789.499427883641) (154.6178864034378,3789.499427883641) (154.6178864034378,3815.499427883641) (155.6178864034378,3815.499427883641) (155.6178864034378,3841.499427883641) (156.6178864034379,3841.499427883641) (156.6178864034379,3867.499427883641) (157.617886403438,3867.499427883641) (157.617886403438,3893.499427883641) (158.617886403438,3893.499427883641) (158.617886403438,3919.499427883641) (159.6178864034381,3919.499427883641) (159.6178864034381,3945.499427883641) (160.6178864034381,3945.499427883641) (160.6178864034381,3971.499427883641) (161.6178864034382,3971.499427883641) (161.6178864034382,3997.499427883641) (162.6178864034382,3997.499427883641) (162.6178864034382,4023.499427883641) (163.6178864034383,4023.499427883641) (163.6178864034383,4049.499427883641) (164.6178864034383,4049.499427883641) (164.6178864034383,4075.499427883641) (165.6178864034384,4075.499427883641) (165.6178864034384,4101.49942788364) (166.6178864034385,4101.49942788364) (166.6178864034385,4127.49942788364) (167.6178864034385,4127.49942788364) (167.6178864034385,4153.49942788364) (168.6178864034386,4153.49942788364) (168.6178864034386,4179.49942788364) (169.6178864034386,4179.49942788364) (169.6178864034386,4205.49942788364) (170.6178864034387,4205.49942788364) (170.6178864034387,4231.49942788364) (171.6178864034387,4231.49942788364) (171.6178864034387,4257.49942788364) (172.6178864034388,4257.49942788364) (172.6178864034388,4283.49942788364) (173.6178864034389,4283.49942788364) (173.6178864034389,4309.49942788364) (174.8566681991938,4309.49942788364) (174.8566681991938,4334.761725317672) (176.3727842961073,4334.761725317672) (176.3727842961073,4357.375029374853) (178.1716414752807,4357.375029374853) (178.1716414752807,4371.80338971305) (180.3073491185742,4371.80338971305) (180.3073491185742,4380.472858151295) (182.6156475774788,4380.472858151295) (182.6156475774788,4385.010512952947) (185.0417876252252,4385.010512952947) (185.0417876252252,4388.172157803916) (187.5104888532479,4388.172157803916) (187.5104888532479,4390.428283375573) (190.0078558887758,4390.428283375573) (190.0078558887758,4391.835488330516) (192.5323210512286,4391.835488330516) (192.5323210512286,4392.871718959358) (195.0691588893504,4392.871718959358) (195.0691588893504,4393.515439372457) (197.6191141094267,4393.515439372457) (197.6191141094267,4394.057268921059) (200.1690693295029,4394.057268921059) (200.1690693295029,4394.599098469662) (202.7190245495791,4394.599098469662) (202.7190245495791,4395.140928018264) (205.2689797696553,4395.140928018264) (205.2689797696553,4395.682757566867) (207.8189349897316,4395.682757566867) (207.8189349897316,4396.224587115469) (210.3688902098078,4396.224587115469) (210.3688902098078,4396.766416664072) (212.918845429884,4396.766416664072) (212.918845429884,4397.308246212675) (215.4688006499602,4397.308246212675) (215.4688006499602,4397.850075761278) (218.0187558700364,4397.850075761278) (218.0187558700364,4398.391905309881) (220.5687110901127,4398.391905309881) (220.5687110901127,4398.933734858484) (223.1186663101889,4398.933734858484) (223.1186663101889,4399.475564407086) (225.6686215302651,4399.475564407086) (225.6686215302651,4400.01739395569) (228.2185767503413,4400.01739395569) (228.2185767503413,4400.559223504292) (230.7685319704174,4400.559223504292) (230.7685319704174,4400.840201776819) (700,4400.840201776819)
robPositionY[0]:
[0]: (0,0) (0,163.5) (2,163.5) (2,188.9679078844919) (12.55966529167806,188.9679078844919) (12.55966529167806,188.479046668909) (13.55966529167806,188.479046668909) (13.55966529167806,187.9901854533261) (14.55966529167806,187.9901854533261) (14.55966529167806,187.5013242377432) (15.55966529167806,187.5013242377432) (15.55966529167806,187.0124630221605) (16.57846875416131,187.0124630221605) (16.57846875416131,186.5236018065776) (17.57846875416131,186.5236018065776) (17.57846875416131,186.0347405909947) (18.57846875416131,186.0347405909947) (18.57846875416131,185.5458793754118) (19.5784687541613,185.5458793754118) (19.5784687541613,185.0570181598289) (20.57846875416129,185.0570181598289) (20.57846875416129,184.568156944246) (21.57846875416129,184.568156944246) (21.57846875416129,184.0792957286631) (22.57846875416128,184.0792957286631) (22.57846875416128,183.5904345130803) (23.57846875416127,183.5904345130803) (23.57846875416127,183.1015732974974) (24.57846875416126,183.1015732974974) (24.57846875416126,182.6127120819145) (25.57846875416126,182.6127120819145) (25.57846875416126,182.1238508663316) (26.57846875416125,182.1238508663316) (26.57846875416125,181.6349896507487) (27.57846875416124,181.6349896507487) (27.57846875416124,181.1461284351658) (28.57846875416124,181.1461284351658) (28.57846875416124,180.6572672195829) (29.57846875416123,180.6572672195829) (29.57846875416123,180.168406004) (30.57846875416122,180.168406004) (30.57846875416122,179.6795447884172) (31.57846875416121,179.6795447884172) (31.57846875416121,179.1906835728343) (32.57846875416121,179.1906835728343) (32.57846875416121,178.7018223572514) (33.5784687541612,178.7018223572514) (33.5784687541612,178.2129611416685) (34.57846875416119,178.2129611416685) (34.57846875416119,177.7240999260856) (35.57846875416119,177.7240999260856) (35.57846875416119,177.2352387105027) (36.57846875416118,177.2352387105027) (36.57846875416118,176.7463774949198) (37.57846875416117,176.7463774949198) (37.57846875416117,176.257516279337) (38.57846875416116,176.257516279337) (38.57846875416116,175.7686550637541) (39.57846875416116,175.7686550637541) (39.57846875416116,175.2797938481712) (40.57846875416115,175.2797938481712) (40.57846875416115,174.7909326325883) (41.57846875416114,174.7909326325883) (41.57846875416114,174.3020714170054) (42.57846875416114,174.3020714170054) (42.57846875416114,173.8132102014225) (43.57846875416113,173.8132102014225) (43.57846875416113,173.3243489858396) (44.57846875416112,173.3243489858396) (44.57846875416112,172.8354877702567) (45.57846875416111,172.8354877702567) (45.57846875416111,172.3466265546739) (46.57846875416111,172.3466265546739) (46.57846875416111,171.857765339091) (47.5784687541611,171.857765339091) (47.5784687541611,171.3689041235081) (48.57846875416109,171.3689041235081) (48.57846875416109,170.8800429079252) (49.57846875416109,170.8800429079252) (49.57846875416109,170.3911816923423) (50.57846875416108,170.3911816923423) (50.57846875416108,169.9023204767594) (51.57846875416107,169.9023204767594) (51.57846875416107,169.4134592611765) (52.57846875416107,169.4134592611765) (52.57846875416107,168.9245980455937) (53.57846875416106,168.9245980455937) (53.57846875416106,168.4357368300108) (54.57846875416105,168.4357368300108) (54.57846875416105,167.9468756144279) (55.57846875416104,167.9468756144279) (55.57846875416104,167.458014398845) (56.57846875416104,167.458014398845) (56.57846875416104,166.9691531832621) (57.57846875416103,166.9691531832621) (57.57846875416103,166.4802919676792) (58.57846875416102,166.4802919676792) (58.57846875416102,165.9914307520963) (59.57846875416102,165.9914307520963) (59.57846875416102,165.5025695365134) (60.57846875416101,165.5025695365134) (60.57846875416101,165.0137083209306) (61.578468754161,165.0137083209306) (61.578468754161,164.5248471053477) (62.59119961102015,164.5248471053477) (62.59119961102015,164.1938537681208) (63.59981882869934,164.1938537681208) (63.59981882869934,163.969756883213) (64.60565426946724,163.969756883213) (64.60565426946724,163.8180362843253) (65.60960500051551,163.8180362843253) (65.60960500051551,163.7153175442811) (66.61227973293565,163.7153175442811) (66.61227973293565,163.6457745842783) (67.61409058425788,163.6457745842783) (67.61409058425788,163.5986924756321) (68.61531656896608,163.5986924756321) (68.61531656896608,163.566816881204) (69.61614658641604,163.566816881204) (69.61614658641604,163.545236429983) (70.61670852564576,163.545236429983) (70.61670852564576,163.5306260107791) (71.61708897027907,163.5306260107791) (71.61708897027907,163.5207344505516) (72.61734653926224,163.5207344505516) (72.61734653926224,163.5140376570627) (73.61752091885586,163.5140376570627) (73.61752091885586,163.5095037876518) (74.61763897749013,163.5095037876518) (74.61763897749013,163.5064342631685) (75.61771890565751,163.5064342631685) (75.61771890565751,163.5043561308182) (76.61777301869861,163.5043561308182) (76.61777301869861,163.5029491917491) (77.61780965436024,163.5029491917491) (77.61780965436024,163.5019966645455) (78.6178344574717,163.5019966645455) (78.6178344574717,163.5013517836466) (79.61785124969857,163.5013517836466) (79.61785124969857,163.5009151857469) (80.61786261837634,163.5009151857469) (80.61786261837634,163.5006196001235) (81.6178703152119,163.5006196001235) (81.6178703152119,163.5004194823974) (82.61787552612469,163.5004194823974) (82.61787552612469,163.5002839986634) (83.61787905401978,163.5002839986634) (83.61787905401978,163.5001922733894) (84.61788144248575,163.5001922733894) (84.61788144248575,163.5001301732726) (85.61788305951917,163.5001301732726) (85.61788305951917,163.5000881304022) (86.61788415432355,163.5000881304022) (86.61788415432355,163.5000596654866) (87.61788489549713,163.5000596654866) (87.61788489549713,163.5000403949721) (88.61788539729243,163.5000403949721) (88.61788539729243,163.5000273482928) (89.61788573709113,163.5000273482928) (89.61788573709113,163.5000185135251) (90.61788596745744,163.5000185135251) (90.61788596745744,163.5000125239997) (91.61788612231479,163.5000125239997) (91.61788612231479,163.5000084977071) (92.61788622662286,163.5000084977071) (92.61788622662286,163.5000057856957) (93.61788629962327,163.5000057856957) (93.61788629962327,163.5000038876832) (94.61788634904477,163.5000038876832) (94.61788634904477,163.5000026027226) (95.61788638236472,163.5000026027226) (95.61788638236472,163.5000017364024) (96.61788640343808,163.5000017364024) (96.61788640343808,163.5000011884933) (97.61788640343802,163.5000011884933) (97.61788640343802,163.5000006405843) (174.8566681991938,163.5000006405843) (174.8566681991938,169.6494988603188) (176.3727842961073,169.6494988603188) (176.3727842961073,182.4806515605829) (178.1716414752807,182.4806515605829) (178.1716414752807,204.1098544573876) (180.3073491185742,204.1098544573876) (180.3073491185742,228.6218987825405) (182.6156475774788,228.6218987825405) (182.6156475774788,254.2228692504944) (185.0417876252252,254.2228692504944) (185.0417876252252,280.0299225855101) (187.5104888532479,280.0299225855101) (187.5104888532479,305.9318510350467) (190.0078558887758,305.9318510350467) (190.0078558887758,331.8937418408948) (192.5323210512286,331.8937418408948) (192.5323210512286,357.873084135954) (195.0691588893504,357.873084135954) (195.0691588893504,383.8651141457428) (197.6191141094267,383.8651141457428) (197.6191141094267,409.8594677776426) (200.1690693295029,409.8594677776426) (200.1690693295029,435.8538214095424) (202.7190245495791,435.8538214095424) (202.7190245495791,461.8481750414421) (205.2689797696553,461.8481750414421) (205.2689797696553,487.8425286733419) (207.8189349897316,487.8425286733419) (207.8189349897316,513.8368823052417) (210.3688902098078,513.8368823052417) (210.3688902098078,539.8312359371415) (212.918845429884,539.8312359371415) (212.918845429884,565.8255895690413) (215.4688006499602,565.8255895690413) (215.4688006499602,591.8199432009411) (218.0187558700364,591.8199432009411) (218.0187558700364,617.8142968328409) (220.5687110901127,617.8142968328409) (220.5687110901127,643.8086504647407) (223.1186663101889,643.8086504647407) (223.1186663101889,669.8030040966405) (225.6686215302651,669.8030040966405) (225.6686215302651,695.7973577285403) (228.2185767503413,695.7973577285403) (228.2185767503413,721.7917113604401) (230.7685319704174,721.7917113604401) (230.7685319704174,735.2716860088356) (700,735.2716860088356)
batteryCharge[0]:
[0]: (0,100) (700,100)
user_guided_transport.end:
[0]: (0,0) (230.7685319704174,0) (230.7685319704174,1) (700,1)
[2K
Verifying formula 5 at /nta/queries/query[5]/formula
 -- Formula: simulate[<=700]{robot_inventory[0][0], user_guided_transport.end*2}
[2K -- Formula is satisfied.
robot_inventory[0][0]:
[0]: (0,0) (11.83077990626152,0) (11.83077990626152,1) (700,1)
user_guided_transport.end * 2:
[0]: (0,0) (233.0396465850009,0) (233.0396465850009,2) (700,2)
[2K
Verifying formula 6 at /nta/queries/query[6]/formula
 -- Formula: simulate[<=700]{bedroom[0], bedroom[1], kitchen[0], kitchen[1]}
[2K -- Formula is satisfied.
bedroom[0]:
[0]: (0,100) (700,100)
bedroom[1]:
[0]: (0,200) (700,200)
kitchen[0]:
[0]: (0,4400) (700,4400)
kitchen[1]:
[0]: (0,765) (700,765)
[2K
Verifying formula 7 at /nta/queries/query[7]/formula
 -- Formula: simulate[<=700]{rm_1.idle, rf_1.idle, rp_1.idle, rd_1.idle}
[2K -- Formula is satisfied.
rm_1.idle:
[0]: (0,0) (0,1) (0,0) (3,0) (3,1) (700,1)
rf_1.idle:
[0]: (0,0) (0,1) (10.21665316251288,1) (10.21665316251288,0) (232.4443233037229,0) (232.4443233037229,1) (700,1)
rp_1.idle:
[0]: (0,0) (0,1) (2,1) (2,0) (10.21665316251288,0) (10.21665316251288,1) (700,1)
rd_1.idle:
[0]: (0,0) (0,1) (700,1)
[2K
Verifying formula 8 at /nta/queries/query[8]/formula
 -- Formula: Pr[<=700](<>!rm_1.idle || !rf_1.idle || !rp_1.idle || !rd_1.idle)
[2K -- Formula is satisfied.
(72/72 runs) Pr(<> …) in [0.950056,1] (95% CI)
Values in [0,0] mean=0 steps=2.22045e-16: 72
[2K
Verifying formula 9 at /nta/queries/query[9]/formula
 -- Formula: Pr[<=700]([] (user_guided_transport.end imply (rm_1.idle && rf_1.idle && rp_1.idle && rd_1.idle)))
[2K -- Formula is satisfied.
(0/72 runs) Pr([] …) in [0,0.0499441] (95% CI)
Values in [228.307,233.208] mean=231.015 steps=0.544528: 6 6 9 4 9 11 8 10 9
[2K
Verifying formula 10 at /nta/queries/query[10]/formula
 -- Formula: Pr[<=700] (<> pow(humanPositionX[0] - kitchen[0], 2) + pow(humanPositionY[0] - kitchen[1], 2) <= 900 )
[2K -- Formula is satisfied.
(72/72 runs) Pr(<> …) in [0.950056,1] (95% CI)
Values in [192.089,196.933] mean=194.381 steps=0.538214: 8 10 9 8 7 7 12 3 8
[2K
Verifying formula 11 at /nta/queries/query[11]/formula
 -- Formula: Pr[<=700] (<> pow(humanPositionX[0] - bedroom[0], 2) + pow(humanPositionY[0] - bedroom[1], 2) <= 900 )
[2K -- Formula is satisfied.
(72/72 runs) Pr(<> …) in [0.950056,1] (95% CI)
Values in [1,1] mean=1 steps=2.22045e-16: 72
[2K
Verifying formula 12 at /nta/queries/query[12]/formula
 -- Formula: Pr[<=700] (<> pow(robPositionX[0] - bedroom[0], 2) + pow(robPositionY[0] - bedroom[1], 2) <= 900 )
[2K -- Formula is satisfied.
(72/72 runs) Pr(<> …) in [0.950056,1] (95% CI)
Values in [2,2] mean=2 steps=2.22045e-16: 72
[2K
Verifying formula 13 at /nta/queries/query[13]/formula
 -- Formula: Pr[<=700] (<> !isValidPosition(humanPositionX[0], humanPositionY[0]))
[2K -- Formula is satisfied.
(72/72 runs) Pr(<> …) in [0.950056,1] (95% CI)
Values in [0,0] mean=0 steps=2.22045e-16: 72
[2K
Verifying formula 14 at /nta/queries/query[14]/formula
 -- Formula: Pr[<=700] (<> !isValidPosition(robPositionX[0], robPositionY[0]))
[2K -- Formula is satisfied.
(72/72 runs) Pr(<> …) in [0.950056,1] (95% CI)
Values in [0,0] mean=0 steps=2.22045e-16: 72
[2K
Verifying formula 15 at /nta/queries/query[15]/formula
 -- Formula: Pr[<=700] (<> currP > 2)
 -- Throughput: 574104 runs/sec, Load: 334 runs[K
[2K -- Formula is satisfied.
(0/72 runs) Pr(<> …) in [0,0.0499441] (95% CI)
