Options for the verification:
  Generating no trace
  Search order is breadth first
  Using conservative space optimisation
  Seed is 1783328245
  State space representation uses minimal constraint systems with future testing
  Using HashMap + Compress integers for discrete state storage
[2K
Verifying formula 1 at /nta/queries/query[1]/formula
 -- Formula: simulate[<=700]{user_guided_transport_human1_def.s1_start, user_guided_transport_human1_def.s1_end, user_guided_transport_human1_def.s2_start, user_guided_transport_human1_def.s2_idle, user_guided_transport_human1_def.s3_start, user_guided_transport_human1_def.s3_end, user_guided_transport.end}
[2K -- Formula is satisfied.
user_guided_transport_human1_def.s1_start:
[0]: (0,0) (0,1) (0,0) (700,0)
user_guided_transport_human1_def.s1_end:
[0]: (0,0) (1,0) (1,1) (2,1) (2,0) (700,0)
user_guided_transport_human1_def.s2_start:
[0]: (0,0) (2,0) (2,1) (2,0) (700,0)
user_guided_transport_human1_def.s2_idle:
[0]: (0,0) (2,0) (2,1) (7.605168074286777,1) (7.605168074286777,0) (700,0)
user_guided_transport_human1_def.s3_start:
[0]: (0,0) (7.605168074286777,0) (7.605168074286777,1) (7.605168074286777,0) (12.60516807428676,0) (12.60516807428676,1) (12.60516807428676,0) (17.60516807428677,0) (17.60516807428677,1) (17.60516807428677,0) (22.60516807428682,0) (22.60516807428682,1) (22.60516807428682,0) (27.60516807428687,0) (27.60516807428687,1) (27.60516807428687,0) (32.60516807428691,0) (32.60516807428691,1) (32.60516807428691,0) (37.60516807428697,0) (37.60516807428697,1) (37.60516807428697,0) (42.60516807428704,0) (42.60516807428704,1) (42.60516807428704,0) (47.60516807428702,0) (47.60516807428702,1) (47.60516807428702,0) (52.60516807428705,0) (52.60516807428705,1) (52.60516807428705,0) (57.60516807428705,0) (57.60516807428705,1) (57.60516807428705,0) (62.60516807428705,0) (62.60516807428705,1) (62.60516807428705,0) (67.60516807428726,0) (67.60516807428726,1) (67.60516807428726,0) (72.60516807428756,0) (72.60516807428756,1) (72.60516807428756,0) (77.60516807428786,0) (77.60516807428786,1) (77.60516807428786,0) (82.60516807428817,0) (82.60516807428817,1) (82.60516807428817,0) (87.60516807428849,0) (87.60516807428849,1) (87.60516807428849,0) (92.6051680742888,0) (92.6051680742888,1) (92.6051680742888,0) (97.6051680742891,0) (97.6051680742891,1) (97.6051680742891,0) (102.6051680742894,0) (102.6051680742894,1) (102.6051680742894,0) (107.6051680742897,0) (107.6051680742897,1) (107.6051680742897,0) (112.60516807429,0) (112.60516807429,1) (112.60516807429,0) (117.6051680742903,0) (117.6051680742903,1) (117.6051680742903,0) (122.6051680742907,0) (122.6051680742907,1) (122.6051680742907,0) (127.605168074291,0) (127.605168074291,1) (127.605168074291,0) (132.6051680742913,0) (132.6051680742913,1) (132.6051680742913,0) (137.6051680742916,0) (137.6051680742916,1) (137.6051680742916,0) (142.6051680742919,0) (142.6051680742919,1) (142.6051680742919,0) (147.6051680742922,0) (147.6051680742922,1) (147.6051680742922,0) (152.6051680742925,0) (152.6051680742925,1) (152.6051680742925,0) (157.6051680742927,0) (157.6051680742927,1) (157.6051680742927,0) (162.605168074293,0) (162.605168074293,1) (162.605168074293,0) (167.6051680742933,0) (167.6051680742933,1) (167.6051680742933,0) (172.6051680742936,0) (172.6051680742936,1) (172.6051680742936,0) (177.6051680742939,0) (177.6051680742939,1) (177.6051680742939,0) (182.6051680742942,0) (182.6051680742942,1) (182.6051680742942,0) (187.6051680742946,0) (187.6051680742946,1) (187.6051680742946,0) (700,0)
user_guided_transport_human1_def.s3_end:
[0]: (0,0) (192.6051680742949,0) (192.6051680742949,1) (228.814034753033,1) (228.814034753033,0) (700,0)
user_guided_transport.end:
[0]: (0,0) (230.8140347530321,0) (230.8140347530321,1) (700,1)
[2K
Verifying formula 2 at /nta/queries/query[2]/formula
 -- Formula: simulate[<=700]{user_guided_transport_robot1_def.s1_start, user_guided_transport_robot1_def.s1_end, user_guided_transport_robot1_def.s2_start, user_guided_transport_robot1_def.s2_end, user_guided_transport_robot1_def.s3_start, user_guided_transport_robot1_def.s3_end, user_guided_transport.end}
[2K -- Formula is satisfied.
user_guided_transport_robot1_def.s1_start:
[0]: (0,0) (0,1) (0,0) (700,0)
user_guided_transport_robot1_def.s1_end:
[0]: (0,0) (2,0) (2,1) (2,0) (700,0)
user_guided_transport_robot1_def.s2_start:
[0]: (0,0) (2,0) (2,1) (2,0) (700,0)
user_guided_transport_robot1_def.s2_end:
[0]: (0,0) (9.198273723256076,0) (9.198273723256076,1) (9.198273723256076,0) (700,0)
user_guided_transport_robot1_def.s3_start:
[0]: (0,0) (9.198273723256076,0) (9.198273723256076,1) (9.198273723256076,0) (700,0)
user_guided_transport_robot1_def.s3_end:
[0]: (0,0) (230.4071404019967,0) (230.4071404019967,1) (230.4071404019967,0) (700,0)
user_guided_transport.end:
[0]: (0,0) (232.4071404019958,0) (232.4071404019958,1) (700,1)
[2K
Verifying formula 3 at /nta/queries/query[3]/formula
 -- Formula: Pr[<=700] (<> user_guided_transport.end)
[2K -- Formula is satisfied.
(72/72 runs) Pr(<> …) in [0.950056,1] (95% CI)
Values in [230.322,234.812] mean=232.573 steps=0.498955: 8 5 6 13 13 6 5 10 6
[2K
Verifying formula 4 at /nta/queries/query[4]/formula
 -- Formula: simulate[<=700]{humanPositionX[0], humanPositionY[0], robPositionX[0], robPositionY[0], batteryCharge[0], user_guided_transport.end}
[2K -- Formula is satisfied.
humanPositionX[0]:
[0]: (0,0) (0,92.5) (1,92.5) (1,97.73313175708738) (9.289011578635066,97.73313175708738) (9.289011578635066,123.7285354798977) (10.28901157863506,123.7285354798977) (10.28901157863506,149.723939202708) (11.28901157863506,149.723939202708) (11.28901157863506,175.7193429255182) (12.28901157863506,175.7193429255182) (12.28901157863506,201.7147466483285) (13.28901157863506,201.7147466483285) (13.28901157863506,227.7101503711388) (14.28901157863506,227.7101503711388) (14.28901157863506,253.7055540939491) (15.28901157863506,253.7055540939491) (15.28901157863506,279.7009578167594) (16.28901157863506,279.7009578167594) (16.28901157863506,305.6963615395697) (17.28901157863506,305.6963615395697) (17.28901157863506,331.69176526238) (18.28901157863506,331.69176526238) (18.28901157863506,357.6871689851903) (19.28901157863507,357.6871689851903) (19.28901157863507,383.6825727080006) (20.28901157863507,383.6825727080006) (20.28901157863507,409.6779764308109) (21.28901157863508,409.6779764308109) (21.28901157863508,435.6733801536212) (22.28901157863507,435.6733801536212) (22.28901157863507,461.6687838764315) (23.28901157863507,461.6687838764315) (23.28901157863507,487.6641875992418) (24.28901157863506,487.6641875992418) (24.28901157863506,513.6595913220521) (25.28901157863505,513.6595913220521) (25.28901157863505,539.6549950448623) (26.28901157863504,539.6549950448623) (26.28901157863504,565.6503987676725) (27.28901157863504,565.6503987676725) (27.28901157863504,591.6458024904828) (28.28901157863503,591.6458024904828) (28.28901157863503,617.641206213293) (29.28901157863502,617.641206213293) (29.28901157863502,643.6366099361032) (30.28901157863502,643.6366099361032) (30.28901157863502,669.6320136589135) (31.28901157863501,669.6320136589135) (31.28901157863501,695.6274173817237) (32.28901157863501,695.6274173817237) (32.28901157863501,721.622821104534) (33.28901157863503,721.622821104534) (33.28901157863503,747.6182248273442) (34.28901157863505,747.6182248273442) (34.28901157863505,773.6136285501544) (35.28901157863507,773.6136285501544) (35.28901157863507,799.6090322729647) (36.28901157863509,799.6090322729647) (36.28901157863509,825.6044359957749) (37.28901157863511,825.6044359957749) (37.28901157863511,851.5998397185851) (38.28901157863513,851.5998397185851) (38.28901157863513,877.5952434413954) (39.28901157863515,877.5952434413954) (39.28901157863515,903.5906471642056) (40.28901157863518,903.5906471642056) (40.28901157863518,929.5860508870159) (41.2890115786352,929.5860508870159) (41.2890115786352,955.5814546098261) (42.28901157863522,955.5814546098261) (42.28901157863522,981.5768583326363) (43.28901157863524,981.5768583326363) (43.28901157863524,1007.572262055447) (44.28901157863526,1007.572262055447) (44.28901157863526,1033.567665778257) (45.28901157863528,1033.567665778257) (45.28901157863528,1059.563069501067) (46.28901157863528,1059.563069501067) (46.28901157863528,1085.558473223878) (47.28901157863527,1085.558473223878) (47.28901157863527,1111.553876946688) (48.28901157863524,1111.553876946688) (48.28901157863524,1137.549280669498) (49.28901157863526,1137.549280669498) (49.28901157863526,1163.544684392309) (50.28901157863527,1163.544684392309) (50.28901157863527,1189.540088115119) (51.28901157863527,1189.540088115119) (51.28901157863527,1215.535491837929) (52.28901157863527,1215.535491837929) (52.28901157863527,1241.53089556074) (53.28901157863527,1241.53089556074) (53.28901157863527,1267.52629928355) (54.28901157863527,1267.52629928355) (54.28901157863527,1293.52170300636) (55.28901157863527,1293.52170300636) (55.28901157863527,1319.517106729171) (56.28901157863527,1319.517106729171) (56.28901157863527,1345.512510451981) (57.28901157863527,1345.512510451981) (57.28901157863527,1371.507914174791) (58.28901157863527,1371.507914174791) (58.28901157863527,1397.503317897602) (59.28901157863527,1397.503317897602) (59.28901157863527,1423.498721620412) (60.28901157863527,1423.498721620412) (60.28901157863527,1478) (61.28901157863528,1478) (61.28901157863528,1504) (62.28901157863528,1504) (62.28901157863528,1530) (63.28901157863527,1530) (63.28901157863527,1556) (64.2890115786353,1556) (64.2890115786353,1582) (65.28901157863537,1582) (65.28901157863537,1608) (66.28901157863542,1608) (66.28901157863542,1634) (67.2890115786355,1634) (67.2890115786355,1660) (68.28901157863555,1660) (68.28901157863555,1686) (69.28901157863561,1686) (69.28901157863561,1712) (70.28901157863567,1712) (70.28901157863567,1738) (71.28901157863572,1738) (71.28901157863572,1764) (72.28901157863579,1764) (72.28901157863579,1790) (73.28901157863585,1790) (73.28901157863585,1816) (74.28901157863591,1816) (74.28901157863591,1842) (75.28901157863596,1842) (75.28901157863596,1868) (76.28901157863602,1868) (76.28901157863602,1894) (77.28901157863609,1894) (77.28901157863609,1920) (78.28901157863616,1920) (78.28901157863616,1946) (79.28901157863622,1946) (79.28901157863622,1972) (80.28901157863629,1972) (80.28901157863629,1998) (81.28901157863636,1998) (81.28901157863636,2024) (82.28901157863642,2024) (82.28901157863642,2050) (83.28901157863648,2050) (83.28901157863648,2076) (84.28901157863653,2076) (84.28901157863653,2102) (85.2890115786366,2102) (85.2890115786366,2128) (86.28901157863667,2128) (86.28901157863667,2154) (87.28901157863673,2154) (87.28901157863673,2180) (88.2890115786368,2180) (88.2890115786368,2206) (89.28901157863687,2206) (89.28901157863687,2232) (90.28901157863693,2232) (90.28901157863693,2258) (91.28901157863699,2258) (91.28901157863699,2284) (92.28901157863704,2284) (92.28901157863704,2310) (93.28901157863712,2310) (93.28901157863712,2336) (94.28901157863719,2336) (94.28901157863719,2362) (95.28901157863724,2362) (95.28901157863724,2388) (96.2890115786373,2388) (96.2890115786373,2414) (97.28901157863736,2414) (97.28901157863736,2440) (98.28901157863741,2440) (98.28901157863741,2466) (99.28901157863747,2466) (99.28901157863747,2492) (100.2890115786375,2492) (100.2890115786375,2518) (101.2890115786376,2518) (101.2890115786376,2544) (102.2890115786376,2544) (102.2890115786376,2570) (103.2890115786377,2570) (103.2890115786377,2596) (104.2890115786378,2596) (104.2890115786378,2622) (105.2890115786378,2622) (105.2890115786378,2648) (106.2890115786379,2648) (106.2890115786379,2674) (107.2890115786379,2674) (107.2890115786379,2700) (108.289011578638,2700) (108.289011578638,2726) (109.289011578638,2726) (109.289011578638,2752) (110.2890115786381,2752) (110.2890115786381,2778) (111.2890115786382,2778) (111.2890115786382,2804) (112.2890115786382,2804) (112.2890115786382,2830) (113.2890115786383,2830) (113.2890115786383,2856) (114.2890115786383,2856) (114.2890115786383,2882) (115.2890115786384,2882) (115.2890115786384,2908) (116.2890115786384,2908) (116.2890115786384,2934) (117.2890115786385,2934) (117.2890115786385,2960) (118.2890115786386,2960) (118.2890115786386,2986) (119.2890115786386,2986) (119.2890115786386,3012) (120.2890115786387,3012) (120.2890115786387,3038) (121.2890115786387,3038) (121.2890115786387,3088.5) (122.2890115786388,3088.5) (122.2890115786388,3114.5) (123.2890115786388,3114.5) (123.2890115786388,3140.5) (124.2890115786389,3140.5) (124.2890115786389,3166.5) (125.2890115786389,3166.5) (125.2890115786389,3192.5) (126.289011578639,3192.5) (126.289011578639,3218.5) (127.2890115786391,3218.5) (127.2890115786391,3244.5) (128.2890115786391,3244.5) (128.2890115786391,3270.5) (129.2890115786392,3270.5) (129.2890115786392,3296.5) (130.2890115786392,3296.5) (130.2890115786392,3322.5) (131.2890115786393,3322.5) (131.2890115786393,3348.5) (132.2890115786393,3348.5) (132.2890115786393,3374.5) (133.2890115786394,3374.5) (133.2890115786394,3400.5) (134.2890115786394,3400.5) (134.2890115786394,3426.5) (135.2890115786395,3426.5) (135.2890115786395,3452.5) (136.2890115786396,3452.5) (136.2890115786396,3478.5) (137.2890115786396,3478.5) (137.2890115786396,3504.5) (138.2890115786397,3504.5) (138.2890115786397,3530.5) (139.2890115786397,3530.5) (139.2890115786397,3556.5) (140.2890115786398,3556.5) (140.2890115786398,3582.5) (141.2890115786398,3582.5) (141.2890115786398,3608.5) (142.2890115786399,3608.5) (142.2890115786399,3634.5) (143.28901157864,3634.5) (143.28901157864,3660.5) (144.28901157864,3660.5) (144.28901157864,3686.5) (145.2890115786401,3686.5) (145.2890115786401,3712.5) (146.2890115786401,3712.5) (146.2890115786401,3738.5) (147.2890115786402,3738.5) (147.2890115786402,3764.5) (148.2890115786402,3764.5) (148.2890115786402,3790.5) (149.2890115786403,3790.5) (149.2890115786403,3816.5) (150.2890115786404,3816.5) (150.2890115786404,3842.5) (151.2890115786404,3842.5) (151.2890115786404,3868.5) (152.2890115786405,3868.5) (152.2890115786405,3894.5) (153.2890115786405,3894.5) (153.2890115786405,3920.5) (154.2890115786406,3920.5) (154.2890115786406,3946.5) (155.2890115786406,3946.5) (155.2890115786406,3972.5) (156.2890115786407,3972.5) (156.2890115786407,3998.5) (157.2890115786408,3998.5) (157.2890115786408,4024.5) (158.2890115786408,4024.5) (158.2890115786408,4050.5) (159.2890115786409,4050.5) (159.2890115786409,4076.5) (160.2890115786409,4076.5) (160.2890115786409,4102.5) (161.289011578641,4102.5) (161.289011578641,4128.5) (162.289011578641,4128.5) (162.289011578641,4154.5) (163.2890115786411,4154.5) (163.2890115786411,4180.5) (164.2890115786412,4180.5) (164.2890115786412,4206.5) (165.2890115786412,4206.5) (165.2890115786412,4232.5) (166.2890115786413,4232.5) (166.2890115786413,4258.5) (167.2890115786413,4258.5) (167.2890115786413,4284.5) (168.2890115786414,4284.5) (168.2890115786414,4310.5) (169.2890115786414,4310.5) (169.2890115786414,4336.5) (170.2890115786415,4336.5) (170.2890115786415,4362.5) (171.2890115786415,4362.5) (171.2890115786415,4388.5) (172.2890115786416,4388.5) (172.2890115786416,4416.265463717128) (173.2890115786417,4416.265463717128) (173.2890115786417,4415.530927434256) (174.2890115786417,4415.530927434256) (174.2890115786417,4414.796391151384) (175.2890115786418,4414.796391151384) (175.2890115786418,4414.061854868512) (176.2890115786418,4414.061854868512) (176.2890115786418,4413.327318585641) (177.2890115786419,4413.327318585641) (177.2890115786419,4412.592782302769) (178.2890115786419,4412.592782302769) (178.2890115786419,4411.858246019897) (179.289011578642,4411.858246019897) (179.289011578642,4411.123709737025) (180.2890115786421,4411.123709737025) (180.2890115786421,4410.389173454153) (181.2890115786421,4410.389173454153) (181.2890115786421,4409.654637171281) (182.2890115786422,4409.654637171281) (182.2890115786422,4408.920100888409) (183.2890115786423,4408.920100888409) (183.2890115786423,4408.185564605537) (184.2890115786423,4408.185564605537) (184.2890115786423,4407.451028322665) (185.2890115786424,4407.451028322665) (185.2890115786424,4406.716492039794) (186.2890115786425,4406.716492039794) (186.2890115786425,4405.981955756922) (187.2890115786426,4405.981955756922) (187.2890115786426,4405.24741947405) (188.2890115786426,4405.24741947405) (188.2890115786426,4404.512883191178) (189.2890115786427,4404.512883191178) (189.2890115786427,4403.778346908306) (190.2890115786428,4403.778346908306) (190.2890115786428,4403.043810625434) (191.2890115786429,4403.043810625434) (191.2890115786429,4402.309274342562) (192.2890115786429,4402.309274342562) (192.2890115786429,4401.57473805969) (193.289011578643,4401.57473805969) (193.289011578643,4400.840201776819) (700,4400.840201776819)
humanPositionY[0]:
[0]: (0,0) (0,163.5) (1,163.5) (1,188.9679078844919) (9.289011578635066,188.9679078844919) (9.289011578635066,188.479046668909) (10.28901157863506,188.479046668909) (10.28901157863506,187.9901854533261) (11.28901157863506,187.9901854533261) (11.28901157863506,187.5013242377432) (12.28901157863506,187.5013242377432) (12.28901157863506,187.0124630221603) (13.28901157863506,187.0124630221603) (13.28901157863506,186.5236018065774) (14.28901157863506,186.5236018065774) (14.28901157863506,186.0347405909945) (15.28901157863506,186.0347405909945) (15.28901157863506,185.5458793754117) (16.28901157863506,185.5458793754117) (16.28901157863506,185.0570181598288) (17.28901157863506,185.0570181598288) (17.28901157863506,184.5681569442459) (18.28901157863506,184.5681569442459) (18.28901157863506,184.079295728663) (19.28901157863507,184.079295728663) (19.28901157863507,183.5904345130801) (20.28901157863507,183.5904345130801) (20.28901157863507,183.1015732974972) (21.28901157863508,183.1015732974972) (21.28901157863508,182.6127120819143) (22.28901157863507,182.6127120819143) (22.28901157863507,182.1238508663315) (23.28901157863507,182.1238508663315) (23.28901157863507,181.6349896507486) (24.28901157863506,181.6349896507486) (24.28901157863506,181.1461284351657) (25.28901157863505,181.1461284351657) (25.28901157863505,180.6572672195828) (26.28901157863504,180.6572672195828) (26.28901157863504,180.1684060039999) (27.28901157863504,180.1684060039999) (27.28901157863504,179.679544788417) (28.28901157863503,179.679544788417) (28.28901157863503,179.1906835728341) (29.28901157863502,179.1906835728341) (29.28901157863502,178.7018223572512) (30.28901157863502,178.7018223572512) (30.28901157863502,178.2129611416684) (31.28901157863501,178.2129611416684) (31.28901157863501,177.7240999260855) (32.28901157863501,177.7240999260855) (32.28901157863501,177.2352387105026) (33.28901157863503,177.2352387105026) (33.28901157863503,176.7463774949197) (34.28901157863505,176.7463774949197) (34.28901157863505,176.2575162793368) (35.28901157863507,176.2575162793368) (35.28901157863507,175.7686550637539) (36.28901157863509,175.7686550637539) (36.28901157863509,175.279793848171) (37.28901157863511,175.279793848171) (37.28901157863511,174.7909326325882) (38.28901157863513,174.7909326325882) (38.28901157863513,174.3020714170053) (39.28901157863515,174.3020714170053) (39.28901157863515,173.8132102014224) (40.28901157863518,173.8132102014224) (40.28901157863518,173.3243489858395) (41.2890115786352,173.3243489858395) (41.2890115786352,172.8354877702566) (42.28901157863522,172.8354877702566) (42.28901157863522,172.3466265546737) (43.28901157863524,172.3466265546737) (43.28901157863524,171.8577653390908) (44.28901157863526,171.8577653390908) (44.28901157863526,171.3689041235079) (45.28901157863528,171.3689041235079) (45.28901157863528,170.8800429079251) (46.28901157863528,170.8800429079251) (46.28901157863528,170.3911816923422) (47.28901157863527,170.3911816923422) (47.28901157863527,169.9023204767593) (48.28901157863524,169.9023204767593) (48.28901157863524,169.4134592611764) (49.28901157863526,169.4134592611764) (49.28901157863526,168.9245980455935) (50.28901157863527,168.9245980455935) (50.28901157863527,168.4357368300106) (51.28901157863527,168.4357368300106) (51.28901157863527,167.9468756144277) (52.28901157863527,167.9468756144277) (52.28901157863527,167.4580143988449) (53.28901157863527,167.4580143988449) (53.28901157863527,166.969153183262) (54.28901157863527,166.969153183262) (54.28901157863527,166.4802919676791) (55.28901157863527,166.4802919676791) (55.28901157863527,165.9914307520962) (56.28901157863527,165.9914307520962) (56.28901157863527,165.5025695365133) (57.28901157863527,165.5025695365133) (57.28901157863527,165.0137083209304) (58.28901157863527,165.0137083209304) (58.28901157863527,164.5248471053475) (59.28901157863527,164.5248471053475) (59.28901157863527,164.0359858897646) (60.28901157863527,164.0359858897646) (60.28901157863527,163.5) (172.2890115786416,163.5) (172.2890115786416,189.4896220913107) (173.2890115786417,189.4896220913107) (173.2890115786417,215.4792441826214) (174.2890115786417,215.4792441826214) (174.2890115786417,241.4688662739321) (175.2890115786418,241.4688662739321) (175.2890115786418,267.4584883652428) (176.2890115786418,267.4584883652428) (176.2890115786418,293.4481104565535) (177.2890115786419,293.4481104565535) (177.2890115786419,319.4377325478642) (178.2890115786419,319.4377325478642) (178.2890115786419,345.427354639175) (179.289011578642,345.427354639175) (179.289011578642,371.4169767304857) (180.2890115786421,371.4169767304857) (180.2890115786421,397.4065988217964) (181.2890115786421,397.4065988217964) (181.2890115786421,423.3962209131071) (182.2890115786422,423.3962209131071) (182.2890115786422,449.3858430044178) (183.2890115786423,449.3858430044178) (183.2890115786423,475.3754650957285) (184.2890115786423,475.3754650957285) (184.2890115786423,501.3650871870392) (185.2890115786424,501.3650871870392) (185.2890115786424,527.3547092783499) (186.2890115786425,527.3547092783499) (186.2890115786425,553.3443313696606) (187.2890115786426,553.3443313696606) (187.2890115786426,579.3339534609713) (188.2890115786426,579.3339534609713) (188.2890115786426,605.323575552282) (189.2890115786427,605.323575552282) (189.2890115786427,631.3131976435927) (190.2890115786428,631.3131976435927) (190.2890115786428,657.3028197349034) (191.2890115786429,657.3028197349034) (191.2890115786429,683.2924418262141) (192.2890115786429,683.2924418262141) (192.2890115786429,709.2820639175249) (193.289011578643,709.2820639175249) (193.289011578643,735.2716860088356) (700,735.2716860088356)
robPositionX[0]:
[0]: (0,0) (0,92.5) (2,92.5) (2,97.73313175708738) (11.28901157863506,97.73313175708738) (11.28901157863506,123.7285354798977) (12.28901157863506,123.7285354798977) (12.28901157863506,149.723939202708) (13.28901157863506,149.723939202708) (13.28901157863506,175.7193429255182) (14.3078150411183,175.7193429255182) (14.3078150411183,201.7147466483285) (15.3078150411183,201.7147466483285) (15.3078150411183,227.7101503711388) (16.3078150411183,227.7101503711388) (16.3078150411183,253.7055540939491) (17.3078150411183,253.7055540939491) (17.3078150411183,279.7009578167594) (18.3078150411183,279.7009578167594) (18.3078150411183,305.6963615395697) (19.30781504111831,305.6963615395697) (19.30781504111831,331.69176526238) (20.30781504111832,331.69176526238) (20.30781504111832,357.6871689851903) (21.30781504111832,357.6871689851903) (21.30781504111832,383.6825727080006) (22.30781504111832,383.6825727080006) (22.30781504111832,409.6779764308109) (23.30781504111831,409.6779764308109) (23.30781504111831,435.6733801536212) (24.3078150411183,435.6733801536212) (24.3078150411183,461.6687838764315) (25.3078150411183,461.6687838764315) (25.3078150411183,487.6641875992418) (26.30781504111829,487.6641875992418) (26.30781504111829,513.6595913220521) (27.30781504111828,513.6595913220521) (27.30781504111828,539.6549950448623) (28.30781504111827,539.6549950448623) (28.30781504111827,565.6503987676725) (29.30781504111827,565.6503987676725) (29.30781504111827,591.6458024904828) (30.30781504111826,591.6458024904828) (30.30781504111826,617.641206213293) (31.30781504111825,617.641206213293) (31.30781504111825,643.6366099361032) (32.30781504111825,643.6366099361032) (32.30781504111825,669.6320136589135) (33.30781504111827,669.6320136589135) (33.30781504111827,695.6274173817237) (34.30781504111829,695.6274173817237) (34.30781504111829,721.622821104534) (35.30781504111831,721.622821104534) (35.30781504111831,747.6182248273442) (36.30781504111833,747.6182248273442) (36.30781504111833,773.6136285501544) (37.30781504111835,773.6136285501544) (37.30781504111835,799.6090322729647) (38.30781504111837,799.6090322729647) (38.30781504111837,825.6044359957749) (39.3078150411184,825.6044359957749) (39.3078150411184,851.5998397185851) (40.30781504111842,851.5998397185851) (40.30781504111842,877.5952434413954) (41.30781504111844,877.5952434413954) (41.30781504111844,903.5906471642056) (42.30781504111846,903.5906471642056) (42.30781504111846,929.5860508870159) (43.30781504111848,929.5860508870159) (43.30781504111848,955.5814546098261) (44.3078150411185,955.5814546098261) (44.3078150411185,981.5768583326363) (45.30781504111852,981.5768583326363) (45.30781504111852,1007.572262055447) (46.30781504111852,1007.572262055447) (46.30781504111852,1033.567665778257) (47.30781504111851,1033.567665778257) (47.30781504111851,1059.563069501067) (48.30781504111849,1059.563069501067) (48.30781504111849,1085.558473223878) (49.30781504111851,1085.558473223878) (49.30781504111851,1111.553876946688) (50.30781504111852,1111.553876946688) (50.30781504111852,1137.549280669498) (51.30781504111852,1137.549280669498) (51.30781504111852,1163.544684392309) (52.30781504111852,1163.544684392309) (52.30781504111852,1189.540088115119) (53.30781504111852,1189.540088115119) (53.30781504111852,1215.535491837929) (54.30781504111852,1215.535491837929) (54.30781504111852,1241.53089556074) (55.30781504111852,1241.53089556074) (55.30781504111852,1267.52629928355) (56.30781504111852,1267.52629928355) (56.30781504111852,1293.52170300636) (57.30781504111852,1293.52170300636) (57.30781504111852,1319.517106729171) (58.30781504111852,1319.517106729171) (58.30781504111852,1345.512510451981) (59.30781504111852,1345.512510451981) (59.30781504111852,1371.507914174791) (60.30781504111852,1371.507914174791) (60.30781504111852,1397.503317897602) (61.32054589797767,1397.503317897602) (61.32054589797767,1423.501210954746) (62.32916511565686,1423.501210954746) (62.32916511565686,1449.500245178851) (63.33500055642475,1449.500245178851) (63.33500055642475,1475.499802499311) (64.33895128747305,1475.499802499311) (64.33895128747305,1501.499599591989) (65.34162601989325,1501.499599591989) (65.34162601989325,1527.499506587529) (66.34343687121554,1527.499506587529) (66.34343687121554,1553.499463958168) (67.34466285592381,1553.499463958168) (67.34466285592381,1579.49944441867) (68.34549287337383,1579.49944441867) (68.34549287337383,1605.499435462594) (69.34605481260361,1605.499435462594) (69.34605481260361,1631.49943135751) (70.34643525723698,1631.49943135751) (70.34643525723698,1657.499429475914) (71.34669282622023,1657.499429475914) (71.34669282622023,1683.499428613471) (72.34686720581391,1683.499428613471) (72.34686720581391,1709.499428218164) (73.34698526444821,1709.499428218164) (73.34698526444821,1735.499428036972) (74.34706519261567,1735.499428036972) (74.34706519261567,1761.499427953921) (75.34711930565688,1761.499427953921) (75.34711930565688,1787.499427915854) (76.34715594131862,1787.499427915854) (76.34715594131862,1813.499427898406) (77.34718074443019,1813.499427898406) (77.34718074443019,1839.499427890409) (78.34719753665718,1839.499427890409) (78.34719753665718,1865.499427886743) (79.34720890533505,1865.499427886743) (79.34720890533505,1891.499427885063) (80.34721660217075,1891.499427885063) (80.34721660217075,1917.499427884293) (81.34722181308366,1917.499427884293) (81.34722181308366,1943.499427883939) (82.34722534097887,1943.499427883939) (82.34722534097887,1969.499427883778) (83.34722772944495,1969.499427883778) (83.34722772944495,1995.499427883703) (84.3472293464785,1995.499427883703) (84.3472293464785,2021.499427883669) (85.34723044128302,2021.499427883669) (85.34723044128302,2047.499427883654) (86.34723118245671,2047.499427883654) (86.34723118245671,2073.499427883647) (87.34723168425214,2073.499427883647) (87.34723168425214,2099.499427883643) (88.34723202405095,2099.499427883643) (88.34723202405095,2125.499427883642) (89.34723225441739,2125.499427883642) (89.34723225441739,2151.499427883641) (90.34723240927485,2151.499427883641) (90.34723240927485,2177.499427883641) (91.34723251358304,2177.499427883641) (91.34723251358304,2203.499427883641) (92.34723258658359,2203.499427883641) (92.34723258658359,2229.499427883641) (93.34723263600522,2229.499427883641) (93.34723263600522,2255.499427883641) (94.34723266932529,2255.499427883641) (94.34723266932529,2281.499427883641) (95.34723269039877,2281.499427883641) (95.34723269039877,2307.499427883641) (96.34723269039883,2307.499427883641) (96.34723269039883,2333.499427883641) (97.34723269039888,2333.499427883641) (97.34723269039888,2359.499427883641) (98.34723269039894,2359.499427883641) (98.34723269039894,2385.499427883641) (99.347232690399,2385.499427883641) (99.347232690399,2411.499427883641) (100.3472326903991,2411.499427883641) (100.3472326903991,2437.499427883641) (101.3472326903991,2437.499427883641) (101.3472326903991,2463.499427883641) (102.3472326903992,2463.499427883641) (102.3472326903992,2489.499427883641) (103.3472326903992,2489.499427883641) (103.3472326903992,2515.499427883641) (104.3472326903993,2515.499427883641) (104.3472326903993,2541.499427883641) (105.3472326903993,2541.499427883641) (105.3472326903993,2567.499427883641) (106.3472326903994,2567.499427883641) (106.3472326903994,2593.499427883641) (107.3472326903995,2593.499427883641) (107.3472326903995,2619.499427883641) (108.3472326903995,2619.499427883641) (108.3472326903995,2645.499427883641) (109.3472326903996,2645.499427883641) (109.3472326903996,2671.499427883641) (110.3472326903996,2671.499427883641) (110.3472326903996,2697.499427883641) (111.3472326903997,2697.499427883641) (111.3472326903997,2723.499427883641) (112.3472326903997,2723.499427883641) (112.3472326903997,2749.499427883641) (113.3472326903998,2749.499427883641) (113.3472326903998,2775.499427883641) (114.3472326903998,2775.499427883641) (114.3472326903998,2801.499427883641) (115.3472326903999,2801.499427883641) (115.3472326903999,2827.499427883641) (116.3472326904,2827.499427883641) (116.3472326904,2853.499427883641) (117.3472326904,2853.499427883641) (117.3472326904,2879.499427883641) (118.3472326904001,2879.499427883641) (118.3472326904001,2905.499427883641) (119.3472326904001,2905.499427883641) (119.3472326904001,2931.499427883641) (120.3472326904002,2931.499427883641) (120.3472326904002,2957.499427883641) (121.3472326904002,2957.499427883641) (121.3472326904002,2983.499427883641) (122.3472326904003,2983.499427883641) (122.3472326904003,3009.499427883641) (123.3472326904004,3009.499427883641) (123.3472326904004,3035.499427883641) (124.3472326904004,3035.499427883641) (124.3472326904004,3061.499427883641) (125.3472326904005,3061.499427883641) (125.3472326904005,3087.499427883641) (126.3472326904005,3087.499427883641) (126.3472326904005,3113.499427883641) (127.3472326904006,3113.499427883641) (127.3472326904006,3139.499427883641) (128.3472326904006,3139.499427883641) (128.3472326904006,3165.499427883641) (129.3472326904007,3165.499427883641) (129.3472326904007,3191.499427883641) (130.3472326904007,3191.499427883641) (130.3472326904007,3217.499427883641) (131.3472326904008,3217.499427883641) (131.3472326904008,3243.499427883641) (132.3472326904009,3243.499427883641) (132.3472326904009,3269.499427883641) (133.3472326904009,3269.499427883641) (133.3472326904009,3295.499427883641) (134.347232690401,3295.499427883641) (134.347232690401,3321.499427883641) (135.347232690401,3321.499427883641) (135.347232690401,3347.499427883641) (136.3472326904011,3347.499427883641) (136.3472326904011,3373.499427883641) (137.3472326904011,3373.499427883641) (137.3472326904011,3399.499427883641) (138.3472326904012,3399.499427883641) (138.3472326904012,3425.499427883641) (139.3472326904013,3425.499427883641) (139.3472326904013,3451.499427883641) (140.3472326904013,3451.499427883641) (140.3472326904013,3477.499427883641) (141.3472326904014,3477.499427883641) (141.3472326904014,3503.499427883641) (142.3472326904014,3503.499427883641) (142.3472326904014,3529.499427883641) (143.3472326904015,3529.499427883641) (143.3472326904015,3555.499427883641) (144.3472326904015,3555.499427883641) (144.3472326904015,3581.499427883641) (145.3472326904016,3581.499427883641) (145.3472326904016,3607.499427883641) (146.3472326904017,3607.499427883641) (146.3472326904017,3633.499427883641) (147.3472326904017,3633.499427883641) (147.3472326904017,3659.499427883641) (148.3472326904018,3659.499427883641) (148.3472326904018,3685.499427883641) (149.3472326904018,3685.499427883641) (149.3472326904018,3711.499427883641) (150.3472326904019,3711.499427883641) (150.3472326904019,3737.499427883641) (151.3472326904019,3737.499427883641) (151.3472326904019,3763.499427883641) (152.347232690402,3763.499427883641) (152.347232690402,3789.499427883641) (153.3472326904021,3789.499427883641) (153.3472326904021,3815.499427883641) (154.3472326904021,3815.499427883641) (154.3472326904021,3841.499427883641) (155.3472326904022,3841.499427883641) (155.3472326904022,3867.499427883641) (156.3472326904022,3867.499427883641) (156.3472326904022,3893.499427883641) (157.3472326904023,3893.499427883641) (157.3472326904023,3919.499427883641) (158.3472326904023,3919.499427883641) (158.3472326904023,3945.499427883641) (159.3472326904024,3945.499427883641) (159.3472326904024,3971.499427883641) (160.3472326904024,3971.499427883641) (160.3472326904024,3997.499427883641) (161.3472326904025,3997.499427883641) (161.3472326904025,4023.499427883641) (162.3472326904026,4023.499427883641) (162.3472326904026,4049.499427883641) (163.3472326904026,4049.499427883641) (163.3472326904026,4075.499427883641) (164.3472326904027,4075.499427883641) (164.3472326904027,4101.49942788364) (165.3472326904027,4101.49942788364) (165.3472326904027,4127.49942788364) (166.3472326904028,4127.49942788364) (166.3472326904028,4153.49942788364) (167.3472326904028,4153.49942788364) (167.3472326904028,4179.49942788364) (168.3472326904029,4179.49942788364) (168.3472326904029,4205.49942788364) (169.347232690403,4205.49942788364) (169.347232690403,4231.49942788364) (170.347232690403,4231.49942788364) (170.347232690403,4257.49942788364) (171.3472326904031,4257.49942788364) (171.3472326904031,4283.49942788364) (172.3472326904031,4283.49942788364) (172.3472326904031,4309.49942788364) (173.5860144861581,4309.49942788364) (173.5860144861581,4334.761725317672) (175.1021305830716,4334.761725317672) (175.1021305830716,4357.375029374853) (176.9009877622449,4357.375029374853) (176.9009877622449,4371.80338971305) (179.0366954055384,4371.80338971305) (179.0366954055384,4380.472858151295) (181.344993864443,4380.472858151295) (181.344993864443,4385.010512952947) (183.7711339121893,4385.010512952947) (183.7711339121893,4388.172157803916) (186.239835140212,4388.172157803916) (186.239835140212,4390.428283375573) (188.7372021757399,4390.428283375573) (188.7372021757399,4391.835488330516) (191.2616673381927,4391.835488330516) (191.2616673381927,4392.871718959358) (193.7985051763145,4392.871718959358) (193.7985051763145,4393.515439372457) (196.3484603963907,4393.515439372457) (196.3484603963907,4394.057268921059) (198.8984156164668,4394.057268921059) (198.8984156164668,4394.599098469662) (201.448370836543,4394.599098469662) (201.448370836543,4395.140928018264) (203.9983260566192,4395.140928018264) (203.9983260566192,4395.682757566867) (206.5482812766953,4395.682757566867) (206.5482812766953,4396.224587115469) (209.0982364967715,4396.224587115469) (209.0982364967715,4396.766416664072) (211.6481917168477,4396.766416664072) (211.6481917168477,4397.308246212675) (214.1981469369238,4397.308246212675) (214.1981469369238,4397.850075761278) (216.748102157,4397.850075761278) (216.748102157,4398.391905309881) (219.2980573770762,4398.391905309881) (219.2980573770762,4398.933734858484) (221.8480125971524,4398.933734858484) (221.8480125971524,4399.475564407086) (224.3979678172286,4399.475564407086) (224.3979678172286,4400.01739395569) (226.9479230373048,4400.01739395569) (226.9479230373048,4400.559223504292) (229.497878257381,4400.559223504292) (229.497878257381,4400.840201776819) (700,4400.840201776819)
robPositionY[0]:
[0]: (0,0) (0,163.5) (2,163.5) (2,188.9679078844919) (11.28901157863506,188.9679078844919) (11.28901157863506,188.479046668909) (12.28901157863506,188.479046668909) (12.28901157863506,187.9901854533261) (13.28901157863506,187.9901854533261) (13.28901157863506,187.5013242377433) (14.3078150411183,187.5013242377433) (14.3078150411183,187.0124630221605) (15.3078150411183,187.0124630221605) (15.3078150411183,186.5236018065776) (16.3078150411183,186.5236018065776) (16.3078150411183,186.0347405909947) (17.3078150411183,186.0347405909947) (17.3078150411183,185.5458793754118) (18.3078150411183,185.5458793754118) (18.3078150411183,185.0570181598289) (19.30781504111831,185.0570181598289) (19.30781504111831,184.568156944246) (20.30781504111832,184.568156944246) (20.30781504111832,184.0792957286631) (21.30781504111832,184.0792957286631) (21.30781504111832,183.5904345130803) (22.30781504111832,183.5904345130803) (22.30781504111832,183.1015732974974) (23.30781504111831,183.1015732974974) (23.30781504111831,182.6127120819145) (24.3078150411183,182.6127120819145) (24.3078150411183,182.1238508663316) (25.3078150411183,182.1238508663316) (25.3078150411183,181.6349896507487) (26.30781504111829,181.6349896507487) (26.30781504111829,181.1461284351658) (27.30781504111828,181.1461284351658) (27.30781504111828,180.6572672195829) (28.30781504111827,180.6572672195829) (28.30781504111827,180.168406004) (29.30781504111827,180.168406004) (29.30781504111827,179.6795447884172) (30.30781504111826,179.6795447884172) (30.30781504111826,179.1906835728343) (31.30781504111825,179.1906835728343) (31.30781504111825,178.7018223572514) (32.30781504111825,178.7018223572514) (32.30781504111825,178.2129611416685) (33.30781504111827,178.2129611416685) (33.30781504111827,177.7240999260856) (34.30781504111829,177.7240999260856) (34.30781504111829,177.2352387105027) (35.30781504111831,177.2352387105027) (35.30781504111831,176.7463774949198) (36.30781504111833,176.7463774949198) (36.30781504111833,176.257516279337) (37.30781504111835,176.257516279337) (37.30781504111835,175.7686550637541) (38.30781504111837,175.7686550637541) (38.30781504111837,175.2797938481712) (39.3078150411184,175.2797938481712) (39.3078150411184,174.7909326325883) (40.30781504111842,174.7909326325883) (40.30781504111842,174.3020714170054) (41.30781504111844,174.3020714170054) (41.30781504111844,173.8132102014225) (42.30781504111846,173.8132102014225) (42.30781504111846,173.3243489858396) (43.30781504111848,173.3243489858396) (43.30781504111848,172.8354877702567) (44.3078150411185,172.8354877702567) (44.3078150411185,172.3466265546739) (45.30781504111852,172.3466265546739) (45.30781504111852,171.857765339091) (46.30781504111852,171.857765339091) (46.30781504111852,171.3689041235081) (47.30781504111851,171.3689041235081) (47.30781504111851,170.8800429079252) (48.30781504111849,170.8800429079252) (48.30781504111849,170.3911816923423) (49.30781504111851,170.3911816923423) (49.30781504111851,169.9023204767594) (50.30781504111852,169.9023204767594) (50.30781504111852,169.4134592611765) (51.30781504111852,169.4134592611765) (51.30781504111852,168.9245980455937) (52.30781504111852,168.9245980455937) (52.30781504111852,168.4357368300108) (53.30781504111852,168.4357368300108) (53.30781504111852,167.9468756144279) (54.30781504111852,167.9468756144279) (54.30781504111852,167.458014398845) (55.30781504111852,167.458014398845) (55.30781504111852,166.9691531832621) (56.30781504111852,166.9691531832621) (56.30781504111852,166.4802919676792) (57.30781504111852,166.4802919676792) (57.30781504111852,165.9914307520963) (58.30781504111852,165.9914307520963) (58.30781504111852,165.5025695365134) (59.30781504111852,165.5025695365134) (59.30781504111852,165.0137083209306) (60.30781504111852,165.0137083209306) (60.30781504111852,164.5248471053477) (61.32054589797767,164.5248471053477) (61.32054589797767,164.1938537681208) (62.32916511565686,164.1938537681208) (62.32916511565686,163.969756883213) (63.33500055642475,163.969756883213) (63.33500055642475,163.8180362843253) (64.33895128747305,163.8180362843253) (64.33895128747305,163.7153175442811) (65.34162601989325,163.7153175442811) (65.34162601989325,163.6457745842783) (66.34343687121554,163.6457745842783) (66.34343687121554,163.5986924756321) (67.34466285592381,163.5986924756321) (67.34466285592381,163.566816881204) (68.34549287337383,163.566816881204) (68.34549287337383,163.545236429983) (69.34605481260361,163.545236429983) (69.34605481260361,163.5306260107791) (70.34643525723698,163.5306260107791) (70.34643525723698,163.5207344505516) (71.34669282622023,163.5207344505516) (71.34669282622023,163.5140376570627) (72.34686720581391,163.5140376570627) (72.34686720581391,163.5095037876518) (73.34698526444821,163.5095037876518) (73.34698526444821,163.5064342631685) (74.34706519261567,163.5064342631685) (74.34706519261567,163.5043561308182) (75.34711930565688,163.5043561308182) (75.34711930565688,163.5029491917491) (76.34715594131862,163.5029491917491) (76.34715594131862,163.5019966645455) (77.34718074443019,163.5019966645455) (77.34718074443019,163.5013517836466) (78.34719753665718,163.5013517836466) (78.34719753665718,163.5009151857469) (79.34720890533505,163.5009151857469) (79.34720890533505,163.5006196001235) (80.34721660217075,163.5006196001235) (80.34721660217075,163.5004194823974) (81.34722181308366,163.5004194823974) (81.34722181308366,163.5002839986634) (82.34722534097887,163.5002839986634) (82.34722534097887,163.5001922733894) (83.34722772944495,163.5001922733894) (83.34722772944495,163.5001301732726) (84.3472293464785,163.5001301732726) (84.3472293464785,163.5000881304022) (85.34723044128302,163.5000881304022) (85.34723044128302,163.5000596654866) (86.34723118245671,163.5000596654866) (86.34723118245671,163.5000403949721) (87.34723168425214,163.5000403949721) (87.34723168425214,163.5000273482928) (88.34723202405095,163.5000273482928) (88.34723202405095,163.5000185135251) (89.34723225441739,163.5000185135251) (89.34723225441739,163.5000125239997) (90.34723240927485,163.5000125239997) (90.34723240927485,163.5000084977071) (91.34723251358304,163.5000084977071) (91.34723251358304,163.5000057856957) (92.34723258658359,163.5000057856957) (92.34723258658359,163.5000038876832) (93.34723263600522,163.5000038876832) (93.34723263600522,163.5000026027226) (94.34723266932529,163.5000026027226) (94.34723266932529,163.5000017364024) (95.34723269039877,163.5000017364024) (95.34723269039877,163.5000011884933) (96.34723269039883,163.5000011884933) (96.34723269039883,163.5000006405843) (173.5860144861581,163.5000006405843) (173.5860144861581,169.6494988603188) (175.1021305830716,169.6494988603188) (175.1021305830716,182.4806515605829) (176.9009877622449,182.4806515605829) (176.9009877622449,204.1098544573876) (179.0366954055384,204.1098544573876) (179.0366954055384,228.6218987825405) (181.344993864443,228.6218987825405) (181.344993864443,254.2228692504944) (183.7711339121893,254.2228692504944) (183.7711339121893,280.0299225855101) (186.239835140212,280.0299225855101) (186.239835140212,305.9318510350467) (188.7372021757399,305.9318510350467) (188.7372021757399,331.8937418408948) (191.2616673381927,331.8937418408948) (191.2616673381927,357.873084135954) (193.7985051763145,357.873084135954) (193.7985051763145,383.8651141457428) (196.3484603963907,383.8651141457428) (196.3484603963907,409.8594677776426) (198.8984156164668,409.8594677776426) (198.8984156164668,435.8538214095424) (201.448370836543,435.8538214095424) (201.448370836543,461.8481750414421) (203.9983260566192,461.8481750414421) (203.9983260566192,487.8425286733419) (206.5482812766953,487.8425286733419) (206.5482812766953,513.8368823052417) (209.0982364967715,513.8368823052417) (209.0982364967715,539.8312359371415) (211.6481917168477,539.8312359371415) (211.6481917168477,565.8255895690413) (214.1981469369238,565.8255895690413) (214.1981469369238,591.8199432009411) (216.748102157,591.8199432009411) (216.748102157,617.8142968328409) (219.2980573770762,617.8142968328409) (219.2980573770762,643.8086504647407) (221.8480125971524,643.8086504647407) (221.8480125971524,669.8030040966405) (224.3979678172286,669.8030040966405) (224.3979678172286,695.7973577285403) (226.9479230373048,695.7973577285403) (226.9479230373048,721.7917113604401) (229.497878257381,721.7917113604401) (229.497878257381,735.2716860088356) (700,735.2716860088356)
batteryCharge[0]:
[0]: (0,100) (700,100)
user_guided_transport.end:
[0]: (0,0) (231.4978782573801,0) (231.4978782573801,1) (700,1)
[2K
Verifying formula 5 at /nta/queries/query[5]/formula
 -- Formula: simulate[<=700]{robot_inventory[0][0], user_guided_transport.end*2}
[2K -- Formula is satisfied.
robot_inventory[0][0]:
[0]: (0,0) (7.801587112884232,0) (7.801587112884232,1) (700,1)
user_guided_transport.end * 2:
[0]: (0,0) (231.0292572541073,0) (231.0292572541073,2) (700,2)
[2K
Verifying formula 6 at /nta/queries/query[6]/formula
 -- Formula: simulate[<=700]{bedroom[0], bedroom[1], kitchen[0], kitchen[1]}
[2K -- Formula is satisfied.
bedroom[0]:
[0]: (0,100) (700,100)
bedroom[1]:
[0]: (0,200) (700,200)
kitchen[0]:
[0]: (0,4400) (700,4400)
kitchen[1]:
[0]: (0,765) (700,765)
[2K
Verifying formula 7 at /nta/queries/query[7]/formula
 -- Formula: simulate[<=700]{rm_1.idle, rf_1.idle, rp_1.idle, rd_1.idle}
[2K -- Formula is satisfied.
rm_1.idle:
[0]: (0,0) (0,1) (0,0) (3,0) (3,1) (700,1)
rf_1.idle:
[0]: (0,0) (0,1) (8.156471448519094,1) (8.156471448519094,0) (230.3653381272566,0) (230.3653381272566,1) (700,1)
rp_1.idle:
[0]: (0,0) (0,1) (2,1) (2,0) (8.156471448519094,0) (8.156471448519094,1) (700,1)
rd_1.idle:
[0]: (0,0) (0,1) (700,1)
[2K
Verifying formula 8 at /nta/queries/query[8]/formula
 -- Formula: Pr[<=700](<>!rm_1.idle || !rf_1.idle || !rp_1.idle || !rd_1.idle)
[2K -- Formula is satisfied.
(72/72 runs) Pr(<> …) in [0.950056,1] (95% CI)
Values in [0,0] mean=0 steps=2.22045e-16: 72
[2K
Verifying formula 9 at /nta/queries/query[9]/formula
 -- Formula: Pr[<=700]([] (user_guided_transport.end imply (rm_1.idle && rf_1.idle && rp_1.idle && rd_1.idle)))
 -- Throughput: 591666 runs/sec, Load: 332 runs[K
[2K -- Formula is satisfied.
(72/72 runs) Pr([] …) in [0.950056,1] (95% CI)
[2K
Verifying formula 10 at /nta/queries/query[10]/formula
 -- Formula: Pr[<=700] (<> pow(humanPositionX[0] - kitchen[0], 2) + pow(humanPositionY[0] - kitchen[1], 2) <= 900 )
[2K -- Formula is satisfied.
(72/72 runs) Pr(<> …) in [0.950056,1] (95% CI)
Values in [192.064,197] mean=194.331 steps=0.548479: 10 11 7 14 2 5 10 6 6 1
[2K
Verifying formula 11 at /nta/queries/query[11]/formula
 -- Formula: Pr[<=700] (<> pow(humanPositionX[0] - bedroom[0], 2) + pow(humanPositionY[0] - bedroom[1], 2) <= 900 )
[2K -- Formula is satisfied.
(72/72 runs) Pr(<> …) in [0.950056,1] (95% CI)
Values in [1,1] mean=1 steps=2.22045e-16: 72
[2K
Verifying formula 12 at /nta/queries/query[12]/formula
 -- Formula: Pr[<=700] (<> pow(robPositionX[0] - bedroom[0], 2) + pow(robPositionY[0] - bedroom[1], 2) <= 900 )
[2K -- Formula is satisfied.
(72/72 runs) Pr(<> …) in [0.950056,1] (95% CI)
Values in [2,2] mean=2 steps=2.22045e-16: 72
[2K
Verifying formula 13 at /nta/queries/query[13]/formula
 -- Formula: Pr[<=700] (<> !isValidPosition(humanPositionX[0], humanPositionY[0]))
[2K -- Formula is satisfied.
(72/72 runs) Pr(<> …) in [0.950056,1] (95% CI)
Values in [0,0] mean=0 steps=2.22045e-16: 72
[2K
Verifying formula 14 at /nta/queries/query[14]/formula
 -- Formula: Pr[<=700] (<> !isValidPosition(robPositionX[0], robPositionY[0]))
[2K -- Formula is satisfied.
(72/72 runs) Pr(<> …) in [0.950056,1] (95% CI)
Values in [0,0] mean=0 steps=2.22045e-16: 72
[2K
Verifying formula 15 at /nta/queries/query[15]/formula
 -- Formula: Pr[<=700] (<> currP > 2)
 -- Throughput: 601760 runs/sec, Load: 331 runs[K
[2K -- Formula is satisfied.
(0/72 runs) Pr(<> …) in [0,0.0499441] (95% CI)
