Options for the verification:
  Generating no trace
  Search order is breadth first
  Using conservative space optimisation
  Seed is 1783192182
  State space representation uses minimal constraint systems with future testing
  Using HashMap + Compress integers for discrete state storage
[2K
Verifying formula 1 at /nta/queries/query[1]/formula
 -- Formula: simulate[<=700]{Coffee_Delivery_robot1_def.s1_start, Coffee_Delivery_robot1_def.s1_end, Coffee_Delivery_robot1_def.s2_start, Coffee_Delivery_robot1_def.s2_end, Coffee_Delivery_robot1_def.s3_start, Coffee_Delivery_robot1_def.s3_end, Coffee_Delivery_robot1_def.s4_start, Coffee_Delivery_robot1_def.s4_end, Coffee_Delivery.end}
[2K -- Formula is satisfied.
Coffee_Delivery_robot1_def.s1_start:
[0]: (0,0) (0,1) (0,0) (700.000002,0)
Coffee_Delivery_robot1_def.s1_end:
[0]: (0,0) (67.5767397931244,0) (67.5767397931244,1) (67.5767397931244,0) (700.000002,0)
Coffee_Delivery_robot1_def.s2_start:
[0]: (0,0) (67.5767397931244,0) (67.5767397931244,1) (67.5767397931244,0) (700.000002,0)
Coffee_Delivery_robot1_def.s2_end:
[0]: (0,0) (73.04952118435298,0) (73.04952118435298,1) (73.04952118435298,0) (700.000002,0)
Coffee_Delivery_robot1_def.s3_start:
[0]: (0,0) (73.04952118435298,0) (73.04952118435298,1) (73.04952118435298,0) (700.000002,0)
Coffee_Delivery_robot1_def.s3_end:
[0]: (0,0) (141.7289762128749,0) (141.7289762128749,1) (141.7289762128749,0) (700.000002,0)
Coffee_Delivery_robot1_def.s4_start:
[0]: (0,0) (141.7289762128749,0) (141.7289762128749,1) (141.7289762128749,0) (700.000002,0)
Coffee_Delivery_robot1_def.s4_end:
[0]: (0,0) (146.728976212875,0) (146.728976212875,1) (146.728976212875,0) (700.000002,0)
Coffee_Delivery.end:
[0]: (0,0) (148.728976212875,0) (148.728976212875,1) (700.000002,1)
[2K
Verifying formula 2 at /nta/queries/query[2]/formula
 -- Formula: Pr[<=700] (<> Coffee_Delivery.end)
[2K -- Formula is satisfied.
(72/72 runs) Pr(<> …) in [0.950056,1] (95% CI)
Values in [148.282,153.245] mean=150.584 steps=0.551502: 9 3 15 9 11 5 10 5 5
[2K
Verifying formula 3 at /nta/queries/query[3]/formula
 -- Formula: simulate[<=700]{humanPositionX[0], humanPositionY[0], robPositionX[0], robPositionY[0], batteryCharge[0], Coffee_Delivery.end}
[2K -- Formula is satisfied.
humanPositionX[0]:
[0]: (0,0) (0,92.5) (700.000002,92.5)
humanPositionY[0]:
[0]: (0,0) (0,163.5) (700.000002,163.5)
robPositionX[0]:
[0]: (0,0) (0,92.5) (2,92.5) (2,118.5) (3,118.5) (3,144.5) (4,144.5) (4,170.5) (5,170.5) (5,196.5) (6,196.5) (6,222.5) (7,222.5) (7,248.5) (8,248.5) (8,274.5) (9,274.5) (9,300.5) (10,300.5) (10,326.5) (11,326.5) (11,352.5) (12,352.5) (12,378.5) (13,378.5) (13,404.5) (14,404.5) (14,430.5) (15,430.5) (15,456.5) (16,456.5) (16,482.5) (17,482.5) (17,508.5) (18,508.5) (18,534.5) (19,534.5) (19,560.5) (20,560.5) (20,586.5) (21,586.5) (21,612.5) (22,612.5) (22,638.5) (23,638.5) (23,664.5) (24,664.5) (24,690.5) (25,690.5) (25,716.5) (26,716.5) (26,742.5) (27,742.5) (27,768.5) (28,768.5) (28,794.5) (29,794.5) (29,820.5) (30,820.5) (30,846.5) (31,846.5) (31,872.5) (32,872.5) (32,898.5) (33,898.5) (33,924.5) (34,924.5) (34,950.5) (35,950.5) (35,976.5) (36,976.5) (36,1002.5) (37,1002.5) (37,1028.5) (38,1028.5) (38,1054.5) (39,1054.5) (39,1080.5) (40,1080.5) (40,1106.5) (41,1106.5) (41,1132.5) (42,1132.5) (42,1158.5) (43,1158.5) (43,1184.5) (44,1184.5) (44,1210.5) (45,1210.5) (45,1236.5) (46,1236.5) (46,1262.5) (47,1262.5) (47,1288.5) (48,1288.5) (48,1314.5) (49,1314.5) (49,1340.5) (50,1340.5) (50,1366.5) (51,1366.5) (51,1392.5) (52,1392.5) (52,1418.5) (53,1418.5) (53,1444.5) (54,1444.5) (54,1452) (56.57673979312436,1452) (56.57673979312436,1451.845470785223) (57.57673979312436,1451.845470785223) (57.57673979312436,1451.690941570446) (58.57673979312436,1451.690941570446) (58.57673979312436,1451.536412355669) (59.57673979312436,1451.536412355669) (59.57673979312436,1451.381883140892) (60.57673979312436,1451.381883140892) (60.57673979312436,1451.227353926115) (61.57673979312436,1451.227353926115) (61.57673979312436,1451.072824711337) (62.57673979312436,1451.072824711337) (62.57673979312436,1450.91829549656) (63.57673979312436,1450.91829549656) (63.57673979312436,1450.763766281783) (64.5767397931244,1450.763766281783) (64.5767397931244,1450.609237067006) (65.5767397931244,1450.609237067006) (65.5767397931244,1450.454707852229) (66.5767397931244,1450.454707852229) (66.5767397931244,1450.300178637452) (67.5767397931244,1450.300178637452) (67.5767397931244,1450.145649422675) (76.07171142992608,1450.145649422675) (76.07171142992608,1450.300178637452) (78.63656429039149,1450.300178637452) (78.63656429039149,1450.454707852229) (79.63656429039152,1450.454707852229) (79.63656429039152,1450.609237067006) (80.6365642903915,1450.609237067006) (80.6365642903915,1450.763766281783) (81.6365642903915,1450.763766281783) (81.6365642903915,1450.91829549656) (82.6365642903915,1450.91829549656) (82.6365642903915,1451.072824711337) (83.6365642903915,1451.072824711337) (83.6365642903915,1451.227353926115) (84.6365642903915,1451.227353926115) (84.6365642903915,1451.381883140892) (85.6365642903915,1451.381883140892) (85.6365642903915,1451.536412355669) (86.6365642903915,1451.536412355669) (86.6365642903915,1451.690941570446) (87.6365642903915,1451.690941570446) (87.6365642903915,1451.845470785223) (88.6365642903915,1451.845470785223) (88.6365642903915,1452) (92.7511664584481,1452) (92.7511664584481,1426.009469747118) (93.7511664584481,1426.009469747118) (93.7511664584481,1400.018939494237) (94.7511664584481,1400.018939494237) (94.7511664584481,1374.028409241355) (95.7511664584481,1374.028409241355) (95.7511664584481,1348.037878988473) (96.7511664584481,1348.037878988473) (96.7511664584481,1322.047348735592) (97.7511664584481,1322.047348735592) (97.7511664584481,1296.05681848271) (98.7511664584481,1296.05681848271) (98.7511664584481,1270.066288229829) (99.7511664584481,1270.066288229829) (99.7511664584481,1244.075757976947) (100.7511664584481,1244.075757976947) (100.7511664584481,1218.085227724065) (101.7511664584481,1218.085227724065) (101.7511664584481,1192.094697471184) (102.7511664584481,1192.094697471184) (102.7511664584481,1166.104167218302) (103.7511664584481,1166.104167218302) (103.7511664584481,1140.11363696542) (104.7511664584481,1140.11363696542) (104.7511664584481,1114.123106712539) (105.7511664584481,1114.123106712539) (105.7511664584481,1088.132576459657) (106.7511664584481,1088.132576459657) (106.7511664584481,1062.142046206776) (107.7511664584481,1062.142046206776) (107.7511664584481,1036.151515953894) (108.7511664584481,1036.151515953894) (108.7511664584481,1010.160985701012) (109.7511664584481,1010.160985701012) (109.7511664584481,984.1704554481307) (110.7511664584481,984.1704554481307) (110.7511664584481,958.1799251952491) (111.7511664584481,958.1799251952491) (111.7511664584481,932.1893949423675) (112.7511664584481,932.1893949423675) (112.7511664584481,906.1988646894858) (113.7511664584481,906.1988646894858) (113.7511664584481,880.2083344366042) (114.7511664584481,880.2083344366042) (114.7511664584481,854.2178041837226) (115.7511664584481,854.2178041837226) (115.7511664584481,828.227273930841) (116.7511664584481,828.227273930841) (116.7511664584481,802.2367436779593) (117.7511664584481,802.2367436779593) (117.7511664584481,776.2462134250777) (118.7511664584481,776.2462134250777) (118.7511664584481,750.2556831721961) (119.7511664584481,750.2556831721961) (119.7511664584481,724.2651529193145) (120.7511664584481,724.2651529193145) (120.7511664584481,698.2746226664328) (121.7511664584481,698.2746226664328) (121.7511664584481,672.2840924135512) (122.7511664584481,672.2840924135512) (122.7511664584481,646.2935621606696) (123.7511664584481,646.2935621606696) (123.7511664584481,620.303031907788) (124.7511664584481,620.303031907788) (124.7511664584481,594.3125016549063) (125.7511664584481,594.3125016549063) (125.7511664584481,568.3219714020247) (126.7511664584481,568.3219714020247) (126.7511664584481,542.3314411491431) (127.7511664584481,542.3314411491431) (127.7511664584481,516.3409108962614) (128.7511664584481,516.3409108962614) (128.7511664584481,490.3503806433799) (129.7511664584481,490.3503806433799) (129.7511664584481,464.3598503904983) (130.7511664584481,464.3598503904983) (130.7511664584481,438.3693201376167) (131.7511664584481,438.3693201376167) (131.7511664584481,412.3787898847352) (132.7511664584481,412.3787898847352) (132.7511664584481,386.3882596318536) (133.7511664584481,386.3882596318536) (133.7511664584481,360.397729378972) (134.7511664584481,360.397729378972) (134.7511664584481,334.4071991260905) (135.7511664584481,334.4071991260905) (135.7511664584481,308.4166688732089) (136.7511664584481,308.4166688732089) (136.7511664584481,282.4261386203273) (137.7511664584481,282.4261386203273) (137.7511664584481,256.4356083674458) (138.7511664584481,256.4356083674458) (138.7511664584481,230.4450781145642) (139.7511664584481,230.4450781145642) (139.7511664584481,204.4545478616826) (140.7511664584481,204.4545478616826) (140.7511664584481,178.464017608801) (141.7511664584481,178.464017608801) (141.7511664584481,152.4734873559195) (142.7511664584481,152.4734873559195) (142.7511664584481,126.4829571030379) (700.000002,126.4829571030379)
robPositionY[0]:
[0]: (0,0) (0,163.5) (56.57673979312436,163.5) (56.57673979312436,189.4995407790557) (57.57673979312436,189.4995407790557) (57.57673979312436,215.4990815581114) (58.57673979312436,215.4990815581114) (58.57673979312436,241.4986223371671) (59.57673979312436,241.4986223371671) (59.57673979312436,267.4981631162228) (60.57673979312436,267.4981631162228) (60.57673979312436,293.4977038952785) (61.57673979312436,293.4977038952785) (61.57673979312436,319.4972446743342) (62.57673979312436,319.4972446743342) (62.57673979312436,345.4967854533899) (63.57673979312436,345.4967854533899) (63.57673979312436,371.4963262324455) (64.5767397931244,371.4963262324455) (64.5767397931244,397.4958670115012) (65.5767397931244,397.4958670115012) (65.5767397931244,423.4954077905569) (66.5767397931244,423.4954077905569) (66.5767397931244,449.4949485696126) (67.5767397931244,449.4949485696126) (67.5767397931244,475.4944893486683) (76.07171142992608,475.4944893486683) (76.07171142992608,449.4949485696126) (78.63656429039149,449.4949485696126) (78.63656429039149,423.4954077905569) (79.63656429039152,423.4954077905569) (79.63656429039152,397.4958670115012) (80.6365642903915,397.4958670115012) (80.6365642903915,371.4963262324455) (81.6365642903915,371.4963262324455) (81.6365642903915,345.4967854533899) (82.6365642903915,345.4967854533899) (82.6365642903915,319.4972446743342) (83.6365642903915,319.4972446743342) (83.6365642903915,293.4977038952785) (84.6365642903915,293.4977038952785) (84.6365642903915,267.4981631162228) (85.6365642903915,267.4981631162228) (85.6365642903915,241.4986223371671) (86.6365642903915,241.4986223371671) (86.6365642903915,215.4990815581114) (87.6365642903915,215.4990815581114) (87.6365642903915,189.4995407790557) (88.6365642903915,189.4995407790557) (88.6365642903915,163.5) (92.7511664584481,163.5) (92.7511664584481,164.2016674241034) (93.7511664584481,164.2016674241034) (93.7511664584481,164.9033348482068) (94.7511664584481,164.9033348482068) (94.7511664584481,165.6050022723103) (95.7511664584481,165.6050022723103) (95.7511664584481,166.3066696964137) (96.7511664584481,166.3066696964137) (96.7511664584481,167.0083371205171) (97.7511664584481,167.0083371205171) (97.7511664584481,167.7100045446205) (98.7511664584481,167.7100045446205) (98.7511664584481,168.4116719687239) (99.7511664584481,168.4116719687239) (99.7511664584481,169.1133393928274) (100.7511664584481,169.1133393928274) (100.7511664584481,169.8150068169308) (101.7511664584481,169.8150068169308) (101.7511664584481,170.5166742410342) (102.7511664584481,170.5166742410342) (102.7511664584481,171.2183416651376) (103.7511664584481,171.2183416651376) (103.7511664584481,171.920009089241) (104.7511664584481,171.920009089241) (104.7511664584481,172.6216765133445) (105.7511664584481,172.6216765133445) (105.7511664584481,173.3233439374479) (106.7511664584481,173.3233439374479) (106.7511664584481,174.0250113615513) (107.7511664584481,174.0250113615513) (107.7511664584481,174.7266787856547) (108.7511664584481,174.7266787856547) (108.7511664584481,175.4283462097581) (109.7511664584481,175.4283462097581) (109.7511664584481,176.1300136338616) (110.7511664584481,176.1300136338616) (110.7511664584481,176.831681057965) (111.7511664584481,176.831681057965) (111.7511664584481,177.5333484820684) (112.7511664584481,177.5333484820684) (112.7511664584481,178.2350159061718) (113.7511664584481,178.2350159061718) (113.7511664584481,178.9366833302752) (114.7511664584481,178.9366833302752) (114.7511664584481,179.6383507543786) (115.7511664584481,179.6383507543786) (115.7511664584481,180.3400181784821) (116.7511664584481,180.3400181784821) (116.7511664584481,181.0416856025855) (117.7511664584481,181.0416856025855) (117.7511664584481,181.7433530266889) (118.7511664584481,181.7433530266889) (118.7511664584481,182.4450204507923) (119.7511664584481,182.4450204507923) (119.7511664584481,183.1466878748957) (120.7511664584481,183.1466878748957) (120.7511664584481,183.8483552989992) (121.7511664584481,183.8483552989992) (121.7511664584481,184.5500227231026) (122.7511664584481,184.5500227231026) (122.7511664584481,185.251690147206) (123.7511664584481,185.251690147206) (123.7511664584481,185.9533575713094) (124.7511664584481,185.9533575713094) (124.7511664584481,186.6550249954128) (125.7511664584481,186.6550249954128) (125.7511664584481,187.3566924195163) (126.7511664584481,187.3566924195163) (126.7511664584481,188.0583598436197) (127.7511664584481,188.0583598436197) (127.7511664584481,188.7600272677231) (128.7511664584481,188.7600272677231) (128.7511664584481,189.4616946918265) (129.7511664584481,189.4616946918265) (129.7511664584481,190.1633621159299) (130.7511664584481,190.1633621159299) (130.7511664584481,190.8650295400334) (131.7511664584481,190.8650295400334) (131.7511664584481,191.5666969641368) (132.7511664584481,191.5666969641368) (132.7511664584481,192.2683643882402) (133.7511664584481,192.2683643882402) (133.7511664584481,192.9700318123436) (134.7511664584481,192.9700318123436) (134.7511664584481,193.671699236447) (135.7511664584481,193.671699236447) (135.7511664584481,194.3733666605505) (136.7511664584481,194.3733666605505) (136.7511664584481,195.0750340846539) (137.7511664584481,195.0750340846539) (137.7511664584481,195.7767015087573) (138.7511664584481,195.7767015087573) (138.7511664584481,196.4783689328607) (139.7511664584481,196.4783689328607) (139.7511664584481,197.1800363569641) (140.7511664584481,197.1800363569641) (140.7511664584481,197.8817037810676) (141.7511664584481,197.8817037810676) (141.7511664584481,198.583371205171) (142.7511664584481,198.583371205171) (142.7511664584481,199.2850386292744) (700.000002,199.2850386292744)
batteryCharge[0]:
[0]: (0,100) (700.000002,100)
Coffee_Delivery.end:
[0]: (0,0) (149.7511664584481,0) (149.7511664584481,1) (700.000002,1)
[2K
Verifying formula 4 at /nta/queries/query[4]/formula
 -- Formula: simulate[<=700]{robot_inventory[0][0], Coffee_Delivery.end*2}
[2K -- Formula is satisfied.
robot_inventory[0][0]:
[0]: (0,0) (76.68203365138613,0) (76.68203365138613,1) (150.3614886799081,1) (150.3614886799081,0) (700.000002,0)
Coffee_Delivery.end * 2:
[0]: (0,0) (152.3614886799082,0) (152.3614886799082,2) (700.000002,2)
[2K
Verifying formula 5 at /nta/queries/query[5]/formula
 -- Formula: simulate[<=700]{coffee_room[0], coffee_room[1], office001[0], office001[1]}
[2K -- Formula is satisfied.
coffee_room[0]:
[0]: (0,1450) (700.000002,1450)
coffee_room[1]:
[0]: (0,500) (700.000002,500)
office001[0]:
[0]: (0,100) (700.000002,100)
office001[1]:
[0]: (0,200) (700.000002,200)
[2K
Verifying formula 6 at /nta/queries/query[6]/formula
 -- Formula: simulate[<=700]{rm_1.idle, rf_1.idle, rp_1.idle, rd_1.idle}
[2K -- Formula is satisfied.
rm_1.idle:
[0]: (0,0) (0,1) (0,0) (68.57673979312466,0) (68.57673979312466,1) (72.84580398243918,1) (72.84580398243918,0) (142.5252590109608,0) (142.5252590109608,1) (700.000002,1)
rf_1.idle:
[0]: (0,0) (0,1) (700.000002,1)
rp_1.idle:
[0]: (0,0) (0,1) (67.5767397931244,1) (67.5767397931244,0) (72.84580398243918,0) (72.84580398243918,1) (700.000002,1)
rd_1.idle:
[0]: (0,0) (0,1) (141.5252590109612,1) (141.5252590109612,0) (146.5252590109612,0) (146.5252590109612,1) (700.000002,1)
[2K
Verifying formula 7 at /nta/queries/query[7]/formula
 -- Formula: Pr[<=700](<>!rm_1.idle || !rf_1.idle || !rp_1.idle || !rd_1.idle)
[2K -- Formula is satisfied.
(72/72 runs) Pr(<> …) in [0.950056,1] (95% CI)
Values in [0,0] mean=0 steps=2.22045e-16: 72
[2K
Verifying formula 8 at /nta/queries/query[8]/formula
 -- Formula: Pr[<=700]([] (Coffee_Delivery.end imply (rm_1.idle && rf_1.idle && rp_1.idle && rd_1.idle)))
[2K -- Formula is satisfied.
(72/72 runs) Pr([] …) in [0.950056,1] (95% CI)
[2K
Verifying formula 9 at /nta/queries/query[9]/formula
 -- Formula: Pr[<=700] (<> pow(robPositionX[0] - coffee_room[0], 2) + pow(robPositionY[0] - coffee_room[1], 2) <= 900 )
[2K -- Formula is satisfied.
(72/72 runs) Pr(<> …) in [0.950056,1] (95% CI)
Values in [67.5767,67.5767] mean=67.5767 steps=2.22045e-16: 72
[2K
Verifying formula 10 at /nta/queries/query[10]/formula
 -- Formula: Pr[<=700] (<> pow(robPositionX[0] - office001[0], 2) + pow(robPositionY[0] - office001[1], 2) <= 900 )
[2K -- Formula is satisfied.
(72/72 runs) Pr(<> …) in [0.950056,1] (95% CI)
Values in [141.375,146.225] mean=143.6 steps=0.538829: 12 6 8 10 9 7 8 7 5
[2K
Verifying formula 11 at /nta/queries/query[11]/formula
 -- Formula: Pr[<=700] (<> !isValidPosition(humanPositionX[0], humanPositionY[0]))
[2K -- Formula is satisfied.
(72/72 runs) Pr(<> …) in [0.950056,1] (95% CI)
Values in [0,0] mean=0 steps=2.22045e-16: 72
[2K
Verifying formula 12 at /nta/queries/query[12]/formula
 -- Formula: Pr[<=700] (<> !isValidPosition(robPositionX[0], robPositionY[0]))
[2K -- Formula is satisfied.
(72/72 runs) Pr(<> …) in [0.950056,1] (95% CI)
Values in [0,0] mean=0 steps=2.22045e-16: 72
[2K
Verifying formula 13 at /nta/queries/query[13]/formula
 -- Formula: Pr[<=700] (<> currP > 2)
[2K -- Formula is satisfied.
(0/72 runs) Pr(<> …) in [0,0.0499441] (95% CI)
