Options for the verification:
  Generating no trace
  Search order is breadth first
  Using conservative space optimisation
  Seed is 1782636473
  State space representation uses minimal constraint systems with future testing
  Using HashMap + Compress integers for discrete state storage
[2K
Verifying formula 1 at /nta/queries/query[1]/formula
 -- Formula: simulate[<=700]{Coffee_Delivery_robot1_def.s1_start, Coffee_Delivery_robot1_def.s1_end, Coffee_Delivery_robot1_def.s2_start, Coffee_Delivery_robot1_def.s2_end, Coffee_Delivery_robot1_def.s3_start, Coffee_Delivery_robot1_def.s3_end, Coffee_Delivery_robot1_def.s4_start, Coffee_Delivery_robot1_def.s4_end, Coffee_Delivery.end}
[2K -- Formula is satisfied.
Coffee_Delivery_robot1_def.s1_start:
[0]: (0,0) (0,1) (0,0) (700.000002,0)
Coffee_Delivery_robot1_def.s1_end:
[0]: (0,0) (67.5767397931244,0) (67.5767397931244,1) (67.5767397931244,0) (700.000002,0)
Coffee_Delivery_robot1_def.s2_start:
[0]: (0,0) (67.5767397931244,0) (67.5767397931244,1) (67.5767397931244,0) (700.000002,0)
Coffee_Delivery_robot1_def.s2_end:
[0]: (0,0) (74.95515694156558,0) (74.95515694156558,1) (74.95515694156558,0) (700.000002,0)
Coffee_Delivery_robot1_def.s3_start:
[0]: (0,0) (74.95515694156558,0) (74.95515694156558,1) (74.95515694156558,0) (700.000002,0)
Coffee_Delivery_robot1_def.s3_end:
[0]: (0,0) (143.6346119700877,0) (143.6346119700877,1) (143.6346119700877,0) (700.000002,0)
Coffee_Delivery_robot1_def.s4_start:
[0]: (0,0) (143.6346119700877,0) (143.6346119700877,1) (143.6346119700877,0) (700.000002,0)
Coffee_Delivery_robot1_def.s4_end:
[0]: (0,0) (148.6346119700876,0) (148.6346119700876,1) (148.6346119700876,0) (700.000002,0)
Coffee_Delivery.end:
[0]: (0,0) (148.6346119700876,0) (148.6346119700876,1) (700.000002,1)
[2K
Verifying formula 2 at /nta/queries/query[2]/formula
 -- Formula: Pr[<=700] (<> Coffee_Delivery.end)
[2K -- Formula is satisfied.
(72/72 runs) Pr(<> …) in [0.950056,1] (95% CI)
Values in [146.268,151.24] mean=148.605 steps=0.552396: 10 7 10 10 8 5 9 5 8
[2K
Verifying formula 3 at /nta/queries/query[3]/formula
 -- Formula: simulate[<=700]{humanPositionX[0], humanPositionY[0], robPositionX[0], robPositionY[0], batteryCharge[0], Coffee_Delivery.end}
[2K -- Formula is satisfied.
humanPositionX[0]:
[0]: (0,0) (0,92.5) (700,92.5)
humanPositionY[0]:
[0]: (0,0) (0,163.5) (700,163.5)
robPositionX[0]:
[0]: (0,0) (0,92.5) (2,92.5) (2,118.5) (3,118.5) (3,144.5) (4,144.5) (4,170.5) (5,170.5) (5,196.5) (6,196.5) (6,222.5) (7,222.5) (7,248.5) (8,248.5) (8,274.5) (9,274.5) (9,300.5) (10,300.5) (10,326.5) (11,326.5) (11,352.5) (12,352.5) (12,378.5) (13,378.5) (13,404.5) (14,404.5) (14,430.5) (15,430.5) (15,456.5) (16,456.5) (16,482.5) (17,482.5) (17,508.5) (18,508.5) (18,534.5) (19,534.5) (19,560.5) (20,560.5) (20,586.5) (21,586.5) (21,612.5) (22,612.5) (22,638.5) (23,638.5) (23,664.5) (24,664.5) (24,690.5) (25,690.5) (25,716.5) (26,716.5) (26,742.5) (27,742.5) (27,768.5) (28,768.5) (28,794.5) (29,794.5) (29,820.5) (30,820.5) (30,846.5) (31,846.5) (31,872.5) (32,872.5) (32,898.5) (33,898.5) (33,924.5) (34,924.5) (34,950.5) (35,950.5) (35,976.5) (36,976.5) (36,1002.5) (37,1002.5) (37,1028.5) (38,1028.5) (38,1054.5) (39,1054.5) (39,1080.5) (40,1080.5) (40,1106.5) (41,1106.5) (41,1132.5) (42,1132.5) (42,1158.5) (43,1158.5) (43,1184.5) (44,1184.5) (44,1210.5) (45,1210.5) (45,1236.5) (46,1236.5) (46,1262.5) (47,1262.5) (47,1288.5) (48,1288.5) (48,1314.5) (49,1314.5) (49,1340.5) (50,1340.5) (50,1366.5) (51,1366.5) (51,1392.5) (52,1392.5) (52,1418.5) (53,1418.5) (53,1444.5) (54,1444.5) (54,1452) (56.57673979312436,1452) (56.57673979312436,1451.845470785223) (57.57673979312436,1451.845470785223) (57.57673979312436,1451.690941570446) (58.57673979312436,1451.690941570446) (58.57673979312436,1451.536412355669) (59.57673979312436,1451.536412355669) (59.57673979312436,1451.381883140892) (60.57673979312436,1451.381883140892) (60.57673979312436,1451.227353926115) (61.57673979312436,1451.227353926115) (61.57673979312436,1451.072824711337) (62.57673979312436,1451.072824711337) (62.57673979312436,1450.91829549656) (63.57673979312436,1450.91829549656) (63.57673979312436,1450.763766281783) (64.5767397931244,1450.763766281783) (64.5767397931244,1450.609237067006) (65.5767397931244,1450.609237067006) (65.5767397931244,1450.454707852229) (66.5767397931244,1450.454707852229) (66.5767397931244,1450.300178637452) (67.5767397931244,1450.300178637452) (67.5767397931244,1450.145649422675) (78.4065908910339,1450.145649422675) (78.4065908910339,1450.300178637452) (80.97144375149932,1450.300178637452) (80.97144375149932,1450.454707852229) (81.97144375149935,1450.454707852229) (81.97144375149935,1450.609237067006) (82.97144375149935,1450.609237067006) (82.97144375149935,1450.763766281783) (83.97144375149936,1450.763766281783) (83.97144375149936,1450.91829549656) (84.97144375149932,1450.91829549656) (84.97144375149932,1451.072824711337) (85.97144375149927,1451.072824711337) (85.97144375149927,1451.227353926115) (86.97144375149927,1451.227353926115) (86.97144375149927,1451.381883140892) (87.97144375149927,1451.381883140892) (87.97144375149927,1451.536412355669) (88.97144375149927,1451.536412355669) (88.97144375149927,1451.690941570446) (89.97144375149927,1451.690941570446) (89.97144375149927,1451.845470785223) (90.97144375149927,1451.845470785223) (90.97144375149927,1452) (95.08604591955593,1452) (95.08604591955593,1426.009469747118) (96.08604591955593,1426.009469747118) (96.08604591955593,1400.018939494237) (97.08604591955593,1400.018939494237) (97.08604591955593,1374.028409241355) (98.08604591955593,1374.028409241355) (98.08604591955593,1348.037878988473) (99.08604591955593,1348.037878988473) (99.08604591955593,1322.047348735592) (100.0860459195559,1322.047348735592) (100.0860459195559,1296.05681848271) (101.0860459195559,1296.05681848271) (101.0860459195559,1270.066288229829) (102.0860459195559,1270.066288229829) (102.0860459195559,1244.075757976947) (103.0860459195559,1244.075757976947) (103.0860459195559,1218.085227724065) (104.0860459195559,1218.085227724065) (104.0860459195559,1192.094697471184) (105.0860459195559,1192.094697471184) (105.0860459195559,1166.104167218302) (106.0860459195559,1166.104167218302) (106.0860459195559,1140.11363696542) (107.0860459195559,1140.11363696542) (107.0860459195559,1114.123106712539) (108.0860459195559,1114.123106712539) (108.0860459195559,1088.132576459657) (109.0860459195559,1088.132576459657) (109.0860459195559,1062.142046206776) (110.0860459195559,1062.142046206776) (110.0860459195559,1036.151515953894) (111.0860459195559,1036.151515953894) (111.0860459195559,1010.160985701012) (112.0860459195559,1010.160985701012) (112.0860459195559,984.1704554481307) (113.0860459195559,984.1704554481307) (113.0860459195559,958.1799251952491) (114.0860459195559,958.1799251952491) (114.0860459195559,932.1893949423675) (115.0860459195559,932.1893949423675) (115.0860459195559,906.1988646894858) (116.0860459195559,906.1988646894858) (116.0860459195559,880.2083344366042) (117.0860459195559,880.2083344366042) (117.0860459195559,854.2178041837226) (118.0860459195559,854.2178041837226) (118.0860459195559,828.227273930841) (119.0860459195559,828.227273930841) (119.0860459195559,802.2367436779593) (120.0860459195559,802.2367436779593) (120.0860459195559,776.2462134250777) (121.0860459195559,776.2462134250777) (121.0860459195559,750.2556831721961) (122.0860459195559,750.2556831721961) (122.0860459195559,724.2651529193145) (123.0860459195559,724.2651529193145) (123.0860459195559,698.2746226664328) (124.0860459195559,698.2746226664328) (124.0860459195559,672.2840924135512) (125.0860459195559,672.2840924135512) (125.0860459195559,646.2935621606696) (126.0860459195559,646.2935621606696) (126.0860459195559,620.303031907788) (127.0860459195559,620.303031907788) (127.0860459195559,594.3125016549063) (128.0860459195559,594.3125016549063) (128.0860459195559,568.3219714020247) (129.0860459195559,568.3219714020247) (129.0860459195559,542.3314411491431) (130.0860459195559,542.3314411491431) (130.0860459195559,516.3409108962614) (131.0860459195559,516.3409108962614) (131.0860459195559,490.3503806433799) (132.0860459195559,490.3503806433799) (132.0860459195559,464.3598503904983) (133.0860459195559,464.3598503904983) (133.0860459195559,438.3693201376167) (134.0860459195559,438.3693201376167) (134.0860459195559,412.3787898847352) (135.0860459195559,412.3787898847352) (135.0860459195559,386.3882596318536) (136.0860459195559,386.3882596318536) (136.0860459195559,360.397729378972) (137.0860459195559,360.397729378972) (137.0860459195559,334.4071991260905) (138.0860459195559,334.4071991260905) (138.0860459195559,308.4166688732089) (139.0860459195559,308.4166688732089) (139.0860459195559,282.4261386203273) (140.0860459195559,282.4261386203273) (140.0860459195559,256.4356083674458) (141.0860459195559,256.4356083674458) (141.0860459195559,230.4450781145642) (142.0860459195559,230.4450781145642) (142.0860459195559,204.4545478616826) (143.0860459195559,204.4545478616826) (143.0860459195559,178.464017608801) (144.0860459195559,178.464017608801) (144.0860459195559,152.4734873559195) (145.0860459195559,152.4734873559195) (145.0860459195559,126.4829571030379) (700,126.4829571030379)
robPositionY[0]:
[0]: (0,0) (0,163.5) (56.57673979312436,163.5) (56.57673979312436,189.4995407790557) (57.57673979312436,189.4995407790557) (57.57673979312436,215.4990815581114) (58.57673979312436,215.4990815581114) (58.57673979312436,241.4986223371671) (59.57673979312436,241.4986223371671) (59.57673979312436,267.4981631162228) (60.57673979312436,267.4981631162228) (60.57673979312436,293.4977038952785) (61.57673979312436,293.4977038952785) (61.57673979312436,319.4972446743342) (62.57673979312436,319.4972446743342) (62.57673979312436,345.4967854533899) (63.57673979312436,345.4967854533899) (63.57673979312436,371.4963262324455) (64.5767397931244,371.4963262324455) (64.5767397931244,397.4958670115012) (65.5767397931244,397.4958670115012) (65.5767397931244,423.4954077905569) (66.5767397931244,423.4954077905569) (66.5767397931244,449.4949485696126) (67.5767397931244,449.4949485696126) (67.5767397931244,475.4944893486683) (78.4065908910339,475.4944893486683) (78.4065908910339,449.4949485696126) (80.97144375149932,449.4949485696126) (80.97144375149932,423.4954077905569) (81.97144375149935,423.4954077905569) (81.97144375149935,397.4958670115012) (82.97144375149935,397.4958670115012) (82.97144375149935,371.4963262324455) (83.97144375149936,371.4963262324455) (83.97144375149936,345.4967854533899) (84.97144375149932,345.4967854533899) (84.97144375149932,319.4972446743342) (85.97144375149927,319.4972446743342) (85.97144375149927,293.4977038952785) (86.97144375149927,293.4977038952785) (86.97144375149927,267.4981631162228) (87.97144375149927,267.4981631162228) (87.97144375149927,241.4986223371671) (88.97144375149927,241.4986223371671) (88.97144375149927,215.4990815581114) (89.97144375149927,215.4990815581114) (89.97144375149927,189.4995407790557) (90.97144375149927,189.4995407790557) (90.97144375149927,163.5) (95.08604591955593,163.5) (95.08604591955593,164.2016674241034) (96.08604591955593,164.2016674241034) (96.08604591955593,164.9033348482068) (97.08604591955593,164.9033348482068) (97.08604591955593,165.6050022723103) (98.08604591955593,165.6050022723103) (98.08604591955593,166.3066696964137) (99.08604591955593,166.3066696964137) (99.08604591955593,167.0083371205171) (100.0860459195559,167.0083371205171) (100.0860459195559,167.7100045446205) (101.0860459195559,167.7100045446205) (101.0860459195559,168.4116719687239) (102.0860459195559,168.4116719687239) (102.0860459195559,169.1133393928274) (103.0860459195559,169.1133393928274) (103.0860459195559,169.8150068169308) (104.0860459195559,169.8150068169308) (104.0860459195559,170.5166742410342) (105.0860459195559,170.5166742410342) (105.0860459195559,171.2183416651376) (106.0860459195559,171.2183416651376) (106.0860459195559,171.920009089241) (107.0860459195559,171.920009089241) (107.0860459195559,172.6216765133445) (108.0860459195559,172.6216765133445) (108.0860459195559,173.3233439374479) (109.0860459195559,173.3233439374479) (109.0860459195559,174.0250113615513) (110.0860459195559,174.0250113615513) (110.0860459195559,174.7266787856547) (111.0860459195559,174.7266787856547) (111.0860459195559,175.4283462097581) (112.0860459195559,175.4283462097581) (112.0860459195559,176.1300136338616) (113.0860459195559,176.1300136338616) (113.0860459195559,176.831681057965) (114.0860459195559,176.831681057965) (114.0860459195559,177.5333484820684) (115.0860459195559,177.5333484820684) (115.0860459195559,178.2350159061718) (116.0860459195559,178.2350159061718) (116.0860459195559,178.9366833302752) (117.0860459195559,178.9366833302752) (117.0860459195559,179.6383507543786) (118.0860459195559,179.6383507543786) (118.0860459195559,180.3400181784821) (119.0860459195559,180.3400181784821) (119.0860459195559,181.0416856025855) (120.0860459195559,181.0416856025855) (120.0860459195559,181.7433530266889) (121.0860459195559,181.7433530266889) (121.0860459195559,182.4450204507923) (122.0860459195559,182.4450204507923) (122.0860459195559,183.1466878748957) (123.0860459195559,183.1466878748957) (123.0860459195559,183.8483552989992) (124.0860459195559,183.8483552989992) (124.0860459195559,184.5500227231026) (125.0860459195559,184.5500227231026) (125.0860459195559,185.251690147206) (126.0860459195559,185.251690147206) (126.0860459195559,185.9533575713094) (127.0860459195559,185.9533575713094) (127.0860459195559,186.6550249954128) (128.0860459195559,186.6550249954128) (128.0860459195559,187.3566924195163) (129.0860459195559,187.3566924195163) (129.0860459195559,188.0583598436197) (130.0860459195559,188.0583598436197) (130.0860459195559,188.7600272677231) (131.0860459195559,188.7600272677231) (131.0860459195559,189.4616946918265) (132.0860459195559,189.4616946918265) (132.0860459195559,190.1633621159299) (133.0860459195559,190.1633621159299) (133.0860459195559,190.8650295400334) (134.0860459195559,190.8650295400334) (134.0860459195559,191.5666969641368) (135.0860459195559,191.5666969641368) (135.0860459195559,192.2683643882402) (136.0860459195559,192.2683643882402) (136.0860459195559,192.9700318123436) (137.0860459195559,192.9700318123436) (137.0860459195559,193.671699236447) (138.0860459195559,193.671699236447) (138.0860459195559,194.3733666605505) (139.0860459195559,194.3733666605505) (139.0860459195559,195.0750340846539) (140.0860459195559,195.0750340846539) (140.0860459195559,195.7767015087573) (141.0860459195559,195.7767015087573) (141.0860459195559,196.4783689328607) (142.0860459195559,196.4783689328607) (142.0860459195559,197.1800363569641) (143.0860459195559,197.1800363569641) (143.0860459195559,197.8817037810676) (144.0860459195559,197.8817037810676) (144.0860459195559,198.583371205171) (145.0860459195559,198.583371205171) (145.0860459195559,199.2850386292744) (700,199.2850386292744)
batteryCharge[0]:
[0]: (0,100) (700,100)
Coffee_Delivery.end:
[0]: (0,0) (150.0860459195559,0) (150.0860459195559,1) (700,1)
[2K
Verifying formula 4 at /nta/queries/query[4]/formula
 -- Formula: simulate[<=700]{robot_inventory[0][0], Coffee_Delivery.end*2}
[2K -- Formula is satisfied.
robot_inventory[0][0]:
[0]: (0,0) (73.68937938545751,0) (73.68937938545751,1) (147.3688344139795,1) (147.3688344139795,0) (700.000002,0)
Coffee_Delivery.end * 2:
[0]: (0,0) (147.3688344139795,0) (147.3688344139795,2) (700.000002,2)
[2K
Verifying formula 5 at /nta/queries/query[5]/formula
 -- Formula: simulate[<=700]{coffee_room[0], coffee_room[1], office001[0], office001[1]}
[2K -- Formula is satisfied.
coffee_room[0]:
[0]: (0,1450) (700.000002,1450)
coffee_room[1]:
[0]: (0,500) (700.000002,500)
office001[0]:
[0]: (0,100) (700.000002,100)
office001[1]:
[0]: (0,200) (700.000002,200)
[2K
Verifying formula 6 at /nta/queries/query[6]/formula
 -- Formula: simulate[<=700]{rm_1.idle, rf_1.idle, rp_1.idle, rd_1.idle}
[2K -- Formula is satisfied.
rm_1.idle:
[0]: (0,0) (0,1) (0,0) (68.57673979312466,0) (68.57673979312466,1) (74.48425202152683,1) (74.48425202152683,0) (144.1637070500487,0) (144.1637070500487,1) (700.000002,1)
rf_1.idle:
[0]: (0,0) (0,1) (700.000002,1)
rp_1.idle:
[0]: (0,0) (0,1) (67.5767397931244,1) (67.5767397931244,0) (74.48425202152683,0) (74.48425202152683,1) (700.000002,1)
rd_1.idle:
[0]: (0,0) (0,1) (143.1637070500488,1) (143.1637070500488,0) (148.1637070500489,0) (148.1637070500489,1) (700.000002,1)
[2K
Verifying formula 7 at /nta/queries/query[7]/formula
 -- Formula: Pr[<=700](<>!rm_1.idle || !rf_1.idle || !rp_1.idle || !rd_1.idle)
[2K -- Formula is satisfied.
(72/72 runs) Pr(<> …) in [0.950056,1] (95% CI)
Values in [0,0] mean=0 steps=2.22045e-16: 72
[2K
Verifying formula 8 at /nta/queries/query[8]/formula
 -- Formula: Pr[<=700]([] (Coffee_Delivery.end imply (rm_1.idle && rf_1.idle && rp_1.idle && rd_1.idle)))
[2K -- Formula is satisfied.
(72/72 runs) Pr([] …) in [0.950056,1] (95% CI)
[2K
Verifying formula 9 at /nta/queries/query[9]/formula
 -- Formula: Pr[<=700] (<> pow(robPositionX[0] - coffee_room[0], 2) + pow(robPositionY[0] - coffee_room[1], 2) <= 900 )
[2K -- Formula is satisfied.
(72/72 runs) Pr(<> …) in [0.950056,1] (95% CI)
Values in [67.5767,67.5767] mean=67.5767 steps=2.22045e-16: 72
[2K
Verifying formula 10 at /nta/queries/query[10]/formula
 -- Formula: Pr[<=700] (<> pow(robPositionX[0] - office001[0], 2) + pow(robPositionY[0] - office001[1], 2) <= 900 )
[2K -- Formula is satisfied.
(72/72 runs) Pr(<> …) in [0.950056,1] (95% CI)
Values in [141.378,146.21] mean=143.661 steps=0.536899: 11 7 10 8 8 5 4 8 11
[2K
Verifying formula 11 at /nta/queries/query[11]/formula
 -- Formula: Pr[<=700] (<> !isValidPosition(humanPositionX[0], humanPositionY[0]))
[2K -- Formula is satisfied.
(72/72 runs) Pr(<> …) in [0.950056,1] (95% CI)
Values in [0,0] mean=0 steps=2.22045e-16: 72
[2K
Verifying formula 12 at /nta/queries/query[12]/formula
 -- Formula: Pr[<=700] (<> !isValidPosition(robPositionX[0], robPositionY[0]))
[2K -- Formula is satisfied.
(72/72 runs) Pr(<> …) in [0.950056,1] (95% CI)
Values in [0,0] mean=0 steps=2.22045e-16: 72
[2K
Verifying formula 13 at /nta/queries/query[13]/formula
 -- Formula: Pr[<=700] (<> currP > 2)
[2K -- Formula is satisfied.
(0/72 runs) Pr(<> …) in [0,0.0499441] (95% CI)
