Options for the verification:
  Generating no trace
  Search order is breadth first
  Using conservative space optimisation
  Seed is 1779213268
  State space representation uses minimal constraint systems with future testing
  Using HashMap + Compress integers for discrete state storage
[2K
Verifying formula 1 at /nta/queries/query[1]/formula
 -- Formula: simulate[<=700]{user_guided_transport_human1_def.s1_start, user_guided_transport_human1_def.s1_end, user_guided_transport_human1_def.s2_start, user_guided_transport_human1_def.s2_idle, user_guided_transport_human1_def.s3_start, user_guided_transport_human1_def.s3_end, user_guided_transport.end}
[2K -- Formula is satisfied.
user_guided_transport_human1_def.s1_start:
[0]: (0,0) (0,1) (0,0) (700,0)
user_guided_transport_human1_def.s1_end:
[0]: (0,0) (1,0) (1,1) (2,1) (2,0) (700,0)
user_guided_transport_human1_def.s2_start:
[0]: (0,0) (2,0) (2,1) (2,0) (700,0)
user_guided_transport_human1_def.s2_idle:
[0]: (0,0) (2,0) (2,1) (10.39992963281274,1) (10.39992963281274,0) (700,0)
user_guided_transport_human1_def.s3_start:
[0]: (0,0) (10.39992963281274,0) (10.39992963281274,1) (10.39992963281274,0) (15.39992963281271,0) (15.39992963281271,1) (15.39992963281271,0) (20.39992963281271,0) (20.39992963281271,1) (20.39992963281271,0) (25.39992963281268,0) (25.39992963281268,1) (25.39992963281268,0) (30.39992963281264,0) (30.39992963281264,1) (30.39992963281264,0) (35.3999296328127,0) (35.3999296328127,1) (35.3999296328127,0) (40.39992963281281,0) (40.39992963281281,1) (40.39992963281281,0) (45.39992963281291,0) (45.39992963281291,1) (45.39992963281291,0) (50.39992963281302,0) (50.39992963281302,1) (50.39992963281302,0) (55.39992963281313,0) (55.39992963281313,1) (55.39992963281313,0) (60.39992963281323,0) (60.39992963281323,1) (60.39992963281323,0) (65.39992963281335,0) (65.39992963281335,1) (65.39992963281335,0) (70.3999296328135,0) (70.3999296328135,1) (70.3999296328135,0) (75.39992963281365,0) (75.39992963281365,1) (75.39992963281365,0) (80.39992963281345,0) (80.39992963281345,1) (80.39992963281345,0) (85.39992963281317,0) (85.39992963281317,1) (85.39992963281317,0) (90.39992963281288,0) (90.39992963281288,1) (90.39992963281288,0) (95.39992963281259,0) (95.39992963281259,1) (95.39992963281259,0) (100.3999296328123,0) (100.3999296328123,1) (100.3999296328123,0) (105.399929632812,0) (105.399929632812,1) (105.399929632812,0) (110.3999296328117,0) (110.3999296328117,1) (110.3999296328117,0) (115.3999296328114,0) (115.3999296328114,1) (115.3999296328114,0) (120.3999296328112,0) (120.3999296328112,1) (120.3999296328112,0) (125.3999296328109,0) (125.3999296328109,1) (125.3999296328109,0) (130.3999296328109,0) (130.3999296328109,1) (130.3999296328109,0) (135.3999296328111,0) (135.3999296328111,1) (135.3999296328111,0) (140.3999296328114,0) (140.3999296328114,1) (140.3999296328114,0) (145.3999296328117,0) (145.3999296328117,1) (145.3999296328117,0) (150.399929632812,0) (150.399929632812,1) (150.399929632812,0) (155.3999296328123,0) (155.3999296328123,1) (155.3999296328123,0) (160.3999296328126,0) (160.3999296328126,1) (160.3999296328126,0) (165.3999296328128,0) (165.3999296328128,1) (165.3999296328128,0) (170.3999296328131,0) (170.3999296328131,1) (170.3999296328131,0) (175.3999296328134,0) (175.3999296328134,1) (175.3999296328134,0) (180.3999296328138,0) (180.3999296328138,1) (180.3999296328138,0) (185.3999296328142,0) (185.3999296328142,1) (185.3999296328142,0) (190.3999296328146,0) (190.3999296328146,1) (190.3999296328146,0) (195.399929632815,0) (195.399929632815,1) (195.399929632815,0) (700,0)
user_guided_transport_human1_def.s3_end:
[0]: (0,0) (195.399929632815,0) (195.399929632815,1) (231.6087963115533,1) (231.6087963115533,0) (700,0)
user_guided_transport.end:
[0]: (0,0) (231.6087963115533,0) (231.6087963115533,1) (700,1)
[2K
Verifying formula 2 at /nta/queries/query[2]/formula
 -- Formula: simulate[<=700]{user_guided_transport_robot1_def.s1_start, user_guided_transport_robot1_def.s1_end, user_guided_transport_robot1_def.s2_start, user_guided_transport_robot1_def.s2_end, user_guided_transport_robot1_def.s3_start, user_guided_transport_robot1_def.s3_end, user_guided_transport.end}
[2K -- Formula is satisfied.
user_guided_transport_robot1_def.s1_start:
[0]: (0,0) (0,1) (0,0) (700,0)
user_guided_transport_robot1_def.s1_end:
[0]: (0,0) (2,0) (2,1) (2,0) (700,0)
user_guided_transport_robot1_def.s2_start:
[0]: (0,0) (2,0) (2,1) (2,0) (700,0)
user_guided_transport_robot1_def.s2_end:
[0]: (0,0) (7.774898359586786,0) (7.774898359586786,1) (7.774898359586786,0) (700,0)
user_guided_transport_robot1_def.s3_start:
[0]: (0,0) (7.774898359586786,0) (7.774898359586786,1) (7.774898359586786,0) (700,0)
user_guided_transport_robot1_def.s3_end:
[0]: (0,0) (229.00256850081,0) (229.00256850081,1) (229.00256850081,0) (700,0)
user_guided_transport.end:
[0]: (0,0) (229.00256850081,0) (229.00256850081,1) (700,1)
[2K
Verifying formula 3 at /nta/queries/query[3]/formula
 -- Formula: Pr[<=700] (<> user_guided_transport.end)
[2K -- Formula is satisfied.
(72/72 runs) Pr(<> …) in [0.950056,1] (95% CI)
Values in [228.212,233.191] mean=230.687 steps=0.553169: 8 8 9 4 12 9 7 5 10
[2K
Verifying formula 4 at /nta/queries/query[4]/formula
 -- Formula: simulate[<=700]{humanPositionX[0], humanPositionY[0], robPositionX[0], robPositionY[0], batteryCharge[0], user_guided_transport.end}
[2K -- Formula is satisfied.
humanPositionX[0]:
[0]: (0,0) (0,92.5) (1,92.5) (1,97.73313175708738) (11.94981168337712,97.73313175708738) (11.94981168337712,123.7285354798977) (12.94981168337712,123.7285354798977) (12.94981168337712,149.723939202708) (13.94981168337712,149.723939202708) (13.94981168337712,175.7193429255182) (14.94981168337712,175.7193429255182) (14.94981168337712,201.7147466483285) (15.94981168337712,201.7147466483285) (15.94981168337712,227.7101503711388) (16.94981168337712,227.7101503711388) (16.94981168337712,253.7055540939491) (17.94981168337712,253.7055540939491) (17.94981168337712,279.7009578167594) (18.94981168337711,279.7009578167594) (18.94981168337711,305.6963615395697) (19.94981168337711,305.6963615395697) (19.94981168337711,331.69176526238) (20.94981168337711,331.69176526238) (20.94981168337711,357.6871689851903) (21.94981168337712,357.6871689851903) (21.94981168337712,383.6825727080006) (22.94981168337712,383.6825727080006) (22.94981168337712,409.6779764308109) (23.94981168337712,409.6779764308109) (23.94981168337712,435.6733801536212) (24.94981168337713,435.6733801536212) (24.94981168337713,461.6687838764315) (25.94981168337713,461.6687838764315) (25.94981168337713,487.6641875992418) (26.94981168337713,487.6641875992418) (26.94981168337713,513.6595913220521) (27.94981168337714,513.6595913220521) (27.94981168337714,539.6549950448623) (28.94981168337714,539.6549950448623) (28.94981168337714,565.6503987676725) (29.94981168337715,565.6503987676725) (29.94981168337715,591.6458024904828) (30.94981168337715,591.6458024904828) (30.94981168337715,617.641206213293) (31.94981168337715,617.641206213293) (31.94981168337715,643.6366099361032) (32.94981168337712,643.6366099361032) (32.94981168337712,669.6320136589135) (33.94981168337709,669.6320136589135) (33.94981168337709,695.6274173817237) (34.94981168337706,695.6274173817237) (34.94981168337706,721.622821104534) (35.94981168337704,721.622821104534) (35.94981168337704,747.6182248273442) (36.94981168337701,747.6182248273442) (36.94981168337701,773.6136285501544) (37.94981168337698,773.6136285501544) (37.94981168337698,799.6090322729647) (38.94981168337695,799.6090322729647) (38.94981168337695,825.6044359957749) (39.94981168337692,825.6044359957749) (39.94981168337692,851.5998397185851) (40.94981168337689,851.5998397185851) (40.94981168337689,877.5952434413954) (41.94981168337686,877.5952434413954) (41.94981168337686,903.5906471642056) (42.94981168337684,903.5906471642056) (42.94981168337684,929.5860508870159) (43.94981168337681,929.5860508870159) (43.94981168337681,955.5814546098261) (44.94981168337678,955.5814546098261) (44.94981168337678,981.5768583326363) (45.94981168337675,981.5768583326363) (45.94981168337675,1007.572262055447) (46.94981168337672,1007.572262055447) (46.94981168337672,1033.567665778257) (47.94981168337675,1033.567665778257) (47.94981168337675,1059.563069501067) (48.94981168337678,1059.563069501067) (48.94981168337678,1085.558473223878) (49.94981168337681,1085.558473223878) (49.94981168337681,1111.553876946688) (50.94981168337684,1111.553876946688) (50.94981168337684,1137.549280669498) (51.94981168337686,1137.549280669498) (51.94981168337686,1163.544684392309) (52.94981168337689,1163.544684392309) (52.94981168337689,1189.540088115119) (53.94981168337692,1189.540088115119) (53.94981168337692,1215.535491837929) (54.94981168337695,1215.535491837929) (54.94981168337695,1241.53089556074) (55.94981168337698,1241.53089556074) (55.94981168337698,1267.52629928355) (56.94981168337701,1267.52629928355) (56.94981168337701,1293.52170300636) (57.94981168337704,1293.52170300636) (57.94981168337704,1319.517106729171) (58.94981168337706,1319.517106729171) (58.94981168337706,1345.512510451981) (59.94981168337709,1345.512510451981) (59.94981168337709,1371.507914174791) (60.94981168337712,1371.507914174791) (60.94981168337712,1397.503317897602) (61.94981168337715,1397.503317897602) (61.94981168337715,1423.498721620412) (62.94981168337718,1423.498721620412) (62.94981168337718,1478) (63.94981168337721,1478) (63.94981168337721,1504) (64.94981168337722,1504) (64.94981168337722,1530) (65.94981168337723,1530) (65.94981168337723,1556) (66.94981168337728,1556) (66.94981168337728,1582) (67.94981168337729,1582) (67.94981168337729,1608) (68.94981168337732,1608) (68.94981168337732,1634) (69.94981168337735,1634) (69.94981168337735,1660) (70.94981168337736,1660) (70.94981168337736,1686) (71.94981168337738,1686) (71.94981168337738,1712) (72.94981168337739,1712) (72.94981168337739,1738) (73.94981168337742,1738) (73.94981168337742,1764) (74.94981168337745,1764) (74.94981168337745,1790) (75.94981168337746,1790) (75.94981168337746,1816) (76.94981168337742,1816) (76.94981168337742,1842) (77.94981168337736,1842) (77.94981168337736,1868) (78.94981168337731,1868) (78.94981168337731,1894) (79.94981168337725,1894) (79.94981168337725,1920) (80.94981168337719,1920) (80.94981168337719,1946) (81.94981168337713,1946) (81.94981168337713,1972) (82.94981168337708,1972) (82.94981168337708,1998) (83.94981168337702,1998) (83.94981168337702,2024) (84.94981168337696,2024) (84.94981168337696,2050) (85.94981168337689,2050) (85.94981168337689,2076) (86.94981168337684,2076) (86.94981168337684,2102) (87.94981168337678,2102) (87.94981168337678,2128) (88.94981168337672,2128) (88.94981168337672,2154) (89.94981168337667,2154) (89.94981168337667,2180) (90.94981168337661,2180) (90.94981168337661,2206) (91.94981168337655,2206) (91.94981168337655,2232) (92.94981168337648,2232) (92.94981168337648,2258) (93.94981168337642,2258) (93.94981168337642,2284) (94.94981168337635,2284) (94.94981168337635,2310) (95.9498116833763,2310) (95.9498116833763,2336) (96.94981168337624,2336) (96.94981168337624,2362) (97.94981168337617,2362) (97.94981168337617,2388) (98.94981168337611,2388) (98.94981168337611,2414) (99.94981168337605,2414) (99.94981168337605,2440) (100.949811683376,2440) (100.949811683376,2466) (101.9498116833759,2466) (101.9498116833759,2492) (102.9498116833759,2492) (102.9498116833759,2518) (103.9498116833758,2518) (103.9498116833758,2544) (104.9498116833758,2544) (104.9498116833758,2570) (105.9498116833757,2570) (105.9498116833757,2596) (106.9498116833757,2596) (106.9498116833757,2622) (107.9498116833756,2622) (107.9498116833756,2648) (108.9498116833755,2648) (108.9498116833755,2674) (109.9498116833755,2674) (109.9498116833755,2700) (110.9498116833754,2700) (110.9498116833754,2726) (111.9498116833754,2726) (111.9498116833754,2752) (112.9498116833753,2752) (112.9498116833753,2778) (113.9498116833753,2778) (113.9498116833753,2804) (114.9498116833752,2804) (114.9498116833752,2830) (115.9498116833751,2830) (115.9498116833751,2856) (116.9498116833751,2856) (116.9498116833751,2882) (117.949811683375,2882) (117.949811683375,2908) (118.949811683375,2908) (118.949811683375,2934) (119.9498116833749,2934) (119.9498116833749,2960) (120.9498116833749,2960) (120.9498116833749,2986) (121.9498116833748,2986) (121.9498116833748,3012) (122.9498116833747,3012) (122.9498116833747,3038) (123.9498116833747,3038) (123.9498116833747,3088.5) (124.9498116833746,3088.5) (124.9498116833746,3114.5) (125.9498116833746,3114.5) (125.9498116833746,3140.5) (126.9498116833745,3140.5) (126.9498116833745,3166.5) (127.9498116833745,3166.5) (127.9498116833745,3192.5) (128.9498116833745,3192.5) (128.9498116833745,3218.5) (129.9498116833746,3218.5) (129.9498116833746,3244.5) (130.9498116833747,3244.5) (130.9498116833747,3270.5) (131.9498116833748,3270.5) (131.9498116833748,3296.5) (132.9498116833749,3296.5) (132.9498116833749,3322.5) (133.949811683375,3322.5) (133.949811683375,3348.5) (134.9498116833751,3348.5) (134.9498116833751,3374.5) (135.9498116833751,3374.5) (135.9498116833751,3400.5) (136.9498116833752,3400.5) (136.9498116833752,3426.5) (137.9498116833753,3426.5) (137.9498116833753,3452.5) (138.9498116833754,3452.5) (138.9498116833754,3478.5) (139.9498116833755,3478.5) (139.9498116833755,3504.5) (140.9498116833756,3504.5) (140.9498116833756,3530.5) (141.9498116833757,3530.5) (141.9498116833757,3556.5) (142.9498116833757,3556.5) (142.9498116833757,3582.5) (143.9498116833758,3582.5) (143.9498116833758,3608.5) (144.9498116833759,3608.5) (144.9498116833759,3634.5) (145.949811683376,3634.5) (145.949811683376,3660.5) (146.9498116833761,3660.5) (146.9498116833761,3686.5) (147.9498116833762,3686.5) (147.9498116833762,3712.5) (148.9498116833763,3712.5) (148.9498116833763,3738.5) (149.9498116833763,3738.5) (149.9498116833763,3764.5) (150.9498116833764,3764.5) (150.9498116833764,3790.5) (151.9498116833765,3790.5) (151.9498116833765,3816.5) (152.9498116833766,3816.5) (152.9498116833766,3842.5) (153.9498116833767,3842.5) (153.9498116833767,3868.5) (154.9498116833768,3868.5) (154.9498116833768,3894.5) (155.9498116833769,3894.5) (155.9498116833769,3920.5) (156.9498116833769,3920.5) (156.9498116833769,3946.5) (157.949811683377,3946.5) (157.949811683377,3972.5) (158.9498116833771,3972.5) (158.9498116833771,3998.5) (159.9498116833772,3998.5) (159.9498116833772,4024.5) (160.9498116833773,4024.5) (160.9498116833773,4050.5) (161.9498116833774,4050.5) (161.9498116833774,4076.5) (162.9498116833774,4076.5) (162.9498116833774,4102.5) (163.9498116833775,4102.5) (163.9498116833775,4128.5) (164.9498116833776,4128.5) (164.9498116833776,4154.5) (165.9498116833777,4154.5) (165.9498116833777,4180.5) (166.9498116833778,4180.5) (166.9498116833778,4206.5) (167.9498116833779,4206.5) (167.9498116833779,4232.5) (168.949811683378,4232.5) (168.949811683378,4258.5) (169.949811683378,4258.5) (169.949811683378,4284.5) (170.9498116833781,4284.5) (170.9498116833781,4310.5) (171.9498116833782,4310.5) (171.9498116833782,4336.5) (172.9498116833782,4336.5) (172.9498116833782,4362.5) (173.9498116833783,4362.5) (173.9498116833783,4388.5) (174.9498116833783,4388.5) (174.9498116833783,4416.265463717128) (175.9498116833784,4416.265463717128) (175.9498116833784,4415.530927434256) (176.9498116833785,4415.530927434256) (176.9498116833785,4414.796391151384) (177.9498116833786,4414.796391151384) (177.9498116833786,4414.061854868512) (178.9498116833786,4414.061854868512) (178.9498116833786,4413.327318585641) (179.9498116833787,4413.327318585641) (179.9498116833787,4412.592782302769) (180.9498116833788,4412.592782302769) (180.9498116833788,4411.858246019897) (181.9498116833789,4411.858246019897) (181.9498116833789,4411.123709737025) (182.949811683379,4411.123709737025) (182.949811683379,4410.389173454153) (183.949811683379,4410.389173454153) (183.949811683379,4409.654637171281) (184.9498116833791,4409.654637171281) (184.9498116833791,4408.920100888409) (185.9498116833792,4408.920100888409) (185.9498116833792,4408.185564605537) (186.9498116833792,4408.185564605537) (186.9498116833792,4407.451028322665) (187.9498116833793,4407.451028322665) (187.9498116833793,4406.716492039794) (188.9498116833794,4406.716492039794) (188.9498116833794,4405.981955756922) (189.9498116833795,4405.981955756922) (189.9498116833795,4405.24741947405) (190.9498116833796,4405.24741947405) (190.9498116833796,4404.512883191178) (191.9498116833796,4404.512883191178) (191.9498116833796,4403.778346908306) (192.9498116833797,4403.778346908306) (192.9498116833797,4403.043810625434) (193.9498116833798,4403.043810625434) (193.9498116833798,4402.309274342562) (194.9498116833799,4402.309274342562) (194.9498116833799,4401.57473805969) (195.9498116833799,4401.57473805969) (195.9498116833799,4400.840201776819) (700,4400.840201776819)
humanPositionY[0]:
[0]: (0,0) (0,163.5) (1,163.5) (1,188.9679078844919) (11.94981168337712,188.9679078844919) (11.94981168337712,188.479046668909) (12.94981168337712,188.479046668909) (12.94981168337712,187.9901854533261) (13.94981168337712,187.9901854533261) (13.94981168337712,187.5013242377432) (14.94981168337712,187.5013242377432) (14.94981168337712,187.0124630221603) (15.94981168337712,187.0124630221603) (15.94981168337712,186.5236018065774) (16.94981168337712,186.5236018065774) (16.94981168337712,186.0347405909945) (17.94981168337712,186.0347405909945) (17.94981168337712,185.5458793754117) (18.94981168337711,185.5458793754117) (18.94981168337711,185.0570181598288) (19.94981168337711,185.0570181598288) (19.94981168337711,184.5681569442459) (20.94981168337711,184.5681569442459) (20.94981168337711,184.079295728663) (21.94981168337712,184.079295728663) (21.94981168337712,183.5904345130801) (22.94981168337712,183.5904345130801) (22.94981168337712,183.1015732974972) (23.94981168337712,183.1015732974972) (23.94981168337712,182.6127120819143) (24.94981168337713,182.6127120819143) (24.94981168337713,182.1238508663315) (25.94981168337713,182.1238508663315) (25.94981168337713,181.6349896507486) (26.94981168337713,181.6349896507486) (26.94981168337713,181.1461284351657) (27.94981168337714,181.1461284351657) (27.94981168337714,180.6572672195828) (28.94981168337714,180.6572672195828) (28.94981168337714,180.1684060039999) (29.94981168337715,180.1684060039999) (29.94981168337715,179.679544788417) (30.94981168337715,179.679544788417) (30.94981168337715,179.1906835728341) (31.94981168337715,179.1906835728341) (31.94981168337715,178.7018223572512) (32.94981168337712,178.7018223572512) (32.94981168337712,178.2129611416684) (33.94981168337709,178.2129611416684) (33.94981168337709,177.7240999260855) (34.94981168337706,177.7240999260855) (34.94981168337706,177.2352387105026) (35.94981168337704,177.2352387105026) (35.94981168337704,176.7463774949197) (36.94981168337701,176.7463774949197) (36.94981168337701,176.2575162793368) (37.94981168337698,176.2575162793368) (37.94981168337698,175.7686550637539) (38.94981168337695,175.7686550637539) (38.94981168337695,175.279793848171) (39.94981168337692,175.279793848171) (39.94981168337692,174.7909326325882) (40.94981168337689,174.7909326325882) (40.94981168337689,174.3020714170053) (41.94981168337686,174.3020714170053) (41.94981168337686,173.8132102014224) (42.94981168337684,173.8132102014224) (42.94981168337684,173.3243489858395) (43.94981168337681,173.3243489858395) (43.94981168337681,172.8354877702566) (44.94981168337678,172.8354877702566) (44.94981168337678,172.3466265546737) (45.94981168337675,172.3466265546737) (45.94981168337675,171.8577653390908) (46.94981168337672,171.8577653390908) (46.94981168337672,171.3689041235079) (47.94981168337675,171.3689041235079) (47.94981168337675,170.8800429079251) (48.94981168337678,170.8800429079251) (48.94981168337678,170.3911816923422) (49.94981168337681,170.3911816923422) (49.94981168337681,169.9023204767593) (50.94981168337684,169.9023204767593) (50.94981168337684,169.4134592611764) (51.94981168337686,169.4134592611764) (51.94981168337686,168.9245980455935) (52.94981168337689,168.9245980455935) (52.94981168337689,168.4357368300106) (53.94981168337692,168.4357368300106) (53.94981168337692,167.9468756144277) (54.94981168337695,167.9468756144277) (54.94981168337695,167.4580143988449) (55.94981168337698,167.4580143988449) (55.94981168337698,166.969153183262) (56.94981168337701,166.969153183262) (56.94981168337701,166.4802919676791) (57.94981168337704,166.4802919676791) (57.94981168337704,165.9914307520962) (58.94981168337706,165.9914307520962) (58.94981168337706,165.5025695365133) (59.94981168337709,165.5025695365133) (59.94981168337709,165.0137083209304) (60.94981168337712,165.0137083209304) (60.94981168337712,164.5248471053475) (61.94981168337715,164.5248471053475) (61.94981168337715,164.0359858897646) (62.94981168337718,164.0359858897646) (62.94981168337718,163.5) (174.9498116833783,163.5) (174.9498116833783,189.4896220913107) (175.9498116833784,189.4896220913107) (175.9498116833784,215.4792441826214) (176.9498116833785,215.4792441826214) (176.9498116833785,241.4688662739321) (177.9498116833786,241.4688662739321) (177.9498116833786,267.4584883652428) (178.9498116833786,267.4584883652428) (178.9498116833786,293.4481104565535) (179.9498116833787,293.4481104565535) (179.9498116833787,319.4377325478642) (180.9498116833788,319.4377325478642) (180.9498116833788,345.427354639175) (181.9498116833789,345.427354639175) (181.9498116833789,371.4169767304857) (182.949811683379,371.4169767304857) (182.949811683379,397.4065988217964) (183.949811683379,397.4065988217964) (183.949811683379,423.3962209131071) (184.9498116833791,423.3962209131071) (184.9498116833791,449.3858430044178) (185.9498116833792,449.3858430044178) (185.9498116833792,475.3754650957285) (186.9498116833792,475.3754650957285) (186.9498116833792,501.3650871870392) (187.9498116833793,501.3650871870392) (187.9498116833793,527.3547092783499) (188.9498116833794,527.3547092783499) (188.9498116833794,553.3443313696606) (189.9498116833795,553.3443313696606) (189.9498116833795,579.3339534609713) (190.9498116833796,579.3339534609713) (190.9498116833796,605.323575552282) (191.9498116833796,605.323575552282) (191.9498116833796,631.3131976435927) (192.9498116833797,631.3131976435927) (192.9498116833797,657.3028197349034) (193.9498116833798,657.3028197349034) (193.9498116833798,683.2924418262141) (194.9498116833799,683.2924418262141) (194.9498116833799,709.2820639175249) (195.9498116833799,709.2820639175249) (195.9498116833799,735.2716860088356) (700,735.2716860088356)
robPositionX[0]:
[0]: (0,0) (0,92.5) (2,92.5) (2,97.73313175708738) (13.94981168337712,97.73313175708738) (13.94981168337712,123.7285354798977) (14.96861514586036,123.7285354798977) (14.96861514586036,149.723939202708) (15.9874186083436,149.723939202708) (15.9874186083436,175.7193429255182) (16.9874186083436,175.7193429255182) (16.9874186083436,201.7147466483285) (17.9874186083436,201.7147466483285) (17.9874186083436,227.7101503711388) (18.98741860834359,227.7101503711388) (18.98741860834359,253.7055540939491) (19.98741860834359,253.7055540939491) (19.98741860834359,279.7009578167594) (20.98741860834359,279.7009578167594) (20.98741860834359,305.6963615395697) (21.9874186083436,305.6963615395697) (21.9874186083436,331.69176526238) (22.9874186083436,331.69176526238) (22.9874186083436,357.6871689851903) (23.9874186083436,357.6871689851903) (23.9874186083436,383.6825727080006) (24.98741860834361,383.6825727080006) (24.98741860834361,409.6779764308109) (25.98741860834361,409.6779764308109) (25.98741860834361,435.6733801536212) (26.98741860834361,435.6733801536212) (26.98741860834361,461.6687838764315) (27.98741860834362,461.6687838764315) (27.98741860834362,487.6641875992418) (28.98741860834362,487.6641875992418) (28.98741860834362,513.6595913220521) (29.98741860834362,513.6595913220521) (29.98741860834362,539.6549950448623) (30.98741860834363,539.6549950448623) (30.98741860834363,565.6503987676725) (31.98741860834363,565.6503987676725) (31.98741860834363,591.6458024904828) (32.9874186083436,591.6458024904828) (32.9874186083436,617.641206213293) (33.98741860834357,617.641206213293) (33.98741860834357,643.6366099361032) (34.98741860834355,643.6366099361032) (34.98741860834355,669.6320136589135) (35.98741860834352,669.6320136589135) (35.98741860834352,695.6274173817237) (36.98741860834349,695.6274173817237) (36.98741860834349,721.622821104534) (37.98741860834346,721.622821104534) (37.98741860834346,747.6182248273442) (38.98741860834343,747.6182248273442) (38.98741860834343,773.6136285501544) (39.9874186083434,773.6136285501544) (39.9874186083434,799.6090322729647) (40.98741860834338,799.6090322729647) (40.98741860834338,825.6044359957749) (41.98741860834335,825.6044359957749) (41.98741860834335,851.5998397185851) (42.98741860834332,851.5998397185851) (42.98741860834332,877.5952434413954) (43.98741860834329,877.5952434413954) (43.98741860834329,903.5906471642056) (44.98741860834326,903.5906471642056) (44.98741860834326,929.5860508870159) (45.98741860834323,929.5860508870159) (45.98741860834323,955.5814546098261) (46.98741860834321,955.5814546098261) (46.98741860834321,981.5768583326363) (47.98741860834323,981.5768583326363) (47.98741860834323,1007.572262055447) (48.98741860834326,1007.572262055447) (48.98741860834326,1033.567665778257) (49.98741860834329,1033.567665778257) (49.98741860834329,1059.563069501067) (50.98741860834332,1059.563069501067) (50.98741860834332,1085.558473223878) (51.98741860834335,1085.558473223878) (51.98741860834335,1111.553876946688) (52.98741860834338,1111.553876946688) (52.98741860834338,1137.549280669498) (53.9874186083434,1137.549280669498) (53.9874186083434,1163.544684392309) (54.98741860834343,1163.544684392309) (54.98741860834343,1189.540088115119) (55.98741860834346,1189.540088115119) (55.98741860834346,1215.535491837929) (56.98741860834349,1215.535491837929) (56.98741860834349,1241.53089556074) (57.98741860834352,1241.53089556074) (57.98741860834352,1267.52629928355) (58.98741860834355,1267.52629928355) (58.98741860834355,1293.52170300636) (59.98741860834357,1293.52170300636) (59.98741860834357,1319.517106729171) (60.9874186083436,1319.517106729171) (60.9874186083436,1345.512510451981) (61.98741860834363,1345.512510451981) (61.98741860834363,1371.507914174791) (62.98741860834366,1371.507914174791) (62.98741860834366,1397.503317897602) (64.00014946520284,1397.503317897602) (64.00014946520284,1423.501210954746) (65.00876868288204,1423.501210954746) (65.00876868288204,1449.500245178851) (66.01460412364996,1449.500245178851) (66.01460412364996,1475.499802499311) (67.01855485469827,1475.499802499311) (67.01855485469827,1501.499599591989) (68.02122958711843,1501.499599591989) (68.02122958711843,1527.499506587529) (69.02304043844067,1527.499506587529) (69.02304043844067,1553.499463958168) (70.0242664231489,1553.499463958168) (70.0242664231489,1579.49944441867) (71.02509644059887,1579.49944441867) (71.02509644059887,1605.499435462594) (72.02565837982861,1605.499435462594) (72.02565837982861,1631.49943135751) (73.02603882446195,1631.49943135751) (73.02603882446195,1657.499429475914) (74.02629639344516,1657.499429475914) (74.02629639344516,1683.499428613471) (75.02647077303881,1683.499428613471) (75.02647077303881,1709.499428218164) (76.02658883167307,1709.499428218164) (76.02658883167307,1735.499428036972) (77.02666875984042,1735.499428036972) (77.02666875984042,1761.499427953921) (78.02672287288151,1761.499427953921) (78.02672287288151,1787.499427915854) (79.02675950854314,1787.499427915854) (79.02675950854314,1813.499427898406) (80.02678431165458,1813.499427898406) (80.02678431165458,1839.499427890409) (81.02680110388144,1839.499427890409) (81.02680110388144,1865.499427886743) (82.0268124725592,1865.499427886743) (82.0268124725592,1891.499427885063) (83.02682016939477,1891.499427885063) (83.02682016939477,1917.499427884293) (84.02682538030756,1917.499427884293) (84.02682538030756,1943.499427883939) (85.02682890820265,1943.499427883939) (85.02682890820265,1969.499427883778) (86.02683129666862,1969.499427883778) (86.02683129666862,1995.499427883703) (87.02683291370204,1995.499427883703) (87.02683291370204,2021.499427883669) (88.02683400850643,2021.499427883669) (88.02683400850643,2047.499427883654) (89.02683474968001,2047.499427883654) (89.02683474968001,2073.499427883647) (90.0268352514753,2073.499427883647) (90.0268352514753,2099.499427883643) (91.02683559127399,2099.499427883643) (91.02683559127399,2125.499427883642) (92.0268358216403,2125.499427883642) (92.0268358216403,2151.499427883641) (93.02683597649764,2151.499427883641) (93.02683597649764,2177.499427883641) (94.02683608080571,2177.499427883641) (94.02683608080571,2203.499427883641) (95.02683615380613,2203.499427883641) (95.02683615380613,2229.499427883641) (96.02683620322763,2229.499427883641) (96.02683620322763,2255.499427883641) (97.02683623654758,2255.499427883641) (97.02683623654758,2281.499427883641) (98.02683625762094,2281.499427883641) (98.02683625762094,2307.499427883641) (99.02683625762089,2307.499427883641) (99.02683625762089,2333.499427883641) (100.0268362576208,2333.499427883641) (100.0268362576208,2359.499427883641) (101.0268362576208,2359.499427883641) (101.0268362576208,2385.499427883641) (102.0268362576207,2385.499427883641) (102.0268362576207,2411.499427883641) (103.0268362576207,2411.499427883641) (103.0268362576207,2437.499427883641) (104.0268362576206,2437.499427883641) (104.0268362576206,2463.499427883641) (105.0268362576205,2463.499427883641) (105.0268362576205,2489.499427883641) (106.0268362576205,2489.499427883641) (106.0268362576205,2515.499427883641) (107.0268362576204,2515.499427883641) (107.0268362576204,2541.499427883641) (108.0268362576204,2541.499427883641) (108.0268362576204,2567.499427883641) (109.0268362576203,2567.499427883641) (109.0268362576203,2593.499427883641) (110.0268362576202,2593.499427883641) (110.0268362576202,2619.499427883641) (111.0268362576202,2619.499427883641) (111.0268362576202,2645.499427883641) (112.0268362576201,2645.499427883641) (112.0268362576201,2671.499427883641) (113.0268362576201,2671.499427883641) (113.0268362576201,2697.499427883641) (114.02683625762,2697.499427883641) (114.02683625762,2723.499427883641) (115.02683625762,2723.499427883641) (115.02683625762,2749.499427883641) (116.0268362576199,2749.499427883641) (116.0268362576199,2775.499427883641) (117.0268362576198,2775.499427883641) (117.0268362576198,2801.499427883641) (118.0268362576198,2801.499427883641) (118.0268362576198,2827.499427883641) (119.0268362576197,2827.499427883641) (119.0268362576197,2853.499427883641) (120.0268362576197,2853.499427883641) (120.0268362576197,2879.499427883641) (121.0268362576196,2879.499427883641) (121.0268362576196,2905.499427883641) (122.0268362576196,2905.499427883641) (122.0268362576196,2931.499427883641) (123.0268362576195,2931.499427883641) (123.0268362576195,2957.499427883641) (124.0268362576195,2957.499427883641) (124.0268362576195,2983.499427883641) (125.0268362576194,2983.499427883641) (125.0268362576194,3009.499427883641) (126.0268362576193,3009.499427883641) (126.0268362576193,3035.499427883641) (127.0268362576193,3035.499427883641) (127.0268362576193,3061.499427883641) (128.0268362576192,3061.499427883641) (128.0268362576192,3087.499427883641) (129.0268362576193,3087.499427883641) (129.0268362576193,3113.499427883641) (130.0268362576194,3113.499427883641) (130.0268362576194,3139.499427883641) (131.0268362576195,3139.499427883641) (131.0268362576195,3165.499427883641) (132.0268362576196,3165.499427883641) (132.0268362576196,3191.499427883641) (133.0268362576197,3191.499427883641) (133.0268362576197,3217.499427883641) (134.0268362576197,3217.499427883641) (134.0268362576197,3243.499427883641) (135.0268362576198,3243.499427883641) (135.0268362576198,3269.499427883641) (136.0268362576199,3269.499427883641) (136.0268362576199,3295.499427883641) (137.02683625762,3295.499427883641) (137.02683625762,3321.499427883641) (138.0268362576201,3321.499427883641) (138.0268362576201,3347.499427883641) (139.0268362576202,3347.499427883641) (139.0268362576202,3373.499427883641) (140.0268362576203,3373.499427883641) (140.0268362576203,3399.499427883641) (141.0268362576203,3399.499427883641) (141.0268362576203,3425.499427883641) (142.0268362576204,3425.499427883641) (142.0268362576204,3451.499427883641) (143.0268362576205,3451.499427883641) (143.0268362576205,3477.499427883641) (144.0268362576206,3477.499427883641) (144.0268362576206,3503.499427883641) (145.0268362576207,3503.499427883641) (145.0268362576207,3529.499427883641) (146.0268362576208,3529.499427883641) (146.0268362576208,3555.499427883641) (147.0268362576209,3555.499427883641) (147.0268362576209,3581.499427883641) (148.0268362576209,3581.499427883641) (148.0268362576209,3607.499427883641) (149.026836257621,3607.499427883641) (149.026836257621,3633.499427883641) (150.0268362576211,3633.499427883641) (150.0268362576211,3659.499427883641) (151.0268362576212,3659.499427883641) (151.0268362576212,3685.499427883641) (152.0268362576213,3685.499427883641) (152.0268362576213,3711.499427883641) (153.0268362576214,3711.499427883641) (153.0268362576214,3737.499427883641) (154.0268362576215,3737.499427883641) (154.0268362576215,3763.499427883641) (155.0268362576215,3763.499427883641) (155.0268362576215,3789.499427883641) (156.0268362576216,3789.499427883641) (156.0268362576216,3815.499427883641) (157.0268362576217,3815.499427883641) (157.0268362576217,3841.499427883641) (158.0268362576218,3841.499427883641) (158.0268362576218,3867.499427883641) (159.0268362576219,3867.499427883641) (159.0268362576219,3893.499427883641) (160.026836257622,3893.499427883641) (160.026836257622,3919.499427883641) (161.0268362576221,3919.499427883641) (161.0268362576221,3945.499427883641) (162.0268362576221,3945.499427883641) (162.0268362576221,3971.499427883641) (163.0268362576222,3971.499427883641) (163.0268362576222,3997.499427883641) (164.0268362576223,3997.499427883641) (164.0268362576223,4023.499427883641) (165.0268362576224,4023.499427883641) (165.0268362576224,4049.499427883641) (166.0268362576225,4049.499427883641) (166.0268362576225,4075.499427883641) (167.0268362576226,4075.499427883641) (167.0268362576226,4101.49942788364) (168.0268362576226,4101.49942788364) (168.0268362576226,4127.49942788364) (169.0268362576227,4127.49942788364) (169.0268362576227,4153.49942788364) (170.0268362576228,4153.49942788364) (170.0268362576228,4179.49942788364) (171.0268362576228,4179.49942788364) (171.0268362576228,4205.49942788364) (172.0268362576229,4205.49942788364) (172.0268362576229,4231.49942788364) (173.026836257623,4231.49942788364) (173.026836257623,4257.49942788364) (174.026836257623,4257.49942788364) (174.026836257623,4283.49942788364) (175.0268362576231,4283.49942788364) (175.0268362576231,4309.49942788364) (176.265618053378,4309.49942788364) (176.265618053378,4334.761725317672) (177.7817341502916,4334.761725317672) (177.7817341502916,4357.375029374853) (179.5805913294649,4357.375029374853) (179.5805913294649,4371.80338971305) (181.7162989727585,4371.80338971305) (181.7162989727585,4380.472858151295) (184.0245974316631,4380.472858151295) (184.0245974316631,4385.010512952947) (186.4507374794094,4385.010512952947) (186.4507374794094,4388.172157803916) (188.9194387074321,4388.172157803916) (188.9194387074321,4390.428283375573) (191.41680574296,4390.428283375573) (191.41680574296,4391.835488330516) (193.9412709054128,4391.835488330516) (193.9412709054128,4392.871718959358) (196.4781087435347,4392.871718959358) (196.4781087435347,4393.515439372457) (199.0280639636109,4393.515439372457) (199.0280639636109,4394.057268921059) (201.5780191836871,4394.057268921059) (201.5780191836871,4394.599098469662) (204.1279744037634,4394.599098469662) (204.1279744037634,4395.140928018264) (206.6779296238396,4395.140928018264) (206.6779296238396,4395.682757566867) (209.2278848439157,4395.682757566867) (209.2278848439157,4396.224587115469) (211.777840063992,4396.224587115469) (211.777840063992,4396.766416664072) (214.3277952840681,4396.766416664072) (214.3277952840681,4397.308246212675) (216.8777505041443,4397.308246212675) (216.8777505041443,4397.850075761278) (219.4277057242205,4397.850075761278) (219.4277057242205,4398.391905309881) (221.9776609442968,4398.391905309881) (221.9776609442968,4398.933734858484) (224.527616164373,4398.933734858484) (224.527616164373,4399.475564407086) (227.0775713844492,4399.475564407086) (227.0775713844492,4400.01739395569) (229.6275266045254,4400.01739395569) (229.6275266045254,4400.559223504292) (232.1774818246016,4400.559223504292) (232.1774818246016,4400.840201776819) (700,4400.840201776819)
robPositionY[0]:
[0]: (0,0) (0,163.5) (2,163.5) (2,188.9679078844919) (13.94981168337712,188.9679078844919) (13.94981168337712,188.479046668909) (14.96861514586036,188.479046668909) (14.96861514586036,187.9901854533262) (15.9874186083436,187.9901854533262) (15.9874186083436,187.5013242377433) (16.9874186083436,187.5013242377433) (16.9874186083436,187.0124630221605) (17.9874186083436,187.0124630221605) (17.9874186083436,186.5236018065776) (18.98741860834359,186.5236018065776) (18.98741860834359,186.0347405909947) (19.98741860834359,186.0347405909947) (19.98741860834359,185.5458793754118) (20.98741860834359,185.5458793754118) (20.98741860834359,185.0570181598289) (21.9874186083436,185.0570181598289) (21.9874186083436,184.568156944246) (22.9874186083436,184.568156944246) (22.9874186083436,184.0792957286631) (23.9874186083436,184.0792957286631) (23.9874186083436,183.5904345130803) (24.98741860834361,183.5904345130803) (24.98741860834361,183.1015732974974) (25.98741860834361,183.1015732974974) (25.98741860834361,182.6127120819145) (26.98741860834361,182.6127120819145) (26.98741860834361,182.1238508663316) (27.98741860834362,182.1238508663316) (27.98741860834362,181.6349896507487) (28.98741860834362,181.6349896507487) (28.98741860834362,181.1461284351658) (29.98741860834362,181.1461284351658) (29.98741860834362,180.6572672195829) (30.98741860834363,180.6572672195829) (30.98741860834363,180.168406004) (31.98741860834363,180.168406004) (31.98741860834363,179.6795447884172) (32.9874186083436,179.6795447884172) (32.9874186083436,179.1906835728343) (33.98741860834357,179.1906835728343) (33.98741860834357,178.7018223572514) (34.98741860834355,178.7018223572514) (34.98741860834355,178.2129611416685) (35.98741860834352,178.2129611416685) (35.98741860834352,177.7240999260856) (36.98741860834349,177.7240999260856) (36.98741860834349,177.2352387105027) (37.98741860834346,177.2352387105027) (37.98741860834346,176.7463774949198) (38.98741860834343,176.7463774949198) (38.98741860834343,176.257516279337) (39.9874186083434,176.257516279337) (39.9874186083434,175.7686550637541) (40.98741860834338,175.7686550637541) (40.98741860834338,175.2797938481712) (41.98741860834335,175.2797938481712) (41.98741860834335,174.7909326325883) (42.98741860834332,174.7909326325883) (42.98741860834332,174.3020714170054) (43.98741860834329,174.3020714170054) (43.98741860834329,173.8132102014225) (44.98741860834326,173.8132102014225) (44.98741860834326,173.3243489858396) (45.98741860834323,173.3243489858396) (45.98741860834323,172.8354877702567) (46.98741860834321,172.8354877702567) (46.98741860834321,172.3466265546739) (47.98741860834323,172.3466265546739) (47.98741860834323,171.857765339091) (48.98741860834326,171.857765339091) (48.98741860834326,171.3689041235081) (49.98741860834329,171.3689041235081) (49.98741860834329,170.8800429079252) (50.98741860834332,170.8800429079252) (50.98741860834332,170.3911816923423) (51.98741860834335,170.3911816923423) (51.98741860834335,169.9023204767594) (52.98741860834338,169.9023204767594) (52.98741860834338,169.4134592611765) (53.9874186083434,169.4134592611765) (53.9874186083434,168.9245980455937) (54.98741860834343,168.9245980455937) (54.98741860834343,168.4357368300108) (55.98741860834346,168.4357368300108) (55.98741860834346,167.9468756144279) (56.98741860834349,167.9468756144279) (56.98741860834349,167.458014398845) (57.98741860834352,167.458014398845) (57.98741860834352,166.9691531832621) (58.98741860834355,166.9691531832621) (58.98741860834355,166.4802919676792) (59.98741860834357,166.4802919676792) (59.98741860834357,165.9914307520963) (60.9874186083436,165.9914307520963) (60.9874186083436,165.5025695365134) (61.98741860834363,165.5025695365134) (61.98741860834363,165.0137083209306) (62.98741860834366,165.0137083209306) (62.98741860834366,164.5248471053477) (64.00014946520284,164.5248471053477) (64.00014946520284,164.1938537681208) (65.00876868288204,164.1938537681208) (65.00876868288204,163.969756883213) (66.01460412364996,163.969756883213) (66.01460412364996,163.8180362843253) (67.01855485469827,163.8180362843253) (67.01855485469827,163.7153175442811) (68.02122958711843,163.7153175442811) (68.02122958711843,163.6457745842783) (69.02304043844067,163.6457745842783) (69.02304043844067,163.5986924756321) (70.0242664231489,163.5986924756321) (70.0242664231489,163.566816881204) (71.02509644059887,163.566816881204) (71.02509644059887,163.545236429983) (72.02565837982861,163.545236429983) (72.02565837982861,163.5306260107791) (73.02603882446195,163.5306260107791) (73.02603882446195,163.5207344505516) (74.02629639344516,163.5207344505516) (74.02629639344516,163.5140376570627) (75.02647077303881,163.5140376570627) (75.02647077303881,163.5095037876518) (76.02658883167307,163.5095037876518) (76.02658883167307,163.5064342631685) (77.02666875984042,163.5064342631685) (77.02666875984042,163.5043561308182) (78.02672287288151,163.5043561308182) (78.02672287288151,163.5029491917491) (79.02675950854314,163.5029491917491) (79.02675950854314,163.5019966645455) (80.02678431165458,163.5019966645455) (80.02678431165458,163.5013517836466) (81.02680110388144,163.5013517836466) (81.02680110388144,163.5009151857469) (82.0268124725592,163.5009151857469) (82.0268124725592,163.5006196001235) (83.02682016939477,163.5006196001235) (83.02682016939477,163.5004194823974) (84.02682538030756,163.5004194823974) (84.02682538030756,163.5002839986634) (85.02682890820265,163.5002839986634) (85.02682890820265,163.5001922733894) (86.02683129666862,163.5001922733894) (86.02683129666862,163.5001301732726) (87.02683291370204,163.5001301732726) (87.02683291370204,163.5000881304022) (88.02683400850643,163.5000881304022) (88.02683400850643,163.5000596654866) (89.02683474968001,163.5000596654866) (89.02683474968001,163.5000403949721) (90.0268352514753,163.5000403949721) (90.0268352514753,163.5000273482928) (91.02683559127399,163.5000273482928) (91.02683559127399,163.5000185135251) (92.0268358216403,163.5000185135251) (92.0268358216403,163.5000125239997) (93.02683597649764,163.5000125239997) (93.02683597649764,163.5000084977071) (94.02683608080571,163.5000084977071) (94.02683608080571,163.5000057856957) (95.02683615380613,163.5000057856957) (95.02683615380613,163.5000038876832) (96.02683620322763,163.5000038876832) (96.02683620322763,163.5000026027226) (97.02683623654758,163.5000026027226) (97.02683623654758,163.5000017364024) (98.02683625762094,163.5000017364024) (98.02683625762094,163.5000011884933) (99.02683625762089,163.5000011884933) (99.02683625762089,163.5000006405843) (176.265618053378,163.5000006405843) (176.265618053378,169.6494988603188) (177.7817341502916,169.6494988603188) (177.7817341502916,182.4806515605829) (179.5805913294649,182.4806515605829) (179.5805913294649,204.1098544573876) (181.7162989727585,204.1098544573876) (181.7162989727585,228.6218987825405) (184.0245974316631,228.6218987825405) (184.0245974316631,254.2228692504944) (186.4507374794094,254.2228692504944) (186.4507374794094,280.0299225855101) (188.9194387074321,280.0299225855101) (188.9194387074321,305.9318510350467) (191.41680574296,305.9318510350467) (191.41680574296,331.8937418408948) (193.9412709054128,331.8937418408948) (193.9412709054128,357.873084135954) (196.4781087435347,357.873084135954) (196.4781087435347,383.8651141457428) (199.0280639636109,383.8651141457428) (199.0280639636109,409.8594677776426) (201.5780191836871,409.8594677776426) (201.5780191836871,435.8538214095424) (204.1279744037634,435.8538214095424) (204.1279744037634,461.8481750414421) (206.6779296238396,461.8481750414421) (206.6779296238396,487.8425286733419) (209.2278848439157,487.8425286733419) (209.2278848439157,513.8368823052417) (211.777840063992,513.8368823052417) (211.777840063992,539.8312359371415) (214.3277952840681,539.8312359371415) (214.3277952840681,565.8255895690413) (216.8777505041443,565.8255895690413) (216.8777505041443,591.8199432009411) (219.4277057242205,591.8199432009411) (219.4277057242205,617.8142968328409) (221.9776609442968,617.8142968328409) (221.9776609442968,643.8086504647407) (224.527616164373,643.8086504647407) (224.527616164373,669.8030040966405) (227.0775713844492,669.8030040966405) (227.0775713844492,695.7973577285403) (229.6275266045254,695.7973577285403) (229.6275266045254,721.7917113604401) (232.1774818246016,721.7917113604401) (232.1774818246016,735.2716860088356) (700,735.2716860088356)
batteryCharge[0]:
[0]: (0,100) (700,100)
user_guided_transport.end:
[0]: (0,0) (232.1774818246016,0) (232.1774818246016,1) (700,1)
[2K
Verifying formula 5 at /nta/queries/query[5]/formula
 -- Formula: simulate[<=700]{robot_inventory[0][0], user_guided_transport.end*2}
[2K -- Formula is satisfied.
robot_inventory[0][0]:
[0]: (0,0) (7.343582937307017,0) (7.343582937307017,1) (700,1)
user_guided_transport.end * 2:
[0]: (0,0) (228.57125307853,0) (228.57125307853,2) (700,2)
[2K
Verifying formula 6 at /nta/queries/query[6]/formula
 -- Formula: simulate[<=700]{bedroom[0], bedroom[1], kitchen[0], kitchen[1]}
[2K -- Formula is satisfied.
bedroom[0]:
[0]: (0,100) (700,100)
bedroom[1]:
[0]: (0,200) (700,200)
kitchen[0]:
[0]: (0,4400) (700,4400)
kitchen[1]:
[0]: (0,765) (700,765)
[2K
Verifying formula 7 at /nta/queries/query[7]/formula
 -- Formula: simulate[<=700]{rm_1.idle, rf_1.idle, rp_1.idle, rd_1.idle}
[2K -- Formula is satisfied.
rm_1.idle:
[0]: (0,0) (0,1) (0,0) (3,0) (3,1) (700,1)
rf_1.idle:
[0]: (0,0) (0,1) (10.97971048252991,1) (10.97971048252991,0) (233.2073806237374,0) (233.2073806237374,1) (700,1)
rp_1.idle:
[0]: (0,0) (0,1) (2,1) (2,0) (10.97971048252991,0) (10.97971048252991,1) (700,1)
rd_1.idle:
[0]: (0,0) (0,1) (700,1)
[2K
Verifying formula 8 at /nta/queries/query[8]/formula
 -- Formula: Pr[<=700](<>!rm_1.idle || !rf_1.idle || !rp_1.idle || !rd_1.idle)
[2K -- Formula is satisfied.
(72/72 runs) Pr(<> …) in [0.950056,1] (95% CI)
Values in [0,0] mean=0 steps=2.22045e-16: 72
[2K
Verifying formula 9 at /nta/queries/query[9]/formula
 -- Formula: Pr[<=700]([] (user_guided_transport.end imply (rm_1.idle && rf_1.idle && rp_1.idle && rd_1.idle)))
[2K -- Formula is satisfied.
(1/89 runs) Pr([] …) in [0.000284429,0.0610183] (95% CI)
Values in [228.273,233.198] mean=230.855 steps=0.49247: 6 4 9 18 8 8 7 4 13 11
[2K
Verifying formula 10 at /nta/queries/query[10]/formula
 -- Formula: Pr[<=700] (<> pow(humanPositionX[0] - kitchen[0], 2) + pow(humanPositionY[0] - kitchen[1], 2) <= 900 )
[2K -- Formula is satisfied.
(72/72 runs) Pr(<> …) in [0.950056,1] (95% CI)
Values in [192.023,196.98] mean=194.773 steps=0.550763: 9 5 5 4 12 9 6 11 11
[2K
Verifying formula 11 at /nta/queries/query[11]/formula
 -- Formula: Pr[<=700] (<> pow(humanPositionX[0] - bedroom[0], 2) + pow(humanPositionY[0] - bedroom[1], 2) <= 900 )
[2K -- Formula is satisfied.
(72/72 runs) Pr(<> …) in [0.950056,1] (95% CI)
Values in [1,1] mean=1 steps=2.22045e-16: 72
[2K
Verifying formula 12 at /nta/queries/query[12]/formula
 -- Formula: Pr[<=700] (<> pow(robPositionX[0] - bedroom[0], 2) + pow(robPositionY[0] - bedroom[1], 2) <= 900 )
[2K -- Formula is satisfied.
(72/72 runs) Pr(<> …) in [0.950056,1] (95% CI)
Values in [2,2] mean=2 steps=2.22045e-16: 72
[2K
Verifying formula 13 at /nta/queries/query[13]/formula
 -- Formula: Pr[<=700] (<> !isValidPosition(humanPositionX[0], humanPositionY[0]))
[2K -- Formula is satisfied.
(72/72 runs) Pr(<> …) in [0.950056,1] (95% CI)
Values in [0,0] mean=0 steps=2.22045e-16: 72
[2K
Verifying formula 14 at /nta/queries/query[14]/formula
 -- Formula: Pr[<=700] (<> !isValidPosition(robPositionX[0], robPositionY[0]))
[2K -- Formula is satisfied.
(72/72 runs) Pr(<> …) in [0.950056,1] (95% CI)
Values in [0,0] mean=0 steps=2.22045e-16: 72
[2K
Verifying formula 15 at /nta/queries/query[15]/formula
 -- Formula: Pr[<=700] (<> currP > 2)
 -- Throughput: 610140 runs/sec, Load: 331 runs[K
[2K -- Formula is satisfied.
(0/72 runs) Pr(<> …) in [0,0.0499441] (95% CI)
