Options for the verification:
  Generating no trace
  Search order is breadth first
  Using conservative space optimisation
  Seed is 1784936143
  State space representation uses minimal constraint systems with future testing
  Using HashMap + Compress integers for discrete state storage
[2K
Verifying formula 1 at /nta/queries/query[1]/formula
 -- Formula: simulate[<=700]{user_guided_transport_human_def.s1_start, user_guided_transport_human_def.s1_end, user_guided_transport_human_def.s2_start, user_guided_transport_human_def.s2_idle, user_guided_transport_human_def.s3_start, user_guided_transport_human_def.s3_end, user_guided_transport.end}
[2K -- Formula is satisfied.
user_guided_transport_human_def.s1_start:
[0]: (0,0) (0,1) (0,0) (700,0)
user_guided_transport_human_def.s1_end:
[0]: (0,0) (1,0) (1,1) (2,1) (2,0) (700,0)
user_guided_transport_human_def.s2_start:
[0]: (0,0) (2,0) (2,1) (2,0) (700,0)
user_guided_transport_human_def.s2_idle:
[0]: (0,0) (2,0) (2,1) (9.463911563099821,1) (9.463911563099821,0) (700,0)
user_guided_transport_human_def.s3_start:
[0]: (0,0) (9.463911563099821,0) (9.463911563099821,1) (9.463911563099821,0) (14.4639115630998,0) (14.4639115630998,1) (14.4639115630998,0) (19.46391156309982,0) (19.46391156309982,1) (19.46391156309982,0) (24.46391156309986,0) (24.46391156309986,1) (24.46391156309986,0) (29.46391156309989,0) (29.46391156309989,1) (29.46391156309989,0) (34.46391156309993,0) (34.46391156309993,1) (34.46391156309993,0) (39.46391156309996,0) (39.46391156309996,1) (39.46391156309996,0) (44.4639115631,0) (44.4639115631,1) (44.4639115631,0) (49.46391156309993,0) (49.46391156309993,1) (49.46391156309993,0) (54.46391156309982,0) (54.46391156309982,1) (54.46391156309982,0) (59.46391156309971,0) (59.46391156309971,1) (59.46391156309971,0) (64.46391156309961,0) (64.46391156309961,1) (64.46391156309961,0) (69.46391156309954,0) (69.46391156309954,1) (69.46391156309954,0) (74.46391156309944,0) (74.46391156309944,1) (74.46391156309944,0) (79.4639115630992,0) (79.4639115630992,1) (79.4639115630992,0) (84.46391156309892,0) (84.46391156309892,1) (84.46391156309892,0) (89.46391156309861,0) (89.46391156309861,1) (89.46391156309861,0) (94.46391156309831,0) (94.46391156309831,1) (94.46391156309831,0) (99.46391156309802,0) (99.46391156309802,1) (99.46391156309802,0) (104.4639115630977,0) (104.4639115630977,1) (104.4639115630977,0) (109.4639115630975,0) (109.4639115630975,1) (109.4639115630975,0) (114.4639115630972,0) (114.4639115630972,1) (114.4639115630972,0) (119.4639115630969,0) (119.4639115630969,1) (119.4639115630969,0) (124.4639115630966,0) (124.4639115630966,1) (124.4639115630966,0) (129.4639115630965,0) (129.4639115630965,1) (129.4639115630965,0) (134.4639115630968,0) (134.4639115630968,1) (134.4639115630968,0) (139.463911563097,0) (139.463911563097,1) (139.463911563097,0) (144.4639115630973,0) (144.4639115630973,1) (144.4639115630973,0) (149.4639115630976,0) (149.4639115630976,1) (149.4639115630976,0) (154.4639115630979,0) (154.4639115630979,1) (154.4639115630979,0) (159.4639115630982,0) (159.4639115630982,1) (159.4639115630982,0) (164.4639115630985,0) (164.4639115630985,1) (164.4639115630985,0) (169.4639115630987,0) (169.4639115630987,1) (169.4639115630987,0) (174.463911563099,0) (174.463911563099,1) (174.463911563099,0) (179.4639115630993,0) (179.4639115630993,1) (179.4639115630993,0) (184.4639115630997,0) (184.4639115630997,1) (184.4639115630997,0) (189.4639115631001,0) (189.4639115631001,1) (189.4639115631001,0) (194.4639115631005,0) (194.4639115631005,1) (194.4639115631005,0) (700,0)
user_guided_transport_human_def.s3_end:
[0]: (0,0) (194.4639115631005,0) (194.4639115631005,1) (230.6727782418391,1) (230.6727782418391,0) (700,0)
user_guided_transport.end:
[0]: (0,0) (232.6727782418382,0) (232.6727782418382,1) (700,1)
[2K
Verifying formula 2 at /nta/queries/query[2]/formula
 -- Formula: simulate[<=700]{user_guided_transport_robot_def.s1_start, user_guided_transport_robot_def.s1_end, user_guided_transport_robot_def.s2_start, user_guided_transport_robot_def.s2_end, user_guided_transport_robot_def.s3_start, user_guided_transport_robot_def.s3_end, user_guided_transport.end}
[2K -- Formula is satisfied.
user_guided_transport_robot_def.s1_start:
[0]: (0,0) (0,1) (0,0) (700,0)
user_guided_transport_robot_def.s1_end:
[0]: (0,0) (2,0) (2,1) (2,0) (700,0)
user_guided_transport_robot_def.s2_start:
[0]: (0,0) (2,0) (2,1) (2,0) (700,0)
user_guided_transport_robot_def.s2_end:
[0]: (0,0) (11.78228004245102,0) (11.78228004245102,1) (11.78228004245102,0) (700,0)
user_guided_transport_robot_def.s3_start:
[0]: (0,0) (11.78228004245102,0) (11.78228004245102,1) (11.78228004245102,0) (700,0)
user_guided_transport_robot_def.s3_end:
[0]: (0,0) (233.0099501836751,0) (233.0099501836751,1) (233.0099501836751,0) (700,0)
user_guided_transport.end:
[0]: (0,0) (235.0099501836742,0) (235.0099501836742,1) (700,1)
[2K
Verifying formula 3 at /nta/queries/query[3]/formula
 -- Formula: Pr[<=700] (<> user_guided_transport.end)
[2K -- Formula is satisfied.
(72/72 runs) Pr(<> …) in [0.950056,1] (95% CI)
Values in [230.31,235.186] mean=232.836 steps=0.541855: 10 4 7 8 8 7 11 11 6
[2K
Verifying formula 4 at /nta/queries/query[4]/formula
 -- Formula: simulate[<=700]{humanPositionX[0], humanPositionY[0], robPositionX[0], robPositionY[0], batteryCharge[0], user_guided_transport.end}
[2K -- Formula is satisfied.
humanPositionX[0]:
[0]: (0,0) (0,92.5) (1,92.5) (1,97.73313175708738) (9.043791779316939,97.73313175708738) (9.043791779316939,123.7285354798977) (10.04379177931694,123.7285354798977) (10.04379177931694,149.723939202708) (11.04379177931694,149.723939202708) (11.04379177931694,175.7193429255182) (12.04379177931694,175.7193429255182) (12.04379177931694,201.7147466483285) (13.04379177931694,201.7147466483285) (13.04379177931694,227.7101503711388) (14.04379177931694,227.7101503711388) (14.04379177931694,253.7055540939491) (15.04379177931694,253.7055540939491) (15.04379177931694,279.7009578167594) (16.04379177931694,279.7009578167594) (16.04379177931694,305.6963615395697) (17.04379177931694,305.6963615395697) (17.04379177931694,331.69176526238) (18.04379177931693,331.69176526238) (18.04379177931693,357.6871689851903) (19.04379177931692,357.6871689851903) (19.04379177931692,383.6825727080006) (20.04379177931691,383.6825727080006) (20.04379177931691,409.6779764308109) (21.0437917793169,409.6779764308109) (21.0437917793169,435.6733801536212) (22.0437917793169,435.6733801536212) (22.0437917793169,461.6687838764315) (23.04379177931689,461.6687838764315) (23.04379177931689,487.6641875992418) (24.04379177931688,487.6641875992418) (24.04379177931688,513.6595913220521) (25.04379177931688,513.6595913220521) (25.04379177931688,539.6549950448623) (26.04379177931687,539.6549950448623) (26.04379177931687,565.6503987676725) (27.04379177931686,565.6503987676725) (27.04379177931686,591.6458024904828) (28.04379177931685,591.6458024904828) (28.04379177931685,617.641206213293) (29.04379177931684,617.641206213293) (29.04379177931684,643.6366099361032) (30.04379177931684,643.6366099361032) (30.04379177931684,669.6320136589135) (31.04379177931683,669.6320136589135) (31.04379177931683,695.6274173817237) (32.04379177931682,695.6274173817237) (32.04379177931682,721.622821104534) (33.04379177931684,721.622821104534) (33.04379177931684,747.6182248273442) (34.04379177931687,747.6182248273442) (34.04379177931687,773.6136285501544) (35.0437917793169,773.6136285501544) (35.0437917793169,799.6090322729647) (36.04379177931693,799.6090322729647) (36.04379177931693,825.6044359957749) (37.04379177931695,825.6044359957749) (37.04379177931695,851.5998397185851) (38.04379177931698,851.5998397185851) (38.04379177931698,877.5952434413954) (39.04379177931701,877.5952434413954) (39.04379177931701,903.5906471642056) (40.04379177931704,903.5906471642056) (40.04379177931704,929.5860508870159) (41.04379177931707,929.5860508870159) (41.04379177931707,955.5814546098261) (42.0437917793171,955.5814546098261) (42.0437917793171,981.5768583326363) (43.04379177931713,981.5768583326363) (43.04379177931713,1007.572262055447) (44.04379177931715,1007.572262055447) (44.04379177931715,1033.567665778257) (45.04379177931717,1033.567665778257) (45.04379177931717,1059.563069501067) (46.04379177931718,1059.563069501067) (46.04379177931718,1085.558473223878) (47.0437917793172,1085.558473223878) (47.0437917793172,1111.553876946688) (48.04379177931721,1111.553876946688) (48.04379177931721,1137.549280669498) (49.04379177931722,1137.549280669498) (49.04379177931722,1163.544684392309) (50.04379177931724,1163.544684392309) (50.04379177931724,1189.540088115119) (51.04379177931725,1189.540088115119) (51.04379177931725,1215.535491837929) (52.04379177931727,1215.535491837929) (52.04379177931727,1241.53089556074) (53.04379177931728,1241.53089556074) (53.04379177931728,1267.52629928355) (54.0437917793173,1267.52629928355) (54.0437917793173,1293.52170300636) (55.04379177931731,1293.52170300636) (55.04379177931731,1319.517106729171) (56.04379177931732,1319.517106729171) (56.04379177931732,1345.512510451981) (57.04379177931734,1345.512510451981) (57.04379177931734,1371.507914174791) (58.04379177931735,1371.507914174791) (58.04379177931735,1397.503317897602) (59.04379177931737,1397.503317897602) (59.04379177931737,1423.498721620412) (60.04379177931738,1423.498721620412) (60.04379177931738,1478) (61.0437917793174,1478) (61.0437917793174,1504) (62.04379177931742,1504) (62.04379177931742,1530) (63.04379177931744,1530) (63.04379177931744,1556) (64.04379177931744,1556) (64.04379177931744,1582) (65.04379177931746,1582) (65.04379177931746,1608) (66.04379177931747,1608) (66.04379177931747,1634) (67.04379177931749,1634) (67.04379177931749,1660) (68.0437917793175,1660) (68.0437917793175,1686) (69.04379177931752,1686) (69.04379177931752,1712) (70.04379177931753,1712) (70.04379177931753,1738) (71.04379177931754,1738) (71.04379177931754,1764) (72.04379177931756,1764) (72.04379177931756,1790) (73.04379177931762,1790) (73.04379177931762,1816) (74.04379177931759,1816) (74.04379177931759,1842) (75.04379177931754,1842) (75.04379177931754,1868) (76.0437917793175,1868) (76.0437917793175,1894) (77.04379177931746,1894) (77.04379177931746,1920) (78.04379177931742,1920) (78.04379177931742,1946) (79.04379177931735,1946) (79.04379177931735,1972) (80.04379177931729,1972) (80.04379177931729,1998) (81.04379177931723,1998) (81.04379177931723,2024) (82.04379177931717,2024) (82.04379177931717,2050) (83.04379177931712,2050) (83.04379177931712,2076) (84.04379177931706,2076) (84.04379177931706,2102) (85.043791779317,2102) (85.043791779317,2128) (86.04379177931695,2128) (86.04379177931695,2154) (87.04379177931689,2154) (87.04379177931689,2180) (88.04379177931683,2180) (88.04379177931683,2206) (89.04379177931678,2206) (89.04379177931678,2232) (90.04379177931672,2232) (90.04379177931672,2258) (91.04379177931666,2258) (91.04379177931666,2284) (92.04379177931661,2284) (92.04379177931661,2310) (93.04379177931654,2310) (93.04379177931654,2336) (94.04379177931646,2336) (94.04379177931646,2362) (95.04379177931641,2362) (95.04379177931641,2388) (96.04379177931635,2388) (96.04379177931635,2414) (97.04379177931629,2414) (97.04379177931629,2440) (98.04379177931624,2440) (98.04379177931624,2466) (99.04379177931618,2466) (99.04379177931618,2492) (100.0437917793161,2492) (100.0437917793161,2518) (101.0437917793161,2518) (101.0437917793161,2544) (102.043791779316,2544) (102.043791779316,2570) (103.043791779316,2570) (103.043791779316,2596) (104.0437917793159,2596) (104.0437917793159,2622) (105.0437917793158,2622) (105.0437917793158,2648) (106.0437917793158,2648) (106.0437917793158,2674) (107.0437917793157,2674) (107.0437917793157,2700) (108.0437917793157,2700) (108.0437917793157,2726) (109.0437917793156,2726) (109.0437917793156,2752) (110.0437917793156,2752) (110.0437917793156,2778) (111.0437917793155,2778) (111.0437917793155,2804) (112.0437917793154,2804) (112.0437917793154,2830) (113.0437917793154,2830) (113.0437917793154,2856) (114.0437917793153,2856) (114.0437917793153,2882) (115.0437917793153,2882) (115.0437917793153,2908) (116.0437917793152,2908) (116.0437917793152,2934) (117.0437917793152,2934) (117.0437917793152,2960) (118.0437917793151,2960) (118.0437917793151,2986) (119.043791779315,2986) (119.043791779315,3012) (120.043791779315,3012) (120.043791779315,3038) (121.0437917793149,3038) (121.0437917793149,3088.5) (122.0437917793149,3088.5) (122.0437917793149,3114.5) (123.0437917793148,3114.5) (123.0437917793148,3140.5) (124.0437917793148,3140.5) (124.0437917793148,3166.5) (125.0437917793147,3166.5) (125.0437917793147,3192.5) (126.0437917793146,3192.5) (126.0437917793146,3218.5) (127.0437917793146,3218.5) (127.0437917793146,3244.5) (128.0437917793145,3244.5) (128.0437917793145,3270.5) (129.0437917793146,3270.5) (129.0437917793146,3296.5) (130.0437917793146,3296.5) (130.0437917793146,3322.5) (131.0437917793147,3322.5) (131.0437917793147,3348.5) (132.0437917793147,3348.5) (132.0437917793147,3374.5) (133.0437917793148,3374.5) (133.0437917793148,3400.5) (134.0437917793149,3400.5) (134.0437917793149,3426.5) (135.0437917793149,3426.5) (135.0437917793149,3452.5) (136.043791779315,3452.5) (136.043791779315,3478.5) (137.043791779315,3478.5) (137.043791779315,3504.5) (138.0437917793151,3504.5) (138.0437917793151,3530.5) (139.0437917793151,3530.5) (139.0437917793151,3556.5) (140.0437917793152,3556.5) (140.0437917793152,3582.5) (141.0437917793153,3582.5) (141.0437917793153,3608.5) (142.0437917793153,3608.5) (142.0437917793153,3634.5) (143.0437917793154,3634.5) (143.0437917793154,3660.5) (144.0437917793154,3660.5) (144.0437917793154,3686.5) (145.0437917793155,3686.5) (145.0437917793155,3712.5) (146.0437917793155,3712.5) (146.0437917793155,3738.5) (147.0437917793156,3738.5) (147.0437917793156,3764.5) (148.0437917793157,3764.5) (148.0437917793157,3790.5) (149.0437917793157,3790.5) (149.0437917793157,3816.5) (150.0437917793158,3816.5) (150.0437917793158,3842.5) (151.0437917793158,3842.5) (151.0437917793158,3868.5) (152.0437917793159,3868.5) (152.0437917793159,3894.5) (153.0437917793159,3894.5) (153.0437917793159,3920.5) (154.043791779316,3920.5) (154.043791779316,3946.5) (155.0437917793161,3946.5) (155.0437917793161,3972.5) (156.0437917793161,3972.5) (156.0437917793161,3998.5) (157.0437917793162,3998.5) (157.0437917793162,4024.5) (158.0437917793162,4024.5) (158.0437917793162,4050.5) (159.0437917793163,4050.5) (159.0437917793163,4076.5) (160.0437917793163,4076.5) (160.0437917793163,4102.5) (161.0437917793164,4102.5) (161.0437917793164,4128.5) (162.0437917793165,4128.5) (162.0437917793165,4154.5) (163.0437917793165,4154.5) (163.0437917793165,4180.5) (164.0437917793166,4180.5) (164.0437917793166,4206.5) (165.0437917793166,4206.5) (165.0437917793166,4232.5) (166.0437917793167,4232.5) (166.0437917793167,4258.5) (167.0437917793167,4258.5) (167.0437917793167,4284.5) (168.0437917793168,4284.5) (168.0437917793168,4310.5) (169.0437917793168,4310.5) (169.0437917793168,4336.5) (170.0437917793169,4336.5) (170.0437917793169,4362.5) (171.043791779317,4362.5) (171.043791779317,4388.5) (172.043791779317,4388.5) (172.043791779317,4416.265463717128) (173.0437917793171,4416.265463717128) (173.0437917793171,4415.530927434256) (174.0437917793172,4415.530927434256) (174.0437917793172,4414.796391151384) (175.0437917793172,4414.796391151384) (175.0437917793172,4414.061854868512) (176.0437917793173,4414.061854868512) (176.0437917793173,4413.327318585641) (177.0437917793173,4413.327318585641) (177.0437917793173,4412.592782302769) (178.0437917793174,4412.592782302769) (178.0437917793174,4411.858246019897) (179.0437917793175,4411.858246019897) (179.0437917793175,4411.123709737025) (180.0437917793176,4411.123709737025) (180.0437917793176,4410.389173454153) (181.0437917793177,4410.389173454153) (181.0437917793177,4409.654637171281) (182.0437917793178,4409.654637171281) (182.0437917793178,4408.920100888409) (183.0437917793178,4408.920100888409) (183.0437917793178,4408.185564605537) (184.0437917793179,4408.185564605537) (184.0437917793179,4407.451028322665) (185.043791779318,4407.451028322665) (185.043791779318,4406.716492039794) (186.0437917793181,4406.716492039794) (186.0437917793181,4405.981955756922) (187.0437917793182,4405.981955756922) (187.0437917793182,4405.24741947405) (188.0437917793182,4405.24741947405) (188.0437917793182,4404.512883191178) (189.0437917793183,4404.512883191178) (189.0437917793183,4403.778346908306) (190.0437917793184,4403.778346908306) (190.0437917793184,4403.043810625434) (191.0437917793185,4403.043810625434) (191.0437917793185,4402.309274342562) (192.0437917793186,4402.309274342562) (192.0437917793186,4401.57473805969) (193.0437917793186,4401.57473805969) (193.0437917793186,4400.840201776819) (700,4400.840201776819)
humanPositionY[0]:
[0]: (0,0) (0,163.5) (1,163.5) (1,188.9679078844919) (9.043791779316939,188.9679078844919) (9.043791779316939,188.479046668909) (10.04379177931694,188.479046668909) (10.04379177931694,187.9901854533261) (11.04379177931694,187.9901854533261) (11.04379177931694,187.5013242377432) (12.04379177931694,187.5013242377432) (12.04379177931694,187.0124630221603) (13.04379177931694,187.0124630221603) (13.04379177931694,186.5236018065774) (14.04379177931694,186.5236018065774) (14.04379177931694,186.0347405909945) (15.04379177931694,186.0347405909945) (15.04379177931694,185.5458793754117) (16.04379177931694,185.5458793754117) (16.04379177931694,185.0570181598288) (17.04379177931694,185.0570181598288) (17.04379177931694,184.5681569442459) (18.04379177931693,184.5681569442459) (18.04379177931693,184.079295728663) (19.04379177931692,184.079295728663) (19.04379177931692,183.5904345130801) (20.04379177931691,183.5904345130801) (20.04379177931691,183.1015732974972) (21.0437917793169,183.1015732974972) (21.0437917793169,182.6127120819143) (22.0437917793169,182.6127120819143) (22.0437917793169,182.1238508663315) (23.04379177931689,182.1238508663315) (23.04379177931689,181.6349896507486) (24.04379177931688,181.6349896507486) (24.04379177931688,181.1461284351657) (25.04379177931688,181.1461284351657) (25.04379177931688,180.6572672195828) (26.04379177931687,180.6572672195828) (26.04379177931687,180.1684060039999) (27.04379177931686,180.1684060039999) (27.04379177931686,179.679544788417) (28.04379177931685,179.679544788417) (28.04379177931685,179.1906835728341) (29.04379177931684,179.1906835728341) (29.04379177931684,178.7018223572512) (30.04379177931684,178.7018223572512) (30.04379177931684,178.2129611416684) (31.04379177931683,178.2129611416684) (31.04379177931683,177.7240999260855) (32.04379177931682,177.7240999260855) (32.04379177931682,177.2352387105026) (33.04379177931684,177.2352387105026) (33.04379177931684,176.7463774949197) (34.04379177931687,176.7463774949197) (34.04379177931687,176.2575162793368) (35.0437917793169,176.2575162793368) (35.0437917793169,175.7686550637539) (36.04379177931693,175.7686550637539) (36.04379177931693,175.279793848171) (37.04379177931695,175.279793848171) (37.04379177931695,174.7909326325882) (38.04379177931698,174.7909326325882) (38.04379177931698,174.3020714170053) (39.04379177931701,174.3020714170053) (39.04379177931701,173.8132102014224) (40.04379177931704,173.8132102014224) (40.04379177931704,173.3243489858395) (41.04379177931707,173.3243489858395) (41.04379177931707,172.8354877702566) (42.0437917793171,172.8354877702566) (42.0437917793171,172.3466265546737) (43.04379177931713,172.3466265546737) (43.04379177931713,171.8577653390908) (44.04379177931715,171.8577653390908) (44.04379177931715,171.3689041235079) (45.04379177931717,171.3689041235079) (45.04379177931717,170.8800429079251) (46.04379177931718,170.8800429079251) (46.04379177931718,170.3911816923422) (47.0437917793172,170.3911816923422) (47.0437917793172,169.9023204767593) (48.04379177931721,169.9023204767593) (48.04379177931721,169.4134592611764) (49.04379177931722,169.4134592611764) (49.04379177931722,168.9245980455935) (50.04379177931724,168.9245980455935) (50.04379177931724,168.4357368300106) (51.04379177931725,168.4357368300106) (51.04379177931725,167.9468756144277) (52.04379177931727,167.9468756144277) (52.04379177931727,167.4580143988449) (53.04379177931728,167.4580143988449) (53.04379177931728,166.969153183262) (54.0437917793173,166.969153183262) (54.0437917793173,166.4802919676791) (55.04379177931731,166.4802919676791) (55.04379177931731,165.9914307520962) (56.04379177931732,165.9914307520962) (56.04379177931732,165.5025695365133) (57.04379177931734,165.5025695365133) (57.04379177931734,165.0137083209304) (58.04379177931735,165.0137083209304) (58.04379177931735,164.5248471053475) (59.04379177931737,164.5248471053475) (59.04379177931737,164.0359858897646) (60.04379177931738,164.0359858897646) (60.04379177931738,163.5) (172.043791779317,163.5) (172.043791779317,189.4896220913107) (173.0437917793171,189.4896220913107) (173.0437917793171,215.4792441826214) (174.0437917793172,215.4792441826214) (174.0437917793172,241.4688662739321) (175.0437917793172,241.4688662739321) (175.0437917793172,267.4584883652428) (176.0437917793173,267.4584883652428) (176.0437917793173,293.4481104565535) (177.0437917793173,293.4481104565535) (177.0437917793173,319.4377325478642) (178.0437917793174,319.4377325478642) (178.0437917793174,345.427354639175) (179.0437917793175,345.427354639175) (179.0437917793175,371.4169767304857) (180.0437917793176,371.4169767304857) (180.0437917793176,397.4065988217964) (181.0437917793177,397.4065988217964) (181.0437917793177,423.3962209131071) (182.0437917793178,423.3962209131071) (182.0437917793178,449.3858430044178) (183.0437917793178,449.3858430044178) (183.0437917793178,475.3754650957285) (184.0437917793179,475.3754650957285) (184.0437917793179,501.3650871870392) (185.043791779318,501.3650871870392) (185.043791779318,527.3547092783499) (186.0437917793181,527.3547092783499) (186.0437917793181,553.3443313696606) (187.0437917793182,553.3443313696606) (187.0437917793182,579.3339534609713) (188.0437917793182,579.3339534609713) (188.0437917793182,605.323575552282) (189.0437917793183,605.323575552282) (189.0437917793183,631.3131976435927) (190.0437917793184,631.3131976435927) (190.0437917793184,657.3028197349034) (191.0437917793185,657.3028197349034) (191.0437917793185,683.2924418262141) (192.0437917793186,683.2924418262141) (192.0437917793186,709.2820639175249) (193.0437917793186,709.2820639175249) (193.0437917793186,735.2716860088356) (700,735.2716860088356)
robPositionX[0]:
[0]: (0,0) (0,92.5) (2,92.5) (2,97.73313175708738) (11.04379177931694,97.73313175708738) (11.04379177931694,123.7285354798977) (12.06259524180017,123.7285354798977) (12.06259524180017,149.723939202708) (13.08139870428342,149.723939202708) (13.08139870428342,175.7193429255182) (14.08139870428342,175.7193429255182) (14.08139870428342,201.7147466483285) (15.08139870428342,201.7147466483285) (15.08139870428342,227.7101503711388) (16.08139870428342,227.7101503711388) (16.08139870428342,253.7055540939491) (17.08139870428342,253.7055540939491) (17.08139870428342,279.7009578167594) (18.08139870428341,279.7009578167594) (18.08139870428341,305.6963615395697) (19.0813987042834,305.6963615395697) (19.0813987042834,331.69176526238) (20.08139870428339,331.69176526238) (20.08139870428339,357.6871689851903) (21.08139870428339,357.6871689851903) (21.08139870428339,383.6825727080006) (22.08139870428338,383.6825727080006) (22.08139870428338,409.6779764308109) (23.08139870428337,409.6779764308109) (23.08139870428337,435.6733801536212) (24.08139870428337,435.6733801536212) (24.08139870428337,461.6687838764315) (25.08139870428336,461.6687838764315) (25.08139870428336,487.6641875992418) (26.08139870428335,487.6641875992418) (26.08139870428335,513.6595913220521) (27.08139870428334,513.6595913220521) (27.08139870428334,539.6549950448623) (28.08139870428334,539.6549950448623) (28.08139870428334,565.6503987676725) (29.08139870428333,565.6503987676725) (29.08139870428333,591.6458024904828) (30.08139870428332,591.6458024904828) (30.08139870428332,617.641206213293) (31.08139870428332,617.641206213293) (31.08139870428332,643.6366099361032) (32.0813987042833,643.6366099361032) (32.0813987042833,669.6320136589135) (33.08139870428333,669.6320136589135) (33.08139870428333,695.6274173817237) (34.08139870428336,695.6274173817237) (34.08139870428336,721.622821104534) (35.08139870428339,721.622821104534) (35.08139870428339,747.6182248273442) (36.08139870428342,747.6182248273442) (36.08139870428342,773.6136285501544) (37.08139870428344,773.6136285501544) (37.08139870428344,799.6090322729647) (38.08139870428347,799.6090322729647) (38.08139870428347,825.6044359957749) (39.0813987042835,825.6044359957749) (39.0813987042835,851.5998397185851) (40.08139870428353,851.5998397185851) (40.08139870428353,877.5952434413954) (41.08139870428356,877.5952434413954) (41.08139870428356,903.5906471642056) (42.08139870428359,903.5906471642056) (42.08139870428359,929.5860508870159) (43.08139870428361,929.5860508870159) (43.08139870428361,955.5814546098261) (44.08139870428364,955.5814546098261) (44.08139870428364,981.5768583326363) (45.08139870428366,981.5768583326363) (45.08139870428366,1007.572262055447) (46.08139870428367,1007.572262055447) (46.08139870428367,1033.567665778257) (47.08139870428369,1033.567665778257) (47.08139870428369,1059.563069501067) (48.0813987042837,1059.563069501067) (48.0813987042837,1085.558473223878) (49.08139870428371,1085.558473223878) (49.08139870428371,1111.553876946688) (50.08139870428373,1111.553876946688) (50.08139870428373,1137.549280669498) (51.08139870428374,1137.549280669498) (51.08139870428374,1163.544684392309) (52.08139870428376,1163.544684392309) (52.08139870428376,1189.540088115119) (53.08139870428377,1189.540088115119) (53.08139870428377,1215.535491837929) (54.08139870428379,1215.535491837929) (54.08139870428379,1241.53089556074) (55.0813987042838,1241.53089556074) (55.0813987042838,1267.52629928355) (56.08139870428381,1267.52629928355) (56.08139870428381,1293.52170300636) (57.08139870428383,1293.52170300636) (57.08139870428383,1319.517106729171) (58.08139870428384,1319.517106729171) (58.08139870428384,1345.512510451981) (59.08139870428386,1345.512510451981) (59.08139870428386,1371.507914174791) (60.08139870428387,1371.507914174791) (60.08139870428387,1397.503317897602) (61.09412956114304,1397.503317897602) (61.09412956114304,1423.501210954746) (62.10274877882225,1423.501210954746) (62.10274877882225,1449.500245178851) (63.10858421959016,1449.500245178851) (63.10858421959016,1475.499802499311) (64.11253495063845,1475.499802499311) (64.11253495063845,1501.499599591989) (65.11520968305859,1501.499599591989) (65.11520968305859,1527.499506587529) (66.11702053438084,1527.499506587529) (66.11702053438084,1553.499463958168) (67.11824651908906,1553.499463958168) (67.11824651908906,1579.49944441867) (68.11907653653903,1579.49944441867) (68.11907653653903,1605.499435462594) (69.11963847576877,1605.499435462594) (69.11963847576877,1631.49943135751) (70.12001892040209,1631.49943135751) (70.12001892040209,1657.499429475914) (71.12027648938529,1657.499429475914) (71.12027648938529,1683.499428613471) (72.12045086897892,1683.499428613471) (72.12045086897892,1709.499428218164) (73.12056892761322,1709.499428218164) (73.12056892761322,1735.499428036972) (74.1206488557806,1735.499428036972) (74.1206488557806,1761.499427953921) (75.1207029688217,1761.499427953921) (75.1207029688217,1787.499427915854) (76.12073960448335,1787.499427915854) (76.12073960448335,1813.499427898406) (77.12076440759481,1813.499427898406) (77.12076440759481,1839.499427890409) (78.12078119982166,1839.499427890409) (78.12078119982166,1865.499427886743) (79.12079256849943,1865.499427886743) (79.12079256849943,1891.499427885063) (80.12080026533499,1891.499427885063) (80.12080026533499,1917.499427884293) (81.12080547624778,1917.499427884293) (81.12080547624778,1943.499427883939) (82.12080900414287,1943.499427883939) (82.12080900414287,1969.499427883778) (83.12081139260884,1969.499427883778) (83.12081139260884,1995.499427883703) (84.12081300964226,1995.499427883703) (84.12081300964226,2021.499427883669) (85.12081410444665,2021.499427883669) (85.12081410444665,2047.499427883654) (86.12081484562023,2047.499427883654) (86.12081484562023,2073.499427883647) (87.12081534741553,2073.499427883647) (87.12081534741553,2099.499427883643) (88.12081568721423,2099.499427883643) (88.12081568721423,2125.499427883642) (89.12081591758054,2125.499427883642) (89.12081591758054,2151.499427883641) (90.12081607243789,2151.499427883641) (90.12081607243789,2177.499427883641) (91.12081617674596,2177.499427883641) (91.12081617674596,2203.499427883641) (92.12081624974638,2203.499427883641) (92.12081624974638,2229.499427883641) (93.12081629916787,2229.499427883641) (93.12081629916787,2255.499427883641) (94.12081633248782,2255.499427883641) (94.12081633248782,2281.499427883641) (95.12081635356118,2281.499427883641) (95.12081635356118,2307.499427883641) (96.12081635356112,2307.499427883641) (96.12081635356112,2333.499427883641) (97.12081635356107,2333.499427883641) (97.12081635356107,2359.499427883641) (98.12081635356101,2359.499427883641) (98.12081635356101,2385.499427883641) (99.12081635356095,2385.499427883641) (99.12081635356095,2411.499427883641) (100.1208163535609,2411.499427883641) (100.1208163535609,2437.499427883641) (101.1208163535608,2437.499427883641) (101.1208163535608,2463.499427883641) (102.1208163535608,2463.499427883641) (102.1208163535608,2489.499427883641) (103.1208163535607,2489.499427883641) (103.1208163535607,2515.499427883641) (104.1208163535607,2515.499427883641) (104.1208163535607,2541.499427883641) (105.1208163535606,2541.499427883641) (105.1208163535606,2567.499427883641) (106.1208163535606,2567.499427883641) (106.1208163535606,2593.499427883641) (107.1208163535605,2593.499427883641) (107.1208163535605,2619.499427883641) (108.1208163535604,2619.499427883641) (108.1208163535604,2645.499427883641) (109.1208163535604,2645.499427883641) (109.1208163535604,2671.499427883641) (110.1208163535603,2671.499427883641) (110.1208163535603,2697.499427883641) (111.1208163535603,2697.499427883641) (111.1208163535603,2723.499427883641) (112.1208163535602,2723.499427883641) (112.1208163535602,2749.499427883641) (113.1208163535602,2749.499427883641) (113.1208163535602,2775.499427883641) (114.1208163535601,2775.499427883641) (114.1208163535601,2801.499427883641) (115.12081635356,2801.499427883641) (115.12081635356,2827.499427883641) (116.12081635356,2827.499427883641) (116.12081635356,2853.499427883641) (117.1208163535599,2853.499427883641) (117.1208163535599,2879.499427883641) (118.1208163535599,2879.499427883641) (118.1208163535599,2905.499427883641) (119.1208163535598,2905.499427883641) (119.1208163535598,2931.499427883641) (120.1208163535598,2931.499427883641) (120.1208163535598,2957.499427883641) (121.1208163535597,2957.499427883641) (121.1208163535597,2983.499427883641) (122.1208163535596,2983.499427883641) (122.1208163535596,3009.499427883641) (123.1208163535596,3009.499427883641) (123.1208163535596,3035.499427883641) (124.1208163535595,3035.499427883641) (124.1208163535595,3061.499427883641) (125.1208163535595,3061.499427883641) (125.1208163535595,3087.499427883641) (126.1208163535594,3087.499427883641) (126.1208163535594,3113.499427883641) (127.1208163535594,3113.499427883641) (127.1208163535594,3139.499427883641) (128.1208163535593,3139.499427883641) (128.1208163535593,3165.499427883641) (129.1208163535593,3165.499427883641) (129.1208163535593,3191.499427883641) (130.1208163535594,3191.499427883641) (130.1208163535594,3217.499427883641) (131.1208163535595,3217.499427883641) (131.1208163535595,3243.499427883641) (132.1208163535595,3243.499427883641) (132.1208163535595,3269.499427883641) (133.1208163535596,3269.499427883641) (133.1208163535596,3295.499427883641) (134.1208163535596,3295.499427883641) (134.1208163535596,3321.499427883641) (135.1208163535597,3321.499427883641) (135.1208163535597,3347.499427883641) (136.1208163535597,3347.499427883641) (136.1208163535597,3373.499427883641) (137.1208163535598,3373.499427883641) (137.1208163535598,3399.499427883641) (138.1208163535599,3399.499427883641) (138.1208163535599,3425.499427883641) (139.1208163535599,3425.499427883641) (139.1208163535599,3451.499427883641) (140.12081635356,3451.499427883641) (140.12081635356,3477.499427883641) (141.12081635356,3477.499427883641) (141.12081635356,3503.499427883641) (142.1208163535601,3503.499427883641) (142.1208163535601,3529.499427883641) (143.1208163535601,3529.499427883641) (143.1208163535601,3555.499427883641) (144.1208163535602,3555.499427883641) (144.1208163535602,3581.499427883641) (145.1208163535603,3581.499427883641) (145.1208163535603,3607.499427883641) (146.1208163535603,3607.499427883641) (146.1208163535603,3633.499427883641) (147.1208163535604,3633.499427883641) (147.1208163535604,3659.499427883641) (148.1208163535604,3659.499427883641) (148.1208163535604,3685.499427883641) (149.1208163535605,3685.499427883641) (149.1208163535605,3711.499427883641) (150.1208163535605,3711.499427883641) (150.1208163535605,3737.499427883641) (151.1208163535606,3737.499427883641) (151.1208163535606,3763.499427883641) (152.1208163535607,3763.499427883641) (152.1208163535607,3789.499427883641) (153.1208163535607,3789.499427883641) (153.1208163535607,3815.499427883641) (154.1208163535608,3815.499427883641) (154.1208163535608,3841.499427883641) (155.1208163535608,3841.499427883641) (155.1208163535608,3867.499427883641) (156.1208163535609,3867.499427883641) (156.1208163535609,3893.499427883641) (157.1208163535609,3893.499427883641) (157.1208163535609,3919.499427883641) (158.120816353561,3919.499427883641) (158.120816353561,3945.499427883641) (159.1208163535611,3945.499427883641) (159.1208163535611,3971.499427883641) (160.1208163535611,3971.499427883641) (160.1208163535611,3997.499427883641) (161.1208163535612,3997.499427883641) (161.1208163535612,4023.499427883641) (162.1208163535612,4023.499427883641) (162.1208163535612,4049.499427883641) (163.1208163535613,4049.499427883641) (163.1208163535613,4075.499427883641) (164.1208163535613,4075.499427883641) (164.1208163535613,4101.49942788364) (165.1208163535614,4101.49942788364) (165.1208163535614,4127.49942788364) (166.1208163535615,4127.49942788364) (166.1208163535615,4153.49942788364) (167.1208163535615,4153.49942788364) (167.1208163535615,4179.49942788364) (168.1208163535616,4179.49942788364) (168.1208163535616,4205.49942788364) (169.1208163535616,4205.49942788364) (169.1208163535616,4231.49942788364) (170.1208163535617,4231.49942788364) (170.1208163535617,4257.49942788364) (171.1208163535617,4257.49942788364) (171.1208163535617,4283.49942788364) (172.1208163535618,4283.49942788364) (172.1208163535618,4309.49942788364) (173.3595981493168,4309.49942788364) (173.3595981493168,4334.761725317672) (174.8757142462302,4334.761725317672) (174.8757142462302,4357.375029374853) (176.6745714254036,4357.375029374853) (176.6745714254036,4371.80338971305) (178.8102790686971,4371.80338971305) (178.8102790686971,4380.472858151295) (181.1185775276018,4380.472858151295) (181.1185775276018,4385.010512952947) (183.5447175753481,4385.010512952947) (183.5447175753481,4388.172157803916) (186.0134188033709,4388.172157803916) (186.0134188033709,4390.428283375573) (188.5107858388987,4390.428283375573) (188.5107858388987,4391.835488330516) (191.0352510013515,4391.835488330516) (191.0352510013515,4392.871718959358) (193.5720888394734,4392.871718959358) (193.5720888394734,4393.515439372457) (196.1220440595496,4393.515439372457) (196.1220440595496,4394.057268921059) (198.6719992796258,4394.057268921059) (198.6719992796258,4394.599098469662) (201.221954499702,4394.599098469662) (201.221954499702,4395.140928018264) (203.7719097197782,4395.140928018264) (203.7719097197782,4395.682757566867) (206.3218649398544,4395.682757566867) (206.3218649398544,4396.224587115469) (208.8718201599306,4396.224587115469) (208.8718201599306,4396.766416664072) (211.4217753800068,4396.766416664072) (211.4217753800068,4397.308246212675) (213.971730600083,4397.308246212675) (213.971730600083,4397.850075761278) (216.5216858201592,4397.850075761278) (216.5216858201592,4398.391905309881) (219.0716410402354,4398.391905309881) (219.0716410402354,4398.933734858484) (221.6215962603116,4398.933734858484) (221.6215962603116,4399.475564407086) (224.1715514803879,4399.475564407086) (224.1715514803879,4400.01739395569) (226.7215067004641,4400.01739395569) (226.7215067004641,4400.559223504292) (229.2714619205402,4400.559223504292) (229.2714619205402,4400.840201776819) (700,4400.840201776819)
robPositionY[0]:
[0]: (0,0) (0,163.5) (2,163.5) (2,188.9679078844919) (11.04379177931694,188.9679078844919) (11.04379177931694,188.479046668909) (12.06259524180017,188.479046668909) (12.06259524180017,187.9901854533262) (13.08139870428342,187.9901854533262) (13.08139870428342,187.5013242377433) (14.08139870428342,187.5013242377433) (14.08139870428342,187.0124630221605) (15.08139870428342,187.0124630221605) (15.08139870428342,186.5236018065776) (16.08139870428342,186.5236018065776) (16.08139870428342,186.0347405909947) (17.08139870428342,186.0347405909947) (17.08139870428342,185.5458793754118) (18.08139870428341,185.5458793754118) (18.08139870428341,185.0570181598289) (19.0813987042834,185.0570181598289) (19.0813987042834,184.568156944246) (20.08139870428339,184.568156944246) (20.08139870428339,184.0792957286631) (21.08139870428339,184.0792957286631) (21.08139870428339,183.5904345130803) (22.08139870428338,183.5904345130803) (22.08139870428338,183.1015732974974) (23.08139870428337,183.1015732974974) (23.08139870428337,182.6127120819145) (24.08139870428337,182.6127120819145) (24.08139870428337,182.1238508663316) (25.08139870428336,182.1238508663316) (25.08139870428336,181.6349896507487) (26.08139870428335,181.6349896507487) (26.08139870428335,181.1461284351658) (27.08139870428334,181.1461284351658) (27.08139870428334,180.6572672195829) (28.08139870428334,180.6572672195829) (28.08139870428334,180.168406004) (29.08139870428333,180.168406004) (29.08139870428333,179.6795447884172) (30.08139870428332,179.6795447884172) (30.08139870428332,179.1906835728343) (31.08139870428332,179.1906835728343) (31.08139870428332,178.7018223572514) (32.0813987042833,178.7018223572514) (32.0813987042833,178.2129611416685) (33.08139870428333,178.2129611416685) (33.08139870428333,177.7240999260856) (34.08139870428336,177.7240999260856) (34.08139870428336,177.2352387105027) (35.08139870428339,177.2352387105027) (35.08139870428339,176.7463774949198) (36.08139870428342,176.7463774949198) (36.08139870428342,176.257516279337) (37.08139870428344,176.257516279337) (37.08139870428344,175.7686550637541) (38.08139870428347,175.7686550637541) (38.08139870428347,175.2797938481712) (39.0813987042835,175.2797938481712) (39.0813987042835,174.7909326325883) (40.08139870428353,174.7909326325883) (40.08139870428353,174.3020714170054) (41.08139870428356,174.3020714170054) (41.08139870428356,173.8132102014225) (42.08139870428359,173.8132102014225) (42.08139870428359,173.3243489858396) (43.08139870428361,173.3243489858396) (43.08139870428361,172.8354877702567) (44.08139870428364,172.8354877702567) (44.08139870428364,172.3466265546739) (45.08139870428366,172.3466265546739) (45.08139870428366,171.857765339091) (46.08139870428367,171.857765339091) (46.08139870428367,171.3689041235081) (47.08139870428369,171.3689041235081) (47.08139870428369,170.8800429079252) (48.0813987042837,170.8800429079252) (48.0813987042837,170.3911816923423) (49.08139870428371,170.3911816923423) (49.08139870428371,169.9023204767594) (50.08139870428373,169.9023204767594) (50.08139870428373,169.4134592611765) (51.08139870428374,169.4134592611765) (51.08139870428374,168.9245980455937) (52.08139870428376,168.9245980455937) (52.08139870428376,168.4357368300108) (53.08139870428377,168.4357368300108) (53.08139870428377,167.9468756144279) (54.08139870428379,167.9468756144279) (54.08139870428379,167.458014398845) (55.0813987042838,167.458014398845) (55.0813987042838,166.9691531832621) (56.08139870428381,166.9691531832621) (56.08139870428381,166.4802919676792) (57.08139870428383,166.4802919676792) (57.08139870428383,165.9914307520963) (58.08139870428384,165.9914307520963) (58.08139870428384,165.5025695365134) (59.08139870428386,165.5025695365134) (59.08139870428386,165.0137083209306) (60.08139870428387,165.0137083209306) (60.08139870428387,164.5248471053477) (61.09412956114304,164.5248471053477) (61.09412956114304,164.1938537681208) (62.10274877882225,164.1938537681208) (62.10274877882225,163.969756883213) (63.10858421959016,163.969756883213) (63.10858421959016,163.8180362843253) (64.11253495063845,163.8180362843253) (64.11253495063845,163.7153175442811) (65.11520968305859,163.7153175442811) (65.11520968305859,163.6457745842783) (66.11702053438084,163.6457745842783) (66.11702053438084,163.5986924756321) (67.11824651908906,163.5986924756321) (67.11824651908906,163.566816881204) (68.11907653653903,163.566816881204) (68.11907653653903,163.545236429983) (69.11963847576877,163.545236429983) (69.11963847576877,163.5306260107791) (70.12001892040209,163.5306260107791) (70.12001892040209,163.5207344505516) (71.12027648938529,163.5207344505516) (71.12027648938529,163.5140376570627) (72.12045086897892,163.5140376570627) (72.12045086897892,163.5095037876518) (73.12056892761322,163.5095037876518) (73.12056892761322,163.5064342631685) (74.1206488557806,163.5064342631685) (74.1206488557806,163.5043561308182) (75.1207029688217,163.5043561308182) (75.1207029688217,163.5029491917491) (76.12073960448335,163.5029491917491) (76.12073960448335,163.5019966645455) (77.12076440759481,163.5019966645455) (77.12076440759481,163.5013517836466) (78.12078119982166,163.5013517836466) (78.12078119982166,163.5009151857469) (79.12079256849943,163.5009151857469) (79.12079256849943,163.5006196001235) (80.12080026533499,163.5006196001235) (80.12080026533499,163.5004194823974) (81.12080547624778,163.5004194823974) (81.12080547624778,163.5002839986634) (82.12080900414287,163.5002839986634) (82.12080900414287,163.5001922733894) (83.12081139260884,163.5001922733894) (83.12081139260884,163.5001301732726) (84.12081300964226,163.5001301732726) (84.12081300964226,163.5000881304022) (85.12081410444665,163.5000881304022) (85.12081410444665,163.5000596654866) (86.12081484562023,163.5000596654866) (86.12081484562023,163.5000403949721) (87.12081534741553,163.5000403949721) (87.12081534741553,163.5000273482928) (88.12081568721423,163.5000273482928) (88.12081568721423,163.5000185135251) (89.12081591758054,163.5000185135251) (89.12081591758054,163.5000125239997) (90.12081607243789,163.5000125239997) (90.12081607243789,163.5000084977071) (91.12081617674596,163.5000084977071) (91.12081617674596,163.5000057856957) (92.12081624974638,163.5000057856957) (92.12081624974638,163.5000038876832) (93.12081629916787,163.5000038876832) (93.12081629916787,163.5000026027226) (94.12081633248782,163.5000026027226) (94.12081633248782,163.5000017364024) (95.12081635356118,163.5000017364024) (95.12081635356118,163.5000011884933) (96.12081635356112,163.5000011884933) (96.12081635356112,163.5000006405843) (173.3595981493168,163.5000006405843) (173.3595981493168,169.6494988603188) (174.8757142462302,169.6494988603188) (174.8757142462302,182.4806515605829) (176.6745714254036,182.4806515605829) (176.6745714254036,204.1098544573876) (178.8102790686971,204.1098544573876) (178.8102790686971,228.6218987825405) (181.1185775276018,228.6218987825405) (181.1185775276018,254.2228692504944) (183.5447175753481,254.2228692504944) (183.5447175753481,280.0299225855101) (186.0134188033709,280.0299225855101) (186.0134188033709,305.9318510350467) (188.5107858388987,305.9318510350467) (188.5107858388987,331.8937418408948) (191.0352510013515,331.8937418408948) (191.0352510013515,357.873084135954) (193.5720888394734,357.873084135954) (193.5720888394734,383.8651141457428) (196.1220440595496,383.8651141457428) (196.1220440595496,409.8594677776426) (198.6719992796258,409.8594677776426) (198.6719992796258,435.8538214095424) (201.221954499702,435.8538214095424) (201.221954499702,461.8481750414421) (203.7719097197782,461.8481750414421) (203.7719097197782,487.8425286733419) (206.3218649398544,487.8425286733419) (206.3218649398544,513.8368823052417) (208.8718201599306,513.8368823052417) (208.8718201599306,539.8312359371415) (211.4217753800068,539.8312359371415) (211.4217753800068,565.8255895690413) (213.971730600083,565.8255895690413) (213.971730600083,591.8199432009411) (216.5216858201592,591.8199432009411) (216.5216858201592,617.8142968328409) (219.0716410402354,617.8142968328409) (219.0716410402354,643.8086504647407) (221.6215962603116,643.8086504647407) (221.6215962603116,669.8030040966405) (224.1715514803879,669.8030040966405) (224.1715514803879,695.7973577285403) (226.7215067004641,695.7973577285403) (226.7215067004641,721.7917113604401) (229.2714619205402,721.7917113604401) (229.2714619205402,735.2716860088356) (700,735.2716860088356)
batteryCharge[0]:
[0]: (0,100) (700,100)
user_guided_transport.end:
[0]: (0,0) (231.2714619205393,0) (231.2714619205393,1) (700,1)
[2K
Verifying formula 5 at /nta/queries/query[5]/formula
 -- Formula: simulate[<=700]{robot_inventory[0][0], user_guided_transport.end*2}
[2K -- Formula is satisfied.
robot_inventory[0][0]:
[0]: (0,0) (10.557098537156,0) (10.557098537156,1) (700,1)
user_guided_transport.end * 2:
[0]: (0,0) (233.7659652158953,0) (233.7659652158953,2) (700,2)
[2K
Verifying formula 6 at /nta/queries/query[6]/formula
 -- Formula: simulate[<=700]{bedroom[0], bedroom[1], kitchen[0], kitchen[1]}
[2K -- Formula is satisfied.
bedroom[0]:
[0]: (0,100) (700,100)
bedroom[1]:
[0]: (0,200) (700,200)
kitchen[0]:
[0]: (0,4400) (700,4400)
kitchen[1]:
[0]: (0,765) (700,765)
[2K
Verifying formula 7 at /nta/queries/query[7]/formula
 -- Formula: simulate[<=700]{rm_1.idle, rf_1.idle, rp_1.idle, rd_1.idle}
[2K -- Formula is satisfied.
rm_1.idle:
[0]: (0,0) (0,1) (0,0) (3,0) (3,1) (700,1)
rf_1.idle:
[0]: (0,0) (0,1) (8.286041548818124,1) (8.286041548818124,0) (230.5137116900478,0) (230.5137116900478,1) (700,1)
rp_1.idle:
[0]: (0,0) (0,1) (2,1) (2,0) (8.286041548818124,0) (8.286041548818124,1) (700,1)
rd_1.idle:
[0]: (0,0) (0,1) (700,1)
[2K
Verifying formula 8 at /nta/queries/query[8]/formula
 -- Formula: Pr[<=700](<>!rm_1.idle || !rf_1.idle || !rp_1.idle || !rd_1.idle)
[2K -- Formula is satisfied.
(72/72 runs) Pr(<> …) in [0.950056,1] (95% CI)
Values in [0,0] mean=0 steps=2.22045e-16: 72
[2K
Verifying formula 9 at /nta/queries/query[9]/formula
 -- Formula: Pr[<=700]([] (user_guided_transport.end imply (rm_1.idle && rf_1.idle && rp_1.idle && rd_1.idle)))
 -- Throughput: 570417 runs/sec, Load: 333 runs[K
[2K -- Formula is satisfied.
(72/72 runs) Pr([] …) in [0.950056,1] (95% CI)
[2K
Verifying formula 10 at /nta/queries/query[10]/formula
 -- Formula: Pr[<=700] (<> pow(humanPositionX[0] - kitchen[0], 2) + pow(humanPositionY[0] - kitchen[1], 2) <= 900 )
[2K -- Formula is satisfied.
(99/101 runs) Pr(<> …) in [0.930295,0.997593] (95% CI)
Values in [192.069,196.962] mean=194.549 steps=0.489254: 12 9 9 13 11 4 7 8 9 17
[2K
Verifying formula 11 at /nta/queries/query[11]/formula
 -- Formula: Pr[<=700] (<> pow(humanPositionX[0] - bedroom[0], 2) + pow(humanPositionY[0] - bedroom[1], 2) <= 900 )
[2K -- Formula is satisfied.
(72/72 runs) Pr(<> …) in [0.950056,1] (95% CI)
Values in [1,1] mean=1 steps=2.22045e-16: 72
[2K
Verifying formula 12 at /nta/queries/query[12]/formula
 -- Formula: Pr[<=700] (<> pow(robPositionX[0] - bedroom[0], 2) + pow(robPositionY[0] - bedroom[1], 2) <= 900 )
[2K -- Formula is satisfied.
(72/72 runs) Pr(<> …) in [0.950056,1] (95% CI)
Values in [2,2] mean=2 steps=2.22045e-16: 72
[2K
Verifying formula 13 at /nta/queries/query[13]/formula
 -- Formula: Pr[<=700] (<> !isValidPosition(humanPositionX[0], humanPositionY[0]))
[2K -- Formula is satisfied.
(72/72 runs) Pr(<> …) in [0.950056,1] (95% CI)
Values in [0,0] mean=0 steps=2.22045e-16: 72
[2K
Verifying formula 14 at /nta/queries/query[14]/formula
 -- Formula: Pr[<=700] (<> !isValidPosition(robPositionX[0], robPositionY[0]))
[2K -- Formula is satisfied.
(72/72 runs) Pr(<> …) in [0.950056,1] (95% CI)
Values in [0,0] mean=0 steps=2.22045e-16: 72
[2K
Verifying formula 15 at /nta/queries/query[15]/formula
 -- Formula: Pr[<=700] (<> currP > 2)
 -- Throughput: 582058 runs/sec, Load: 334 runs[K
[2K -- Formula is satisfied.
(0/72 runs) Pr(<> …) in [0,0.0499441] (95% CI)
