Options for the verification:
  Generating no trace
  Search order is breadth first
  Using conservative space optimisation
  Seed is 1783177162
  State space representation uses minimal constraint systems with future testing
  Using HashMap + Compress integers for discrete state storage
[2K
Verifying formula 1 at /nta/queries/query[1]/formula
 -- Formula: simulate[<=700]{Coffee_Delivery_rm_1_def.s1_start, Coffee_Delivery_rm_1_def.s1_end, Coffee_Delivery_rm_1_def.s2_start, Coffee_Delivery_rm_1_def.s2_end, Coffee_Delivery_rm_1_def.s3_start, Coffee_Delivery_rm_1_def.s3_end, Coffee_Delivery_rm_1_def.s4_start, Coffee_Delivery_rm_1_def.s4_end, Coffee_Delivery_rm_1_def.s5_start, Coffee_Delivery_rm_1_def.s5_end, Coffee_Delivery.end}
[2K -- Formula is satisfied.
Coffee_Delivery_rm_1_def.s1_start:
[0]: (0,0) (0,1) (0,0) (700.000002,0)
Coffee_Delivery_rm_1_def.s1_end:
[0]: (0,0) (67.5767397931244,0) (67.5767397931244,1) (67.5767397931244,0) (700.000002,0)
Coffee_Delivery_rm_1_def.s2_start:
[0]: (0,0) (67.5767397931244,0) (67.5767397931244,1) (67.5767397931244,0) (700.000002,0)
Coffee_Delivery_rm_1_def.s2_end:
[0]: (0,0) (75.39037190464339,0) (75.39037190464339,1) (75.39037190464339,0) (700.000002,0)
Coffee_Delivery_rm_1_def.s3_start:
[0]: (0,0) (75.39037190464339,0) (75.39037190464339,1) (75.39037190464339,0) (700.000002,0)
Coffee_Delivery_rm_1_def.s3_end:
[0]: (0,0) (144.0698269331654,0) (144.0698269331654,1) (144.0698269331654,0) (700.000002,0)
Coffee_Delivery_rm_1_def.s4_start:
[0]: (0,0) (144.0698269331654,0) (144.0698269331654,1) (144.0698269331654,0) (700.000002,0)
Coffee_Delivery_rm_1_def.s4_end:
[0]: (0,0) (149.0698269331654,0) (149.0698269331654,1) (149.0698269331654,0) (700.000002,0)
Coffee_Delivery_rm_1_def.s5_start:
[0]: (0,0) (149.0698269331654,0) (149.0698269331654,1) (149.0698269331654,0) (700.000002,0)
Coffee_Delivery_rm_1_def.s5_end:
[0]: (0,0) (149.0698269331654,0) (149.0698269331654,1) (149.0698269331654,0) (700.000002,0)
Coffee_Delivery.end:
[0]: (0,0) (151.0698269331654,0) (151.0698269331654,1) (700.000002,1)
[2K
Verifying formula 2 at /nta/queries/query[2]/formula
 -- Formula: Pr[<=700] (<> Coffee_Delivery.end)
[2K -- Formula is satisfied.
(72/72 runs) Pr(<> …) in [0.950056,1] (95% CI)
Values in [148.277,153.213] mean=150.611 steps=0.548458: 10 8 3 12 11 9 6 5 8
[2K
Verifying formula 3 at /nta/queries/query[3]/formula
 -- Formula: simulate[<=700]{humanPositionX[0], humanPositionY[0], robPositionX[0], robPositionY[0], batteryCharge[0], Coffee_Delivery.end}
[2K -- Formula is satisfied.
humanPositionX[0]:
[0]: (0,0) (0,92.5) (700.000002,92.5)
humanPositionY[0]:
[0]: (0,0) (0,163.5) (700.000002,163.5)
robPositionX[0]:
[0]: (0,0) (0,92.5) (2,92.5) (2,118.5) (3,118.5) (3,144.5) (4,144.5) (4,170.5) (5,170.5) (5,196.5) (6,196.5) (6,222.5) (7,222.5) (7,248.5) (8,248.5) (8,274.5) (9,274.5) (9,300.5) (10,300.5) (10,326.5) (11,326.5) (11,352.5) (12,352.5) (12,378.5) (13,378.5) (13,404.5) (14,404.5) (14,430.5) (15,430.5) (15,456.5) (16,456.5) (16,482.5) (17,482.5) (17,508.5) (18,508.5) (18,534.5) (19,534.5) (19,560.5) (20,560.5) (20,586.5) (21,586.5) (21,612.5) (22,612.5) (22,638.5) (23,638.5) (23,664.5) (24,664.5) (24,690.5) (25,690.5) (25,716.5) (26,716.5) (26,742.5) (27,742.5) (27,768.5) (28,768.5) (28,794.5) (29,794.5) (29,820.5) (30,820.5) (30,846.5) (31,846.5) (31,872.5) (32,872.5) (32,898.5) (33,898.5) (33,924.5) (34,924.5) (34,950.5) (35,950.5) (35,976.5) (36,976.5) (36,1002.5) (37,1002.5) (37,1028.5) (38,1028.5) (38,1054.5) (39,1054.5) (39,1080.5) (40,1080.5) (40,1106.5) (41,1106.5) (41,1132.5) (42,1132.5) (42,1158.5) (43,1158.5) (43,1184.5) (44,1184.5) (44,1210.5) (45,1210.5) (45,1236.5) (46,1236.5) (46,1262.5) (47,1262.5) (47,1288.5) (48,1288.5) (48,1314.5) (49,1314.5) (49,1340.5) (50,1340.5) (50,1366.5) (51,1366.5) (51,1392.5) (52,1392.5) (52,1418.5) (53,1418.5) (53,1444.5) (54,1444.5) (54,1452) (56.57673979312436,1452) (56.57673979312436,1451.845470785223) (57.57673979312436,1451.845470785223) (57.57673979312436,1451.690941570446) (58.57673979312436,1451.690941570446) (58.57673979312436,1451.536412355669) (59.57673979312436,1451.536412355669) (59.57673979312436,1451.381883140892) (60.57673979312436,1451.381883140892) (60.57673979312436,1451.227353926115) (61.57673979312436,1451.227353926115) (61.57673979312436,1451.072824711337) (62.57673979312436,1451.072824711337) (62.57673979312436,1450.91829549656) (63.57673979312436,1450.91829549656) (63.57673979312436,1450.763766281783) (64.5767397931244,1450.763766281783) (64.5767397931244,1450.609237067006) (65.5767397931244,1450.609237067006) (65.5767397931244,1450.454707852229) (66.5767397931244,1450.454707852229) (66.5767397931244,1450.300178637452) (67.5767397931244,1450.300178637452) (67.5767397931244,1450.145649422675) (75.11322749771932,1450.145649422675) (75.11322749771932,1450.300178637452) (77.67808035818474,1450.300178637452) (77.67808035818474,1450.454707852229) (78.67808035818476,1450.454707852229) (78.67808035818476,1450.609237067006) (79.67808035818476,1450.609237067006) (79.67808035818476,1450.763766281783) (80.67808035818474,1450.763766281783) (80.67808035818474,1450.91829549656) (81.67808035818474,1450.91829549656) (81.67808035818474,1451.072824711337) (82.67808035818472,1451.072824711337) (82.67808035818472,1451.227353926115) (83.67808035818472,1451.227353926115) (83.67808035818472,1451.381883140892) (84.67808035818472,1451.381883140892) (84.67808035818472,1451.536412355669) (85.67808035818472,1451.536412355669) (85.67808035818472,1451.690941570446) (86.67808035818472,1451.690941570446) (86.67808035818472,1451.845470785223) (87.67808035818472,1451.845470785223) (87.67808035818472,1452) (91.79268252624131,1452) (91.79268252624131,1426.009469747118) (92.79268252624131,1426.009469747118) (92.79268252624131,1400.018939494237) (93.79268252624131,1400.018939494237) (93.79268252624131,1374.028409241355) (94.79268252624131,1374.028409241355) (94.79268252624131,1348.037878988473) (95.79268252624131,1348.037878988473) (95.79268252624131,1322.047348735592) (96.79268252624131,1322.047348735592) (96.79268252624131,1296.05681848271) (97.79268252624131,1296.05681848271) (97.79268252624131,1270.066288229829) (98.79268252624131,1270.066288229829) (98.79268252624131,1244.075757976947) (99.79268252624131,1244.075757976947) (99.79268252624131,1218.085227724065) (100.7926825262413,1218.085227724065) (100.7926825262413,1192.094697471184) (101.7926825262413,1192.094697471184) (101.7926825262413,1166.104167218302) (102.7926825262413,1166.104167218302) (102.7926825262413,1140.11363696542) (103.7926825262413,1140.11363696542) (103.7926825262413,1114.123106712539) (104.7926825262413,1114.123106712539) (104.7926825262413,1088.132576459657) (105.7926825262413,1088.132576459657) (105.7926825262413,1062.142046206776) (106.7926825262413,1062.142046206776) (106.7926825262413,1036.151515953894) (107.7926825262413,1036.151515953894) (107.7926825262413,1010.160985701012) (108.7926825262413,1010.160985701012) (108.7926825262413,984.1704554481307) (109.7926825262413,984.1704554481307) (109.7926825262413,958.1799251952491) (110.7926825262413,958.1799251952491) (110.7926825262413,932.1893949423675) (111.7926825262413,932.1893949423675) (111.7926825262413,906.1988646894858) (112.7926825262413,906.1988646894858) (112.7926825262413,880.2083344366042) (113.7926825262413,880.2083344366042) (113.7926825262413,854.2178041837226) (114.7926825262413,854.2178041837226) (114.7926825262413,828.227273930841) (115.7926825262413,828.227273930841) (115.7926825262413,802.2367436779593) (116.7926825262413,802.2367436779593) (116.7926825262413,776.2462134250777) (117.7926825262413,776.2462134250777) (117.7926825262413,750.2556831721961) (118.7926825262413,750.2556831721961) (118.7926825262413,724.2651529193145) (119.7926825262413,724.2651529193145) (119.7926825262413,698.2746226664328) (120.7926825262413,698.2746226664328) (120.7926825262413,672.2840924135512) (121.7926825262413,672.2840924135512) (121.7926825262413,646.2935621606696) (122.7926825262413,646.2935621606696) (122.7926825262413,620.303031907788) (123.7926825262413,620.303031907788) (123.7926825262413,594.3125016549063) (124.7926825262413,594.3125016549063) (124.7926825262413,568.3219714020247) (125.7926825262413,568.3219714020247) (125.7926825262413,542.3314411491431) (126.7926825262413,542.3314411491431) (126.7926825262413,516.3409108962614) (127.7926825262413,516.3409108962614) (127.7926825262413,490.3503806433799) (128.7926825262414,490.3503806433799) (128.7926825262414,464.3598503904983) (129.7926825262414,464.3598503904983) (129.7926825262414,438.3693201376167) (130.7926825262414,438.3693201376167) (130.7926825262414,412.3787898847352) (131.7926825262414,412.3787898847352) (131.7926825262414,386.3882596318536) (132.7926825262414,386.3882596318536) (132.7926825262414,360.397729378972) (133.7926825262414,360.397729378972) (133.7926825262414,334.4071991260905) (134.7926825262414,334.4071991260905) (134.7926825262414,308.4166688732089) (135.7926825262414,308.4166688732089) (135.7926825262414,282.4261386203273) (136.7926825262414,282.4261386203273) (136.7926825262414,256.4356083674458) (137.7926825262414,256.4356083674458) (137.7926825262414,230.4450781145642) (138.7926825262414,230.4450781145642) (138.7926825262414,204.4545478616826) (139.7926825262414,204.4545478616826) (139.7926825262414,178.464017608801) (140.7926825262414,178.464017608801) (140.7926825262414,152.4734873559195) (141.7926825262414,152.4734873559195) (141.7926825262414,126.4829571030379) (700.000002,126.4829571030379)
robPositionY[0]:
[0]: (0,0) (0,163.5) (56.57673979312436,163.5) (56.57673979312436,189.4995407790557) (57.57673979312436,189.4995407790557) (57.57673979312436,215.4990815581114) (58.57673979312436,215.4990815581114) (58.57673979312436,241.4986223371671) (59.57673979312436,241.4986223371671) (59.57673979312436,267.4981631162228) (60.57673979312436,267.4981631162228) (60.57673979312436,293.4977038952785) (61.57673979312436,293.4977038952785) (61.57673979312436,319.4972446743342) (62.57673979312436,319.4972446743342) (62.57673979312436,345.4967854533899) (63.57673979312436,345.4967854533899) (63.57673979312436,371.4963262324455) (64.5767397931244,371.4963262324455) (64.5767397931244,397.4958670115012) (65.5767397931244,397.4958670115012) (65.5767397931244,423.4954077905569) (66.5767397931244,423.4954077905569) (66.5767397931244,449.4949485696126) (67.5767397931244,449.4949485696126) (67.5767397931244,475.4944893486683) (75.11322749771932,475.4944893486683) (75.11322749771932,449.4949485696126) (77.67808035818474,449.4949485696126) (77.67808035818474,423.4954077905569) (78.67808035818476,423.4954077905569) (78.67808035818476,397.4958670115012) (79.67808035818476,397.4958670115012) (79.67808035818476,371.4963262324455) (80.67808035818474,371.4963262324455) (80.67808035818474,345.4967854533899) (81.67808035818474,345.4967854533899) (81.67808035818474,319.4972446743342) (82.67808035818472,319.4972446743342) (82.67808035818472,293.4977038952785) (83.67808035818472,293.4977038952785) (83.67808035818472,267.4981631162228) (84.67808035818472,267.4981631162228) (84.67808035818472,241.4986223371671) (85.67808035818472,241.4986223371671) (85.67808035818472,215.4990815581114) (86.67808035818472,215.4990815581114) (86.67808035818472,189.4995407790557) (87.67808035818472,189.4995407790557) (87.67808035818472,163.5) (91.79268252624131,163.5) (91.79268252624131,164.2016674241034) (92.79268252624131,164.2016674241034) (92.79268252624131,164.9033348482068) (93.79268252624131,164.9033348482068) (93.79268252624131,165.6050022723103) (94.79268252624131,165.6050022723103) (94.79268252624131,166.3066696964137) (95.79268252624131,166.3066696964137) (95.79268252624131,167.0083371205171) (96.79268252624131,167.0083371205171) (96.79268252624131,167.7100045446205) (97.79268252624131,167.7100045446205) (97.79268252624131,168.4116719687239) (98.79268252624131,168.4116719687239) (98.79268252624131,169.1133393928274) (99.79268252624131,169.1133393928274) (99.79268252624131,169.8150068169308) (100.7926825262413,169.8150068169308) (100.7926825262413,170.5166742410342) (101.7926825262413,170.5166742410342) (101.7926825262413,171.2183416651376) (102.7926825262413,171.2183416651376) (102.7926825262413,171.920009089241) (103.7926825262413,171.920009089241) (103.7926825262413,172.6216765133445) (104.7926825262413,172.6216765133445) (104.7926825262413,173.3233439374479) (105.7926825262413,173.3233439374479) (105.7926825262413,174.0250113615513) (106.7926825262413,174.0250113615513) (106.7926825262413,174.7266787856547) (107.7926825262413,174.7266787856547) (107.7926825262413,175.4283462097581) (108.7926825262413,175.4283462097581) (108.7926825262413,176.1300136338616) (109.7926825262413,176.1300136338616) (109.7926825262413,176.831681057965) (110.7926825262413,176.831681057965) (110.7926825262413,177.5333484820684) (111.7926825262413,177.5333484820684) (111.7926825262413,178.2350159061718) (112.7926825262413,178.2350159061718) (112.7926825262413,178.9366833302752) (113.7926825262413,178.9366833302752) (113.7926825262413,179.6383507543786) (114.7926825262413,179.6383507543786) (114.7926825262413,180.3400181784821) (115.7926825262413,180.3400181784821) (115.7926825262413,181.0416856025855) (116.7926825262413,181.0416856025855) (116.7926825262413,181.7433530266889) (117.7926825262413,181.7433530266889) (117.7926825262413,182.4450204507923) (118.7926825262413,182.4450204507923) (118.7926825262413,183.1466878748957) (119.7926825262413,183.1466878748957) (119.7926825262413,183.8483552989992) (120.7926825262413,183.8483552989992) (120.7926825262413,184.5500227231026) (121.7926825262413,184.5500227231026) (121.7926825262413,185.251690147206) (122.7926825262413,185.251690147206) (122.7926825262413,185.9533575713094) (123.7926825262413,185.9533575713094) (123.7926825262413,186.6550249954128) (124.7926825262413,186.6550249954128) (124.7926825262413,187.3566924195163) (125.7926825262413,187.3566924195163) (125.7926825262413,188.0583598436197) (126.7926825262413,188.0583598436197) (126.7926825262413,188.7600272677231) (127.7926825262413,188.7600272677231) (127.7926825262413,189.4616946918265) (128.7926825262414,189.4616946918265) (128.7926825262414,190.1633621159299) (129.7926825262414,190.1633621159299) (129.7926825262414,190.8650295400334) (130.7926825262414,190.8650295400334) (130.7926825262414,191.5666969641368) (131.7926825262414,191.5666969641368) (131.7926825262414,192.2683643882402) (132.7926825262414,192.2683643882402) (132.7926825262414,192.9700318123436) (133.7926825262414,192.9700318123436) (133.7926825262414,193.671699236447) (134.7926825262414,193.671699236447) (134.7926825262414,194.3733666605505) (135.7926825262414,194.3733666605505) (135.7926825262414,195.0750340846539) (136.7926825262414,195.0750340846539) (136.7926825262414,195.7767015087573) (137.7926825262414,195.7767015087573) (137.7926825262414,196.4783689328607) (138.7926825262414,196.4783689328607) (138.7926825262414,197.1800363569641) (139.7926825262414,197.1800363569641) (139.7926825262414,197.8817037810676) (140.7926825262414,197.8817037810676) (140.7926825262414,198.583371205171) (141.7926825262414,198.583371205171) (141.7926825262414,199.2850386292744) (700.000002,199.2850386292744)
batteryCharge[0]:
[0]: (0,100) (700.000002,100)
Coffee_Delivery.end:
[0]: (0,0) (148.7926825262413,0) (148.7926825262413,1) (700.000002,1)
[2K
Verifying formula 4 at /nta/queries/query[4]/formula
 -- Formula: simulate[<=700]{robot_inventory[0][0], Coffee_Delivery.end*2}
[2K -- Formula is satisfied.
robot_inventory[0][0]:
[0]: (0,0) (73.03951263708728,0) (73.03951263708728,1) (146.7189676656093,1) (146.7189676656093,0) (700.000002,0)
Coffee_Delivery.end * 2:
[0]: (0,0) (148.7189676656093,0) (148.7189676656093,2) (700.000002,2)
[2K
Verifying formula 5 at /nta/queries/query[5]/formula
 -- Formula: simulate[<=700]{coffee_room[0], coffee_room[1], office001[0], office001[1]}
[2K -- Formula is satisfied.
coffee_room[0]:
[0]: (0,1450) (700.000002,1450)
coffee_room[1]:
[0]: (0,500) (700.000002,500)
office001[0]:
[0]: (0,100) (700.000002,100)
office001[1]:
[0]: (0,200) (700.000002,200)
[2K
Verifying formula 6 at /nta/queries/query[6]/formula
 -- Formula: simulate[<=700]{rm_1.idle, rf_1.idle, rp_1.idle, rd_1.idle}
[2K -- Formula is satisfied.
rm_1.idle:
[0]: (0,0) (0,1) (0,0) (68.57673979312466,0) (68.57673979312466,1) (72.67087284913852,1) (72.67087284913852,0) (142.3503278776602,0) (142.3503278776602,1) (146.3503278776605,1) (146.3503278776605,0) (147.3134712519375,0) (147.3134712519375,1) (700,1)
rf_1.idle:
[0]: (0,0) (0,1) (700,1)
rp_1.idle:
[0]: (0,0) (0,1) (67.5767397931244,1) (67.5767397931244,0) (72.67087284913852,0) (72.67087284913852,1) (700,1)
rd_1.idle:
[0]: (0,0) (0,1) (141.3503278776606,1) (141.3503278776606,0) (146.3503278776605,0) (146.3503278776605,1) (700,1)
[2K
Verifying formula 7 at /nta/queries/query[7]/formula
 -- Formula: Pr[<=700](<>!rm_1.idle || !rf_1.idle || !rp_1.idle || !rd_1.idle)
[2K -- Formula is satisfied.
(72/72 runs) Pr(<> …) in [0.950056,1] (95% CI)
Values in [0,0] mean=0 steps=2.22045e-16: 72
[2K
Verifying formula 8 at /nta/queries/query[8]/formula
 -- Formula: Pr[<=700]([] (Coffee_Delivery.end imply (rm_1.idle && rf_1.idle && rp_1.idle && rd_1.idle)))
[2K -- Formula is satisfied.
(72/72 runs) Pr([] …) in [0.950056,1] (95% CI)
[2K
Verifying formula 9 at /nta/queries/query[9]/formula
 -- Formula: Pr[<=700] (<> pow(robPositionX[0] - coffee_room[0], 2) + pow(robPositionY[0] - coffee_room[1], 2) <= 900 )
[2K -- Formula is satisfied.
(72/72 runs) Pr(<> …) in [0.950056,1] (95% CI)
Values in [67.5767,67.5767] mean=67.5767 steps=2.22045e-16: 72
[2K
Verifying formula 10 at /nta/queries/query[10]/formula
 -- Formula: Pr[<=700] (<> pow(robPositionX[0] - office001[0], 2) + pow(robPositionY[0] - office001[1], 2) <= 900 )
[2K -- Formula is satisfied.
(72/72 runs) Pr(<> …) in [0.950056,1] (95% CI)
Values in [141.371,146.207] mean=143.795 steps=0.537368: 7 9 9 7 12 4 6 8 10
[2K
Verifying formula 11 at /nta/queries/query[11]/formula
 -- Formula: Pr[<=700] (<> !isValidPosition(humanPositionX[0], humanPositionY[0]))
[2K -- Formula is satisfied.
(72/72 runs) Pr(<> …) in [0.950056,1] (95% CI)
Values in [0,0] mean=0 steps=2.22045e-16: 72
[2K
Verifying formula 12 at /nta/queries/query[12]/formula
 -- Formula: Pr[<=700] (<> !isValidPosition(robPositionX[0], robPositionY[0]))
[2K -- Formula is satisfied.
(72/72 runs) Pr(<> …) in [0.950056,1] (95% CI)
Values in [0,0] mean=0 steps=2.22045e-16: 72
[2K
Verifying formula 13 at /nta/queries/query[13]/formula
 -- Formula: Pr[<=700] (<> currP > 2)
[2K -- Formula is satisfied.
(0/72 runs) Pr(<> …) in [0,0.0499441] (95% CI)
