Options for the verification:
  Generating no trace
  Search order is breadth first
  Using conservative space optimisation
  Seed is 1783333793
  State space representation uses minimal constraint systems with future testing
  Using HashMap + Compress integers for discrete state storage
[2K
Verifying formula 1 at /nta/queries/query[1]/formula
 -- Formula: simulate[<=700]{user_guided_transport_human1_def.s1_start, user_guided_transport_human1_def.s1_end, user_guided_transport_human1_def.s2_start, user_guided_transport_human1_def.s2_idle, user_guided_transport_human1_def.s3_start, user_guided_transport_human1_def.s3_end, user_guided_transport.end}
[2K -- Formula is satisfied.
user_guided_transport_human1_def.s1_start:
[0]: (0,0) (0,1) (0,0) (700,0)
user_guided_transport_human1_def.s1_end:
[0]: (0,0) (1,0) (1,1) (2,1) (2,0) (700,0)
user_guided_transport_human1_def.s2_start:
[0]: (0,0) (2,0) (2,1) (2,0) (700,0)
user_guided_transport_human1_def.s2_idle:
[0]: (0,0) (2,0) (2,1) (11.4454834897311,1) (11.4454834897311,0) (700,0)
user_guided_transport_human1_def.s3_start:
[0]: (0,0) (11.4454834897311,0) (11.4454834897311,1) (11.4454834897311,0) (16.44548348973107,0) (16.44548348973107,1) (16.44548348973107,0) (21.44548348973109,0) (21.44548348973109,1) (21.44548348973109,0) (26.44548348973109,0) (26.44548348973109,1) (26.44548348973109,0) (31.4454834897311,0) (31.4454834897311,1) (31.4454834897311,0) (36.44548348973095,0) (36.44548348973095,1) (36.44548348973095,0) (41.44548348973077,0) (41.44548348973077,1) (41.44548348973077,0) (46.44548348973065,0) (46.44548348973065,1) (46.44548348973065,0) (51.44548348973058,0) (51.44548348973058,1) (51.44548348973058,0) (56.44548348973051,0) (56.44548348973051,1) (56.44548348973051,0) (61.44548348973044,0) (61.44548348973044,1) (61.44548348973044,0) (66.44548348973036,0) (66.44548348973036,1) (66.44548348973036,0) (71.44548348973029,0) (71.44548348973029,1) (71.44548348973029,0) (76.44548348973028,0) (76.44548348973028,1) (76.44548348973028,0) (81.44548348973049,0) (81.44548348973049,1) (81.44548348973049,0) (86.44548348973063,0) (86.44548348973063,1) (86.44548348973063,0) (91.44548348973078,0) (91.44548348973078,1) (91.44548348973078,0) (96.44548348973092,0) (96.44548348973092,1) (96.44548348973092,0) (101.4454834897306,0) (101.4454834897306,1) (101.4454834897306,0) (106.4454834897304,0) (106.4454834897304,1) (106.4454834897304,0) (111.4454834897301,0) (111.4454834897301,1) (111.4454834897301,0) (116.4454834897298,0) (116.4454834897298,1) (116.4454834897298,0) (121.4454834897295,0) (121.4454834897295,1) (121.4454834897295,0) (126.4454834897292,0) (126.4454834897292,1) (126.4454834897292,0) (131.4454834897293,0) (131.4454834897293,1) (131.4454834897293,0) (136.4454834897296,0) (136.4454834897296,1) (136.4454834897296,0) (141.4454834897299,0) (141.4454834897299,1) (141.4454834897299,0) (146.4454834897302,0) (146.4454834897302,1) (146.4454834897302,0) (151.4454834897305,0) (151.4454834897305,1) (151.4454834897305,0) (156.4454834897307,0) (156.4454834897307,1) (156.4454834897307,0) (161.445483489731,0) (161.445483489731,1) (161.445483489731,0) (166.4454834897313,0) (166.4454834897313,1) (166.4454834897313,0) (171.4454834897316,0) (171.4454834897316,1) (171.4454834897316,0) (176.4454834897319,0) (176.4454834897319,1) (176.4454834897319,0) (181.4454834897322,0) (181.4454834897322,1) (181.4454834897322,0) (186.4454834897327,0) (186.4454834897327,1) (186.4454834897327,0) (191.4454834897331,0) (191.4454834897331,1) (191.4454834897331,0) (196.4454834897335,0) (196.4454834897335,1) (196.4454834897335,0) (700,0)
user_guided_transport_human1_def.s3_end:
[0]: (0,0) (196.4454834897335,0) (196.4454834897335,1) (202.0633384339588,1) (202.0633384339588,0) (700,0)
user_guided_transport.end:
[0]: (0,0) (204.0633384339579,0) (204.0633384339579,1) (700,1)
[2K
Verifying formula 2 at /nta/queries/query[2]/formula
 -- Formula: simulate[<=700]{user_guided_transport_robot1_def.s1_start, user_guided_transport_robot1_def.s1_end, user_guided_transport_robot1_def.s2_start, user_guided_transport_robot1_def.s2_end, user_guided_transport_robot1_def.s3_start, user_guided_transport_robot1_def.s3_end, user_guided_transport.end}
[2K -- Formula is satisfied.
user_guided_transport_robot1_def.s1_start:
[0]: (0,0) (0,1) (0,0) (700,0)
user_guided_transport_robot1_def.s1_end:
[0]: (0,0) (2,0) (2,1) (2,0) (700,0)
user_guided_transport_robot1_def.s2_start:
[0]: (0,0) (2,0) (2,1) (2,0) (700,0)
user_guided_transport_robot1_def.s2_end:
[0]: (0,0) (8.574182285799203,0) (8.574182285799203,1) (8.574182285799203,0) (700,0)
user_guided_transport_robot1_def.s3_start:
[0]: (0,0) (8.574182285799203,0) (8.574182285799203,1) (8.574182285799203,0) (700,0)
user_guided_transport_robot1_def.s3_end:
[0]: (0,0) (199.1920372300307,0) (199.1920372300307,1) (199.1920372300307,0) (700,0)
user_guided_transport.end:
[0]: (0,0) (201.1920372300298,0) (201.1920372300298,1) (700,1)
[2K
Verifying formula 3 at /nta/queries/query[3]/formula
 -- Formula: Pr[<=700] (<> user_guided_transport.end)
[2K -- Formula is satisfied.
(72/72 runs) Pr(<> …) in [0.950056,1] (95% CI)
Values in [199.646,204.516] mean=202.2 steps=0.541076: 9 7 3 11 7 9 7 10 9
[2K
Verifying formula 4 at /nta/queries/query[4]/formula
 -- Formula: simulate[<=700]{humanPositionX[0], humanPositionY[0], robPositionX[0], robPositionY[0], batteryCharge[0], user_guided_transport.end}
[2K -- Formula is satisfied.
humanPositionX[0]:
[0]: (0,0) (0,92.5) (1,92.5) (1,97.73313175708738) (11.41430220857847,97.73313175708738) (11.41430220857847,123.7285354798977) (12.41430220857847,123.7285354798977) (12.41430220857847,149.723939202708) (13.41430220857847,149.723939202708) (13.41430220857847,175.7193429255182) (14.41430220857847,175.7193429255182) (14.41430220857847,201.7147466483285) (15.41430220857847,201.7147466483285) (15.41430220857847,227.7101503711388) (16.41430220857846,227.7101503711388) (16.41430220857846,253.7055540939491) (17.41430220857846,253.7055540939491) (17.41430220857846,279.7009578167594) (18.41430220857847,279.7009578167594) (18.41430220857847,305.6963615395697) (19.41430220857847,305.6963615395697) (19.41430220857847,331.69176526238) (20.41430220857847,331.69176526238) (20.41430220857847,357.6871689851903) (21.41430220857847,357.6871689851903) (21.41430220857847,383.6825727080006) (22.41430220857847,383.6825727080006) (22.41430220857847,409.6779764308109) (23.41430220857847,409.6779764308109) (23.41430220857847,435.6733801536212) (24.41430220857847,435.6733801536212) (24.41430220857847,461.6687838764315) (25.41430220857847,461.6687838764315) (25.41430220857847,487.6641875992418) (26.41430220857847,487.6641875992418) (26.41430220857847,513.6595913220521) (27.41430220857847,513.6595913220521) (27.41430220857847,539.6549950448623) (28.41430220857847,539.6549950448623) (28.41430220857847,565.6503987676725) (29.41430220857847,565.6503987676725) (29.41430220857847,591.6458024904828) (30.41430220857847,591.6458024904828) (30.41430220857847,617.641206213293) (31.41430220857847,617.641206213293) (31.41430220857847,643.6366099361032) (32.41430220857848,643.6366099361032) (32.41430220857848,669.6320136589135) (33.4143022085785,669.6320136589135) (33.4143022085785,695.6274173817237) (34.41430220857853,695.6274173817237) (34.41430220857853,721.622821104534) (35.41430220857856,721.622821104534) (35.41430220857856,747.6182248273442) (36.41430220857859,747.6182248273442) (36.41430220857859,773.6136285501544) (37.41430220857862,773.6136285501544) (37.41430220857862,799.6090322729647) (38.41430220857865,799.6090322729647) (38.41430220857865,825.6044359957749) (39.41430220857868,825.6044359957749) (39.41430220857868,851.5998397185851) (40.4143022085787,851.5998397185851) (40.4143022085787,877.5952434413954) (41.41430220857873,877.5952434413954) (41.41430220857873,903.5906471642056) (42.41430220857876,903.5906471642056) (42.41430220857876,929.5860508870159) (43.41430220857879,929.5860508870159) (43.41430220857879,955.5814546098261) (44.41430220857882,955.5814546098261) (44.41430220857882,981.5768583326363) (45.41430220857884,981.5768583326363) (45.41430220857884,1007.572262055447) (46.41430220857886,1007.572262055447) (46.41430220857886,1033.567665778257) (47.41430220857888,1033.567665778257) (47.41430220857888,1059.563069501067) (48.4143022085789,1059.563069501067) (48.4143022085789,1085.558473223878) (49.41430220857892,1085.558473223878) (49.41430220857892,1111.553876946688) (50.41430220857895,1111.553876946688) (50.41430220857895,1137.549280669498) (51.41430220857897,1137.549280669498) (51.41430220857897,1163.544684392309) (52.41430220857899,1163.544684392309) (52.41430220857899,1189.540088115119) (53.41430220857901,1189.540088115119) (53.41430220857901,1215.535491837929) (54.41430220857903,1215.535491837929) (54.41430220857903,1241.53089556074) (55.41430220857905,1241.53089556074) (55.41430220857905,1267.52629928355) (56.41430220857907,1267.52629928355) (56.41430220857907,1293.52170300636) (57.41430220857909,1293.52170300636) (57.41430220857909,1319.517106729171) (58.41430220857912,1319.517106729171) (58.41430220857912,1345.512510451981) (59.41430220857914,1345.512510451981) (59.41430220857914,1371.507914174791) (60.41430220857916,1371.507914174791) (60.41430220857916,1397.503317897602) (61.41430220857918,1397.503317897602) (61.41430220857918,1423.498721620412) (62.4143022085792,1423.498721620412) (62.4143022085792,1478) (63.41430220857922,1478) (63.41430220857922,1504) (64.41430220857924,1504) (64.41430220857924,1530) (65.41430220857927,1530) (65.41430220857927,1556) (66.4143022085793,1556) (66.4143022085793,1582) (67.41430220857933,1582) (67.41430220857933,1608) (68.41430220857936,1608) (68.41430220857936,1634) (69.41430220857939,1634) (69.41430220857939,1660) (70.41430220857941,1660) (70.41430220857941,1686) (71.41430220857944,1686) (71.41430220857944,1712) (72.41430220857947,1712) (72.41430220857947,1738) (73.4143022085795,1738) (73.4143022085795,1764) (74.41430220857953,1764) (74.41430220857953,1790) (75.41430220857947,1790) (75.41430220857947,1816) (76.41430220857941,1816) (76.41430220857941,1842) (77.41430220857936,1842) (77.41430220857936,1868) (78.4143022085793,1868) (78.4143022085793,1894) (79.41430220857924,1894) (79.41430220857924,1920) (80.41430220857919,1920) (80.41430220857919,1946) (81.41430220857913,1946) (81.41430220857913,1972) (82.41430220857907,1972) (82.41430220857907,1998) (83.41430220857902,1998) (83.41430220857902,2024) (84.41430220857896,2024) (84.41430220857896,2050) (85.41430220857889,2050) (85.41430220857889,2076) (86.41430220857883,2076) (86.41430220857883,2102) (87.41430220857877,2102) (87.41430220857877,2128) (88.41430220857872,2128) (88.41430220857872,2154) (89.41430220857866,2154) (89.41430220857866,2180) (90.4143022085786,2180) (90.4143022085786,2206) (91.41430220857855,2206) (91.41430220857855,2232) (92.41430220857849,2232) (92.41430220857849,2258) (93.41430220857843,2258) (93.41430220857843,2284) (94.41430220857838,2284) (94.41430220857838,2310) (95.41430220857832,2310) (95.41430220857832,2336) (96.41430220857835,2336) (96.41430220857835,2362) (97.41430220857838,2362) (97.41430220857838,2388) (98.41430220857841,2388) (98.41430220857841,2414) (99.41430220857843,2414) (99.41430220857843,2440) (100.4143022085785,2440) (100.4143022085785,2466) (101.4143022085785,2466) (101.4143022085785,2492) (102.4143022085785,2492) (102.4143022085785,2518) (103.4143022085785,2518) (103.4143022085785,2544) (104.4143022085786,2544) (104.4143022085786,2570) (105.4143022085786,2570) (105.4143022085786,2596) (106.4143022085786,2596) (106.4143022085786,2622) (107.4143022085787,2622) (107.4143022085787,2648) (108.4143022085787,2648) (108.4143022085787,2674) (109.4143022085787,2674) (109.4143022085787,2700) (110.4143022085787,2700) (110.4143022085787,2726) (111.4143022085788,2726) (111.4143022085788,2752) (112.4143022085788,2752) (112.4143022085788,2778) (113.4143022085789,2778) (113.4143022085789,2804) (114.4143022085789,2804) (114.4143022085789,2830) (115.414302208579,2830) (115.414302208579,2856) (116.414302208579,2856) (116.414302208579,2882) (117.414302208579,2882) (117.414302208579,2908) (118.4143022085791,2908) (118.4143022085791,2934) (119.4143022085791,2934) (119.4143022085791,2960) (120.4143022085792,2960) (120.4143022085792,2986) (121.4143022085792,2986) (121.4143022085792,3012) (122.4143022085793,3012) (122.4143022085793,3038) (123.4143022085793,3038) (123.4143022085793,3088.5) (124.4143022085793,3088.5) (124.4143022085793,3114.5) (125.4143022085794,3114.5) (125.4143022085794,3140.5) (126.4143022085794,3140.5) (126.4143022085794,3166.5) (127.4143022085795,3166.5) (127.4143022085795,3192.5) (128.4143022085795,3192.5) (128.4143022085795,3218.5) (129.4143022085797,3218.5) (129.4143022085797,3244.5) (130.4143022085798,3244.5) (130.4143022085798,3270.5) (131.4143022085799,3270.5) (131.4143022085799,3296.5) (132.41430220858,3296.5) (132.41430220858,3322.5) (133.4143022085801,3322.5) (133.4143022085801,3348.5) (134.4143022085802,3348.5) (134.4143022085802,3374.5) (135.4143022085804,3374.5) (135.4143022085804,3400.5) (136.4143022085805,3400.5) (136.4143022085805,3426.5) (137.4143022085806,3426.5) (137.4143022085806,3452.5) (138.4143022085807,3452.5) (138.4143022085807,3478.5) (139.4143022085808,3478.5) (139.4143022085808,3504.5) (140.4143022085809,3504.5) (140.4143022085809,3530.5) (141.414302208581,3530.5) (141.414302208581,3556.5) (142.4143022085811,3556.5) (142.4143022085811,3582.5) (143.4143022085813,3582.5) (143.4143022085813,3608.5) (144.4143022085814,3608.5) (144.4143022085814,3634.5) (145.4143022085815,3634.5) (145.4143022085815,3660.5) (146.4143022085816,3660.5) (146.4143022085816,3686.5) (147.4143022085817,3686.5) (147.4143022085817,3712.5) (148.4143022085818,3712.5) (148.4143022085818,3738.5) (149.4143022085819,3738.5) (149.4143022085819,3764.5) (150.4143022085821,3764.5) (150.4143022085821,3790.5) (151.4143022085822,3790.5) (151.4143022085822,3816.5) (152.4143022085823,3816.5) (152.4143022085823,3842.5) (153.4143022085825,3842.5) (153.4143022085825,3868.5) (154.4143022085826,3868.5) (154.4143022085826,3894.5) (155.4143022085828,3894.5) (155.4143022085828,3920.5) (156.4143022085829,3920.5) (156.4143022085829,3946.5) (157.4143022085831,3946.5) (157.4143022085831,3972.5) (158.4143022085832,3972.5) (158.4143022085832,3998.5) (159.4143022085833,3998.5) (159.4143022085833,4024.5) (160.4143022085835,4024.5) (160.4143022085835,4050.5) (161.4143022085836,4050.5) (161.4143022085836,4076.5) (162.4143022085838,4076.5) (162.4143022085838,4102.5) (163.4143022085839,4102.5) (163.4143022085839,4128.5) (164.414302208584,4128.5) (164.414302208584,4154.5) (165.4143022085842,4154.5) (165.4143022085842,4180.5) (166.4143022085843,4180.5) (166.4143022085843,4206.5) (167.4143022085845,4206.5) (167.4143022085845,4232.5) (168.4143022085846,4232.5) (168.4143022085846,4258.5) (169.4143022085848,4258.5) (169.4143022085848,4284.5) (170.4143022085849,4284.5) (170.4143022085849,4310.5) (171.414302208585,4310.5) (171.414302208585,4336.5) (172.4143022085851,4336.5) (172.4143022085851,4362.5) (173.4143022085852,4362.5) (173.4143022085852,4388.5) (174.4143022085853,4388.5) (174.4143022085853,4416.265463717128) (175.4143022085854,4416.265463717128) (175.4143022085854,4415.530927434256) (176.4143022085856,4415.530927434256) (176.4143022085856,4414.796391151384) (177.4143022085857,4414.796391151384) (177.4143022085857,4414.061854868512) (178.4143022085858,4414.061854868512) (178.4143022085858,4413.327318585641) (179.4143022085859,4413.327318585641) (179.4143022085859,4412.592782302769) (180.414302208586,4412.592782302769) (180.414302208586,4411.858246019897) (181.4143022085862,4411.858246019897) (181.4143022085862,4411.123709737025) (182.4143022085863,4411.123709737025) (182.4143022085863,4410.389173454153) (183.4143022085864,4410.389173454153) (183.4143022085864,4409.654637171281) (184.4143022085865,4409.654637171281) (184.4143022085865,4408.920100888409) (185.4143022085866,4408.920100888409) (185.4143022085866,4408.185564605537) (186.4143022085867,4408.185564605537) (186.4143022085867,4407.451028322665) (187.4143022085868,4407.451028322665) (187.4143022085868,4406.716492039794) (188.4143022085869,4406.716492039794) (188.4143022085869,4405.981955756922) (189.4143022085871,4405.981955756922) (189.4143022085871,4405.24741947405) (190.4143022085872,4405.24741947405) (190.4143022085872,4404.512883191178) (191.4143022085873,4404.512883191178) (191.4143022085873,4403.778346908306) (192.4143022085874,4403.778346908306) (192.4143022085874,4403.043810625434) (193.4143022085875,4403.043810625434) (193.4143022085875,4402.309274342562) (194.4143022085876,4402.309274342562) (194.4143022085876,4401.57473805969) (195.4143022085877,4401.57473805969) (195.4143022085877,4400.840201776819) (700,4400.840201776819)
humanPositionY[0]:
[0]: (0,0) (0,163.5) (1,163.5) (1,188.9679078844919) (11.41430220857847,188.9679078844919) (11.41430220857847,188.479046668909) (12.41430220857847,188.479046668909) (12.41430220857847,187.9901854533261) (13.41430220857847,187.9901854533261) (13.41430220857847,187.5013242377432) (14.41430220857847,187.5013242377432) (14.41430220857847,187.0124630221603) (15.41430220857847,187.0124630221603) (15.41430220857847,186.5236018065774) (16.41430220857846,186.5236018065774) (16.41430220857846,186.0347405909945) (17.41430220857846,186.0347405909945) (17.41430220857846,185.5458793754117) (18.41430220857847,185.5458793754117) (18.41430220857847,185.0570181598288) (19.41430220857847,185.0570181598288) (19.41430220857847,184.5681569442459) (20.41430220857847,184.5681569442459) (20.41430220857847,184.079295728663) (21.41430220857847,184.079295728663) (21.41430220857847,183.5904345130801) (22.41430220857847,183.5904345130801) (22.41430220857847,183.1015732974972) (23.41430220857847,183.1015732974972) (23.41430220857847,182.6127120819143) (24.41430220857847,182.6127120819143) (24.41430220857847,182.1238508663315) (25.41430220857847,182.1238508663315) (25.41430220857847,181.6349896507486) (26.41430220857847,181.6349896507486) (26.41430220857847,181.1461284351657) (27.41430220857847,181.1461284351657) (27.41430220857847,180.6572672195828) (28.41430220857847,180.6572672195828) (28.41430220857847,180.1684060039999) (29.41430220857847,180.1684060039999) (29.41430220857847,179.679544788417) (30.41430220857847,179.679544788417) (30.41430220857847,179.1906835728341) (31.41430220857847,179.1906835728341) (31.41430220857847,178.7018223572512) (32.41430220857848,178.7018223572512) (32.41430220857848,178.2129611416684) (33.4143022085785,178.2129611416684) (33.4143022085785,177.7240999260855) (34.41430220857853,177.7240999260855) (34.41430220857853,177.2352387105026) (35.41430220857856,177.2352387105026) (35.41430220857856,176.7463774949197) (36.41430220857859,176.7463774949197) (36.41430220857859,176.2575162793368) (37.41430220857862,176.2575162793368) (37.41430220857862,175.7686550637539) (38.41430220857865,175.7686550637539) (38.41430220857865,175.279793848171) (39.41430220857868,175.279793848171) (39.41430220857868,174.7909326325882) (40.4143022085787,174.7909326325882) (40.4143022085787,174.3020714170053) (41.41430220857873,174.3020714170053) (41.41430220857873,173.8132102014224) (42.41430220857876,173.8132102014224) (42.41430220857876,173.3243489858395) (43.41430220857879,173.3243489858395) (43.41430220857879,172.8354877702566) (44.41430220857882,172.8354877702566) (44.41430220857882,172.3466265546737) (45.41430220857884,172.3466265546737) (45.41430220857884,171.8577653390908) (46.41430220857886,171.8577653390908) (46.41430220857886,171.3689041235079) (47.41430220857888,171.3689041235079) (47.41430220857888,170.8800429079251) (48.4143022085789,170.8800429079251) (48.4143022085789,170.3911816923422) (49.41430220857892,170.3911816923422) (49.41430220857892,169.9023204767593) (50.41430220857895,169.9023204767593) (50.41430220857895,169.4134592611764) (51.41430220857897,169.4134592611764) (51.41430220857897,168.9245980455935) (52.41430220857899,168.9245980455935) (52.41430220857899,168.4357368300106) (53.41430220857901,168.4357368300106) (53.41430220857901,167.9468756144277) (54.41430220857903,167.9468756144277) (54.41430220857903,167.4580143988449) (55.41430220857905,167.4580143988449) (55.41430220857905,166.969153183262) (56.41430220857907,166.969153183262) (56.41430220857907,166.4802919676791) (57.41430220857909,166.4802919676791) (57.41430220857909,165.9914307520962) (58.41430220857912,165.9914307520962) (58.41430220857912,165.5025695365133) (59.41430220857914,165.5025695365133) (59.41430220857914,165.0137083209304) (60.41430220857916,165.0137083209304) (60.41430220857916,164.5248471053475) (61.41430220857918,164.5248471053475) (61.41430220857918,164.0359858897646) (62.4143022085792,164.0359858897646) (62.4143022085792,163.5) (174.4143022085853,163.5) (174.4143022085853,189.4896220913107) (175.4143022085854,189.4896220913107) (175.4143022085854,215.4792441826214) (176.4143022085856,215.4792441826214) (176.4143022085856,241.4688662739321) (177.4143022085857,241.4688662739321) (177.4143022085857,267.4584883652428) (178.4143022085858,267.4584883652428) (178.4143022085858,293.4481104565535) (179.4143022085859,293.4481104565535) (179.4143022085859,319.4377325478642) (180.414302208586,319.4377325478642) (180.414302208586,345.427354639175) (181.4143022085862,345.427354639175) (181.4143022085862,371.4169767304857) (182.4143022085863,371.4169767304857) (182.4143022085863,397.4065988217964) (183.4143022085864,397.4065988217964) (183.4143022085864,423.3962209131071) (184.4143022085865,423.3962209131071) (184.4143022085865,449.3858430044178) (185.4143022085866,449.3858430044178) (185.4143022085866,475.3754650957285) (186.4143022085867,475.3754650957285) (186.4143022085867,501.3650871870392) (187.4143022085868,501.3650871870392) (187.4143022085868,527.3547092783499) (188.4143022085869,527.3547092783499) (188.4143022085869,553.3443313696606) (189.4143022085871,553.3443313696606) (189.4143022085871,579.3339534609713) (190.4143022085872,579.3339534609713) (190.4143022085872,605.323575552282) (191.4143022085873,605.323575552282) (191.4143022085873,631.3131976435927) (192.4143022085874,631.3131976435927) (192.4143022085874,657.3028197349034) (193.4143022085875,657.3028197349034) (193.4143022085875,683.2924418262141) (194.4143022085876,683.2924418262141) (194.4143022085876,709.2820639175249) (195.4143022085877,709.2820639175249) (195.4143022085877,735.2716860088356) (700,735.2716860088356)
robPositionX[0]:
[0]: (0,0) (0,92.5) (2,92.5) (2,97.73313175708738) (12.41430220857847,97.73313175708738) (12.41430220857847,123.7285354798977) (13.43310567106172,123.7285354798977) (13.43310567106172,149.723939202708) (14.43310567106171,149.723939202708) (14.43310567106171,175.7193429255182) (15.43310567106171,175.7193429255182) (15.43310567106171,201.7147466483285) (16.4331056710617,201.7147466483285) (16.4331056710617,227.7101503711388) (17.43310567106171,227.7101503711388) (17.43310567106171,253.7055540939491) (18.43310567106171,253.7055540939491) (18.43310567106171,279.7009578167594) (19.43310567106171,279.7009578167594) (19.43310567106171,305.6963615395697) (20.43310567106171,305.6963615395697) (20.43310567106171,331.69176526238) (21.43310567106171,331.69176526238) (21.43310567106171,357.6871689851903) (22.43310567106171,357.6871689851903) (22.43310567106171,383.6825727080006) (23.43310567106171,383.6825727080006) (23.43310567106171,409.6779764308109) (24.43310567106171,409.6779764308109) (24.43310567106171,435.6733801536212) (25.43310567106171,435.6733801536212) (25.43310567106171,461.6687838764315) (26.43310567106171,461.6687838764315) (26.43310567106171,487.6641875992418) (27.43310567106171,487.6641875992418) (27.43310567106171,513.6595913220521) (28.43310567106171,513.6595913220521) (28.43310567106171,539.6549950448623) (29.43310567106171,539.6549950448623) (29.43310567106171,565.6503987676725) (30.43310567106171,565.6503987676725) (30.43310567106171,591.6458024904828) (31.43310567106171,591.6458024904828) (31.43310567106171,617.641206213293) (32.43310567106172,617.641206213293) (32.43310567106172,643.6366099361032) (33.43310567106175,643.6366099361032) (33.43310567106175,669.6320136589135) (34.43310567106177,669.6320136589135) (34.43310567106177,695.6274173817237) (35.4331056710618,695.6274173817237) (35.4331056710618,721.622821104534) (36.43310567106183,721.622821104534) (36.43310567106183,747.6182248273442) (37.43310567106186,747.6182248273442) (37.43310567106186,773.6136285501544) (38.43310567106189,773.6136285501544) (38.43310567106189,799.6090322729647) (39.43310567106192,799.6090322729647) (39.43310567106192,825.6044359957749) (40.43310567106194,825.6044359957749) (40.43310567106194,851.5998397185851) (41.43310567106197,851.5998397185851) (41.43310567106197,877.5952434413954) (42.433105671062,877.5952434413954) (42.433105671062,903.5906471642056) (43.43310567106203,903.5906471642056) (43.43310567106203,929.5860508870159) (44.43310567106206,929.5860508870159) (44.43310567106206,955.5814546098261) (45.43310567106208,955.5814546098261) (45.43310567106208,981.5768583326363) (46.4331056710621,981.5768583326363) (46.4331056710621,1007.572262055447) (47.43310567106212,1007.572262055447) (47.43310567106212,1033.567665778257) (48.43310567106214,1033.567665778257) (48.43310567106214,1059.563069501067) (49.43310567106217,1059.563069501067) (49.43310567106217,1085.558473223878) (50.43310567106219,1085.558473223878) (50.43310567106219,1111.553876946688) (51.43310567106221,1111.553876946688) (51.43310567106221,1137.549280669498) (52.43310567106223,1137.549280669498) (52.43310567106223,1163.544684392309) (53.43310567106225,1163.544684392309) (53.43310567106225,1189.540088115119) (54.43310567106227,1189.540088115119) (54.43310567106227,1215.535491837929) (55.43310567106229,1215.535491837929) (55.43310567106229,1241.53089556074) (56.43310567106231,1241.53089556074) (56.43310567106231,1267.52629928355) (57.43310567106234,1267.52629928355) (57.43310567106234,1293.52170300636) (58.43310567106236,1293.52170300636) (58.43310567106236,1319.517106729171) (59.43310567106238,1319.517106729171) (59.43310567106238,1345.512510451981) (60.4331056710624,1345.512510451981) (60.4331056710624,1371.507914174791) (61.43310567106242,1371.507914174791) (61.43310567106242,1397.503317897602) (62.43310567106244,1397.503317897602) (62.43310567106244,1423.498721620412) (63.43310567106246,1423.498721620412) (63.43310567106246,1452) (64.43310567106249,1452) (64.43310567106249,1478) (65.43310567106252,1478) (65.43310567106252,1504) (66.43310567106255,1504) (66.43310567106255,1530) (67.43310567106258,1530) (67.43310567106258,1556) (68.43310567106261,1556) (68.43310567106261,1582) (69.43310567106263,1582) (69.43310567106263,1608) (70.43310567106266,1608) (70.43310567106266,1634) (71.43310567106269,1634) (71.43310567106269,1660) (72.43310567106272,1660) (72.43310567106272,1686) (73.43310567106275,1686) (73.43310567106275,1712) (74.43310567106278,1712) (74.43310567106278,1738) (75.43310567106272,1738) (75.43310567106272,1764) (76.43310567106266,1764) (76.43310567106266,1790) (77.43310567106261,1790) (77.43310567106261,1816) (78.43310567106255,1816) (78.43310567106255,1842) (79.43310567106249,1842) (79.43310567106249,1868) (80.43310567106244,1868) (80.43310567106244,1894) (81.43310567106238,1894) (81.43310567106238,1920) (82.43310567106232,1920) (82.43310567106232,1946) (83.43310567106226,1946) (83.43310567106226,1972) (84.43310567106221,1972) (84.43310567106221,1998) (85.43310567106215,1998) (85.43310567106215,2024) (86.43310567106209,2024) (86.43310567106209,2050) (87.43310567106204,2050) (87.43310567106204,2076) (88.43310567106198,2076) (88.43310567106198,2102) (89.43310567106192,2102) (89.43310567106192,2128) (90.43310567106187,2128) (90.43310567106187,2154) (91.43310567106181,2154) (91.43310567106181,2180) (92.43310567106175,2180) (92.43310567106175,2206) (93.4331056710617,2206) (93.4331056710617,2232) (94.43310567106164,2232) (94.43310567106164,2258) (95.43310567106158,2258) (95.43310567106158,2284) (96.43310567106161,2284) (96.43310567106161,2310) (97.43310567106164,2310) (97.43310567106164,2336) (98.43310567106167,2336) (98.43310567106167,2362) (99.4331056710617,2362) (99.4331056710617,2388) (100.4331056710617,2388) (100.4331056710617,2414) (101.4331056710618,2414) (101.4331056710618,2440) (102.4331056710618,2440) (102.4331056710618,2466) (103.4331056710618,2466) (103.4331056710618,2492) (104.4331056710618,2492) (104.4331056710618,2518) (105.4331056710619,2518) (105.4331056710619,2544) (106.4331056710619,2544) (106.4331056710619,2570) (107.4331056710619,2570) (107.4331056710619,2596) (108.433105671062,2596) (108.433105671062,2622) (109.433105671062,2622) (109.433105671062,2648) (110.433105671062,2648) (110.433105671062,2674) (111.4331056710621,2674) (111.4331056710621,2700) (112.4331056710621,2700) (112.4331056710621,2726) (113.4331056710622,2726) (113.4331056710622,2752) (114.4331056710622,2752) (114.4331056710622,2778) (115.4331056710622,2778) (115.4331056710622,2804) (116.4331056710623,2804) (116.4331056710623,2830) (117.4331056710623,2830) (117.4331056710623,2856) (118.4331056710624,2856) (118.4331056710624,2882) (119.4331056710624,2882) (119.4331056710624,2908) (120.4331056710624,2908) (120.4331056710624,2934) (121.4331056710625,2934) (121.4331056710625,2960) (122.4331056710625,2960) (122.4331056710625,2986) (123.4331056710626,2986) (123.4331056710626,3012) (124.4331056710626,3012) (124.4331056710626,3038) (125.4331056710627,3038) (125.4331056710627,3062.5) (126.4331056710627,3062.5) (126.4331056710627,3088.5) (127.4331056710627,3088.5) (127.4331056710627,3114.5) (128.4331056710628,3114.5) (128.4331056710628,3140.5) (129.4331056710629,3140.5) (129.4331056710629,3166.5) (130.4331056710631,3166.5) (130.4331056710631,3192.5) (131.4331056710632,3192.5) (131.4331056710632,3218.5) (132.4331056710633,3218.5) (132.4331056710633,3244.5) (133.4331056710634,3244.5) (133.4331056710634,3270.5) (134.4331056710635,3270.5) (134.4331056710635,3296.5) (135.4331056710636,3296.5) (135.4331056710636,3322.5) (136.4331056710637,3322.5) (136.4331056710637,3348.5) (137.4331056710639,3348.5) (137.4331056710639,3374.5) (138.433105671064,3374.5) (138.433105671064,3400.5) (139.4331056710641,3400.5) (139.4331056710641,3426.5) (140.4331056710642,3426.5) (140.4331056710642,3452.5) (141.4331056710643,3452.5) (141.4331056710643,3478.5) (142.4331056710644,3478.5) (142.4331056710644,3504.5) (143.4331056710645,3504.5) (143.4331056710645,3530.5) (144.4331056710647,3530.5) (144.4331056710647,3556.5) (145.4331056710648,3556.5) (145.4331056710648,3582.5) (146.4331056710649,3582.5) (146.4331056710649,3608.5) (147.433105671065,3608.5) (147.433105671065,3634.5) (148.4331056710651,3634.5) (148.4331056710651,3660.5) (149.4331056710652,3660.5) (149.4331056710652,3686.5) (150.4331056710654,3686.5) (150.4331056710654,3712.5) (151.4331056710655,3712.5) (151.4331056710655,3738.5) (152.4331056710656,3738.5) (152.4331056710656,3764.5) (153.4331056710658,3764.5) (153.4331056710658,3790.5) (154.4331056710659,3790.5) (154.4331056710659,3816.5) (155.4331056710661,3816.5) (155.4331056710661,3842.5) (156.4331056710662,3842.5) (156.4331056710662,3868.5) (157.4331056710664,3868.5) (157.4331056710664,3894.5) (158.4331056710665,3894.5) (158.4331056710665,3920.5) (159.4331056710666,3920.5) (159.4331056710666,3946.5) (160.4331056710668,3946.5) (160.4331056710668,3972.5) (161.4331056710669,3972.5) (161.4331056710669,3998.5) (162.4331056710671,3998.5) (162.4331056710671,4024.5) (163.4331056710672,4024.5) (163.4331056710672,4050.5) (164.4331056710674,4050.5) (164.4331056710674,4076.5) (165.4331056710675,4076.5) (165.4331056710675,4102.5) (166.4331056710676,4102.5) (166.4331056710676,4128.5) (167.4331056710678,4128.5) (167.4331056710678,4154.5) (168.4331056710679,4154.5) (168.4331056710679,4180.5) (169.4331056710681,4180.5) (169.4331056710681,4206.5) (170.4331056710682,4206.5) (170.4331056710682,4232.5) (171.4331056710683,4232.5) (171.4331056710683,4258.5) (172.4331056710684,4258.5) (172.4331056710684,4284.5) (173.4331056710685,4284.5) (173.4331056710685,4310.5) (174.4331056710686,4310.5) (174.4331056710686,4336.5) (175.4331056710687,4336.5) (175.4331056710687,4362.5) (176.4331056710689,4362.5) (176.4331056710689,4388.5) (177.433105671069,4388.5) (177.433105671069,4417) (180.0321571528108,4417) (180.0321571528108,4416.265463717128) (181.032157152811,4416.265463717128) (181.032157152811,4415.530927434256) (182.0321571528111,4415.530927434256) (182.0321571528111,4414.796391151384) (183.0321571528112,4414.796391151384) (183.0321571528112,4414.061854868512) (184.0321571528113,4414.061854868512) (184.0321571528113,4413.327318585641) (185.0321571528114,4413.327318585641) (185.0321571528114,4412.592782302769) (186.0321571528115,4412.592782302769) (186.0321571528115,4411.858246019897) (187.0321571528116,4411.858246019897) (187.0321571528116,4411.123709737025) (188.0321571528117,4411.123709737025) (188.0321571528117,4410.389173454153) (189.0321571528119,4410.389173454153) (189.0321571528119,4409.654637171281) (190.032157152812,4409.654637171281) (190.032157152812,4408.920100888409) (191.0321571528121,4408.920100888409) (191.0321571528121,4408.185564605537) (192.0321571528122,4408.185564605537) (192.0321571528122,4407.451028322665) (193.0321571528123,4407.451028322665) (193.0321571528123,4406.716492039794) (194.0321571528124,4406.716492039794) (194.0321571528124,4405.981955756922) (195.0321571528125,4405.981955756922) (195.0321571528125,4405.24741947405) (196.0321571528127,4405.24741947405) (196.0321571528127,4404.512883191178) (197.0321571528128,4404.512883191178) (197.0321571528128,4403.778346908306) (198.0321571528129,4403.778346908306) (198.0321571528129,4403.043810625434) (199.032157152813,4403.043810625434) (199.032157152813,4402.309274342562) (200.0321571528131,4402.309274342562) (200.0321571528131,4401.57473805969) (201.0321571528132,4401.57473805969) (201.0321571528132,4400.840201776819) (700,4400.840201776819)
robPositionY[0]:
[0]: (0,0) (0,163.5) (2,163.5) (2,188.9679078844919) (12.41430220857847,188.9679078844919) (12.41430220857847,188.479046668909) (13.43310567106172,188.479046668909) (13.43310567106172,187.9901854533261) (14.43310567106171,187.9901854533261) (14.43310567106171,187.5013242377432) (15.43310567106171,187.5013242377432) (15.43310567106171,187.0124630221603) (16.4331056710617,187.0124630221603) (16.4331056710617,186.5236018065774) (17.43310567106171,186.5236018065774) (17.43310567106171,186.0347405909945) (18.43310567106171,186.0347405909945) (18.43310567106171,185.5458793754117) (19.43310567106171,185.5458793754117) (19.43310567106171,185.0570181598288) (20.43310567106171,185.0570181598288) (20.43310567106171,184.5681569442459) (21.43310567106171,184.5681569442459) (21.43310567106171,184.079295728663) (22.43310567106171,184.079295728663) (22.43310567106171,183.5904345130801) (23.43310567106171,183.5904345130801) (23.43310567106171,183.1015732974972) (24.43310567106171,183.1015732974972) (24.43310567106171,182.6127120819143) (25.43310567106171,182.6127120819143) (25.43310567106171,182.1238508663315) (26.43310567106171,182.1238508663315) (26.43310567106171,181.6349896507486) (27.43310567106171,181.6349896507486) (27.43310567106171,181.1461284351657) (28.43310567106171,181.1461284351657) (28.43310567106171,180.6572672195828) (29.43310567106171,180.6572672195828) (29.43310567106171,180.1684060039999) (30.43310567106171,180.1684060039999) (30.43310567106171,179.679544788417) (31.43310567106171,179.679544788417) (31.43310567106171,179.1906835728341) (32.43310567106172,179.1906835728341) (32.43310567106172,178.7018223572512) (33.43310567106175,178.7018223572512) (33.43310567106175,178.2129611416684) (34.43310567106177,178.2129611416684) (34.43310567106177,177.7240999260855) (35.4331056710618,177.7240999260855) (35.4331056710618,177.2352387105026) (36.43310567106183,177.2352387105026) (36.43310567106183,176.7463774949197) (37.43310567106186,176.7463774949197) (37.43310567106186,176.2575162793368) (38.43310567106189,176.2575162793368) (38.43310567106189,175.7686550637539) (39.43310567106192,175.7686550637539) (39.43310567106192,175.279793848171) (40.43310567106194,175.279793848171) (40.43310567106194,174.7909326325882) (41.43310567106197,174.7909326325882) (41.43310567106197,174.3020714170053) (42.433105671062,174.3020714170053) (42.433105671062,173.8132102014224) (43.43310567106203,173.8132102014224) (43.43310567106203,173.3243489858395) (44.43310567106206,173.3243489858395) (44.43310567106206,172.8354877702566) (45.43310567106208,172.8354877702566) (45.43310567106208,172.3466265546737) (46.4331056710621,172.3466265546737) (46.4331056710621,171.8577653390908) (47.43310567106212,171.8577653390908) (47.43310567106212,171.3689041235079) (48.43310567106214,171.3689041235079) (48.43310567106214,170.8800429079251) (49.43310567106217,170.8800429079251) (49.43310567106217,170.3911816923422) (50.43310567106219,170.3911816923422) (50.43310567106219,169.9023204767593) (51.43310567106221,169.9023204767593) (51.43310567106221,169.4134592611764) (52.43310567106223,169.4134592611764) (52.43310567106223,168.9245980455935) (53.43310567106225,168.9245980455935) (53.43310567106225,168.4357368300106) (54.43310567106227,168.4357368300106) (54.43310567106227,167.9468756144277) (55.43310567106229,167.9468756144277) (55.43310567106229,167.4580143988449) (56.43310567106231,167.4580143988449) (56.43310567106231,166.969153183262) (57.43310567106234,166.969153183262) (57.43310567106234,166.4802919676791) (58.43310567106236,166.4802919676791) (58.43310567106236,165.9914307520962) (59.43310567106238,165.9914307520962) (59.43310567106238,165.5025695365133) (60.4331056710624,165.5025695365133) (60.4331056710624,165.0137083209304) (61.43310567106242,165.0137083209304) (61.43310567106242,164.5248471053475) (62.43310567106244,164.5248471053475) (62.43310567106244,164.0359858897646) (63.43310567106246,164.0359858897646) (63.43310567106246,163.5) (180.0321571528108,163.5) (180.0321571528108,189.4896220913107) (181.032157152811,189.4896220913107) (181.032157152811,215.4792441826214) (182.0321571528111,215.4792441826214) (182.0321571528111,241.4688662739321) (183.0321571528112,241.4688662739321) (183.0321571528112,267.4584883652428) (184.0321571528113,267.4584883652428) (184.0321571528113,293.4481104565535) (185.0321571528114,293.4481104565535) (185.0321571528114,319.4377325478642) (186.0321571528115,319.4377325478642) (186.0321571528115,345.427354639175) (187.0321571528116,345.427354639175) (187.0321571528116,371.4169767304857) (188.0321571528117,371.4169767304857) (188.0321571528117,397.4065988217964) (189.0321571528119,397.4065988217964) (189.0321571528119,423.3962209131071) (190.032157152812,423.3962209131071) (190.032157152812,449.3858430044178) (191.0321571528121,449.3858430044178) (191.0321571528121,475.3754650957285) (192.0321571528122,475.3754650957285) (192.0321571528122,501.3650871870392) (193.0321571528123,501.3650871870392) (193.0321571528123,527.3547092783499) (194.0321571528124,527.3547092783499) (194.0321571528124,553.3443313696606) (195.0321571528125,553.3443313696606) (195.0321571528125,579.3339534609713) (196.0321571528127,579.3339534609713) (196.0321571528127,605.323575552282) (197.0321571528128,605.323575552282) (197.0321571528128,631.3131976435927) (198.0321571528129,631.3131976435927) (198.0321571528129,657.3028197349034) (199.032157152813,657.3028197349034) (199.032157152813,683.2924418262141) (200.0321571528131,683.2924418262141) (200.0321571528131,709.2820639175249) (201.0321571528132,709.2820639175249) (201.0321571528132,735.2716860088356) (700,735.2716860088356)
batteryCharge[0]:
[0]: (0,100) (700,100)
user_guided_transport.end:
[0]: (0,0) (203.0321571528123,0) (203.0321571528123,1) (700,1)
[2K
Verifying formula 5 at /nta/queries/query[5]/formula
 -- Formula: simulate[<=700]{robot_inventory[0][0], user_guided_transport.end*2}
[2K -- Formula is satisfied.
robot_inventory[0][0]:
[0]: (0,0) (7.847558618834423,0) (7.847558618834423,1) (700,1)
user_guided_transport.end * 2:
[0]: (0,0) (200.4654135630593,0) (200.4654135630593,2) (700,2)
[2K
Verifying formula 6 at /nta/queries/query[6]/formula
 -- Formula: simulate[<=700]{bedroom[0], bedroom[1], kitchen[0], kitchen[1]}
[2K -- Formula is satisfied.
bedroom[0]:
[0]: (0,100) (700,100)
bedroom[1]:
[0]: (0,200) (700,200)
kitchen[0]:
[0]: (0,4400) (700,4400)
kitchen[1]:
[0]: (0,765) (700,765)
[2K
Verifying formula 7 at /nta/queries/query[7]/formula
 -- Formula: simulate[<=700]{rm_1.idle, rf_1.idle, rp_1.idle, rd_1.idle}
[2K -- Formula is satisfied.
rm_1.idle:
[0]: (0,0) (0,1) (0,0) (3,0) (3,1) (9.077977663138881,1) (9.077977663138881,0) (200.6958326073673,0) (200.6958326073673,1) (700,1)
rf_1.idle:
[0]: (0,0) (0,1) (700,1)
rp_1.idle:
[0]: (0,0) (0,1) (2,1) (2,0) (9.077977663138881,0) (9.077977663138881,1) (700,1)
rd_1.idle:
[0]: (0,0) (0,1) (700,1)
[2K
Verifying formula 8 at /nta/queries/query[8]/formula
 -- Formula: Pr[<=700](<>!rm_1.idle || !rf_1.idle || !rp_1.idle || !rd_1.idle)
[2K -- Formula is satisfied.
(72/72 runs) Pr(<> …) in [0.950056,1] (95% CI)
Values in [0,0] mean=0 steps=2.22045e-16: 72
[2K
Verifying formula 9 at /nta/queries/query[9]/formula
 -- Formula: Pr[<=700]([] (user_guided_transport.end imply (rm_1.idle && rf_1.idle && rp_1.idle && rd_1.idle)))
 -- Throughput: 627464 runs/sec, Load: 330 runs[K
[2K -- Formula is satisfied.
(72/72 runs) Pr([] …) in [0.950056,1] (95% CI)
[2K
Verifying formula 10 at /nta/queries/query[10]/formula
 -- Formula: Pr[<=700] (<> pow(humanPositionX[0] - kitchen[0], 2) + pow(humanPositionY[0] - kitchen[1], 2) <= 900 )
[2K -- Formula is satisfied.
(72/72 runs) Pr(<> …) in [0.950056,1] (95% CI)
Values in [192.039,196.897] mean=194.444 steps=0.539712: 7 12 5 7 8 11 8 5 9
[2K
Verifying formula 11 at /nta/queries/query[11]/formula
 -- Formula: Pr[<=700] (<> pow(humanPositionX[0] - bedroom[0], 2) + pow(humanPositionY[0] - bedroom[1], 2) <= 900 )
[2K -- Formula is satisfied.
(72/72 runs) Pr(<> …) in [0.950056,1] (95% CI)
Values in [1,1] mean=1 steps=2.22045e-16: 72
[2K
Verifying formula 12 at /nta/queries/query[12]/formula
 -- Formula: Pr[<=700] (<> pow(robPositionX[0] - kitchen[0], 2) + pow(robPositionY[0] - kitchen[1], 2) <= 900 )
[2K -- Formula is satisfied.
(72/72 runs) Pr(<> …) in [0.950056,1] (95% CI)
Values in [197.666,202.381] mean=199.976 steps=0.52384: 6 4 12 8 13 12 6 7 4
[2K
Verifying formula 13 at /nta/queries/query[13]/formula
 -- Formula: Pr[<=700] (<> pow(robPositionX[0] - bedroom[0], 2) + pow(robPositionY[0] - bedroom[1], 2) <= 900 )
[2K -- Formula is satisfied.
(72/72 runs) Pr(<> …) in [0.950056,1] (95% CI)
Values in [2,2] mean=2 steps=2.22045e-16: 72
[2K
Verifying formula 14 at /nta/queries/query[14]/formula
 -- Formula: Pr[<=700] (<> !isValidPosition(humanPositionX[0], humanPositionY[0]))
[2K -- Formula is satisfied.
(72/72 runs) Pr(<> …) in [0.950056,1] (95% CI)
Values in [0,0] mean=0 steps=2.22045e-16: 72
[2K
Verifying formula 15 at /nta/queries/query[15]/formula
 -- Formula: Pr[<=700] (<> !isValidPosition(robPositionX[0], robPositionY[0]))
[2K -- Formula is satisfied.
(72/72 runs) Pr(<> …) in [0.950056,1] (95% CI)
Values in [0,0] mean=0 steps=2.22045e-16: 72
[2K
Verifying formula 16 at /nta/queries/query[16]/formula
 -- Formula: Pr[<=700] (<> currP > 2)
 -- Throughput: 622173 runs/sec, Load: 330 runs[K
[2K -- Formula is satisfied.
(0/72 runs) Pr(<> …) in [0,0.0499441] (95% CI)
