Options for the verification:
  Generating no trace
  Search order is breadth first
  Using conservative space optimisation
  Seed is 1784972497
  State space representation uses minimal constraint systems with future testing
  Using HashMap + Compress integers for discrete state storage
[2K
Verifying formula 1 at /nta/queries/query[1]/formula
 -- Formula: simulate[<=700]{user_guided_transport_human1_def.s1_start, user_guided_transport_human1_def.s1_end, user_guided_transport_human1_def.s2_start, user_guided_transport_human1_def.s2_idle, user_guided_transport_human1_def.s3_start, user_guided_transport_human1_def.s3_end, user_guided_transport.end}
[2K -- Formula is satisfied.
user_guided_transport_human1_def.s1_start:
[0]: (0,0) (0,1) (0,0) (700,0)
user_guided_transport_human1_def.s1_end:
[0]: (0,0) (1,0) (1,1) (2,1) (2,0) (700,0)
user_guided_transport_human1_def.s2_start:
[0]: (0,0) (2,0) (2,1) (2,0) (700,0)
user_guided_transport_human1_def.s2_idle:
[0]: (0,0) (2,0) (2,1) (9.927047531145231,1) (9.927047531145231,0) (700,0)
user_guided_transport_human1_def.s3_start:
[0]: (0,0) (9.927047531145231,0) (9.927047531145231,1) (9.927047531145231,0) (14.92704753114521,0) (14.92704753114521,1) (14.92704753114521,0) (19.9270475311452,0) (19.9270475311452,1) (19.9270475311452,0) (24.92704753114515,0) (24.92704753114515,1) (24.92704753114515,0) (29.9270475311451,0) (29.9270475311451,1) (29.9270475311451,0) (34.92704753114513,0) (34.92704753114513,1) (34.92704753114513,0) (39.92704753114524,0) (39.92704753114524,1) (39.92704753114524,0) (44.92704753114535,0) (44.92704753114535,1) (44.92704753114535,0) (49.92704753114528,0) (49.92704753114528,1) (49.92704753114528,0) (54.92704753114513,0) (54.92704753114513,1) (54.92704753114513,0) (59.92704753114499,0) (59.92704753114499,1) (59.92704753114499,0) (64.92704753114486,0) (64.92704753114486,1) (64.92704753114486,0) (69.92704753114475,0) (69.92704753114475,1) (69.92704753114475,0) (74.92704753114471,0) (74.92704753114471,1) (74.92704753114471,0) (79.92704753114451,0) (79.92704753114451,1) (79.92704753114451,0) (84.92704753114423,0) (84.92704753114423,1) (84.92704753114423,0) (89.92704753114394,0) (89.92704753114394,1) (89.92704753114394,0) (94.92704753114366,0) (94.92704753114366,1) (94.92704753114366,0) (99.92704753114336,0) (99.92704753114336,1) (99.92704753114336,0) (104.9270475311431,0) (104.9270475311431,1) (104.9270475311431,0) (109.9270475311428,0) (109.9270475311428,1) (109.9270475311428,0) (114.9270475311425,0) (114.9270475311425,1) (114.9270475311425,0) (119.9270475311422,0) (119.9270475311422,1) (119.9270475311422,0) (124.9270475311419,0) (124.9270475311419,1) (124.9270475311419,0) (129.9270475311419,0) (129.9270475311419,1) (129.9270475311419,0) (134.9270475311424,0) (134.9270475311424,1) (134.9270475311424,0) (139.9270475311428,0) (139.9270475311428,1) (139.9270475311428,0) (144.9270475311432,0) (144.9270475311432,1) (144.9270475311432,0) (149.9270475311436,0) (149.9270475311436,1) (149.9270475311436,0) (154.9270475311441,0) (154.9270475311441,1) (154.9270475311441,0) (159.9270475311445,0) (159.9270475311445,1) (159.9270475311445,0) (164.9270475311449,0) (164.9270475311449,1) (164.9270475311449,0) (169.9270475311453,0) (169.9270475311453,1) (169.9270475311453,0) (174.9270475311458,0) (174.9270475311458,1) (174.9270475311458,0) (179.9270475311461,0) (179.9270475311461,1) (179.9270475311461,0) (184.9270475311465,0) (184.9270475311465,1) (184.9270475311465,0) (189.9270475311469,0) (189.9270475311469,1) (189.9270475311469,0) (194.9270475311473,0) (194.9270475311473,1) (194.9270475311473,0) (700,0)
user_guided_transport_human1_def.s3_end:
[0]: (0,0) (194.9270475311473,0) (194.9270475311473,1) (231.1547176723689,1) (231.1547176723689,0) (700,0)
user_guided_transport.end:
[0]: (0,0) (233.154717672368,0) (233.154717672368,1) (700,1)
[2K
Verifying formula 2 at /nta/queries/query[2]/formula
 -- Formula: simulate[<=700]{user_guided_transport_robot1_def.s1_start, user_guided_transport_robot1_def.s1_end, user_guided_transport_robot1_def.s2_start, user_guided_transport_robot1_def.s2_end, user_guided_transport_robot1_def.s3_start, user_guided_transport_robot1_def.s3_end, user_guided_transport.end}
[2K -- Formula is satisfied.
user_guided_transport_robot1_def.s1_start:
[0]: (0,0) (0,1) (0,0) (700,0)
user_guided_transport_robot1_def.s1_end:
[0]: (0,0) (2,0) (2,1) (2,0) (700,0)
user_guided_transport_robot1_def.s2_start:
[0]: (0,0) (2,0) (2,1) (2,0) (700,0)
user_guided_transport_robot1_def.s2_end:
[0]: (0,0) (8.504843990640225,0) (8.504843990640225,1) (8.504843990640225,0) (700,0)
user_guided_transport_robot1_def.s3_start:
[0]: (0,0) (8.504843990640225,0) (8.504843990640225,1) (8.504843990640225,0) (700,0)
user_guided_transport_robot1_def.s3_end:
[0]: (0,0) (229.7137106693811,0) (229.7137106693811,1) (229.7137106693811,0) (700,0)
user_guided_transport.end:
[0]: (0,0) (231.7137106693802,0) (231.7137106693802,1) (700,1)
[2K
Verifying formula 3 at /nta/queries/query[3]/formula
 -- Formula: Pr[<=700] (<> user_guided_transport.end)
[2K -- Formula is satisfied.
(72/72 runs) Pr(<> …) in [0.950056,1] (95% CI)
Values in [230.253,235.201] mean=232.564 steps=0.549791: 9 10 6 11 9 6 9 5 7
[2K
Verifying formula 4 at /nta/queries/query[4]/formula
 -- Formula: simulate[<=700]{humanPositionX[0], humanPositionY[0], robPositionX[0], robPositionY[0], batteryCharge[0], user_guided_transport.end}
[2K -- Formula is satisfied.
humanPositionX[0]:
[0]: (0,0) (0,92.5) (1,92.5) (1,97.73313175708738) (12.73607744238454,97.73313175708738) (12.73607744238454,123.7285354798977) (13.73607744238454,123.7285354798977) (13.73607744238454,149.723939202708) (14.73607744238454,149.723939202708) (14.73607744238454,175.7193429255182) (15.73607744238454,175.7193429255182) (15.73607744238454,201.7147466483285) (16.73607744238454,201.7147466483285) (16.73607744238454,227.7101503711388) (17.73607744238455,227.7101503711388) (17.73607744238455,253.7055540939491) (18.73607744238454,253.7055540939491) (18.73607744238454,279.7009578167594) (19.73607744238454,279.7009578167594) (19.73607744238454,305.6963615395697) (20.73607744238454,305.6963615395697) (20.73607744238454,331.69176526238) (21.73607744238453,331.69176526238) (21.73607744238453,357.6871689851903) (22.73607744238453,357.6871689851903) (22.73607744238453,383.6825727080006) (23.73607744238452,383.6825727080006) (23.73607744238452,409.6779764308109) (24.73607744238451,409.6779764308109) (24.73607744238451,435.6733801536212) (25.73607744238451,435.6733801536212) (25.73607744238451,461.6687838764315) (26.7360774423845,461.6687838764315) (26.7360774423845,487.6641875992418) (27.73607744238449,487.6641875992418) (27.73607744238449,513.6595913220521) (28.73607744238448,513.6595913220521) (28.73607744238448,539.6549950448623) (29.73607744238448,539.6549950448623) (29.73607744238448,565.6503987676725) (30.73607744238447,565.6503987676725) (30.73607744238447,591.6458024904828) (31.73607744238446,591.6458024904828) (31.73607744238446,617.641206213293) (32.73607744238444,617.641206213293) (32.73607744238444,643.6366099361032) (33.73607744238441,643.6366099361032) (33.73607744238441,669.6320136589135) (34.73607744238437,669.6320136589135) (34.73607744238437,695.6274173817237) (35.73607744238434,695.6274173817237) (35.73607744238434,721.622821104534) (36.7360774423843,721.622821104534) (36.7360774423843,747.6182248273442) (37.73607744238427,747.6182248273442) (37.73607744238427,773.6136285501544) (38.73607744238424,773.6136285501544) (38.73607744238424,799.6090322729647) (39.73607744238421,799.6090322729647) (39.73607744238421,825.6044359957749) (40.73607744238419,825.6044359957749) (40.73607744238419,851.5998397185851) (41.73607744238415,851.5998397185851) (41.73607744238415,877.5952434413954) (42.73607744238411,877.5952434413954) (42.73607744238411,903.5906471642056) (43.73607744238408,903.5906471642056) (43.73607744238408,929.5860508870159) (44.73607744238404,929.5860508870159) (44.73607744238404,955.5814546098261) (45.73607744238401,955.5814546098261) (45.73607744238401,981.5768583326363) (46.73607744238397,981.5768583326363) (46.73607744238397,1007.572262055447) (47.73607744238394,1007.572262055447) (47.73607744238394,1033.567665778257) (48.7360774423839,1033.567665778257) (48.7360774423839,1059.563069501067) (49.73607744238387,1059.563069501067) (49.73607744238387,1085.558473223878) (50.73607744238383,1085.558473223878) (50.73607744238383,1111.553876946688) (51.7360774423838,1111.553876946688) (51.7360774423838,1137.549280669498) (52.73607744238377,1137.549280669498) (52.73607744238377,1163.544684392309) (53.73607744238374,1163.544684392309) (53.73607744238374,1189.540088115119) (54.73607744238371,1189.540088115119) (54.73607744238371,1215.535491837929) (55.73607744238368,1215.535491837929) (55.73607744238368,1241.53089556074) (56.73607744238365,1241.53089556074) (56.73607744238365,1267.52629928355) (57.73607744238361,1267.52629928355) (57.73607744238361,1293.52170300636) (58.73607744238357,1293.52170300636) (58.73607744238357,1319.517106729171) (59.73607744238354,1319.517106729171) (59.73607744238354,1345.512510451981) (60.7360774423835,1345.512510451981) (60.7360774423835,1371.507914174791) (61.73607744238347,1371.507914174791) (61.73607744238347,1397.503317897602) (62.73607744238343,1397.503317897602) (62.73607744238343,1423.498721620412) (63.7360774423834,1423.498721620412) (63.7360774423834,1478) (64.73607744238342,1478) (64.73607744238342,1504) (65.73607744238345,1504) (65.73607744238345,1530) (66.73607744238348,1530) (66.73607744238348,1556) (67.73607744238352,1556) (67.73607744238352,1582) (68.73607744238356,1582) (68.73607744238356,1608) (69.7360774423836,1608) (69.7360774423836,1634) (70.73607744238365,1634) (70.73607744238365,1660) (71.73607744238367,1660) (71.73607744238367,1686) (72.73607744238372,1686) (72.73607744238372,1712) (73.73607744238375,1712) (73.73607744238375,1738) (74.73607744238377,1738) (74.73607744238377,1764) (75.7360774423838,1764) (75.7360774423838,1790) (76.73607744238382,1790) (76.73607744238382,1816) (77.73607744238377,1816) (77.73607744238377,1842) (78.73607744238373,1842) (78.73607744238373,1868) (79.73607744238369,1868) (79.73607744238369,1894) (80.73607744238365,1894) (80.73607744238365,1920) (81.7360774423836,1920) (81.7360774423836,1946) (82.73607744238355,1946) (82.73607744238355,1972) (83.73607744238349,1972) (83.73607744238349,1998) (84.73607744238343,1998) (84.73607744238343,2024) (85.73607744238338,2024) (85.73607744238338,2050) (86.73607744238332,2050) (86.73607744238332,2076) (87.73607744238325,2076) (87.73607744238325,2102) (88.73607744238318,2102) (88.73607744238318,2128) (89.73607744238312,2128) (89.73607744238312,2154) (90.73607744238305,2154) (90.73607744238305,2180) (91.73607744238299,2180) (91.73607744238299,2206) (92.73607744238294,2206) (92.73607744238294,2232) (93.73607744238288,2232) (93.73607744238288,2258) (94.73607744238282,2258) (94.73607744238282,2284) (95.73607744238275,2284) (95.73607744238275,2310) (96.73607744238268,2310) (96.73607744238268,2336) (97.73607744238262,2336) (97.73607744238262,2362) (98.73607744238257,2362) (98.73607744238257,2388) (99.73607744238251,2388) (99.73607744238251,2414) (100.7360774423825,2414) (100.7360774423825,2440) (101.7360774423824,2440) (101.7360774423824,2466) (102.7360774423823,2466) (102.7360774423823,2492) (103.7360774423823,2492) (103.7360774423823,2518) (104.7360774423822,2518) (104.7360774423822,2544) (105.7360774423822,2544) (105.7360774423822,2570) (106.7360774423821,2570) (106.7360774423821,2596) (107.7360774423821,2596) (107.7360774423821,2622) (108.736077442382,2622) (108.736077442382,2648) (109.7360774423819,2648) (109.7360774423819,2674) (110.7360774423819,2674) (110.7360774423819,2700) (111.7360774423818,2700) (111.7360774423818,2726) (112.7360774423817,2726) (112.7360774423817,2752) (113.7360774423817,2752) (113.7360774423817,2778) (114.7360774423816,2778) (114.7360774423816,2804) (115.7360774423815,2804) (115.7360774423815,2830) (116.7360774423815,2830) (116.7360774423815,2856) (117.7360774423814,2856) (117.7360774423814,2882) (118.7360774423813,2882) (118.7360774423813,2908) (119.7360774423812,2908) (119.7360774423812,2934) (120.7360774423812,2934) (120.7360774423812,2960) (121.7360774423811,2960) (121.7360774423811,2986) (122.736077442381,2986) (122.736077442381,3012) (123.736077442381,3012) (123.736077442381,3038) (124.7360774423809,3038) (124.7360774423809,3088.5) (125.7360774423808,3088.5) (125.7360774423808,3114.5) (126.7360774423807,3114.5) (126.7360774423807,3140.5) (127.7360774423807,3140.5) (127.7360774423807,3166.5) (128.7360774423807,3166.5) (128.7360774423807,3192.5) (129.7360774423808,3192.5) (129.7360774423808,3218.5) (130.7360774423809,3218.5) (130.7360774423809,3244.5) (131.736077442381,3244.5) (131.736077442381,3270.5) (132.7360774423811,3270.5) (132.7360774423811,3296.5) (133.7360774423811,3296.5) (133.7360774423811,3322.5) (134.7360774423812,3322.5) (134.7360774423812,3348.5) (135.7360774423813,3348.5) (135.7360774423813,3374.5) (136.7360774423814,3374.5) (136.7360774423814,3400.5) (137.7360774423815,3400.5) (137.7360774423815,3426.5) (138.7360774423816,3426.5) (138.7360774423816,3452.5) (139.7360774423817,3452.5) (139.7360774423817,3478.5) (140.7360774423817,3478.5) (140.7360774423817,3504.5) (141.7360774423818,3504.5) (141.7360774423818,3530.5) (142.7360774423819,3530.5) (142.7360774423819,3556.5) (143.736077442382,3556.5) (143.736077442382,3582.5) (144.7360774423821,3582.5) (144.7360774423821,3608.5) (145.7360774423822,3608.5) (145.7360774423822,3634.5) (146.7360774423823,3634.5) (146.7360774423823,3660.5) (147.7360774423823,3660.5) (147.7360774423823,3686.5) (148.7360774423824,3686.5) (148.7360774423824,3712.5) (149.7360774423825,3712.5) (149.7360774423825,3738.5) (150.7360774423826,3738.5) (150.7360774423826,3764.5) (151.7360774423827,3764.5) (151.7360774423827,3790.5) (152.7360774423828,3790.5) (152.7360774423828,3816.5) (153.7360774423829,3816.5) (153.7360774423829,3842.5) (154.7360774423829,3842.5) (154.7360774423829,3868.5) (155.736077442383,3868.5) (155.736077442383,3894.5) (156.7360774423831,3894.5) (156.7360774423831,3920.5) (157.7360774423832,3920.5) (157.7360774423832,3946.5) (158.7360774423833,3946.5) (158.7360774423833,3972.5) (159.7360774423834,3972.5) (159.7360774423834,3998.5) (160.7360774423834,3998.5) (160.7360774423834,4024.5) (161.7360774423835,4024.5) (161.7360774423835,4050.5) (162.7360774423836,4050.5) (162.7360774423836,4076.5) (163.7360774423837,4076.5) (163.7360774423837,4102.5) (164.7360774423838,4102.5) (164.7360774423838,4128.5) (165.7360774423839,4128.5) (165.7360774423839,4154.5) (166.736077442384,4154.5) (166.736077442384,4180.5) (167.736077442384,4180.5) (167.736077442384,4206.5) (168.7360774423841,4206.5) (168.7360774423841,4232.5) (169.7360774423842,4232.5) (169.7360774423842,4258.5) (170.7360774423843,4258.5) (170.7360774423843,4284.5) (171.7360774423844,4284.5) (171.7360774423844,4310.5) (172.7360774423845,4310.5) (172.7360774423845,4336.5) (173.7360774423846,4336.5) (173.7360774423846,4362.5) (174.7360774423846,4362.5) (174.7360774423846,4388.5) (175.7360774423847,4388.5) (175.7360774423847,4416.265463717128) (176.7360774423848,4416.265463717128) (176.7360774423848,4415.530927434256) (177.7360774423848,4415.530927434256) (177.7360774423848,4414.796391151384) (178.7360774423849,4414.796391151384) (178.7360774423849,4414.061854868512) (179.7360774423849,4414.061854868512) (179.7360774423849,4413.327318585641) (180.736077442385,4413.327318585641) (180.736077442385,4412.592782302769) (181.7360774423851,4412.592782302769) (181.7360774423851,4411.858246019897) (182.7360774423852,4411.858246019897) (182.7360774423852,4411.123709737025) (183.7360774423852,4411.123709737025) (183.7360774423852,4410.389173454153) (184.7360774423853,4410.389173454153) (184.7360774423853,4409.654637171281) (185.7360774423854,4409.654637171281) (185.7360774423854,4408.920100888409) (186.7360774423855,4408.920100888409) (186.7360774423855,4408.185564605537) (187.7360774423856,4408.185564605537) (187.7360774423856,4407.451028322665) (188.7360774423857,4407.451028322665) (188.7360774423857,4406.716492039794) (189.7360774423857,4406.716492039794) (189.7360774423857,4405.981955756922) (190.7360774423858,4405.981955756922) (190.7360774423858,4405.24741947405) (191.7360774423859,4405.24741947405) (191.7360774423859,4404.512883191178) (192.7360774423859,4404.512883191178) (192.7360774423859,4403.778346908306) (193.736077442386,4403.778346908306) (193.736077442386,4403.043810625434) (194.7360774423861,4403.043810625434) (194.7360774423861,4402.309274342562) (195.7360774423861,4402.309274342562) (195.7360774423861,4401.57473805969) (196.7360774423862,4401.57473805969) (196.7360774423862,4400.840201776819) (700,4400.840201776819)
humanPositionY[0]:
[0]: (0,0) (0,163.5) (1,163.5) (1,188.9679078844919) (12.73607744238454,188.9679078844919) (12.73607744238454,188.479046668909) (13.73607744238454,188.479046668909) (13.73607744238454,187.9901854533261) (14.73607744238454,187.9901854533261) (14.73607744238454,187.5013242377432) (15.73607744238454,187.5013242377432) (15.73607744238454,187.0124630221603) (16.73607744238454,187.0124630221603) (16.73607744238454,186.5236018065774) (17.73607744238455,186.5236018065774) (17.73607744238455,186.0347405909945) (18.73607744238454,186.0347405909945) (18.73607744238454,185.5458793754117) (19.73607744238454,185.5458793754117) (19.73607744238454,185.0570181598288) (20.73607744238454,185.0570181598288) (20.73607744238454,184.5681569442459) (21.73607744238453,184.5681569442459) (21.73607744238453,184.079295728663) (22.73607744238453,184.079295728663) (22.73607744238453,183.5904345130801) (23.73607744238452,183.5904345130801) (23.73607744238452,183.1015732974972) (24.73607744238451,183.1015732974972) (24.73607744238451,182.6127120819143) (25.73607744238451,182.6127120819143) (25.73607744238451,182.1238508663315) (26.7360774423845,182.1238508663315) (26.7360774423845,181.6349896507486) (27.73607744238449,181.6349896507486) (27.73607744238449,181.1461284351657) (28.73607744238448,181.1461284351657) (28.73607744238448,180.6572672195828) (29.73607744238448,180.6572672195828) (29.73607744238448,180.1684060039999) (30.73607744238447,180.1684060039999) (30.73607744238447,179.679544788417) (31.73607744238446,179.679544788417) (31.73607744238446,179.1906835728341) (32.73607744238444,179.1906835728341) (32.73607744238444,178.7018223572512) (33.73607744238441,178.7018223572512) (33.73607744238441,178.2129611416684) (34.73607744238437,178.2129611416684) (34.73607744238437,177.7240999260855) (35.73607744238434,177.7240999260855) (35.73607744238434,177.2352387105026) (36.7360774423843,177.2352387105026) (36.7360774423843,176.7463774949197) (37.73607744238427,176.7463774949197) (37.73607744238427,176.2575162793368) (38.73607744238424,176.2575162793368) (38.73607744238424,175.7686550637539) (39.73607744238421,175.7686550637539) (39.73607744238421,175.279793848171) (40.73607744238419,175.279793848171) (40.73607744238419,174.7909326325882) (41.73607744238415,174.7909326325882) (41.73607744238415,174.3020714170053) (42.73607744238411,174.3020714170053) (42.73607744238411,173.8132102014224) (43.73607744238408,173.8132102014224) (43.73607744238408,173.3243489858395) (44.73607744238404,173.3243489858395) (44.73607744238404,172.8354877702566) (45.73607744238401,172.8354877702566) (45.73607744238401,172.3466265546737) (46.73607744238397,172.3466265546737) (46.73607744238397,171.8577653390908) (47.73607744238394,171.8577653390908) (47.73607744238394,171.3689041235079) (48.7360774423839,171.3689041235079) (48.7360774423839,170.8800429079251) (49.73607744238387,170.8800429079251) (49.73607744238387,170.3911816923422) (50.73607744238383,170.3911816923422) (50.73607744238383,169.9023204767593) (51.7360774423838,169.9023204767593) (51.7360774423838,169.4134592611764) (52.73607744238377,169.4134592611764) (52.73607744238377,168.9245980455935) (53.73607744238374,168.9245980455935) (53.73607744238374,168.4357368300106) (54.73607744238371,168.4357368300106) (54.73607744238371,167.9468756144277) (55.73607744238368,167.9468756144277) (55.73607744238368,167.4580143988449) (56.73607744238365,167.4580143988449) (56.73607744238365,166.969153183262) (57.73607744238361,166.969153183262) (57.73607744238361,166.4802919676791) (58.73607744238357,166.4802919676791) (58.73607744238357,165.9914307520962) (59.73607744238354,165.9914307520962) (59.73607744238354,165.5025695365133) (60.7360774423835,165.5025695365133) (60.7360774423835,165.0137083209304) (61.73607744238347,165.0137083209304) (61.73607744238347,164.5248471053475) (62.73607744238343,164.5248471053475) (62.73607744238343,164.0359858897646) (63.7360774423834,164.0359858897646) (63.7360774423834,163.5) (175.7360774423847,163.5) (175.7360774423847,189.4896220913107) (176.7360774423848,189.4896220913107) (176.7360774423848,215.4792441826214) (177.7360774423848,215.4792441826214) (177.7360774423848,241.4688662739321) (178.7360774423849,241.4688662739321) (178.7360774423849,267.4584883652428) (179.7360774423849,267.4584883652428) (179.7360774423849,293.4481104565535) (180.736077442385,293.4481104565535) (180.736077442385,319.4377325478642) (181.7360774423851,319.4377325478642) (181.7360774423851,345.427354639175) (182.7360774423852,345.427354639175) (182.7360774423852,371.4169767304857) (183.7360774423852,371.4169767304857) (183.7360774423852,397.4065988217964) (184.7360774423853,397.4065988217964) (184.7360774423853,423.3962209131071) (185.7360774423854,423.3962209131071) (185.7360774423854,449.3858430044178) (186.7360774423855,449.3858430044178) (186.7360774423855,475.3754650957285) (187.7360774423856,475.3754650957285) (187.7360774423856,501.3650871870392) (188.7360774423857,501.3650871870392) (188.7360774423857,527.3547092783499) (189.7360774423857,527.3547092783499) (189.7360774423857,553.3443313696606) (190.7360774423858,553.3443313696606) (190.7360774423858,579.3339534609713) (191.7360774423859,579.3339534609713) (191.7360774423859,605.323575552282) (192.7360774423859,605.323575552282) (192.7360774423859,631.3131976435927) (193.736077442386,631.3131976435927) (193.736077442386,657.3028197349034) (194.7360774423861,657.3028197349034) (194.7360774423861,683.2924418262141) (195.7360774423861,683.2924418262141) (195.7360774423861,709.2820639175249) (196.7360774423862,709.2820639175249) (196.7360774423862,735.2716860088356) (700,735.2716860088356)
robPositionX[0]:
[0]: (0,0) (0,92.5) (2,92.5) (2,97.73313175708738) (14.73607744238454,97.73313175708738) (14.73607744238454,123.7285354798977) (15.75488090486778,123.7285354798977) (15.75488090486778,149.723939202708) (16.77368436735102,149.723939202708) (16.77368436735102,175.7193429255182) (17.77368436735103,175.7193429255182) (17.77368436735103,201.7147466483285) (18.77368436735102,201.7147466483285) (18.77368436735102,227.7101503711388) (19.77368436735102,227.7101503711388) (19.77368436735102,253.7055540939491) (20.77368436735102,253.7055540939491) (20.77368436735102,279.7009578167594) (21.77368436735102,279.7009578167594) (21.77368436735102,305.6963615395697) (22.77368436735101,305.6963615395697) (22.77368436735101,331.69176526238) (23.773684367351,331.69176526238) (23.773684367351,357.6871689851903) (24.773684367351,357.6871689851903) (24.773684367351,383.6825727080006) (25.77368436735099,383.6825727080006) (25.77368436735099,409.6779764308109) (26.77368436735098,409.6779764308109) (26.77368436735098,435.6733801536212) (27.77368436735097,435.6733801536212) (27.77368436735097,461.6687838764315) (28.77368436735097,461.6687838764315) (28.77368436735097,487.6641875992418) (29.77368436735096,487.6641875992418) (29.77368436735096,513.6595913220521) (30.77368436735095,513.6595913220521) (30.77368436735095,539.6549950448623) (31.77368436735095,539.6549950448623) (31.77368436735095,565.6503987676725) (32.77368436735092,565.6503987676725) (32.77368436735092,591.6458024904828) (33.77368436735089,591.6458024904828) (33.77368436735089,617.641206213293) (34.77368436735085,617.641206213293) (34.77368436735085,643.6366099361032) (35.77368436735082,643.6366099361032) (35.77368436735082,669.6320136589135) (36.77368436735079,669.6320136589135) (36.77368436735079,695.6274173817237) (37.77368436735076,695.6274173817237) (37.77368436735076,721.622821104534) (38.77368436735073,721.622821104534) (38.77368436735073,747.6182248273442) (39.7736843673507,747.6182248273442) (39.7736843673507,773.6136285501544) (40.77368436735068,773.6136285501544) (40.77368436735068,799.6090322729647) (41.77368436735064,799.6090322729647) (41.77368436735064,825.6044359957749) (42.7736843673506,825.6044359957749) (42.7736843673506,851.5998397185851) (43.77368436735057,851.5998397185851) (43.77368436735057,877.5952434413954) (44.77368436735053,877.5952434413954) (44.77368436735053,903.5906471642056) (45.7736843673505,903.5906471642056) (45.7736843673505,929.5860508870159) (46.77368436735046,929.5860508870159) (46.77368436735046,955.5814546098261) (47.77368436735043,955.5814546098261) (47.77368436735043,981.5768583326363) (48.77368436735039,981.5768583326363) (48.77368436735039,1007.572262055447) (49.77368436735036,1007.572262055447) (49.77368436735036,1033.567665778257) (50.77368436735032,1033.567665778257) (50.77368436735032,1059.563069501067) (51.77368436735029,1059.563069501067) (51.77368436735029,1085.558473223878) (52.77368436735026,1085.558473223878) (52.77368436735026,1111.553876946688) (53.77368436735023,1111.553876946688) (53.77368436735023,1137.549280669498) (54.77368436735021,1137.549280669498) (54.77368436735021,1163.544684392309) (55.77368436735018,1163.544684392309) (55.77368436735018,1189.540088115119) (56.77368436735014,1189.540088115119) (56.77368436735014,1215.535491837929) (57.77368436735011,1215.535491837929) (57.77368436735011,1241.53089556074) (58.77368436735007,1241.53089556074) (58.77368436735007,1267.52629928355) (59.77368436735004,1267.52629928355) (59.77368436735004,1293.52170300636) (60.77368436735,1293.52170300636) (60.77368436735,1319.517106729171) (61.77368436734996,1319.517106729171) (61.77368436734996,1345.512510451981) (62.77368436734993,1345.512510451981) (62.77368436734993,1371.507914174791) (63.77368436734989,1371.507914174791) (63.77368436734989,1397.503317897602) (64.78641522420907,1397.503317897602) (64.78641522420907,1423.501210954746) (65.79503444188828,1423.501210954746) (65.79503444188828,1449.500245178851) (66.80086988265622,1449.500245178851) (66.80086988265622,1475.499802499311) (67.80482061370454,1475.499802499311) (67.80482061370454,1501.499599591989) (68.80749534612471,1501.499599591989) (68.80749534612471,1527.499506587529) (69.80930619744699,1527.499506587529) (69.80930619744699,1553.499463958168) (70.81053218215521,1553.499463958168) (70.81053218215521,1579.49944441867) (71.81136219960521,1579.49944441867) (71.81136219960521,1605.499435462594) (72.81192413883498,1605.499435462594) (72.81192413883498,1631.49943135751) (73.81230458346832,1631.49943135751) (73.81230458346832,1657.499429475914) (74.81256215245153,1657.499429475914) (74.81256215245153,1683.499428613471) (75.81273653204518,1683.499428613471) (75.81273653204518,1709.499428218164) (76.81285459067944,1709.499428218164) (76.81285459067944,1735.499428036972) (77.8129345188468,1735.499428036972) (77.8129345188468,1761.499427953921) (78.8129886318879,1761.499427953921) (78.8129886318879,1787.499427915854) (79.81302526754955,1787.499427915854) (79.81302526754955,1813.499427898406) (80.81305007066101,1813.499427898406) (80.81305007066101,1839.499427890409) (81.81306686288788,1839.499427890409) (81.81306686288788,1865.499427886743) (82.81307823156564,1865.499427886743) (82.81307823156564,1891.499427885063) (83.81308592840121,1891.499427885063) (83.81308592840121,1917.499427884293) (84.813091139314,1917.499427884293) (84.813091139314,1943.499427883939) (85.81309466720909,1943.499427883939) (85.81309466720909,1969.499427883778) (86.81309705567506,1969.499427883778) (86.81309705567506,1995.499427883703) (87.81309867270846,1995.499427883703) (87.81309867270846,2021.499427883669) (88.81309976751284,2021.499427883669) (88.81309976751284,2047.499427883654) (89.81310050868642,2047.499427883654) (89.81310050868642,2073.499427883647) (90.8131010104817,2073.499427883647) (90.8131010104817,2099.499427883643) (91.81310135028041,2099.499427883643) (91.81310135028041,2125.499427883642) (92.81310158064672,2125.499427883642) (92.81310158064672,2151.499427883641) (93.81310173550406,2151.499427883641) (93.81310173550406,2177.499427883641) (94.81310183981213,2177.499427883641) (94.81310183981213,2203.499427883641) (95.81310191281254,2203.499427883641) (95.81310191281254,2229.499427883641) (96.81310196223404,2229.499427883641) (96.81310196223404,2255.499427883641) (97.81310199555399,2255.499427883641) (97.81310199555399,2281.499427883641) (98.81310201662735,2281.499427883641) (98.81310201662735,2307.499427883641) (99.8131020166273,2307.499427883641) (99.8131020166273,2333.499427883641) (100.8131020166272,2333.499427883641) (100.8131020166272,2359.499427883641) (101.8131020166272,2359.499427883641) (101.8131020166272,2385.499427883641) (102.8131020166271,2385.499427883641) (102.8131020166271,2411.499427883641) (103.8131020166271,2411.499427883641) (103.8131020166271,2437.499427883641) (104.813102016627,2437.499427883641) (104.813102016627,2463.499427883641) (105.813102016627,2463.499427883641) (105.813102016627,2489.499427883641) (106.8131020166269,2489.499427883641) (106.8131020166269,2515.499427883641) (107.8131020166268,2515.499427883641) (107.8131020166268,2541.499427883641) (108.8131020166268,2541.499427883641) (108.8131020166268,2567.499427883641) (109.8131020166267,2567.499427883641) (109.8131020166267,2593.499427883641) (110.8131020166267,2593.499427883641) (110.8131020166267,2619.499427883641) (111.8131020166266,2619.499427883641) (111.8131020166266,2645.499427883641) (112.8131020166265,2645.499427883641) (112.8131020166265,2671.499427883641) (113.8131020166265,2671.499427883641) (113.8131020166265,2697.499427883641) (114.8131020166264,2697.499427883641) (114.8131020166264,2723.499427883641) (115.8131020166263,2723.499427883641) (115.8131020166263,2749.499427883641) (116.8131020166262,2749.499427883641) (116.8131020166262,2775.499427883641) (117.8131020166262,2775.499427883641) (117.8131020166262,2801.499427883641) (118.8131020166261,2801.499427883641) (118.8131020166261,2827.499427883641) (119.813102016626,2827.499427883641) (119.813102016626,2853.499427883641) (120.813102016626,2853.499427883641) (120.813102016626,2879.499427883641) (121.8131020166259,2879.499427883641) (121.8131020166259,2905.499427883641) (122.8131020166258,2905.499427883641) (122.8131020166258,2931.499427883641) (123.8131020166257,2931.499427883641) (123.8131020166257,2957.499427883641) (124.8131020166257,2957.499427883641) (124.8131020166257,2983.499427883641) (125.8131020166256,2983.499427883641) (125.8131020166256,3009.499427883641) (126.8131020166255,3009.499427883641) (126.8131020166255,3035.499427883641) (127.8131020166255,3035.499427883641) (127.8131020166255,3061.499427883641) (128.8131020166255,3061.499427883641) (128.8131020166255,3087.499427883641) (129.8131020166256,3087.499427883641) (129.8131020166256,3113.499427883641) (130.8131020166257,3113.499427883641) (130.8131020166257,3139.499427883641) (131.8131020166258,3139.499427883641) (131.8131020166258,3165.499427883641) (132.8131020166259,3165.499427883641) (132.8131020166259,3191.499427883641) (133.8131020166259,3191.499427883641) (133.8131020166259,3217.499427883641) (134.813102016626,3217.499427883641) (134.813102016626,3243.499427883641) (135.8131020166261,3243.499427883641) (135.8131020166261,3269.499427883641) (136.8131020166262,3269.499427883641) (136.8131020166262,3295.499427883641) (137.8131020166263,3295.499427883641) (137.8131020166263,3321.499427883641) (138.8131020166264,3321.499427883641) (138.8131020166264,3347.499427883641) (139.8131020166265,3347.499427883641) (139.8131020166265,3373.499427883641) (140.8131020166265,3373.499427883641) (140.8131020166265,3399.499427883641) (141.8131020166266,3399.499427883641) (141.8131020166266,3425.499427883641) (142.8131020166267,3425.499427883641) (142.8131020166267,3451.499427883641) (143.8131020166268,3451.499427883641) (143.8131020166268,3477.499427883641) (144.8131020166269,3477.499427883641) (144.8131020166269,3503.499427883641) (145.813102016627,3503.499427883641) (145.813102016627,3529.499427883641) (146.8131020166271,3529.499427883641) (146.8131020166271,3555.499427883641) (147.8131020166271,3555.499427883641) (147.8131020166271,3581.499427883641) (148.8131020166272,3581.499427883641) (148.8131020166272,3607.499427883641) (149.8131020166273,3607.499427883641) (149.8131020166273,3633.499427883641) (150.8131020166274,3633.499427883641) (150.8131020166274,3659.499427883641) (151.8131020166275,3659.499427883641) (151.8131020166275,3685.499427883641) (152.8131020166276,3685.499427883641) (152.8131020166276,3711.499427883641) (153.8131020166277,3711.499427883641) (153.8131020166277,3737.499427883641) (154.8131020166277,3737.499427883641) (154.8131020166277,3763.499427883641) (155.8131020166278,3763.499427883641) (155.8131020166278,3789.499427883641) (156.8131020166279,3789.499427883641) (156.8131020166279,3815.499427883641) (157.813102016628,3815.499427883641) (157.813102016628,3841.499427883641) (158.8131020166281,3841.499427883641) (158.8131020166281,3867.499427883641) (159.8131020166282,3867.499427883641) (159.8131020166282,3893.499427883641) (160.8131020166282,3893.499427883641) (160.8131020166282,3919.499427883641) (161.8131020166283,3919.499427883641) (161.8131020166283,3945.499427883641) (162.8131020166284,3945.499427883641) (162.8131020166284,3971.499427883641) (163.8131020166285,3971.499427883641) (163.8131020166285,3997.499427883641) (164.8131020166286,3997.499427883641) (164.8131020166286,4023.499427883641) (165.8131020166287,4023.499427883641) (165.8131020166287,4049.499427883641) (166.8131020166288,4049.499427883641) (166.8131020166288,4075.499427883641) (167.8131020166288,4075.499427883641) (167.8131020166288,4101.49942788364) (168.8131020166289,4101.49942788364) (168.8131020166289,4127.49942788364) (169.813102016629,4127.49942788364) (169.813102016629,4153.49942788364) (170.8131020166291,4153.49942788364) (170.8131020166291,4179.49942788364) (171.8131020166292,4179.49942788364) (171.8131020166292,4205.49942788364) (172.8131020166293,4205.49942788364) (172.8131020166293,4231.49942788364) (173.8131020166294,4231.49942788364) (173.8131020166294,4257.49942788364) (174.8131020166294,4257.49942788364) (174.8131020166294,4283.49942788364) (175.8131020166295,4283.49942788364) (175.8131020166295,4309.49942788364) (177.0518838123844,4309.49942788364) (177.0518838123844,4334.761725317672) (178.5679999092979,4334.761725317672) (178.5679999092979,4357.375029374853) (180.3668570884712,4357.375029374853) (180.3668570884712,4371.80338971305) (182.5025647317648,4371.80338971305) (182.5025647317648,4380.472858151295) (184.8108631906695,4380.472858151295) (184.8108631906695,4385.010512952947) (187.2370032384158,4385.010512952947) (187.2370032384158,4388.172157803916) (189.7057044664385,4388.172157803916) (189.7057044664385,4390.428283375573) (192.2030715019664,4390.428283375573) (192.2030715019664,4391.835488330516) (194.7275366644191,4391.835488330516) (194.7275366644191,4392.871718959358) (197.264374502541,4392.871718959358) (197.264374502541,4393.515439372457) (199.8143297226172,4393.515439372457) (199.8143297226172,4394.057268921059) (202.3642849426934,4394.057268921059) (202.3642849426934,4394.599098469662) (204.9142401627696,4394.599098469662) (204.9142401627696,4395.140928018264) (207.4641953828458,4395.140928018264) (207.4641953828458,4395.682757566867) (210.014150602922,4395.682757566867) (210.014150602922,4396.224587115469) (212.5641058229982,4396.224587115469) (212.5641058229982,4396.766416664072) (215.1140610430744,4396.766416664072) (215.1140610430744,4397.308246212675) (217.6640162631506,4397.308246212675) (217.6640162631506,4397.850075761278) (220.2139714832269,4397.850075761278) (220.2139714832269,4398.391905309881) (222.763926703303,4398.391905309881) (222.763926703303,4398.933734858484) (225.3138819233793,4398.933734858484) (225.3138819233793,4399.475564407086) (227.8638371434555,4399.475564407086) (227.8638371434555,4400.01739395569) (230.4137923635317,4400.01739395569) (230.4137923635317,4400.559223504292) (232.9637475836078,4400.559223504292) (232.9637475836078,4400.840201776819) (700,4400.840201776819)
robPositionY[0]:
[0]: (0,0) (0,163.5) (2,163.5) (2,188.9679078844919) (14.73607744238454,188.9679078844919) (14.73607744238454,188.479046668909) (15.75488090486778,188.479046668909) (15.75488090486778,187.9901854533262) (16.77368436735102,187.9901854533262) (16.77368436735102,187.5013242377433) (17.77368436735103,187.5013242377433) (17.77368436735103,187.0124630221605) (18.77368436735102,187.0124630221605) (18.77368436735102,186.5236018065776) (19.77368436735102,186.5236018065776) (19.77368436735102,186.0347405909947) (20.77368436735102,186.0347405909947) (20.77368436735102,185.5458793754118) (21.77368436735102,185.5458793754118) (21.77368436735102,185.0570181598289) (22.77368436735101,185.0570181598289) (22.77368436735101,184.568156944246) (23.773684367351,184.568156944246) (23.773684367351,184.0792957286631) (24.773684367351,184.0792957286631) (24.773684367351,183.5904345130803) (25.77368436735099,183.5904345130803) (25.77368436735099,183.1015732974974) (26.77368436735098,183.1015732974974) (26.77368436735098,182.6127120819145) (27.77368436735097,182.6127120819145) (27.77368436735097,182.1238508663316) (28.77368436735097,182.1238508663316) (28.77368436735097,181.6349896507487) (29.77368436735096,181.6349896507487) (29.77368436735096,181.1461284351658) (30.77368436735095,181.1461284351658) (30.77368436735095,180.6572672195829) (31.77368436735095,180.6572672195829) (31.77368436735095,180.168406004) (32.77368436735092,180.168406004) (32.77368436735092,179.6795447884172) (33.77368436735089,179.6795447884172) (33.77368436735089,179.1906835728343) (34.77368436735085,179.1906835728343) (34.77368436735085,178.7018223572514) (35.77368436735082,178.7018223572514) (35.77368436735082,178.2129611416685) (36.77368436735079,178.2129611416685) (36.77368436735079,177.7240999260856) (37.77368436735076,177.7240999260856) (37.77368436735076,177.2352387105027) (38.77368436735073,177.2352387105027) (38.77368436735073,176.7463774949198) (39.7736843673507,176.7463774949198) (39.7736843673507,176.257516279337) (40.77368436735068,176.257516279337) (40.77368436735068,175.7686550637541) (41.77368436735064,175.7686550637541) (41.77368436735064,175.2797938481712) (42.7736843673506,175.2797938481712) (42.7736843673506,174.7909326325883) (43.77368436735057,174.7909326325883) (43.77368436735057,174.3020714170054) (44.77368436735053,174.3020714170054) (44.77368436735053,173.8132102014225) (45.7736843673505,173.8132102014225) (45.7736843673505,173.3243489858396) (46.77368436735046,173.3243489858396) (46.77368436735046,172.8354877702567) (47.77368436735043,172.8354877702567) (47.77368436735043,172.3466265546739) (48.77368436735039,172.3466265546739) (48.77368436735039,171.857765339091) (49.77368436735036,171.857765339091) (49.77368436735036,171.3689041235081) (50.77368436735032,171.3689041235081) (50.77368436735032,170.8800429079252) (51.77368436735029,170.8800429079252) (51.77368436735029,170.3911816923423) (52.77368436735026,170.3911816923423) (52.77368436735026,169.9023204767594) (53.77368436735023,169.9023204767594) (53.77368436735023,169.4134592611765) (54.77368436735021,169.4134592611765) (54.77368436735021,168.9245980455937) (55.77368436735018,168.9245980455937) (55.77368436735018,168.4357368300108) (56.77368436735014,168.4357368300108) (56.77368436735014,167.9468756144279) (57.77368436735011,167.9468756144279) (57.77368436735011,167.458014398845) (58.77368436735007,167.458014398845) (58.77368436735007,166.9691531832621) (59.77368436735004,166.9691531832621) (59.77368436735004,166.4802919676792) (60.77368436735,166.4802919676792) (60.77368436735,165.9914307520963) (61.77368436734996,165.9914307520963) (61.77368436734996,165.5025695365134) (62.77368436734993,165.5025695365134) (62.77368436734993,165.0137083209306) (63.77368436734989,165.0137083209306) (63.77368436734989,164.5248471053477) (64.78641522420907,164.5248471053477) (64.78641522420907,164.1938537681208) (65.79503444188828,164.1938537681208) (65.79503444188828,163.969756883213) (66.80086988265622,163.969756883213) (66.80086988265622,163.8180362843253) (67.80482061370454,163.8180362843253) (67.80482061370454,163.7153175442811) (68.80749534612471,163.7153175442811) (68.80749534612471,163.6457745842783) (69.80930619744699,163.6457745842783) (69.80930619744699,163.5986924756321) (70.81053218215521,163.5986924756321) (70.81053218215521,163.566816881204) (71.81136219960521,163.566816881204) (71.81136219960521,163.545236429983) (72.81192413883498,163.545236429983) (72.81192413883498,163.5306260107791) (73.81230458346832,163.5306260107791) (73.81230458346832,163.5207344505516) (74.81256215245153,163.5207344505516) (74.81256215245153,163.5140376570627) (75.81273653204518,163.5140376570627) (75.81273653204518,163.5095037876518) (76.81285459067944,163.5095037876518) (76.81285459067944,163.5064342631685) (77.8129345188468,163.5064342631685) (77.8129345188468,163.5043561308182) (78.8129886318879,163.5043561308182) (78.8129886318879,163.5029491917491) (79.81302526754955,163.5029491917491) (79.81302526754955,163.5019966645455) (80.81305007066101,163.5019966645455) (80.81305007066101,163.5013517836466) (81.81306686288788,163.5013517836466) (81.81306686288788,163.5009151857469) (82.81307823156564,163.5009151857469) (82.81307823156564,163.5006196001235) (83.81308592840121,163.5006196001235) (83.81308592840121,163.5004194823974) (84.813091139314,163.5004194823974) (84.813091139314,163.5002839986634) (85.81309466720909,163.5002839986634) (85.81309466720909,163.5001922733894) (86.81309705567506,163.5001922733894) (86.81309705567506,163.5001301732726) (87.81309867270846,163.5001301732726) (87.81309867270846,163.5000881304022) (88.81309976751284,163.5000881304022) (88.81309976751284,163.5000596654866) (89.81310050868642,163.5000596654866) (89.81310050868642,163.5000403949721) (90.8131010104817,163.5000403949721) (90.8131010104817,163.5000273482928) (91.81310135028041,163.5000273482928) (91.81310135028041,163.5000185135251) (92.81310158064672,163.5000185135251) (92.81310158064672,163.5000125239997) (93.81310173550406,163.5000125239997) (93.81310173550406,163.5000084977071) (94.81310183981213,163.5000084977071) (94.81310183981213,163.5000057856957) (95.81310191281254,163.5000057856957) (95.81310191281254,163.5000038876832) (96.81310196223404,163.5000038876832) (96.81310196223404,163.5000026027226) (97.81310199555399,163.5000026027226) (97.81310199555399,163.5000017364024) (98.81310201662735,163.5000017364024) (98.81310201662735,163.5000011884933) (99.8131020166273,163.5000011884933) (99.8131020166273,163.5000006405843) (177.0518838123844,163.5000006405843) (177.0518838123844,169.6494988603188) (178.5679999092979,169.6494988603188) (178.5679999092979,182.4806515605829) (180.3668570884712,182.4806515605829) (180.3668570884712,204.1098544573876) (182.5025647317648,204.1098544573876) (182.5025647317648,228.6218987825405) (184.8108631906695,228.6218987825405) (184.8108631906695,254.2228692504944) (187.2370032384158,254.2228692504944) (187.2370032384158,280.0299225855101) (189.7057044664385,280.0299225855101) (189.7057044664385,305.9318510350467) (192.2030715019664,305.9318510350467) (192.2030715019664,331.8937418408948) (194.7275366644191,331.8937418408948) (194.7275366644191,357.873084135954) (197.264374502541,357.873084135954) (197.264374502541,383.8651141457428) (199.8143297226172,383.8651141457428) (199.8143297226172,409.8594677776426) (202.3642849426934,409.8594677776426) (202.3642849426934,435.8538214095424) (204.9142401627696,435.8538214095424) (204.9142401627696,461.8481750414421) (207.4641953828458,461.8481750414421) (207.4641953828458,487.8425286733419) (210.014150602922,487.8425286733419) (210.014150602922,513.8368823052417) (212.5641058229982,513.8368823052417) (212.5641058229982,539.8312359371415) (215.1140610430744,539.8312359371415) (215.1140610430744,565.8255895690413) (217.6640162631506,565.8255895690413) (217.6640162631506,591.8199432009411) (220.2139714832269,591.8199432009411) (220.2139714832269,617.8142968328409) (222.763926703303,617.8142968328409) (222.763926703303,643.8086504647407) (225.3138819233793,643.8086504647407) (225.3138819233793,669.8030040966405) (227.8638371434555,669.8030040966405) (227.8638371434555,695.7973577285403) (230.4137923635317,695.7973577285403) (230.4137923635317,721.7917113604401) (232.9637475836078,721.7917113604401) (232.9637475836078,735.2716860088356) (700,735.2716860088356)
batteryCharge[0]:
[0]: (0,100) (700,100)
user_guided_transport.end:
[0]: (0,0) (234.9637475836069,0) (234.9637475836069,1) (700,1)
[2K
Verifying formula 5 at /nta/queries/query[5]/formula
 -- Formula: simulate[<=700]{robot_inventory[0][0], user_guided_transport.end*2}
[2K -- Formula is satisfied.
robot_inventory[0][0]:
[0]: (0,0) (11.86143709640082,0) (11.86143709640082,1) (700,1)
user_guided_transport.end * 2:
[0]: (0,0) (235.0891072376242,0) (235.0891072376242,2) (700,2)
[2K
Verifying formula 6 at /nta/queries/query[6]/formula
 -- Formula: simulate[<=700]{bedroom[0], bedroom[1], kitchen[0], kitchen[1]}
[2K -- Formula is satisfied.
bedroom[0]:
[0]: (0,100) (700,100)
bedroom[1]:
[0]: (0,200) (700,200)
kitchen[0]:
[0]: (0,4400) (700,4400)
kitchen[1]:
[0]: (0,765) (700,765)
[2K
Verifying formula 7 at /nta/queries/query[7]/formula
 -- Formula: simulate[<=700]{rm_1.idle, rf_1.idle, rp_1.idle, rd_1.idle}
[2K -- Formula is satisfied.
rm_1.idle:
[0]: (0,0) (0,1) (0,0) (3,0) (3,1) (700,1)
rf_1.idle:
[0]: (0,0) (0,1) (8.631747315051996,1) (8.631747315051996,0) (230.8406139937906,0) (230.8406139937906,1) (700,1)
rp_1.idle:
[0]: (0,0) (0,1) (2,1) (2,0) (8.631747315051996,0) (8.631747315051996,1) (700,1)
rd_1.idle:
[0]: (0,0) (0,1) (700,1)
[2K
Verifying formula 8 at /nta/queries/query[8]/formula
 -- Formula: Pr[<=700](<>!rm_1.idle || !rf_1.idle || !rp_1.idle || !rd_1.idle)
[2K -- Formula is satisfied.
(72/72 runs) Pr(<> …) in [0.950056,1] (95% CI)
Values in [0,0] mean=0 steps=2.22045e-16: 72
[2K
Verifying formula 9 at /nta/queries/query[9]/formula
 -- Formula: Pr[<=700]([] (user_guided_transport.end imply (rm_1.idle && rf_1.idle && rp_1.idle && rd_1.idle)))
 -- Throughput: 612727 runs/sec, Load: 330 runs[K
[2K -- Formula is satisfied.
(72/72 runs) Pr([] …) in [0.950056,1] (95% CI)
[2K
Verifying formula 10 at /nta/queries/query[10]/formula
 -- Formula: Pr[<=700] (<> pow(humanPositionX[0] - kitchen[0], 2) + pow(humanPositionY[0] - kitchen[1], 2) <= 900 )
[2K -- Formula is satisfied.
(72/72 runs) Pr(<> …) in [0.950056,1] (95% CI)
Values in [192.108,197] mean=194.745 steps=0.543534: 7 3 12 6 9 6 13 6 9 1
[2K
Verifying formula 11 at /nta/queries/query[11]/formula
 -- Formula: Pr[<=700] (<> pow(humanPositionX[0] - bedroom[0], 2) + pow(humanPositionY[0] - bedroom[1], 2) <= 900 )
[2K -- Formula is satisfied.
(72/72 runs) Pr(<> …) in [0.950056,1] (95% CI)
Values in [1,1] mean=1 steps=2.22045e-16: 72
[2K
Verifying formula 12 at /nta/queries/query[12]/formula
 -- Formula: Pr[<=700] (<> pow(robPositionX[0] - bedroom[0], 2) + pow(robPositionY[0] - bedroom[1], 2) <= 900 )
[2K -- Formula is satisfied.
(72/72 runs) Pr(<> …) in [0.950056,1] (95% CI)
Values in [2,2] mean=2 steps=2.22045e-16: 72
[2K
Verifying formula 13 at /nta/queries/query[13]/formula
 -- Formula: Pr[<=700] (<> !isValidPosition(humanPositionX[0], humanPositionY[0]))
[2K -- Formula is satisfied.
(72/72 runs) Pr(<> …) in [0.950056,1] (95% CI)
Values in [0,0] mean=0 steps=2.22045e-16: 72
[2K
Verifying formula 14 at /nta/queries/query[14]/formula
 -- Formula: Pr[<=700] (<> !isValidPosition(robPositionX[0], robPositionY[0]))
[2K -- Formula is satisfied.
(72/72 runs) Pr(<> …) in [0.950056,1] (95% CI)
Values in [0,0] mean=0 steps=2.22045e-16: 72
[2K
Verifying formula 15 at /nta/queries/query[15]/formula
 -- Formula: Pr[<=700] (<> currP > 2)
 -- Throughput: 609162 runs/sec, Load: 331 runs[K
[2K -- Formula is satisfied.
(0/72 runs) Pr(<> …) in [0,0.0499441] (95% CI)
