Options for the verification:
  Generating no trace
  Search order is breadth first
  Using conservative space optimisation
  Seed is 1784972660
  State space representation uses minimal constraint systems with future testing
  Using HashMap + Compress integers for discrete state storage
[2K
Verifying formula 1 at /nta/queries/query[1]/formula
 -- Formula: simulate[<=700]{user_guided_transport_robot1_def.s1_start, user_guided_transport_robot1_def.s1_end, user_guided_transport_robot1_def.s2_start, user_guided_transport_robot1_def.s2_end, user_guided_transport_robot1_def.s3_start, user_guided_transport_robot1_def.s3_end, user_guided_transport.end}
[2K -- Formula is satisfied.
user_guided_transport_robot1_def.s1_start:
[0]: (0,0) (0,1) (0,0) (700,0)
user_guided_transport_robot1_def.s1_end:
[0]: (0,0) (2,0) (2,1) (2,0) (700,0)
user_guided_transport_robot1_def.s2_start:
[0]: (0,0) (2,0) (2,1) (2,0) (700,0)
user_guided_transport_robot1_def.s2_end:
[0]: (0,0) (7.423439236717636,0) (7.423439236717636,1) (7.423439236717636,0) (700,0)
user_guided_transport_robot1_def.s3_start:
[0]: (0,0) (7.423439236717636,0) (7.423439236717636,1) (7.423439236717636,0) (700,0)
user_guided_transport_robot1_def.s3_end:
[0]: (0,0) (228.6323059154581,0) (228.6323059154581,1) (228.6323059154581,0) (700,0)
user_guided_transport.end:
[0]: (0,0) (230.6323059154572,0) (230.6323059154572,1) (700,1)
[2K
Verifying formula 2 at /nta/queries/query[2]/formula
 -- Formula: simulate[<=700]{user_guided_transport_human1_def.s1_start, user_guided_transport_human1_def.s1_end, user_guided_transport_human1_def.s2_start, user_guided_transport_human1_def.s2_idle, user_guided_transport_human1_def.s3_start, user_guided_transport_human1_def.s3_end, user_guided_transport.end}
[2K -- Formula is satisfied.
user_guided_transport_human1_def.s1_start:
[0]: (0,0) (0,1) (0,0) (700,0)
user_guided_transport_human1_def.s1_end:
[0]: (0,0) (1,0) (1,1) (2,1) (2,0) (700,0)
user_guided_transport_human1_def.s2_start:
[0]: (0,0) (2,0) (2,1) (2,0) (700,0)
user_guided_transport_human1_def.s2_idle:
[0]: (0,0) (2,0) (2,1) (11.64542516002954,1) (11.64542516002954,0) (700,0)
user_guided_transport_human1_def.s3_start:
[0]: (0,0) (11.64542516002954,0) (11.64542516002954,1) (11.64542516002954,0) (16.64542516002951,0) (16.64542516002951,1) (16.64542516002951,0) (21.64542516002952,0) (21.64542516002952,1) (21.64542516002952,0) (26.64542516002953,0) (26.64542516002953,1) (26.64542516002953,0) (31.64542516002953,0) (31.64542516002953,1) (31.64542516002953,0) (36.64542516002937,0) (36.64542516002937,1) (36.64542516002937,0) (41.64542516002919,0) (41.64542516002919,1) (41.64542516002919,0) (46.64542516002901,0) (46.64542516002901,1) (46.64542516002901,0) (51.64542516002894,0) (51.64542516002894,1) (51.64542516002894,0) (56.64542516002886,0) (56.64542516002886,1) (56.64542516002886,0) (61.64542516002878,0) (61.64542516002878,1) (61.64542516002878,0) (66.64542516002869,0) (66.64542516002869,1) (66.64542516002869,0) (71.64542516002862,0) (71.64542516002862,1) (71.64542516002862,0) (76.64542516002851,0) (76.64542516002851,1) (76.64542516002851,0) (81.64542516002824,0) (81.64542516002824,1) (81.64542516002824,0) (86.64542516002797,0) (86.64542516002797,1) (86.64542516002797,0) (91.64542516002768,0) (91.64542516002768,1) (91.64542516002768,0) (96.6454251600274,0) (96.6454251600274,1) (96.6454251600274,0) (101.6454251600271,0) (101.6454251600271,1) (101.6454251600271,0) (106.6454251600268,0) (106.6454251600268,1) (106.6454251600268,0) (111.6454251600266,0) (111.6454251600266,1) (111.6454251600266,0) (116.6454251600263,0) (116.6454251600263,1) (116.6454251600263,0) (121.645425160026,0) (121.645425160026,1) (121.645425160026,0) (126.6454251600258,0) (126.6454251600258,1) (126.6454251600258,0) (131.645425160026,0) (131.645425160026,1) (131.645425160026,0) (136.6454251600263,0) (136.6454251600263,1) (136.6454251600263,0) (141.6454251600264,0) (141.6454251600264,1) (141.6454251600264,0) (146.6454251600264,0) (146.6454251600264,1) (146.6454251600264,0) (151.6454251600264,0) (151.6454251600264,1) (151.6454251600264,0) (156.6454251600264,0) (156.6454251600264,1) (156.6454251600264,0) (161.6454251600264,0) (161.6454251600264,1) (161.6454251600264,0) (166.6454251600261,0) (166.6454251600261,1) (166.6454251600261,0) (171.6454251600256,0) (171.6454251600256,1) (171.6454251600256,0) (176.645425160025,0) (176.645425160025,1) (176.645425160025,0) (181.6454251600245,0) (181.6454251600245,1) (181.6454251600245,0) (186.645425160024,0) (186.645425160024,1) (186.645425160024,0) (191.6454251600234,0) (191.6454251600234,1) (191.6454251600234,0) (196.6454251600229,0) (196.6454251600229,1) (196.6454251600229,0) (700,0)
user_guided_transport_human1_def.s3_end:
[0]: (0,0) (196.6454251600229,0) (196.6454251600229,1) (232.8730953012381,1) (232.8730953012381,0) (700,0)
user_guided_transport.end:
[0]: (0,0) (234.8730953012371,0) (234.8730953012371,1) (700,1)
[2K
Verifying formula 3 at /nta/queries/query[3]/formula
 -- Formula: Pr[<=700] (<> user_guided_transport.end)
[2K -- Formula is satisfied.
(72/72 runs) Pr(<> …) in [0.950056,1] (95% CI)
Values in [230.256,235.166] mean=232.889 steps=0.545621: 7 5 8 13 5 6 8 8 12
[2K
Verifying formula 4 at /nta/queries/query[4]/formula
 -- Formula: simulate[<=700]{humanPositionX[0], humanPositionY[0], robPositionX[0], robPositionY[0], batteryCharge[0], user_guided_transport.end}
[2K -- Formula is satisfied.
humanPositionX[0]:
[0]: (0,0) (0,92.5) (1,92.5) (1,97.73313175708738) (10.82564406997921,97.73313175708738) (10.82564406997921,123.7285354798977) (11.82564406997921,123.7285354798977) (11.82564406997921,149.723939202708) (12.82564406997921,149.723939202708) (12.82564406997921,175.7193429255182) (13.82564406997921,175.7193429255182) (13.82564406997921,201.7147466483285) (14.82564406997921,201.7147466483285) (14.82564406997921,227.7101503711388) (15.82564406997921,227.7101503711388) (15.82564406997921,253.7055540939491) (16.82564406997921,253.7055540939491) (16.82564406997921,279.7009578167594) (17.82564406997921,279.7009578167594) (17.82564406997921,305.6963615395697) (18.82564406997921,305.6963615395697) (18.82564406997921,331.69176526238) (19.8256440699792,331.69176526238) (19.8256440699792,357.6871689851903) (20.82564406997919,357.6871689851903) (20.82564406997919,383.6825727080006) (21.82564406997918,383.6825727080006) (21.82564406997918,409.6779764308109) (22.82564406997917,409.6779764308109) (22.82564406997917,435.6733801536212) (23.82564406997916,435.6733801536212) (23.82564406997916,461.6687838764315) (24.82564406997914,461.6687838764315) (24.82564406997914,487.6641875992418) (25.82564406997913,487.6641875992418) (25.82564406997913,513.6595913220521) (26.82564406997912,513.6595913220521) (26.82564406997912,539.6549950448623) (27.82564406997911,539.6549950448623) (27.82564406997911,565.6503987676725) (28.8256440699791,565.6503987676725) (28.8256440699791,591.6458024904828) (29.82564406997909,591.6458024904828) (29.82564406997909,617.641206213293) (30.82564406997908,617.641206213293) (30.82564406997908,643.6366099361032) (31.82564406997907,643.6366099361032) (31.82564406997907,669.6320136589135) (32.82564406997908,669.6320136589135) (32.82564406997908,695.6274173817237) (33.82564406997911,695.6274173817237) (33.82564406997911,721.622821104534) (34.82564406997913,721.622821104534) (34.82564406997913,747.6182248273442) (35.82564406997915,747.6182248273442) (35.82564406997915,773.6136285501544) (36.82564406997917,773.6136285501544) (36.82564406997917,799.6090322729647) (37.82564406997919,799.6090322729647) (37.82564406997919,825.6044359957749) (38.82564406997921,825.6044359957749) (38.82564406997921,851.5998397185851) (39.82564406997923,851.5998397185851) (39.82564406997923,877.5952434413954) (40.82564406997925,877.5952434413954) (40.82564406997925,903.5906471642056) (41.82564406997928,903.5906471642056) (41.82564406997928,929.5860508870159) (42.8256440699793,929.5860508870159) (42.8256440699793,955.5814546098261) (43.82564406997932,955.5814546098261) (43.82564406997932,981.5768583326363) (44.82564406997934,981.5768583326363) (44.82564406997934,1007.572262055447) (45.82564406997936,1007.572262055447) (45.82564406997936,1033.567665778257) (46.82564406997935,1033.567665778257) (46.82564406997935,1059.563069501067) (47.82564406997932,1059.563069501067) (47.82564406997932,1085.558473223878) (48.82564406997929,1085.558473223878) (48.82564406997929,1111.553876946688) (49.82564406997926,1111.553876946688) (49.82564406997926,1137.549280669498) (50.82564406997923,1137.549280669498) (50.82564406997923,1163.544684392309) (51.82564406997921,1163.544684392309) (51.82564406997921,1189.540088115119) (52.82564406997918,1189.540088115119) (52.82564406997918,1215.535491837929) (53.82564406997915,1215.535491837929) (53.82564406997915,1241.53089556074) (54.82564406997912,1241.53089556074) (54.82564406997912,1267.52629928355) (55.82564406997909,1267.52629928355) (55.82564406997909,1293.52170300636) (56.82564406997906,1293.52170300636) (56.82564406997906,1319.517106729171) (57.82564406997903,1319.517106729171) (57.82564406997903,1345.512510451981) (58.82564406997901,1345.512510451981) (58.82564406997901,1371.507914174791) (59.82564406997898,1371.507914174791) (59.82564406997898,1397.503317897602) (60.82564406997895,1397.503317897602) (60.82564406997895,1423.498721620412) (61.82564406997892,1423.498721620412) (61.82564406997892,1478) (62.82564406997889,1478) (62.82564406997889,1504) (63.82564406997887,1504) (63.82564406997887,1530) (64.82564406997885,1530) (64.82564406997885,1556) (65.82564406997884,1556) (65.82564406997884,1582) (66.82564406997881,1582) (66.82564406997881,1608) (67.82564406997879,1608) (67.82564406997879,1634) (68.82564406997876,1634) (68.82564406997876,1660) (69.82564406997874,1660) (69.82564406997874,1686) (70.82564406997871,1686) (70.82564406997871,1712) (71.82564406997869,1712) (71.82564406997869,1738) (72.82564406997867,1738) (72.82564406997867,1764) (73.82564406997865,1764) (73.82564406997865,1790) (74.82564406997869,1790) (74.82564406997869,1816) (75.82564406997868,1816) (75.82564406997868,1842) (76.82564406997864,1842) (76.82564406997864,1868) (77.82564406997859,1868) (77.82564406997859,1894) (78.82564406997855,1894) (78.82564406997855,1920) (79.82564406997849,1920) (79.82564406997849,1946) (80.82564406997844,1946) (80.82564406997844,1972) (81.8256440699784,1972) (81.8256440699784,1998) (82.82564406997834,1998) (82.82564406997834,2024) (83.82564406997827,2024) (83.82564406997827,2050) (84.82564406997821,2050) (84.82564406997821,2076) (85.82564406997815,2076) (85.82564406997815,2102) (86.8256440699781,2102) (86.8256440699781,2128) (87.82564406997804,2128) (87.82564406997804,2154) (88.82564406997798,2154) (88.82564406997798,2180) (89.82564406997793,2180) (89.82564406997793,2206) (90.82564406997788,2206) (90.82564406997788,2232) (91.82564406997781,2232) (91.82564406997781,2258) (92.82564406997776,2258) (92.82564406997776,2284) (93.8256440699777,2284) (93.8256440699777,2310) (94.82564406997764,2310) (94.82564406997764,2336) (95.82564406997759,2336) (95.82564406997759,2362) (96.82564406997751,2362) (96.82564406997751,2388) (97.82564406997746,2388) (97.82564406997746,2414) (98.8256440699774,2414) (98.8256440699774,2440) (99.82564406997734,2440) (99.82564406997734,2466) (100.8256440699773,2466) (100.8256440699773,2492) (101.8256440699772,2492) (101.8256440699772,2518) (102.8256440699772,2518) (102.8256440699772,2544) (103.8256440699771,2544) (103.8256440699771,2570) (104.8256440699771,2570) (104.8256440699771,2596) (105.825644069977,2596) (105.825644069977,2622) (106.8256440699769,2622) (106.8256440699769,2648) (107.8256440699769,2648) (107.8256440699769,2674) (108.8256440699768,2674) (108.8256440699768,2700) (109.8256440699768,2700) (109.8256440699768,2726) (110.8256440699767,2726) (110.8256440699767,2752) (111.8256440699767,2752) (111.8256440699767,2778) (112.8256440699766,2778) (112.8256440699766,2804) (113.8256440699765,2804) (113.8256440699765,2830) (114.8256440699765,2830) (114.8256440699765,2856) (115.8256440699764,2856) (115.8256440699764,2882) (116.8256440699764,2882) (116.8256440699764,2908) (117.8256440699763,2908) (117.8256440699763,2934) (118.8256440699763,2934) (118.8256440699763,2960) (119.8256440699762,2960) (119.8256440699762,2986) (120.8256440699761,2986) (120.8256440699761,3012) (121.8256440699761,3012) (121.8256440699761,3038) (122.825644069976,3038) (122.825644069976,3088.5) (123.825644069976,3088.5) (123.825644069976,3114.5) (124.8256440699759,3114.5) (124.8256440699759,3140.5) (125.8256440699759,3140.5) (125.8256440699759,3166.5) (126.8256440699758,3166.5) (126.8256440699758,3192.5) (127.8256440699758,3192.5) (127.8256440699758,3218.5) (128.8256440699758,3218.5) (128.8256440699758,3244.5) (129.8256440699759,3244.5) (129.8256440699759,3270.5) (130.825644069976,3270.5) (130.825644069976,3296.5) (131.8256440699761,3296.5) (131.8256440699761,3322.5) (132.8256440699762,3322.5) (132.8256440699762,3348.5) (133.8256440699762,3348.5) (133.8256440699762,3374.5) (134.8256440699763,3374.5) (134.8256440699763,3400.5) (135.8256440699764,3400.5) (135.8256440699764,3426.5) (136.8256440699765,3426.5) (136.8256440699765,3452.5) (137.8256440699766,3452.5) (137.8256440699766,3478.5) (138.8256440699767,3478.5) (138.8256440699767,3504.5) (139.8256440699768,3504.5) (139.8256440699768,3530.5) (140.8256440699768,3530.5) (140.8256440699768,3556.5) (141.8256440699769,3556.5) (141.8256440699769,3582.5) (142.825644069977,3582.5) (142.825644069977,3608.5) (143.8256440699771,3608.5) (143.8256440699771,3634.5) (144.8256440699772,3634.5) (144.8256440699772,3660.5) (145.8256440699773,3660.5) (145.8256440699773,3686.5) (146.8256440699774,3686.5) (146.8256440699774,3712.5) (147.8256440699774,3712.5) (147.8256440699774,3738.5) (148.8256440699775,3738.5) (148.8256440699775,3764.5) (149.8256440699776,3764.5) (149.8256440699776,3790.5) (150.8256440699777,3790.5) (150.8256440699777,3816.5) (151.8256440699778,3816.5) (151.8256440699778,3842.5) (152.8256440699779,3842.5) (152.8256440699779,3868.5) (153.825644069978,3868.5) (153.825644069978,3894.5) (154.825644069978,3894.5) (154.825644069978,3920.5) (155.8256440699781,3920.5) (155.8256440699781,3946.5) (156.8256440699782,3946.5) (156.8256440699782,3972.5) (157.8256440699783,3972.5) (157.8256440699783,3998.5) (158.8256440699784,3998.5) (158.8256440699784,4024.5) (159.8256440699785,4024.5) (159.8256440699785,4050.5) (160.8256440699786,4050.5) (160.8256440699786,4076.5) (161.8256440699786,4076.5) (161.8256440699786,4102.5) (162.8256440699787,4102.5) (162.8256440699787,4128.5) (163.8256440699788,4128.5) (163.8256440699788,4154.5) (164.8256440699789,4154.5) (164.8256440699789,4180.5) (165.825644069979,4180.5) (165.825644069979,4206.5) (166.8256440699791,4206.5) (166.8256440699791,4232.5) (167.8256440699791,4232.5) (167.8256440699791,4258.5) (168.8256440699792,4258.5) (168.8256440699792,4284.5) (169.8256440699793,4284.5) (169.8256440699793,4310.5) (170.8256440699794,4310.5) (170.8256440699794,4336.5) (171.8256440699795,4336.5) (171.8256440699795,4362.5) (172.8256440699796,4362.5) (172.8256440699796,4388.5) (173.8256440699797,4388.5) (173.8256440699797,4416.265463717128) (174.8256440699797,4416.265463717128) (174.8256440699797,4415.530927434256) (175.8256440699798,4415.530927434256) (175.8256440699798,4414.796391151384) (176.8256440699799,4414.796391151384) (176.8256440699799,4414.061854868512) (177.8256440699799,4414.061854868512) (177.8256440699799,4413.327318585641) (178.82564406998,4413.327318585641) (178.82564406998,4412.592782302769) (179.8256440699801,4412.592782302769) (179.8256440699801,4411.858246019897) (180.8256440699801,4411.858246019897) (180.8256440699801,4411.123709737025) (181.8256440699802,4411.123709737025) (181.8256440699802,4410.389173454153) (182.8256440699803,4410.389173454153) (182.8256440699803,4409.654637171281) (183.8256440699804,4409.654637171281) (183.8256440699804,4408.920100888409) (184.8256440699805,4408.920100888409) (184.8256440699805,4408.185564605537) (185.8256440699806,4408.185564605537) (185.8256440699806,4407.451028322665) (186.8256440699807,4407.451028322665) (186.8256440699807,4406.716492039794) (187.8256440699807,4406.716492039794) (187.8256440699807,4405.981955756922) (188.8256440699808,4405.981955756922) (188.8256440699808,4405.24741947405) (189.8256440699809,4405.24741947405) (189.8256440699809,4404.512883191178) (190.8256440699809,4404.512883191178) (190.8256440699809,4403.778346908306) (191.825644069981,4403.778346908306) (191.825644069981,4403.043810625434) (192.8256440699811,4403.043810625434) (192.8256440699811,4402.309274342562) (193.8256440699811,4402.309274342562) (193.8256440699811,4401.57473805969) (194.8256440699812,4401.57473805969) (194.8256440699812,4400.840201776819) (700,4400.840201776819)
humanPositionY[0]:
[0]: (0,0) (0,163.5) (1,163.5) (1,188.9679078844919) (10.82564406997921,188.9679078844919) (10.82564406997921,188.479046668909) (11.82564406997921,188.479046668909) (11.82564406997921,187.9901854533261) (12.82564406997921,187.9901854533261) (12.82564406997921,187.5013242377432) (13.82564406997921,187.5013242377432) (13.82564406997921,187.0124630221603) (14.82564406997921,187.0124630221603) (14.82564406997921,186.5236018065774) (15.82564406997921,186.5236018065774) (15.82564406997921,186.0347405909945) (16.82564406997921,186.0347405909945) (16.82564406997921,185.5458793754117) (17.82564406997921,185.5458793754117) (17.82564406997921,185.0570181598288) (18.82564406997921,185.0570181598288) (18.82564406997921,184.5681569442459) (19.8256440699792,184.5681569442459) (19.8256440699792,184.079295728663) (20.82564406997919,184.079295728663) (20.82564406997919,183.5904345130801) (21.82564406997918,183.5904345130801) (21.82564406997918,183.1015732974972) (22.82564406997917,183.1015732974972) (22.82564406997917,182.6127120819143) (23.82564406997916,182.6127120819143) (23.82564406997916,182.1238508663315) (24.82564406997914,182.1238508663315) (24.82564406997914,181.6349896507486) (25.82564406997913,181.6349896507486) (25.82564406997913,181.1461284351657) (26.82564406997912,181.1461284351657) (26.82564406997912,180.6572672195828) (27.82564406997911,180.6572672195828) (27.82564406997911,180.1684060039999) (28.8256440699791,180.1684060039999) (28.8256440699791,179.679544788417) (29.82564406997909,179.679544788417) (29.82564406997909,179.1906835728341) (30.82564406997908,179.1906835728341) (30.82564406997908,178.7018223572512) (31.82564406997907,178.7018223572512) (31.82564406997907,178.2129611416684) (32.82564406997908,178.2129611416684) (32.82564406997908,177.7240999260855) (33.82564406997911,177.7240999260855) (33.82564406997911,177.2352387105026) (34.82564406997913,177.2352387105026) (34.82564406997913,176.7463774949197) (35.82564406997915,176.7463774949197) (35.82564406997915,176.2575162793368) (36.82564406997917,176.2575162793368) (36.82564406997917,175.7686550637539) (37.82564406997919,175.7686550637539) (37.82564406997919,175.279793848171) (38.82564406997921,175.279793848171) (38.82564406997921,174.7909326325882) (39.82564406997923,174.7909326325882) (39.82564406997923,174.3020714170053) (40.82564406997925,174.3020714170053) (40.82564406997925,173.8132102014224) (41.82564406997928,173.8132102014224) (41.82564406997928,173.3243489858395) (42.8256440699793,173.3243489858395) (42.8256440699793,172.8354877702566) (43.82564406997932,172.8354877702566) (43.82564406997932,172.3466265546737) (44.82564406997934,172.3466265546737) (44.82564406997934,171.8577653390908) (45.82564406997936,171.8577653390908) (45.82564406997936,171.3689041235079) (46.82564406997935,171.3689041235079) (46.82564406997935,170.8800429079251) (47.82564406997932,170.8800429079251) (47.82564406997932,170.3911816923422) (48.82564406997929,170.3911816923422) (48.82564406997929,169.9023204767593) (49.82564406997926,169.9023204767593) (49.82564406997926,169.4134592611764) (50.82564406997923,169.4134592611764) (50.82564406997923,168.9245980455935) (51.82564406997921,168.9245980455935) (51.82564406997921,168.4357368300106) (52.82564406997918,168.4357368300106) (52.82564406997918,167.9468756144277) (53.82564406997915,167.9468756144277) (53.82564406997915,167.4580143988449) (54.82564406997912,167.4580143988449) (54.82564406997912,166.969153183262) (55.82564406997909,166.969153183262) (55.82564406997909,166.4802919676791) (56.82564406997906,166.4802919676791) (56.82564406997906,165.9914307520962) (57.82564406997903,165.9914307520962) (57.82564406997903,165.5025695365133) (58.82564406997901,165.5025695365133) (58.82564406997901,165.0137083209304) (59.82564406997898,165.0137083209304) (59.82564406997898,164.5248471053475) (60.82564406997895,164.5248471053475) (60.82564406997895,164.0359858897646) (61.82564406997892,164.0359858897646) (61.82564406997892,163.5) (173.8256440699797,163.5) (173.8256440699797,189.4896220913107) (174.8256440699797,189.4896220913107) (174.8256440699797,215.4792441826214) (175.8256440699798,215.4792441826214) (175.8256440699798,241.4688662739321) (176.8256440699799,241.4688662739321) (176.8256440699799,267.4584883652428) (177.8256440699799,267.4584883652428) (177.8256440699799,293.4481104565535) (178.82564406998,293.4481104565535) (178.82564406998,319.4377325478642) (179.8256440699801,319.4377325478642) (179.8256440699801,345.427354639175) (180.8256440699801,345.427354639175) (180.8256440699801,371.4169767304857) (181.8256440699802,371.4169767304857) (181.8256440699802,397.4065988217964) (182.8256440699803,397.4065988217964) (182.8256440699803,423.3962209131071) (183.8256440699804,423.3962209131071) (183.8256440699804,449.3858430044178) (184.8256440699805,449.3858430044178) (184.8256440699805,475.3754650957285) (185.8256440699806,475.3754650957285) (185.8256440699806,501.3650871870392) (186.8256440699807,501.3650871870392) (186.8256440699807,527.3547092783499) (187.8256440699807,527.3547092783499) (187.8256440699807,553.3443313696606) (188.8256440699808,553.3443313696606) (188.8256440699808,579.3339534609713) (189.8256440699809,579.3339534609713) (189.8256440699809,605.323575552282) (190.8256440699809,605.323575552282) (190.8256440699809,631.3131976435927) (191.825644069981,631.3131976435927) (191.825644069981,657.3028197349034) (192.8256440699811,657.3028197349034) (192.8256440699811,683.2924418262141) (193.8256440699811,683.2924418262141) (193.8256440699811,709.2820639175249) (194.8256440699812,709.2820639175249) (194.8256440699812,735.2716860088356) (700,735.2716860088356)
robPositionX[0]:
[0]: (0,0) (0,92.5) (2,92.5) (2,97.73313175708738) (12.82564406997921,97.73313175708738) (12.82564406997921,123.7285354798977) (13.84444753246244,123.7285354798977) (13.84444753246244,149.723939202708) (14.86325099494569,149.723939202708) (14.86325099494569,175.7193429255182) (15.86325099494569,175.7193429255182) (15.86325099494569,201.7147466483285) (16.86325099494569,201.7147466483285) (16.86325099494569,227.7101503711388) (17.86325099494569,227.7101503711388) (17.86325099494569,253.7055540939491) (18.86325099494569,253.7055540939491) (18.86325099494569,279.7009578167594) (19.86325099494568,279.7009578167594) (19.86325099494568,305.6963615395697) (20.86325099494567,305.6963615395697) (20.86325099494567,331.69176526238) (21.86325099494566,331.69176526238) (21.86325099494566,357.6871689851903) (22.86325099494565,357.6871689851903) (22.86325099494565,383.6825727080006) (23.86325099494564,383.6825727080006) (23.86325099494564,409.6779764308109) (24.86325099494563,409.6779764308109) (24.86325099494563,435.6733801536212) (25.86325099494562,435.6733801536212) (25.86325099494562,461.6687838764315) (26.86325099494561,461.6687838764315) (26.86325099494561,487.6641875992418) (27.8632509949456,487.6641875992418) (27.8632509949456,513.6595913220521) (28.86325099494558,513.6595913220521) (28.86325099494558,539.6549950448623) (29.86325099494557,539.6549950448623) (29.86325099494557,565.6503987676725) (30.86325099494556,565.6503987676725) (30.86325099494556,591.6458024904828) (31.86325099494555,591.6458024904828) (31.86325099494555,617.641206213293) (32.86325099494557,617.641206213293) (32.86325099494557,643.6366099361032) (33.86325099494559,643.6366099361032) (33.86325099494559,669.6320136589135) (34.86325099494561,669.6320136589135) (34.86325099494561,695.6274173817237) (35.86325099494563,695.6274173817237) (35.86325099494563,721.622821104534) (36.86325099494565,721.622821104534) (36.86325099494565,747.6182248273442) (37.86325099494567,747.6182248273442) (37.86325099494567,773.6136285501544) (38.86325099494569,773.6136285501544) (38.86325099494569,799.6090322729647) (39.86325099494572,799.6090322729647) (39.86325099494572,825.6044359957749) (40.86325099494574,825.6044359957749) (40.86325099494574,851.5998397185851) (41.86325099494576,851.5998397185851) (41.86325099494576,877.5952434413954) (42.86325099494578,877.5952434413954) (42.86325099494578,903.5906471642056) (43.8632509949458,903.5906471642056) (43.8632509949458,929.5860508870159) (44.86325099494582,929.5860508870159) (44.86325099494582,955.5814546098261) (45.86325099494584,955.5814546098261) (45.86325099494584,981.5768583326363) (46.86325099494583,981.5768583326363) (46.86325099494583,1007.572262055447) (47.8632509949458,1007.572262055447) (47.8632509949458,1033.567665778257) (48.86325099494577,1033.567665778257) (48.86325099494577,1059.563069501067) (49.86325099494574,1059.563069501067) (49.86325099494574,1085.558473223878) (50.86325099494572,1085.558473223878) (50.86325099494572,1111.553876946688) (51.86325099494569,1111.553876946688) (51.86325099494569,1137.549280669498) (52.86325099494566,1137.549280669498) (52.86325099494566,1163.544684392309) (53.86325099494563,1163.544684392309) (53.86325099494563,1189.540088115119) (54.8632509949456,1189.540088115119) (54.8632509949456,1215.535491837929) (55.86325099494557,1215.535491837929) (55.86325099494557,1241.53089556074) (56.86325099494555,1241.53089556074) (56.86325099494555,1267.52629928355) (57.86325099494552,1267.52629928355) (57.86325099494552,1293.52170300636) (58.86325099494549,1293.52170300636) (58.86325099494549,1319.517106729171) (59.86325099494546,1319.517106729171) (59.86325099494546,1345.512510451981) (60.86325099494543,1345.512510451981) (60.86325099494543,1371.507914174791) (61.8632509949454,1371.507914174791) (61.8632509949454,1397.503317897602) (62.87598185180453,1397.503317897602) (62.87598185180453,1423.501210954746) (63.88460106948369,1423.501210954746) (63.88460106948369,1449.500245178851) (64.89043651025158,1449.500245178851) (64.89043651025158,1475.499802499311) (65.89438724129982,1475.499802499311) (65.89438724129982,1501.499599591989) (66.89706197371994,1501.499599591989) (66.89706197371994,1527.499506587529) (67.89887282504215,1527.499506587529) (67.89887282504215,1553.499463958168) (68.90009880975032,1553.499463958168) (68.90009880975032,1579.49944441867) (69.90092882720025,1579.49944441867) (69.90092882720025,1605.499435462594) (70.90149076642996,1605.499435462594) (70.90149076642996,1631.49943135751) (71.90187121106325,1631.49943135751) (71.90187121106325,1657.499429475914) (72.90212878004641,1657.499429475914) (72.90212878004641,1683.499428613471) (73.90230315964001,1683.499428613471) (73.90230315964001,1709.499428218164) (74.9024212182743,1709.499428218164) (74.9024212182743,1735.499428036972) (75.90250114644169,1735.499428036972) (75.90250114644169,1761.499427953921) (76.9025552594828,1761.499427953921) (76.9025552594828,1787.499427915854) (77.90259189514444,1787.499427915854) (77.90259189514444,1813.499427898406) (78.90261669825588,1813.499427898406) (78.90261669825588,1839.499427890409) (79.90263349048274,1839.499427890409) (79.90263349048274,1865.499427886743) (80.90264485916052,1865.499427886743) (80.90264485916052,1891.499427885063) (81.90265255599608,1891.499427885063) (81.90265255599608,1917.499427884293) (82.90265776690887,1917.499427884293) (82.90265776690887,1943.499427883939) (83.90266129480396,1943.499427883939) (83.90266129480396,1969.499427883778) (84.90266368326994,1969.499427883778) (84.90266368326994,1995.499427883703) (85.90266530030335,1995.499427883703) (85.90266530030335,2021.499427883669) (86.90266639510774,2021.499427883669) (86.90266639510774,2047.499427883654) (87.90266713628132,2047.499427883654) (87.90266713628132,2073.499427883647) (88.90266763807662,2073.499427883647) (88.90266763807662,2099.499427883643) (89.90266797787532,2099.499427883643) (89.90266797787532,2125.499427883642) (90.90266820824164,2125.499427883642) (90.90266820824164,2151.499427883641) (91.90266836309898,2151.499427883641) (91.90266836309898,2177.499427883641) (92.90266846740705,2177.499427883641) (92.90266846740705,2203.499427883641) (93.90266854040748,2203.499427883641) (93.90266854040748,2229.499427883641) (94.90266858982898,2229.499427883641) (94.90266858982898,2255.499427883641) (95.90266862314893,2255.499427883641) (95.90266862314893,2281.499427883641) (96.90266864422229,2281.499427883641) (96.90266864422229,2307.499427883641) (97.90266864422223,2307.499427883641) (97.90266864422223,2333.499427883641) (98.90266864422217,2333.499427883641) (98.90266864422217,2359.499427883641) (99.90266864422212,2359.499427883641) (99.90266864422212,2385.499427883641) (100.9026686442221,2385.499427883641) (100.9026686442221,2411.499427883641) (101.902668644222,2411.499427883641) (101.902668644222,2437.499427883641) (102.9026686442219,2437.499427883641) (102.9026686442219,2463.499427883641) (103.9026686442219,2463.499427883641) (103.9026686442219,2489.499427883641) (104.9026686442218,2489.499427883641) (104.9026686442218,2515.499427883641) (105.9026686442218,2515.499427883641) (105.9026686442218,2541.499427883641) (106.9026686442217,2541.499427883641) (106.9026686442217,2567.499427883641) (107.9026686442217,2567.499427883641) (107.9026686442217,2593.499427883641) (108.9026686442216,2593.499427883641) (108.9026686442216,2619.499427883641) (109.9026686442215,2619.499427883641) (109.9026686442215,2645.499427883641) (110.9026686442215,2645.499427883641) (110.9026686442215,2671.499427883641) (111.9026686442214,2671.499427883641) (111.9026686442214,2697.499427883641) (112.9026686442214,2697.499427883641) (112.9026686442214,2723.499427883641) (113.9026686442213,2723.499427883641) (113.9026686442213,2749.499427883641) (114.9026686442213,2749.499427883641) (114.9026686442213,2775.499427883641) (115.9026686442212,2775.499427883641) (115.9026686442212,2801.499427883641) (116.9026686442212,2801.499427883641) (116.9026686442212,2827.499427883641) (117.9026686442211,2827.499427883641) (117.9026686442211,2853.499427883641) (118.902668644221,2853.499427883641) (118.902668644221,2879.499427883641) (119.902668644221,2879.499427883641) (119.902668644221,2905.499427883641) (120.9026686442209,2905.499427883641) (120.9026686442209,2931.499427883641) (121.9026686442209,2931.499427883641) (121.9026686442209,2957.499427883641) (122.9026686442208,2957.499427883641) (122.9026686442208,2983.499427883641) (123.9026686442208,2983.499427883641) (123.9026686442208,3009.499427883641) (124.9026686442207,3009.499427883641) (124.9026686442207,3035.499427883641) (125.9026686442206,3035.499427883641) (125.9026686442206,3061.499427883641) (126.9026686442206,3061.499427883641) (126.9026686442206,3087.499427883641) (127.9026686442205,3087.499427883641) (127.9026686442205,3113.499427883641) (128.9026686442206,3113.499427883641) (128.9026686442206,3139.499427883641) (129.9026686442207,3139.499427883641) (129.9026686442207,3165.499427883641) (130.9026686442208,3165.499427883641) (130.9026686442208,3191.499427883641) (131.9026686442209,3191.499427883641) (131.9026686442209,3217.499427883641) (132.9026686442209,3217.499427883641) (132.9026686442209,3243.499427883641) (133.902668644221,3243.499427883641) (133.902668644221,3269.499427883641) (134.9026686442211,3269.499427883641) (134.9026686442211,3295.499427883641) (135.9026686442212,3295.499427883641) (135.9026686442212,3321.499427883641) (136.9026686442213,3321.499427883641) (136.9026686442213,3347.499427883641) (137.9026686442214,3347.499427883641) (137.9026686442214,3373.499427883641) (138.9026686442214,3373.499427883641) (138.9026686442214,3399.499427883641) (139.9026686442215,3399.499427883641) (139.9026686442215,3425.499427883641) (140.9026686442216,3425.499427883641) (140.9026686442216,3451.499427883641) (141.9026686442217,3451.499427883641) (141.9026686442217,3477.499427883641) (142.9026686442218,3477.499427883641) (142.9026686442218,3503.499427883641) (143.9026686442219,3503.499427883641) (143.9026686442219,3529.499427883641) (144.902668644222,3529.499427883641) (144.902668644222,3555.499427883641) (145.902668644222,3555.499427883641) (145.902668644222,3581.499427883641) (146.9026686442221,3581.499427883641) (146.9026686442221,3607.499427883641) (147.9026686442222,3607.499427883641) (147.9026686442222,3633.499427883641) (148.9026686442223,3633.499427883641) (148.9026686442223,3659.499427883641) (149.9026686442224,3659.499427883641) (149.9026686442224,3685.499427883641) (150.9026686442225,3685.499427883641) (150.9026686442225,3711.499427883641) (151.9026686442226,3711.499427883641) (151.9026686442226,3737.499427883641) (152.9026686442226,3737.499427883641) (152.9026686442226,3763.499427883641) (153.9026686442227,3763.499427883641) (153.9026686442227,3789.499427883641) (154.9026686442228,3789.499427883641) (154.9026686442228,3815.499427883641) (155.9026686442229,3815.499427883641) (155.9026686442229,3841.499427883641) (156.902668644223,3841.499427883641) (156.902668644223,3867.499427883641) (157.9026686442231,3867.499427883641) (157.9026686442231,3893.499427883641) (158.9026686442232,3893.499427883641) (158.9026686442232,3919.499427883641) (159.9026686442232,3919.499427883641) (159.9026686442232,3945.499427883641) (160.9026686442233,3945.499427883641) (160.9026686442233,3971.499427883641) (161.9026686442234,3971.499427883641) (161.9026686442234,3997.499427883641) (162.9026686442235,3997.499427883641) (162.9026686442235,4023.499427883641) (163.9026686442236,4023.499427883641) (163.9026686442236,4049.499427883641) (164.9026686442237,4049.499427883641) (164.9026686442237,4075.499427883641) (165.9026686442238,4075.499427883641) (165.9026686442238,4101.49942788364) (166.9026686442238,4101.49942788364) (166.9026686442238,4127.49942788364) (167.9026686442239,4127.49942788364) (167.9026686442239,4153.49942788364) (168.902668644224,4153.49942788364) (168.902668644224,4179.49942788364) (169.9026686442241,4179.49942788364) (169.9026686442241,4205.49942788364) (170.9026686442242,4205.49942788364) (170.9026686442242,4231.49942788364) (171.9026686442243,4231.49942788364) (171.9026686442243,4257.49942788364) (172.9026686442243,4257.49942788364) (172.9026686442243,4283.49942788364) (173.9026686442244,4283.49942788364) (173.9026686442244,4309.49942788364) (175.1414504399794,4309.49942788364) (175.1414504399794,4334.761725317672) (176.6575665368929,4334.761725317672) (176.6575665368929,4357.375029374853) (178.4564237160662,4357.375029374853) (178.4564237160662,4371.80338971305) (180.5921313593598,4371.80338971305) (180.5921313593598,4380.472858151295) (182.9004298182644,4380.472858151295) (182.9004298182644,4385.010512952947) (185.3265698660108,4385.010512952947) (185.3265698660108,4388.172157803916) (187.7952710940335,4388.172157803916) (187.7952710940335,4390.428283375573) (190.2926381295614,4390.428283375573) (190.2926381295614,4391.835488330516) (192.8171032920141,4391.835488330516) (192.8171032920141,4392.871718959358) (195.353941130136,4392.871718959358) (195.353941130136,4393.515439372457) (197.9038963502122,4393.515439372457) (197.9038963502122,4394.057268921059) (200.4538515702884,4394.057268921059) (200.4538515702884,4394.599098469662) (203.0038067903645,4394.599098469662) (203.0038067903645,4395.140928018264) (205.5537620104407,4395.140928018264) (205.5537620104407,4395.682757566867) (208.103717230517,4395.682757566867) (208.103717230517,4396.224587115469) (210.6536724505932,4396.224587115469) (210.6536724505932,4396.766416664072) (213.2036276706694,4396.766416664072) (213.2036276706694,4397.308246212675) (215.7535828907456,4397.308246212675) (215.7535828907456,4397.850075761278) (218.3035381108218,4397.850075761278) (218.3035381108218,4398.391905309881) (220.853493330898,4398.391905309881) (220.853493330898,4398.933734858484) (223.4034485509743,4398.933734858484) (223.4034485509743,4399.475564407086) (225.9534037710505,4399.475564407086) (225.9534037710505,4400.01739395569) (228.5033589911267,4400.01739395569) (228.5033589911267,4400.559223504292) (231.0533142112029,4400.559223504292) (231.0533142112029,4400.840201776819) (700,4400.840201776819)
robPositionY[0]:
[0]: (0,0) (0,163.5) (2,163.5) (2,188.9679078844919) (12.82564406997921,188.9679078844919) (12.82564406997921,188.479046668909) (13.84444753246244,188.479046668909) (13.84444753246244,187.9901854533262) (14.86325099494569,187.9901854533262) (14.86325099494569,187.5013242377433) (15.86325099494569,187.5013242377433) (15.86325099494569,187.0124630221605) (16.86325099494569,187.0124630221605) (16.86325099494569,186.5236018065776) (17.86325099494569,186.5236018065776) (17.86325099494569,186.0347405909947) (18.86325099494569,186.0347405909947) (18.86325099494569,185.5458793754118) (19.86325099494568,185.5458793754118) (19.86325099494568,185.0570181598289) (20.86325099494567,185.0570181598289) (20.86325099494567,184.568156944246) (21.86325099494566,184.568156944246) (21.86325099494566,184.0792957286631) (22.86325099494565,184.0792957286631) (22.86325099494565,183.5904345130803) (23.86325099494564,183.5904345130803) (23.86325099494564,183.1015732974974) (24.86325099494563,183.1015732974974) (24.86325099494563,182.6127120819145) (25.86325099494562,182.6127120819145) (25.86325099494562,182.1238508663316) (26.86325099494561,182.1238508663316) (26.86325099494561,181.6349896507487) (27.8632509949456,181.6349896507487) (27.8632509949456,181.1461284351658) (28.86325099494558,181.1461284351658) (28.86325099494558,180.6572672195829) (29.86325099494557,180.6572672195829) (29.86325099494557,180.168406004) (30.86325099494556,180.168406004) (30.86325099494556,179.6795447884172) (31.86325099494555,179.6795447884172) (31.86325099494555,179.1906835728343) (32.86325099494557,179.1906835728343) (32.86325099494557,178.7018223572514) (33.86325099494559,178.7018223572514) (33.86325099494559,178.2129611416685) (34.86325099494561,178.2129611416685) (34.86325099494561,177.7240999260856) (35.86325099494563,177.7240999260856) (35.86325099494563,177.2352387105027) (36.86325099494565,177.2352387105027) (36.86325099494565,176.7463774949198) (37.86325099494567,176.7463774949198) (37.86325099494567,176.257516279337) (38.86325099494569,176.257516279337) (38.86325099494569,175.7686550637541) (39.86325099494572,175.7686550637541) (39.86325099494572,175.2797938481712) (40.86325099494574,175.2797938481712) (40.86325099494574,174.7909326325883) (41.86325099494576,174.7909326325883) (41.86325099494576,174.3020714170054) (42.86325099494578,174.3020714170054) (42.86325099494578,173.8132102014225) (43.8632509949458,173.8132102014225) (43.8632509949458,173.3243489858396) (44.86325099494582,173.3243489858396) (44.86325099494582,172.8354877702567) (45.86325099494584,172.8354877702567) (45.86325099494584,172.3466265546739) (46.86325099494583,172.3466265546739) (46.86325099494583,171.857765339091) (47.8632509949458,171.857765339091) (47.8632509949458,171.3689041235081) (48.86325099494577,171.3689041235081) (48.86325099494577,170.8800429079252) (49.86325099494574,170.8800429079252) (49.86325099494574,170.3911816923423) (50.86325099494572,170.3911816923423) (50.86325099494572,169.9023204767594) (51.86325099494569,169.9023204767594) (51.86325099494569,169.4134592611765) (52.86325099494566,169.4134592611765) (52.86325099494566,168.9245980455937) (53.86325099494563,168.9245980455937) (53.86325099494563,168.4357368300108) (54.8632509949456,168.4357368300108) (54.8632509949456,167.9468756144279) (55.86325099494557,167.9468756144279) (55.86325099494557,167.458014398845) (56.86325099494555,167.458014398845) (56.86325099494555,166.9691531832621) (57.86325099494552,166.9691531832621) (57.86325099494552,166.4802919676792) (58.86325099494549,166.4802919676792) (58.86325099494549,165.9914307520963) (59.86325099494546,165.9914307520963) (59.86325099494546,165.5025695365134) (60.86325099494543,165.5025695365134) (60.86325099494543,165.0137083209306) (61.8632509949454,165.0137083209306) (61.8632509949454,164.5248471053477) (62.87598185180453,164.5248471053477) (62.87598185180453,164.1938537681208) (63.88460106948369,164.1938537681208) (63.88460106948369,163.969756883213) (64.89043651025158,163.969756883213) (64.89043651025158,163.8180362843253) (65.89438724129982,163.8180362843253) (65.89438724129982,163.7153175442811) (66.89706197371994,163.7153175442811) (66.89706197371994,163.6457745842783) (67.89887282504215,163.6457745842783) (67.89887282504215,163.5986924756321) (68.90009880975032,163.5986924756321) (68.90009880975032,163.566816881204) (69.90092882720025,163.566816881204) (69.90092882720025,163.545236429983) (70.90149076642996,163.545236429983) (70.90149076642996,163.5306260107791) (71.90187121106325,163.5306260107791) (71.90187121106325,163.5207344505516) (72.90212878004641,163.5207344505516) (72.90212878004641,163.5140376570627) (73.90230315964001,163.5140376570627) (73.90230315964001,163.5095037876518) (74.9024212182743,163.5095037876518) (74.9024212182743,163.5064342631685) (75.90250114644169,163.5064342631685) (75.90250114644169,163.5043561308182) (76.9025552594828,163.5043561308182) (76.9025552594828,163.5029491917491) (77.90259189514444,163.5029491917491) (77.90259189514444,163.5019966645455) (78.90261669825588,163.5019966645455) (78.90261669825588,163.5013517836466) (79.90263349048274,163.5013517836466) (79.90263349048274,163.5009151857469) (80.90264485916052,163.5009151857469) (80.90264485916052,163.5006196001235) (81.90265255599608,163.5006196001235) (81.90265255599608,163.5004194823974) (82.90265776690887,163.5004194823974) (82.90265776690887,163.5002839986634) (83.90266129480396,163.5002839986634) (83.90266129480396,163.5001922733894) (84.90266368326994,163.5001922733894) (84.90266368326994,163.5001301732726) (85.90266530030335,163.5001301732726) (85.90266530030335,163.5000881304022) (86.90266639510774,163.5000881304022) (86.90266639510774,163.5000596654866) (87.90266713628132,163.5000596654866) (87.90266713628132,163.5000403949721) (88.90266763807662,163.5000403949721) (88.90266763807662,163.5000273482928) (89.90266797787532,163.5000273482928) (89.90266797787532,163.5000185135251) (90.90266820824164,163.5000185135251) (90.90266820824164,163.5000125239997) (91.90266836309898,163.5000125239997) (91.90266836309898,163.5000084977071) (92.90266846740705,163.5000084977071) (92.90266846740705,163.5000057856957) (93.90266854040748,163.5000057856957) (93.90266854040748,163.5000038876832) (94.90266858982898,163.5000038876832) (94.90266858982898,163.5000026027226) (95.90266862314893,163.5000026027226) (95.90266862314893,163.5000017364024) (96.90266864422229,163.5000017364024) (96.90266864422229,163.5000011884933) (97.90266864422223,163.5000011884933) (97.90266864422223,163.5000006405843) (175.1414504399794,163.5000006405843) (175.1414504399794,169.6494988603188) (176.6575665368929,169.6494988603188) (176.6575665368929,182.4806515605829) (178.4564237160662,182.4806515605829) (178.4564237160662,204.1098544573876) (180.5921313593598,204.1098544573876) (180.5921313593598,228.6218987825405) (182.9004298182644,228.6218987825405) (182.9004298182644,254.2228692504944) (185.3265698660108,254.2228692504944) (185.3265698660108,280.0299225855101) (187.7952710940335,280.0299225855101) (187.7952710940335,305.9318510350467) (190.2926381295614,305.9318510350467) (190.2926381295614,331.8937418408948) (192.8171032920141,331.8937418408948) (192.8171032920141,357.873084135954) (195.353941130136,357.873084135954) (195.353941130136,383.8651141457428) (197.9038963502122,383.8651141457428) (197.9038963502122,409.8594677776426) (200.4538515702884,409.8594677776426) (200.4538515702884,435.8538214095424) (203.0038067903645,435.8538214095424) (203.0038067903645,461.8481750414421) (205.5537620104407,461.8481750414421) (205.5537620104407,487.8425286733419) (208.103717230517,487.8425286733419) (208.103717230517,513.8368823052417) (210.6536724505932,513.8368823052417) (210.6536724505932,539.8312359371415) (213.2036276706694,539.8312359371415) (213.2036276706694,565.8255895690413) (215.7535828907456,565.8255895690413) (215.7535828907456,591.8199432009411) (218.3035381108218,591.8199432009411) (218.3035381108218,617.8142968328409) (220.853493330898,617.8142968328409) (220.853493330898,643.8086504647407) (223.4034485509743,643.8086504647407) (223.4034485509743,669.8030040966405) (225.9534037710505,669.8030040966405) (225.9534037710505,695.7973577285403) (228.5033589911267,695.7973577285403) (228.5033589911267,721.7917113604401) (231.0533142112029,721.7917113604401) (231.0533142112029,735.2716860088356) (700,735.2716860088356)
batteryCharge[0]:
[0]: (0,100) (700,100)
user_guided_transport.end:
[0]: (0,0) (233.053314211202,0) (233.053314211202,1) (700,1)
[2K
Verifying formula 5 at /nta/queries/query[5]/formula
 -- Formula: simulate[<=700]{robot_inventory[0][0], user_guided_transport.end*2}
[2K -- Formula is satisfied.
robot_inventory[0][0]:
[0]: (0,0) (10.22525552994192,0) (10.22525552994192,1) (700,1)
user_guided_transport.end * 2:
[0]: (0,0) (233.4529256711655,0) (233.4529256711655,2) (700,2)
[2K
Verifying formula 6 at /nta/queries/query[6]/formula
 -- Formula: simulate[<=700]{bedroom[0], bedroom[1], kitchen[0], kitchen[1]}
[2K -- Formula is satisfied.
bedroom[0]:
[0]: (0,100) (700,100)
bedroom[1]:
[0]: (0,200) (700,200)
kitchen[0]:
[0]: (0,4400) (700,4400)
kitchen[1]:
[0]: (0,765) (700,765)
[2K
Verifying formula 7 at /nta/queries/query[7]/formula
 -- Formula: simulate[<=700]{rm_1.idle, rf_1.idle, rp_1.idle, rd_1.idle}
[2K -- Formula is satisfied.
rm_1.idle:
[0]: (0,0) (0,1) (0,0) (3,0) (3,1) (700,1)
rf_1.idle:
[0]: (0,0) (0,1) (10.03956847125664,1) (10.03956847125664,0) (232.2484351499977,0) (232.2484351499977,1) (700,1)
rp_1.idle:
[0]: (0,0) (0,1) (2,1) (2,0) (10.03956847125664,0) (10.03956847125664,1) (700,1)
rd_1.idle:
[0]: (0,0) (0,1) (700,1)
[2K
Verifying formula 8 at /nta/queries/query[8]/formula
 -- Formula: Pr[<=700](<>!rm_1.idle || !rf_1.idle || !rp_1.idle || !rd_1.idle)
[2K -- Formula is satisfied.
(72/72 runs) Pr(<> …) in [0.950056,1] (95% CI)
Values in [0,0] mean=0 steps=2.22045e-16: 72
[2K
Verifying formula 9 at /nta/queries/query[9]/formula
 -- Formula: Pr[<=700]([] (user_guided_transport.end imply (rm_1.idle && rf_1.idle && rp_1.idle && rd_1.idle)))
 -- Throughput: 583851 runs/sec, Load: 333 runs[K
[2K -- Formula is satisfied.
(72/72 runs) Pr([] …) in [0.950056,1] (95% CI)
[2K
Verifying formula 10 at /nta/queries/query[10]/formula
 -- Formula: Pr[<=700] (<> pow(robPositionX[0] - bedroom[0], 2) + pow(robPositionY[0] - bedroom[1], 2) <= 900 )
[2K -- Formula is satisfied.
(72/72 runs) Pr(<> …) in [0.950056,1] (95% CI)
Values in [2,2] mean=2 steps=2.22045e-16: 72
[2K
Verifying formula 11 at /nta/queries/query[11]/formula
 -- Formula: Pr[<=700] (<> pow(humanPositionX[0] - kitchen[0], 2) + pow(humanPositionY[0] - kitchen[1], 2) <= 900 )
[2K -- Formula is satisfied.
(72/72 runs) Pr(<> …) in [0.950056,1] (95% CI)
Values in [192.009,196.95] mean=194.372 steps=0.549015: 9 8 14 6 6 4 7 8 10
[2K
Verifying formula 12 at /nta/queries/query[12]/formula
 -- Formula: Pr[<=700] (<> pow(humanPositionX[0] - bedroom[0], 2) + pow(humanPositionY[0] - bedroom[1], 2) <= 900 )
[2K -- Formula is satisfied.
(72/72 runs) Pr(<> …) in [0.950056,1] (95% CI)
Values in [1,1] mean=1 steps=2.22045e-16: 72
[2K
Verifying formula 13 at /nta/queries/query[13]/formula
 -- Formula: Pr[<=700] (<> !isValidPosition(humanPositionX[0], humanPositionY[0]))
[2K -- Formula is satisfied.
(72/72 runs) Pr(<> …) in [0.950056,1] (95% CI)
Values in [0,0] mean=0 steps=2.22045e-16: 72
[2K
Verifying formula 14 at /nta/queries/query[14]/formula
 -- Formula: Pr[<=700] (<> !isValidPosition(robPositionX[0], robPositionY[0]))
[2K -- Formula is satisfied.
(72/72 runs) Pr(<> …) in [0.950056,1] (95% CI)
Values in [0,0] mean=0 steps=2.22045e-16: 72
[2K
Verifying formula 15 at /nta/queries/query[15]/formula
 -- Formula: Pr[<=700] (<> currP > 2)
 -- Throughput: 581955 runs/sec, Load: 333 runs[K
[2K -- Formula is satisfied.
(0/72 runs) Pr(<> …) in [0,0.0499441] (95% CI)
