Options for the verification:
  Generating no trace
  Search order is breadth first
  Using conservative space optimisation
  Seed is 1784917557
  State space representation uses minimal constraint systems with future testing
  Using HashMap + Compress integers for discrete state storage
[2K
Verifying formula 1 at /nta/queries/query[1]/formula
 -- Formula: simulate[<=700]{user_guided_transport_robot1_def.s1_start, user_guided_transport_robot1_def.s1_end, user_guided_transport_robot1_def.s2_start, user_guided_transport_robot1_def.s2_end, user_guided_transport_robot1_def.s3_start, user_guided_transport_robot1_def.s3_end, user_guided_transport.end}
[2K -- Formula is satisfied.
user_guided_transport_robot1_def.s1_start:
[0]: (0,0) (0,1) (0,0) (700,0)
user_guided_transport_robot1_def.s1_end:
[0]: (0,0) (2,0) (2,1) (2,0) (700,0)
user_guided_transport_robot1_def.s2_start:
[0]: (0,0) (2,0) (2,1) (2,0) (700,0)
user_guided_transport_robot1_def.s2_end:
[0]: (0,0) (7.601704852827725,0) (7.601704852827725,1) (7.601704852827725,0) (700,0)
user_guided_transport_robot1_def.s3_start:
[0]: (0,0) (7.601704852827725,0) (7.601704852827725,1) (7.601704852827725,0) (700,0)
user_guided_transport_robot1_def.s3_end:
[0]: (0,0) (198.2195597970558,0) (198.2195597970558,1) (198.2195597970558,0) (700,0)
user_guided_transport.end:
[0]: (0,0) (200.2195597970549,0) (200.2195597970549,1) (700,1)
[2K
Verifying formula 2 at /nta/queries/query[2]/formula
 -- Formula: simulate[<=700]{user_guided_transport_human1_def.s1_start, user_guided_transport_human1_def.s1_end, user_guided_transport_human1_def.s2_start, user_guided_transport_human1_def.s2_idle, user_guided_transport_human1_def.s3_start, user_guided_transport_human1_def.s3_end, user_guided_transport.end}
[2K -- Formula is satisfied.
user_guided_transport_human1_def.s1_start:
[0]: (0,0) (0,1) (0,0) (700,0)
user_guided_transport_human1_def.s1_end:
[0]: (0,0) (1,0) (1,1) (2,1) (2,0) (700,0)
user_guided_transport_human1_def.s2_start:
[0]: (0,0) (2,0) (2,1) (2,0) (700,0)
user_guided_transport_human1_def.s2_idle:
[0]: (0,0) (2,0) (2,1) (9.732832993952874,1) (9.732832993952874,0) (700,0)
user_guided_transport_human1_def.s3_start:
[0]: (0,0) (9.732832993952874,0) (9.732832993952874,1) (9.732832993952874,0) (14.73283299395284,0) (14.73283299395284,1) (14.73283299395284,0) (19.73283299395284,0) (19.73283299395284,1) (19.73283299395284,0) (24.7328329939528,0) (24.7328329939528,1) (24.7328329939528,0) (29.73283299395277,0) (29.73283299395277,1) (29.73283299395277,0) (34.73283299395283,0) (34.73283299395283,1) (34.73283299395283,0) (39.73283299395297,0) (39.73283299395297,1) (39.73283299395297,0) (44.7328329939531,0) (44.7328329939531,1) (44.7328329939531,0) (49.73283299395317,0) (49.73283299395317,1) (49.73283299395317,0) (54.73283299395327,0) (54.73283299395327,1) (54.73283299395327,0) (59.73283299395334,0) (59.73283299395334,1) (59.73283299395334,0) (64.73283299395344,0) (64.73283299395344,1) (64.73283299395344,0) (69.73283299395351,0) (69.73283299395351,1) (69.73283299395351,0) (74.73283299395359,0) (74.73283299395359,1) (74.73283299395359,0) (79.73283299395359,0) (79.73283299395359,1) (79.73283299395359,0) (84.73283299395359,0) (84.73283299395359,1) (84.73283299395359,0) (89.73283299395359,0) (89.73283299395359,1) (89.73283299395359,0) (94.73283299395359,0) (94.73283299395359,1) (94.73283299395359,0) (99.73283299395325,0) (99.73283299395325,1) (99.73283299395325,0) (104.732832993953,0) (104.732832993953,1) (104.732832993953,0) (109.7328329939526,0) (109.7328329939526,1) (109.7328329939526,0) (114.7328329939522,0) (114.7328329939522,1) (114.7328329939522,0) (119.7328329939519,0) (119.7328329939519,1) (119.7328329939519,0) (124.7328329939516,0) (124.7328329939516,1) (124.7328329939516,0) (129.7328329939515,0) (129.7328329939515,1) (129.7328329939515,0) (134.7328329939519,0) (134.7328329939519,1) (134.7328329939519,0) (139.7328329939523,0) (139.7328329939523,1) (139.7328329939523,0) (144.7328329939527,0) (144.7328329939527,1) (144.7328329939527,0) (149.7328329939531,0) (149.7328329939531,1) (149.7328329939531,0) (154.7328329939534,0) (154.7328329939534,1) (154.7328329939534,0) (159.7328329939537,0) (159.7328329939537,1) (159.7328329939537,0) (164.732832993954,0) (164.732832993954,1) (164.732832993954,0) (169.7328329939543,0) (169.7328329939543,1) (169.7328329939543,0) (174.7328329939547,0) (174.7328329939547,1) (174.7328329939547,0) (179.7328329939551,0) (179.7328329939551,1) (179.7328329939551,0) (184.7328329939554,0) (184.7328329939554,1) (184.7328329939554,0) (189.7328329939558,0) (189.7328329939558,1) (189.7328329939558,0) (194.7328329939562,0) (194.7328329939562,1) (194.7328329939562,0) (700,0)
user_guided_transport_human1_def.s3_end:
[0]: (0,0) (194.7328329939562,0) (194.7328329939562,1) (200.3506879381816,1) (200.3506879381816,0) (700,0)
user_guided_transport.end:
[0]: (0,0) (202.3506879381807,0) (202.3506879381807,1) (700,1)
[2K
Verifying formula 3 at /nta/queries/query[3]/formula
 -- Formula: Pr[<=700] (<> user_guided_transport.end)
[2K -- Formula is satisfied.
(72/72 runs) Pr(<> …) in [0.950056,1] (95% CI)
Values in [199.735,204.616] mean=202.269 steps=0.542338: 9 7 7 7 10 6 7 8 11
[2K
Verifying formula 4 at /nta/queries/query[4]/formula
 -- Formula: simulate[<=700]{humanPositionX[0], humanPositionY[0], robPositionX[0], robPositionY[0], batteryCharge[0], user_guided_transport.end}
[2K -- Formula is satisfied.
humanPositionX[0]:
[0]: (0,0) (0,92.5) (1,92.5) (1,97.73313175708738) (12.63825593629808,97.73313175708738) (12.63825593629808,123.7285354798977) (13.63825593629808,123.7285354798977) (13.63825593629808,149.723939202708) (14.63825593629808,149.723939202708) (14.63825593629808,175.7193429255182) (15.63825593629808,175.7193429255182) (15.63825593629808,201.7147466483285) (16.63825593629808,201.7147466483285) (16.63825593629808,227.7101503711388) (17.63825593629807,227.7101503711388) (17.63825593629807,253.7055540939491) (18.63825593629808,253.7055540939491) (18.63825593629808,279.7009578167594) (19.63825593629808,279.7009578167594) (19.63825593629808,305.6963615395697) (20.63825593629808,305.6963615395697) (20.63825593629808,331.69176526238) (21.63825593629807,331.69176526238) (21.63825593629807,357.6871689851903) (22.63825593629807,357.6871689851903) (22.63825593629807,383.6825727080006) (23.63825593629806,383.6825727080006) (23.63825593629806,409.6779764308109) (24.63825593629805,409.6779764308109) (24.63825593629805,435.6733801536212) (25.63825593629804,435.6733801536212) (25.63825593629804,461.6687838764315) (26.63825593629804,461.6687838764315) (26.63825593629804,487.6641875992418) (27.63825593629803,487.6641875992418) (27.63825593629803,513.6595913220521) (28.63825593629802,513.6595913220521) (28.63825593629802,539.6549950448623) (29.63825593629802,539.6549950448623) (29.63825593629802,565.6503987676725) (30.63825593629801,565.6503987676725) (30.63825593629801,591.6458024904828) (31.638255936298,591.6458024904828) (31.638255936298,617.641206213293) (32.63825593629802,617.641206213293) (32.63825593629802,643.6366099361032) (33.63825593629804,643.6366099361032) (33.63825593629804,669.6320136589135) (34.63825593629807,669.6320136589135) (34.63825593629807,695.6274173817237) (35.6382559362981,695.6274173817237) (35.6382559362981,721.622821104534) (36.63825593629813,721.622821104534) (36.63825593629813,747.6182248273442) (37.63825593629816,747.6182248273442) (37.63825593629816,773.6136285501544) (38.63825593629819,773.6136285501544) (38.63825593629819,799.6090322729647) (39.63825593629821,799.6090322729647) (39.63825593629821,825.6044359957749) (40.63825593629824,825.6044359957749) (40.63825593629824,851.5998397185851) (41.63825593629827,851.5998397185851) (41.63825593629827,877.5952434413954) (42.6382559362983,877.5952434413954) (42.6382559362983,903.5906471642056) (43.63825593629833,903.5906471642056) (43.63825593629833,929.5860508870159) (44.63825593629836,929.5860508870159) (44.63825593629836,955.5814546098261) (45.63825593629839,955.5814546098261) (45.63825593629839,981.5768583326363) (46.63825593629841,981.5768583326363) (46.63825593629841,1007.572262055447) (47.63825593629843,1007.572262055447) (47.63825593629843,1033.567665778257) (48.63825593629845,1033.567665778257) (48.63825593629845,1059.563069501067) (49.63825593629847,1059.563069501067) (49.63825593629847,1085.558473223878) (50.63825593629849,1085.558473223878) (50.63825593629849,1111.553876946688) (51.63825593629851,1111.553876946688) (51.63825593629851,1137.549280669498) (52.63825593629853,1137.549280669498) (52.63825593629853,1163.544684392309) (53.63825593629855,1163.544684392309) (53.63825593629855,1189.540088115119) (54.63825593629857,1189.540088115119) (54.63825593629857,1215.535491837929) (55.63825593629859,1215.535491837929) (55.63825593629859,1241.53089556074) (56.63825593629861,1241.53089556074) (56.63825593629861,1267.52629928355) (57.63825593629863,1267.52629928355) (57.63825593629863,1293.52170300636) (58.63825593629866,1293.52170300636) (58.63825593629866,1319.517106729171) (59.63825593629868,1319.517106729171) (59.63825593629868,1345.512510451981) (60.6382559362987,1345.512510451981) (60.6382559362987,1371.507914174791) (61.63825593629872,1371.507914174791) (61.63825593629872,1397.503317897602) (62.63825593629873,1397.503317897602) (62.63825593629873,1423.498721620412) (63.63825593629875,1423.498721620412) (63.63825593629875,1478) (64.63825593629876,1478) (64.63825593629876,1504) (65.63825593629879,1504) (65.63825593629879,1530) (66.63825593629882,1530) (66.63825593629882,1556) (67.63825593629885,1556) (67.63825593629885,1582) (68.63825593629888,1582) (68.63825593629888,1608) (69.6382559362989,1608) (69.6382559362989,1634) (70.63825593629893,1634) (70.63825593629893,1660) (71.63825593629895,1660) (71.63825593629895,1686) (72.63825593629896,1686) (72.63825593629896,1712) (73.63825593629898,1712) (73.63825593629898,1738) (74.63825593629899,1738) (74.63825593629899,1764) (75.638255936299,1764) (75.638255936299,1790) (76.63825593629905,1790) (76.63825593629905,1816) (77.63825593629905,1816) (77.63825593629905,1842) (78.63825593629905,1842) (78.63825593629905,1868) (79.63825593629905,1868) (79.63825593629905,1894) (80.63825593629905,1894) (80.63825593629905,1920) (81.63825593629905,1920) (81.63825593629905,1946) (82.63825593629905,1946) (82.63825593629905,1972) (83.63825593629905,1972) (83.63825593629905,1998) (84.63825593629905,1998) (84.63825593629905,2024) (85.63825593629905,2024) (85.63825593629905,2050) (86.63825593629903,2050) (86.63825593629903,2076) (87.63825593629903,2076) (87.63825593629903,2102) (88.63825593629903,2102) (88.63825593629903,2128) (89.63825593629903,2128) (89.63825593629903,2154) (90.63825593629903,2154) (90.63825593629903,2180) (91.63825593629903,2180) (91.63825593629903,2206) (92.63825593629903,2206) (92.63825593629903,2232) (93.63825593629903,2232) (93.63825593629903,2258) (94.63825593629903,2258) (94.63825593629903,2284) (95.63825593629903,2284) (95.63825593629903,2310) (96.63825593629903,2310) (96.63825593629903,2336) (97.63825593629898,2336) (97.63825593629898,2362) (98.6382559362989,2362) (98.6382559362989,2388) (99.63825593629883,2388) (99.63825593629883,2414) (100.6382559362988,2414) (100.6382559362988,2440) (101.6382559362987,2440) (101.6382559362987,2466) (102.6382559362986,2466) (102.6382559362986,2492) (103.6382559362985,2492) (103.6382559362985,2518) (104.6382559362985,2518) (104.6382559362985,2544) (105.6382559362984,2544) (105.6382559362984,2570) (106.6382559362983,2570) (106.6382559362983,2596) (107.6382559362983,2596) (107.6382559362983,2622) (108.6382559362982,2622) (108.6382559362982,2648) (109.6382559362981,2648) (109.6382559362981,2674) (110.6382559362981,2674) (110.6382559362981,2700) (111.638255936298,2700) (111.638255936298,2726) (112.6382559362979,2726) (112.6382559362979,2752) (113.6382559362978,2752) (113.6382559362978,2778) (114.6382559362978,2778) (114.6382559362978,2804) (115.6382559362977,2804) (115.6382559362977,2830) (116.6382559362976,2830) (116.6382559362976,2856) (117.6382559362976,2856) (117.6382559362976,2882) (118.6382559362975,2882) (118.6382559362975,2908) (119.6382559362974,2908) (119.6382559362974,2934) (120.6382559362973,2934) (120.6382559362973,2960) (121.6382559362973,2960) (121.6382559362973,2986) (122.6382559362972,2986) (122.6382559362972,3012) (123.6382559362971,3012) (123.6382559362971,3038) (124.6382559362971,3038) (124.6382559362971,3088.5) (125.638255936297,3088.5) (125.638255936297,3114.5) (126.6382559362969,3114.5) (126.6382559362969,3140.5) (127.6382559362968,3140.5) (127.6382559362968,3166.5) (128.6382559362969,3166.5) (128.6382559362969,3192.5) (129.638255936297,3192.5) (129.638255936297,3218.5) (130.638255936297,3218.5) (130.638255936297,3244.5) (131.6382559362971,3244.5) (131.6382559362971,3270.5) (132.6382559362972,3270.5) (132.6382559362972,3296.5) (133.6382559362973,3296.5) (133.6382559362973,3322.5) (134.6382559362974,3322.5) (134.6382559362974,3348.5) (135.6382559362975,3348.5) (135.6382559362975,3374.5) (136.6382559362976,3374.5) (136.6382559362976,3400.5) (137.6382559362976,3400.5) (137.6382559362976,3426.5) (138.6382559362977,3426.5) (138.6382559362977,3452.5) (139.6382559362978,3452.5) (139.6382559362978,3478.5) (140.6382559362979,3478.5) (140.6382559362979,3504.5) (141.638255936298,3504.5) (141.638255936298,3530.5) (142.6382559362981,3530.5) (142.6382559362981,3556.5) (143.6382559362982,3556.5) (143.6382559362982,3582.5) (144.6382559362982,3582.5) (144.6382559362982,3608.5) (145.6382559362983,3608.5) (145.6382559362983,3634.5) (146.6382559362984,3634.5) (146.6382559362984,3660.5) (147.6382559362985,3660.5) (147.6382559362985,3686.5) (148.6382559362986,3686.5) (148.6382559362986,3712.5) (149.6382559362987,3712.5) (149.6382559362987,3738.5) (150.6382559362987,3738.5) (150.6382559362987,3764.5) (151.6382559362988,3764.5) (151.6382559362988,3790.5) (152.6382559362989,3790.5) (152.6382559362989,3816.5) (153.638255936299,3816.5) (153.638255936299,3842.5) (154.6382559362991,3842.5) (154.6382559362991,3868.5) (155.6382559362992,3868.5) (155.6382559362992,3894.5) (156.6382559362993,3894.5) (156.6382559362993,3920.5) (157.6382559362993,3920.5) (157.6382559362993,3946.5) (158.6382559362994,3946.5) (158.6382559362994,3972.5) (159.6382559362995,3972.5) (159.6382559362995,3998.5) (160.6382559362996,3998.5) (160.6382559362996,4024.5) (161.6382559362997,4024.5) (161.6382559362997,4050.5) (162.6382559362998,4050.5) (162.6382559362998,4076.5) (163.6382559362999,4076.5) (163.6382559362999,4102.5) (164.6382559362999,4102.5) (164.6382559362999,4128.5) (165.6382559363,4128.5) (165.6382559363,4154.5) (166.6382559363001,4154.5) (166.6382559363001,4180.5) (167.6382559363002,4180.5) (167.6382559363002,4206.5) (168.6382559363003,4206.5) (168.6382559363003,4232.5) (169.6382559363004,4232.5) (169.6382559363004,4258.5) (170.6382559363005,4258.5) (170.6382559363005,4284.5) (171.6382559363005,4284.5) (171.6382559363005,4310.5) (172.6382559363006,4310.5) (172.6382559363006,4336.5) (173.6382559363007,4336.5) (173.6382559363007,4362.5) (174.6382559363008,4362.5) (174.6382559363008,4388.5) (175.6382559363009,4388.5) (175.6382559363009,4416.265463717128) (176.638255936301,4416.265463717128) (176.638255936301,4415.530927434256) (177.6382559363011,4415.530927434256) (177.6382559363011,4414.796391151384) (178.6382559363011,4414.796391151384) (178.6382559363011,4414.061854868512) (179.6382559363012,4414.061854868512) (179.6382559363012,4413.327318585641) (180.6382559363013,4413.327318585641) (180.6382559363013,4412.592782302769) (181.6382559363014,4412.592782302769) (181.6382559363014,4411.858246019897) (182.6382559363015,4411.858246019897) (182.6382559363015,4411.123709737025) (183.6382559363016,4411.123709737025) (183.6382559363016,4410.389173454153) (184.6382559363016,4410.389173454153) (184.6382559363016,4409.654637171281) (185.6382559363017,4409.654637171281) (185.6382559363017,4408.920100888409) (186.6382559363018,4408.920100888409) (186.6382559363018,4408.185564605537) (187.6382559363019,4408.185564605537) (187.6382559363019,4407.451028322665) (188.638255936302,4407.451028322665) (188.638255936302,4406.716492039794) (189.6382559363021,4406.716492039794) (189.6382559363021,4405.981955756922) (190.6382559363022,4405.981955756922) (190.6382559363022,4405.24741947405) (191.6382559363022,4405.24741947405) (191.6382559363022,4404.512883191178) (192.6382559363023,4404.512883191178) (192.6382559363023,4403.778346908306) (193.6382559363024,4403.778346908306) (193.6382559363024,4403.043810625434) (194.6382559363025,4403.043810625434) (194.6382559363025,4402.309274342562) (195.6382559363026,4402.309274342562) (195.6382559363026,4401.57473805969) (196.6382559363027,4401.57473805969) (196.6382559363027,4400.840201776819) (700,4400.840201776819)
humanPositionY[0]:
[0]: (0,0) (0,163.5) (1,163.5) (1,188.9679078844919) (12.63825593629808,188.9679078844919) (12.63825593629808,188.479046668909) (13.63825593629808,188.479046668909) (13.63825593629808,187.9901854533261) (14.63825593629808,187.9901854533261) (14.63825593629808,187.5013242377432) (15.63825593629808,187.5013242377432) (15.63825593629808,187.0124630221603) (16.63825593629808,187.0124630221603) (16.63825593629808,186.5236018065774) (17.63825593629807,186.5236018065774) (17.63825593629807,186.0347405909945) (18.63825593629808,186.0347405909945) (18.63825593629808,185.5458793754117) (19.63825593629808,185.5458793754117) (19.63825593629808,185.0570181598288) (20.63825593629808,185.0570181598288) (20.63825593629808,184.5681569442459) (21.63825593629807,184.5681569442459) (21.63825593629807,184.079295728663) (22.63825593629807,184.079295728663) (22.63825593629807,183.5904345130801) (23.63825593629806,183.5904345130801) (23.63825593629806,183.1015732974972) (24.63825593629805,183.1015732974972) (24.63825593629805,182.6127120819143) (25.63825593629804,182.6127120819143) (25.63825593629804,182.1238508663315) (26.63825593629804,182.1238508663315) (26.63825593629804,181.6349896507486) (27.63825593629803,181.6349896507486) (27.63825593629803,181.1461284351657) (28.63825593629802,181.1461284351657) (28.63825593629802,180.6572672195828) (29.63825593629802,180.6572672195828) (29.63825593629802,180.1684060039999) (30.63825593629801,180.1684060039999) (30.63825593629801,179.679544788417) (31.638255936298,179.679544788417) (31.638255936298,179.1906835728341) (32.63825593629802,179.1906835728341) (32.63825593629802,178.7018223572512) (33.63825593629804,178.7018223572512) (33.63825593629804,178.2129611416684) (34.63825593629807,178.2129611416684) (34.63825593629807,177.7240999260855) (35.6382559362981,177.7240999260855) (35.6382559362981,177.2352387105026) (36.63825593629813,177.2352387105026) (36.63825593629813,176.7463774949197) (37.63825593629816,176.7463774949197) (37.63825593629816,176.2575162793368) (38.63825593629819,176.2575162793368) (38.63825593629819,175.7686550637539) (39.63825593629821,175.7686550637539) (39.63825593629821,175.279793848171) (40.63825593629824,175.279793848171) (40.63825593629824,174.7909326325882) (41.63825593629827,174.7909326325882) (41.63825593629827,174.3020714170053) (42.6382559362983,174.3020714170053) (42.6382559362983,173.8132102014224) (43.63825593629833,173.8132102014224) (43.63825593629833,173.3243489858395) (44.63825593629836,173.3243489858395) (44.63825593629836,172.8354877702566) (45.63825593629839,172.8354877702566) (45.63825593629839,172.3466265546737) (46.63825593629841,172.3466265546737) (46.63825593629841,171.8577653390908) (47.63825593629843,171.8577653390908) (47.63825593629843,171.3689041235079) (48.63825593629845,171.3689041235079) (48.63825593629845,170.8800429079251) (49.63825593629847,170.8800429079251) (49.63825593629847,170.3911816923422) (50.63825593629849,170.3911816923422) (50.63825593629849,169.9023204767593) (51.63825593629851,169.9023204767593) (51.63825593629851,169.4134592611764) (52.63825593629853,169.4134592611764) (52.63825593629853,168.9245980455935) (53.63825593629855,168.9245980455935) (53.63825593629855,168.4357368300106) (54.63825593629857,168.4357368300106) (54.63825593629857,167.9468756144277) (55.63825593629859,167.9468756144277) (55.63825593629859,167.4580143988449) (56.63825593629861,167.4580143988449) (56.63825593629861,166.969153183262) (57.63825593629863,166.969153183262) (57.63825593629863,166.4802919676791) (58.63825593629866,166.4802919676791) (58.63825593629866,165.9914307520962) (59.63825593629868,165.9914307520962) (59.63825593629868,165.5025695365133) (60.6382559362987,165.5025695365133) (60.6382559362987,165.0137083209304) (61.63825593629872,165.0137083209304) (61.63825593629872,164.5248471053475) (62.63825593629873,164.5248471053475) (62.63825593629873,164.0359858897646) (63.63825593629875,164.0359858897646) (63.63825593629875,163.5) (175.6382559363009,163.5) (175.6382559363009,189.4896220913107) (176.638255936301,189.4896220913107) (176.638255936301,215.4792441826214) (177.6382559363011,215.4792441826214) (177.6382559363011,241.4688662739321) (178.6382559363011,241.4688662739321) (178.6382559363011,267.4584883652428) (179.6382559363012,267.4584883652428) (179.6382559363012,293.4481104565535) (180.6382559363013,293.4481104565535) (180.6382559363013,319.4377325478642) (181.6382559363014,319.4377325478642) (181.6382559363014,345.427354639175) (182.6382559363015,345.427354639175) (182.6382559363015,371.4169767304857) (183.6382559363016,371.4169767304857) (183.6382559363016,397.4065988217964) (184.6382559363016,397.4065988217964) (184.6382559363016,423.3962209131071) (185.6382559363017,423.3962209131071) (185.6382559363017,449.3858430044178) (186.6382559363018,449.3858430044178) (186.6382559363018,475.3754650957285) (187.6382559363019,475.3754650957285) (187.6382559363019,501.3650871870392) (188.638255936302,501.3650871870392) (188.638255936302,527.3547092783499) (189.6382559363021,527.3547092783499) (189.6382559363021,553.3443313696606) (190.6382559363022,553.3443313696606) (190.6382559363022,579.3339534609713) (191.6382559363022,579.3339534609713) (191.6382559363022,605.323575552282) (192.6382559363023,605.323575552282) (192.6382559363023,631.3131976435927) (193.6382559363024,631.3131976435927) (193.6382559363024,657.3028197349034) (194.6382559363025,657.3028197349034) (194.6382559363025,683.2924418262141) (195.6382559363026,683.2924418262141) (195.6382559363026,709.2820639175249) (196.6382559363027,709.2820639175249) (196.6382559363027,735.2716860088356) (700,735.2716860088356)
robPositionX[0]:
[0]: (0,0) (0,92.5) (2,92.5) (2,97.73313175708738) (13.63825593629808,97.73313175708738) (13.63825593629808,123.7285354798977) (14.65705939878132,123.7285354798977) (14.65705939878132,149.723939202708) (15.65705939878132,149.723939202708) (15.65705939878132,175.7193429255182) (16.65705939878132,175.7193429255182) (16.65705939878132,201.7147466483285) (17.65705939878132,201.7147466483285) (17.65705939878132,227.7101503711388) (18.65705939878132,227.7101503711388) (18.65705939878132,253.7055540939491) (19.65705939878132,253.7055540939491) (19.65705939878132,279.7009578167594) (20.65705939878132,279.7009578167594) (20.65705939878132,305.6963615395697) (21.65705939878132,305.6963615395697) (21.65705939878132,331.69176526238) (22.65705939878131,331.69176526238) (22.65705939878131,357.6871689851903) (23.6570593987813,357.6871689851903) (23.6570593987813,383.6825727080006) (24.6570593987813,383.6825727080006) (24.6570593987813,409.6779764308109) (25.65705939878129,409.6779764308109) (25.65705939878129,435.6733801536212) (26.65705939878128,435.6733801536212) (26.65705939878128,461.6687838764315) (27.65705939878127,461.6687838764315) (27.65705939878127,487.6641875992418) (28.65705939878127,487.6641875992418) (28.65705939878127,513.6595913220521) (29.65705939878126,513.6595913220521) (29.65705939878126,539.6549950448623) (30.65705939878125,539.6549950448623) (30.65705939878125,565.6503987676725) (31.65705939878125,565.6503987676725) (31.65705939878125,591.6458024904828) (32.65705939878126,591.6458024904828) (32.65705939878126,617.641206213293) (33.65705939878129,617.641206213293) (33.65705939878129,643.6366099361032) (34.65705939878132,643.6366099361032) (34.65705939878132,669.6320136589135) (35.65705939878135,669.6320136589135) (35.65705939878135,695.6274173817237) (36.65705939878138,695.6274173817237) (36.65705939878138,721.622821104534) (37.65705939878141,721.622821104534) (37.65705939878141,747.6182248273442) (38.65705939878143,747.6182248273442) (38.65705939878143,773.6136285501544) (39.65705939878146,773.6136285501544) (39.65705939878146,799.6090322729647) (40.65705939878149,799.6090322729647) (40.65705939878149,825.6044359957749) (41.65705939878152,825.6044359957749) (41.65705939878152,851.5998397185851) (42.65705939878155,851.5998397185851) (42.65705939878155,877.5952434413954) (43.65705939878158,877.5952434413954) (43.65705939878158,903.5906471642056) (44.65705939878161,903.5906471642056) (44.65705939878161,929.5860508870159) (45.65705939878163,929.5860508870159) (45.65705939878163,955.5814546098261) (46.65705939878166,955.5814546098261) (46.65705939878166,981.5768583326363) (47.65705939878168,981.5768583326363) (47.65705939878168,1007.572262055447) (48.6570593987817,1007.572262055447) (48.6570593987817,1033.567665778257) (49.65705939878172,1033.567665778257) (49.65705939878172,1059.563069501067) (50.65705939878174,1059.563069501067) (50.65705939878174,1085.558473223878) (51.65705939878176,1085.558473223878) (51.65705939878176,1111.553876946688) (52.65705939878178,1111.553876946688) (52.65705939878178,1137.549280669498) (53.6570593987818,1137.549280669498) (53.6570593987818,1163.544684392309) (54.65705939878183,1163.544684392309) (54.65705939878183,1189.540088115119) (55.65705939878185,1189.540088115119) (55.65705939878185,1215.535491837929) (56.65705939878187,1215.535491837929) (56.65705939878187,1241.53089556074) (57.65705939878189,1241.53089556074) (57.65705939878189,1267.52629928355) (58.65705939878191,1267.52629928355) (58.65705939878191,1293.52170300636) (59.65705939878193,1293.52170300636) (59.65705939878193,1319.517106729171) (60.65705939878195,1319.517106729171) (60.65705939878195,1345.512510451981) (61.65705939878197,1345.512510451981) (61.65705939878197,1371.507914174791) (62.65705939878199,1371.507914174791) (62.65705939878199,1397.503317897602) (63.657059398782,1397.503317897602) (63.657059398782,1423.498721620412) (64.65705939878202,1423.498721620412) (64.65705939878202,1452) (65.65705939878205,1452) (65.65705939878205,1478) (66.65705939878208,1478) (66.65705939878208,1504) (67.65705939878211,1504) (67.65705939878211,1530) (68.65705939878214,1530) (68.65705939878214,1556) (69.65705939878217,1556) (69.65705939878217,1582) (70.6570593987822,1582) (70.6570593987822,1608) (71.65705939878221,1608) (71.65705939878221,1634) (72.65705939878222,1634) (72.65705939878222,1660) (73.65705939878224,1660) (73.65705939878224,1686) (74.65705939878225,1686) (74.65705939878225,1712) (75.65705939878227,1712) (75.65705939878227,1738) (76.65705939878231,1738) (76.65705939878231,1764) (77.65705939878231,1764) (77.65705939878231,1790) (78.65705939878231,1790) (78.65705939878231,1816) (79.65705939878231,1816) (79.65705939878231,1842) (80.65705939878231,1842) (80.65705939878231,1868) (81.65705939878231,1868) (81.65705939878231,1894) (82.65705939878231,1894) (82.65705939878231,1920) (83.65705939878231,1920) (83.65705939878231,1946) (84.65705939878231,1946) (84.65705939878231,1972) (85.65705939878231,1972) (85.65705939878231,1998) (86.65705939878231,1998) (86.65705939878231,2024) (87.65705939878231,2024) (87.65705939878231,2050) (88.65705939878231,2050) (88.65705939878231,2076) (89.65705939878231,2076) (89.65705939878231,2102) (90.65705939878231,2102) (90.65705939878231,2128) (91.65705939878231,2128) (91.65705939878231,2154) (92.65705939878231,2154) (92.65705939878231,2180) (93.65705939878231,2180) (93.65705939878231,2206) (94.65705939878231,2206) (94.65705939878231,2232) (95.65705939878231,2232) (95.65705939878231,2258) (96.65705939878231,2258) (96.65705939878231,2284) (97.65705939878225,2284) (97.65705939878225,2310) (98.65705939878218,2310) (98.65705939878218,2336) (99.65705939878211,2336) (99.65705939878211,2362) (100.657059398782,2362) (100.657059398782,2388) (101.657059398782,2388) (101.657059398782,2414) (102.6570593987819,2414) (102.6570593987819,2440) (103.6570593987818,2440) (103.6570593987818,2466) (104.6570593987818,2466) (104.6570593987818,2492) (105.6570593987817,2492) (105.6570593987817,2518) (106.6570593987816,2518) (106.6570593987816,2544) (107.6570593987815,2544) (107.6570593987815,2570) (108.6570593987815,2570) (108.6570593987815,2596) (109.6570593987814,2596) (109.6570593987814,2622) (110.6570593987813,2622) (110.6570593987813,2648) (111.6570593987813,2648) (111.6570593987813,2674) (112.6570593987812,2674) (112.6570593987812,2700) (113.6570593987811,2700) (113.6570593987811,2726) (114.657059398781,2726) (114.657059398781,2752) (115.657059398781,2752) (115.657059398781,2778) (116.6570593987809,2778) (116.6570593987809,2804) (117.6570593987808,2804) (117.6570593987808,2830) (118.6570593987808,2830) (118.6570593987808,2856) (119.6570593987807,2856) (119.6570593987807,2882) (120.6570593987806,2882) (120.6570593987806,2908) (121.6570593987805,2908) (121.6570593987805,2934) (122.6570593987805,2934) (122.6570593987805,2960) (123.6570593987804,2960) (123.6570593987804,2986) (124.6570593987803,2986) (124.6570593987803,3012) (125.6570593987803,3012) (125.6570593987803,3038) (126.6570593987802,3038) (126.6570593987802,3062.5) (127.6570593987801,3062.5) (127.6570593987801,3088.5) (128.6570593987801,3088.5) (128.6570593987801,3114.5) (129.6570593987802,3114.5) (129.6570593987802,3140.5) (130.6570593987803,3140.5) (130.6570593987803,3166.5) (131.6570593987804,3166.5) (131.6570593987804,3192.5) (132.6570593987805,3192.5) (132.6570593987805,3218.5) (133.6570593987806,3218.5) (133.6570593987806,3244.5) (134.6570593987807,3244.5) (134.6570593987807,3270.5) (135.6570593987807,3270.5) (135.6570593987807,3296.5) (136.6570593987808,3296.5) (136.6570593987808,3322.5) (137.6570593987809,3322.5) (137.6570593987809,3348.5) (138.657059398781,3348.5) (138.657059398781,3374.5) (139.6570593987811,3374.5) (139.6570593987811,3400.5) (140.6570593987812,3400.5) (140.6570593987812,3426.5) (141.6570593987813,3426.5) (141.6570593987813,3452.5) (142.6570593987813,3452.5) (142.6570593987813,3478.5) (143.6570593987814,3478.5) (143.6570593987814,3504.5) (144.6570593987815,3504.5) (144.6570593987815,3530.5) (145.6570593987816,3530.5) (145.6570593987816,3556.5) (146.6570593987817,3556.5) (146.6570593987817,3582.5) (147.6570593987818,3582.5) (147.6570593987818,3608.5) (148.6570593987819,3608.5) (148.6570593987819,3634.5) (149.6570593987819,3634.5) (149.6570593987819,3660.5) (150.657059398782,3660.5) (150.657059398782,3686.5) (151.6570593987821,3686.5) (151.6570593987821,3712.5) (152.6570593987822,3712.5) (152.6570593987822,3738.5) (153.6570593987823,3738.5) (153.6570593987823,3764.5) (154.6570593987824,3764.5) (154.6570593987824,3790.5) (155.6570593987825,3790.5) (155.6570593987825,3816.5) (156.6570593987825,3816.5) (156.6570593987825,3842.5) (157.6570593987826,3842.5) (157.6570593987826,3868.5) (158.6570593987827,3868.5) (158.6570593987827,3894.5) (159.6570593987828,3894.5) (159.6570593987828,3920.5) (160.6570593987829,3920.5) (160.6570593987829,3946.5) (161.657059398783,3946.5) (161.657059398783,3972.5) (162.657059398783,3972.5) (162.657059398783,3998.5) (163.6570593987831,3998.5) (163.6570593987831,4024.5) (164.6570593987832,4024.5) (164.6570593987832,4050.5) (165.6570593987833,4050.5) (165.6570593987833,4076.5) (166.6570593987834,4076.5) (166.6570593987834,4102.5) (167.6570593987835,4102.5) (167.6570593987835,4128.5) (168.6570593987836,4128.5) (168.6570593987836,4154.5) (169.6570593987836,4154.5) (169.6570593987836,4180.5) (170.6570593987837,4180.5) (170.6570593987837,4206.5) (171.6570593987838,4206.5) (171.6570593987838,4232.5) (172.6570593987839,4232.5) (172.6570593987839,4258.5) (173.657059398784,4258.5) (173.657059398784,4284.5) (174.6570593987841,4284.5) (174.6570593987841,4310.5) (175.6570593987842,4310.5) (175.6570593987842,4336.5) (176.6570593987842,4336.5) (176.6570593987842,4362.5) (177.6570593987843,4362.5) (177.6570593987843,4388.5) (178.6570593987844,4388.5) (178.6570593987844,4417) (181.2561108805262,4417) (181.2561108805262,4416.265463717128) (182.2561108805263,4416.265463717128) (182.2561108805263,4415.530927434256) (183.2561108805263,4415.530927434256) (183.2561108805263,4414.796391151384) (184.2561108805264,4414.796391151384) (184.2561108805264,4414.061854868512) (185.2561108805265,4414.061854868512) (185.2561108805265,4413.327318585641) (186.2561108805266,4413.327318585641) (186.2561108805266,4412.592782302769) (187.2561108805267,4412.592782302769) (187.2561108805267,4411.858246019897) (188.2561108805268,4411.858246019897) (188.2561108805268,4411.123709737025) (189.2561108805268,4411.123709737025) (189.2561108805268,4410.389173454153) (190.2561108805269,4410.389173454153) (190.2561108805269,4409.654637171281) (191.256110880527,4409.654637171281) (191.256110880527,4408.920100888409) (192.2561108805271,4408.920100888409) (192.2561108805271,4408.185564605537) (193.2561108805272,4408.185564605537) (193.2561108805272,4407.451028322665) (194.2561108805273,4407.451028322665) (194.2561108805273,4406.716492039794) (195.2561108805274,4406.716492039794) (195.2561108805274,4405.981955756922) (196.2561108805274,4405.981955756922) (196.2561108805274,4405.24741947405) (197.2561108805275,4405.24741947405) (197.2561108805275,4404.512883191178) (198.2561108805276,4404.512883191178) (198.2561108805276,4403.778346908306) (199.2561108805277,4403.778346908306) (199.2561108805277,4403.043810625434) (200.2561108805278,4403.043810625434) (200.2561108805278,4402.309274342562) (201.2561108805279,4402.309274342562) (201.2561108805279,4401.57473805969) (202.256110880528,4401.57473805969) (202.256110880528,4400.840201776819) (700,4400.840201776819)
robPositionY[0]:
[0]: (0,0) (0,163.5) (2,163.5) (2,188.9679078844919) (13.63825593629808,188.9679078844919) (13.63825593629808,188.479046668909) (14.65705939878132,188.479046668909) (14.65705939878132,187.9901854533261) (15.65705939878132,187.9901854533261) (15.65705939878132,187.5013242377432) (16.65705939878132,187.5013242377432) (16.65705939878132,187.0124630221603) (17.65705939878132,187.0124630221603) (17.65705939878132,186.5236018065774) (18.65705939878132,186.5236018065774) (18.65705939878132,186.0347405909945) (19.65705939878132,186.0347405909945) (19.65705939878132,185.5458793754117) (20.65705939878132,185.5458793754117) (20.65705939878132,185.0570181598288) (21.65705939878132,185.0570181598288) (21.65705939878132,184.5681569442459) (22.65705939878131,184.5681569442459) (22.65705939878131,184.079295728663) (23.6570593987813,184.079295728663) (23.6570593987813,183.5904345130801) (24.6570593987813,183.5904345130801) (24.6570593987813,183.1015732974972) (25.65705939878129,183.1015732974972) (25.65705939878129,182.6127120819143) (26.65705939878128,182.6127120819143) (26.65705939878128,182.1238508663315) (27.65705939878127,182.1238508663315) (27.65705939878127,181.6349896507486) (28.65705939878127,181.6349896507486) (28.65705939878127,181.1461284351657) (29.65705939878126,181.1461284351657) (29.65705939878126,180.6572672195828) (30.65705939878125,180.6572672195828) (30.65705939878125,180.1684060039999) (31.65705939878125,180.1684060039999) (31.65705939878125,179.679544788417) (32.65705939878126,179.679544788417) (32.65705939878126,179.1906835728341) (33.65705939878129,179.1906835728341) (33.65705939878129,178.7018223572512) (34.65705939878132,178.7018223572512) (34.65705939878132,178.2129611416684) (35.65705939878135,178.2129611416684) (35.65705939878135,177.7240999260855) (36.65705939878138,177.7240999260855) (36.65705939878138,177.2352387105026) (37.65705939878141,177.2352387105026) (37.65705939878141,176.7463774949197) (38.65705939878143,176.7463774949197) (38.65705939878143,176.2575162793368) (39.65705939878146,176.2575162793368) (39.65705939878146,175.7686550637539) (40.65705939878149,175.7686550637539) (40.65705939878149,175.279793848171) (41.65705939878152,175.279793848171) (41.65705939878152,174.7909326325882) (42.65705939878155,174.7909326325882) (42.65705939878155,174.3020714170053) (43.65705939878158,174.3020714170053) (43.65705939878158,173.8132102014224) (44.65705939878161,173.8132102014224) (44.65705939878161,173.3243489858395) (45.65705939878163,173.3243489858395) (45.65705939878163,172.8354877702566) (46.65705939878166,172.8354877702566) (46.65705939878166,172.3466265546737) (47.65705939878168,172.3466265546737) (47.65705939878168,171.8577653390908) (48.6570593987817,171.8577653390908) (48.6570593987817,171.3689041235079) (49.65705939878172,171.3689041235079) (49.65705939878172,170.8800429079251) (50.65705939878174,170.8800429079251) (50.65705939878174,170.3911816923422) (51.65705939878176,170.3911816923422) (51.65705939878176,169.9023204767593) (52.65705939878178,169.9023204767593) (52.65705939878178,169.4134592611764) (53.6570593987818,169.4134592611764) (53.6570593987818,168.9245980455935) (54.65705939878183,168.9245980455935) (54.65705939878183,168.4357368300106) (55.65705939878185,168.4357368300106) (55.65705939878185,167.9468756144277) (56.65705939878187,167.9468756144277) (56.65705939878187,167.4580143988449) (57.65705939878189,167.4580143988449) (57.65705939878189,166.969153183262) (58.65705939878191,166.969153183262) (58.65705939878191,166.4802919676791) (59.65705939878193,166.4802919676791) (59.65705939878193,165.9914307520962) (60.65705939878195,165.9914307520962) (60.65705939878195,165.5025695365133) (61.65705939878197,165.5025695365133) (61.65705939878197,165.0137083209304) (62.65705939878199,165.0137083209304) (62.65705939878199,164.5248471053475) (63.657059398782,164.5248471053475) (63.657059398782,164.0359858897646) (64.65705939878202,164.0359858897646) (64.65705939878202,163.5) (181.2561108805262,163.5) (181.2561108805262,189.4896220913107) (182.2561108805263,189.4896220913107) (182.2561108805263,215.4792441826214) (183.2561108805263,215.4792441826214) (183.2561108805263,241.4688662739321) (184.2561108805264,241.4688662739321) (184.2561108805264,267.4584883652428) (185.2561108805265,267.4584883652428) (185.2561108805265,293.4481104565535) (186.2561108805266,293.4481104565535) (186.2561108805266,319.4377325478642) (187.2561108805267,319.4377325478642) (187.2561108805267,345.427354639175) (188.2561108805268,345.427354639175) (188.2561108805268,371.4169767304857) (189.2561108805268,371.4169767304857) (189.2561108805268,397.4065988217964) (190.2561108805269,397.4065988217964) (190.2561108805269,423.3962209131071) (191.256110880527,423.3962209131071) (191.256110880527,449.3858430044178) (192.2561108805271,449.3858430044178) (192.2561108805271,475.3754650957285) (193.2561108805272,475.3754650957285) (193.2561108805272,501.3650871870392) (194.2561108805273,501.3650871870392) (194.2561108805273,527.3547092783499) (195.2561108805274,527.3547092783499) (195.2561108805274,553.3443313696606) (196.2561108805274,553.3443313696606) (196.2561108805274,579.3339534609713) (197.2561108805275,579.3339534609713) (197.2561108805275,605.323575552282) (198.2561108805276,605.323575552282) (198.2561108805276,631.3131976435927) (199.2561108805277,631.3131976435927) (199.2561108805277,657.3028197349034) (200.2561108805278,657.3028197349034) (200.2561108805278,683.2924418262141) (201.2561108805279,683.2924418262141) (201.2561108805279,709.2820639175249) (202.256110880528,709.2820639175249) (202.256110880528,735.2716860088356) (700,735.2716860088356)
batteryCharge[0]:
[0]: (0,100) (700,100)
user_guided_transport.end:
[0]: (0,0) (204.2561108805271,0) (204.2561108805271,1) (700,1)
[2K
Verifying formula 5 at /nta/queries/query[5]/formula
 -- Formula: simulate[<=700]{robot_inventory[0][0], user_guided_transport.end*2}
[2K -- Formula is satisfied.
robot_inventory[0][0]:
[0]: (0,0) (11.5396189991916,0) (11.5396189991916,1) (700,1)
user_guided_transport.end * 2:
[0]: (0,0) (204.1574739434196,0) (204.1574739434196,2) (700,2)
[2K
Verifying formula 6 at /nta/queries/query[6]/formula
 -- Formula: simulate[<=700]{bedroom[0], bedroom[1], kitchen[0], kitchen[1]}
[2K -- Formula is satisfied.
bedroom[0]:
[0]: (0,100) (700,100)
bedroom[1]:
[0]: (0,200) (700,200)
kitchen[0]:
[0]: (0,4400) (700,4400)
kitchen[1]:
[0]: (0,765) (700,765)
[2K
Verifying formula 7 at /nta/queries/query[7]/formula
 -- Formula: simulate[<=700]{rm_1.idle, rf_1.idle, rp_1.idle, rd_1.idle}
[2K -- Formula is satisfied.
rm_1.idle:
[0]: (0,0) (0,1) (0,0) (3,0) (3,1) (11.85269086541749,1) (11.85269086541749,0) (203.4705458096462,0) (203.4705458096462,1) (700,1)
rf_1.idle:
[0]: (0,0) (0,1) (700,1)
rp_1.idle:
[0]: (0,0) (0,1) (2,1) (2,0) (11.85269086541749,0) (11.85269086541749,1) (700,1)
rd_1.idle:
[0]: (0,0) (0,1) (700,1)
[2K
Verifying formula 8 at /nta/queries/query[8]/formula
 -- Formula: Pr[<=700](<>!rm_1.idle || !rf_1.idle || !rp_1.idle || !rd_1.idle)
[2K -- Formula is satisfied.
(72/72 runs) Pr(<> …) in [0.950056,1] (95% CI)
Values in [0,0] mean=0 steps=2.22045e-16: 72
[2K
Verifying formula 9 at /nta/queries/query[9]/formula
 -- Formula: Pr[<=700]([] (user_guided_transport.end imply (rm_1.idle && rf_1.idle && rp_1.idle && rd_1.idle)))
 -- Throughput: 666620 runs/sec, Load: 326 runs[K
[2K -- Formula is satisfied.
(72/72 runs) Pr([] …) in [0.950056,1] (95% CI)
[2K
Verifying formula 10 at /nta/queries/query[10]/formula
 -- Formula: Pr[<=700] (<> pow(robPositionX[0] - kitchen[0], 2) + pow(robPositionY[0] - kitchen[1], 2) <= 900 )
[2K -- Formula is satisfied.
(72/72 runs) Pr(<> …) in [0.950056,1] (95% CI)
Values in [197.637,202.54] mean=200.053 steps=0.544747: 6 10 8 7 13 6 7 7 8
[2K
Verifying formula 11 at /nta/queries/query[11]/formula
 -- Formula: Pr[<=700] (<> pow(robPositionX[0] - bedroom[0], 2) + pow(robPositionY[0] - bedroom[1], 2) <= 900 )
[2K -- Formula is satisfied.
(72/72 runs) Pr(<> …) in [0.950056,1] (95% CI)
Values in [2,2] mean=2 steps=2.22045e-16: 72
[2K
Verifying formula 12 at /nta/queries/query[12]/formula
 -- Formula: Pr[<=700] (<> pow(humanPositionX[0] - kitchen[0], 2) + pow(humanPositionY[0] - kitchen[1], 2) <= 900 )
[2K -- Formula is satisfied.
(72/72 runs) Pr(<> …) in [0.950056,1] (95% CI)
Values in [192.12,196.92] mean=194.538 steps=0.533282: 9 4 15 7 3 9 6 7 12
[2K
Verifying formula 13 at /nta/queries/query[13]/formula
 -- Formula: Pr[<=700] (<> pow(humanPositionX[0] - bedroom[0], 2) + pow(humanPositionY[0] - bedroom[1], 2) <= 900 )
[2K -- Formula is satisfied.
(72/72 runs) Pr(<> …) in [0.950056,1] (95% CI)
Values in [1,1] mean=1 steps=2.22045e-16: 72
[2K
Verifying formula 14 at /nta/queries/query[14]/formula
 -- Formula: Pr[<=700] (<> !isValidPosition(humanPositionX[0], humanPositionY[0]))
[2K -- Formula is satisfied.
(72/72 runs) Pr(<> …) in [0.950056,1] (95% CI)
Values in [0,0] mean=0 steps=2.22045e-16: 72
[2K
Verifying formula 15 at /nta/queries/query[15]/formula
 -- Formula: Pr[<=700] (<> !isValidPosition(robPositionX[0], robPositionY[0]))
[2K -- Formula is satisfied.
(72/72 runs) Pr(<> …) in [0.950056,1] (95% CI)
Values in [0,0] mean=0 steps=2.22045e-16: 72
[2K
Verifying formula 16 at /nta/queries/query[16]/formula
 -- Formula: Pr[<=700] (<> currP > 2)
 -- Throughput: 673071 runs/sec, Load: 325 runs[K
[2K -- Formula is satisfied.
(0/72 runs) Pr(<> …) in [0,0.0499441] (95% CI)
