Options for the verification:
  Generating no trace
  Search order is breadth first
  Using conservative space optimisation
  Seed is 1784912527
  State space representation uses minimal constraint systems with future testing
  Using HashMap + Compress integers for discrete state storage
[2K
Verifying formula 1 at /nta/queries/query[1]/formula
 -- Formula: simulate[<=700]{user_guided_transport_human_def.s1_start, user_guided_transport_human_def.s1_end, user_guided_transport_human_def.s2_start, user_guided_transport_human_def.s2_idle, user_guided_transport_human_def.s3_start, user_guided_transport_human_def.s3_end, user_guided_transport.end}
[2K -- Formula is satisfied.
user_guided_transport_human_def.s1_start:
[0]: (0,0) (0,1) (0,0) (700,0)
user_guided_transport_human_def.s1_end:
[0]: (0,0) (1,0) (1,1) (2,1) (2,0) (700,0)
user_guided_transport_human_def.s2_start:
[0]: (0,0) (2,0) (2,1) (2,0) (700,0)
user_guided_transport_human_def.s2_idle:
[0]: (0,0) (2,0) (2,1) (9.623332880743883,1) (9.623332880743883,0) (700,0)
user_guided_transport_human_def.s3_start:
[0]: (0,0) (9.623332880743883,0) (9.623332880743883,1) (9.623332880743883,0) (14.62333288074385,0) (14.62333288074385,1) (14.62333288074385,0) (19.62333288074385,0) (19.62333288074385,1) (19.62333288074385,0) (24.62333288074382,0) (24.62333288074382,1) (24.62333288074382,0) (29.62333288074378,0) (29.62333288074378,1) (29.62333288074378,0) (34.62333288074384,0) (34.62333288074384,1) (34.62333288074384,0) (39.62333288074398,0) (39.62333288074398,1) (39.62333288074398,0) (44.62333288074412,0) (44.62333288074412,1) (44.62333288074412,0) (49.62333288074419,0) (49.62333288074419,1) (49.62333288074419,0) (54.62333288074429,0) (54.62333288074429,1) (54.62333288074429,0) (59.62333288074436,0) (59.62333288074436,1) (59.62333288074436,0) (64.62333288074446,0) (64.62333288074446,1) (64.62333288074446,0) (69.62333288074453,0) (69.62333288074453,1) (69.62333288074453,0) (74.62333288074461,0) (74.62333288074461,1) (74.62333288074461,0) (79.62333288074461,0) (79.62333288074461,1) (79.62333288074461,0) (84.62333288074461,0) (84.62333288074461,1) (84.62333288074461,0) (89.62333288074461,0) (89.62333288074461,1) (89.62333288074461,0) (94.62333288074461,0) (94.62333288074461,1) (94.62333288074461,0) (99.62333288074427,0) (99.62333288074427,1) (99.62333288074427,0) (104.623332880744,0) (104.623332880744,1) (104.623332880744,0) (109.6233328807436,0) (109.6233328807436,1) (109.6233328807436,0) (114.6233328807433,0) (114.6233328807433,1) (114.6233328807433,0) (119.6233328807429,0) (119.6233328807429,1) (119.6233328807429,0) (124.6233328807426,0) (124.6233328807426,1) (124.6233328807426,0) (129.6233328807425,0) (129.6233328807425,1) (129.6233328807425,0) (134.6233328807429,0) (134.6233328807429,1) (134.6233328807429,0) (139.6233328807433,0) (139.6233328807433,1) (139.6233328807433,0) (144.6233328807438,0) (144.6233328807438,1) (144.6233328807438,0) (149.6233328807442,0) (149.6233328807442,1) (149.6233328807442,0) (154.6233328807444,0) (154.6233328807444,1) (154.6233328807444,0) (159.6233328807447,0) (159.6233328807447,1) (159.6233328807447,0) (164.623332880745,0) (164.623332880745,1) (164.623332880745,0) (169.6233328807453,0) (169.6233328807453,1) (169.6233328807453,0) (174.6233328807457,0) (174.6233328807457,1) (174.6233328807457,0) (179.6233328807461,0) (179.6233328807461,1) (179.6233328807461,0) (184.6233328807464,0) (184.6233328807464,1) (184.6233328807464,0) (189.6233328807468,0) (189.6233328807468,1) (189.6233328807468,0) (194.6233328807472,0) (194.6233328807472,1) (194.6233328807472,0) (700,0)
user_guided_transport_human_def.s3_end:
[0]: (0,0) (194.6233328807472,0) (194.6233328807472,1) (200.2411878249726,1) (200.2411878249726,0) (700,0)
user_guided_transport.end:
[0]: (0,0) (202.2411878249717,0) (202.2411878249717,1) (700,1)
[2K
Verifying formula 2 at /nta/queries/query[2]/formula
 -- Formula: simulate[<=700]{user_guided_transport_robot_def.s1_start, user_guided_transport_robot_def.s1_end, user_guided_transport_robot_def.s2_start, user_guided_transport_robot_def.s2_end, user_guided_transport_robot_def.s3_start, user_guided_transport_robot_def.s3_end, user_guided_transport.end}
[2K -- Formula is satisfied.
user_guided_transport_robot_def.s1_start:
[0]: (0,0) (0,1) (0,0) (700,0)
user_guided_transport_robot_def.s1_end:
[0]: (0,0) (2,0) (2,1) (2,0) (700,0)
user_guided_transport_robot_def.s2_start:
[0]: (0,0) (2,0) (2,1) (2,0) (700,0)
user_guided_transport_robot_def.s2_end:
[0]: (0,0) (10.65936866268058,0) (10.65936866268058,1) (10.65936866268058,0) (700,0)
user_guided_transport_robot_def.s3_start:
[0]: (0,0) (10.65936866268058,0) (10.65936866268058,1) (10.65936866268058,0) (700,0)
user_guided_transport_robot_def.s3_end:
[0]: (0,0) (201.2772236069082,0) (201.2772236069082,1) (201.2772236069082,0) (700,0)
user_guided_transport.end:
[0]: (0,0) (203.2772236069073,0) (203.2772236069073,1) (700,1)
[2K
Verifying formula 3 at /nta/queries/query[3]/formula
 -- Formula: Pr[<=700] (<> user_guided_transport.end)
[2K -- Formula is satisfied.
(72/72 runs) Pr(<> …) in [0.950056,1] (95% CI)
Values in [199.636,204.485] mean=202.221 steps=0.53878: 7 5 5 11 10 8 8 11 7
[2K
Verifying formula 4 at /nta/queries/query[4]/formula
 -- Formula: simulate[<=700]{humanPositionX[0], humanPositionY[0], robPositionX[0], robPositionY[0], batteryCharge[0], user_guided_transport.end}
[2K -- Formula is satisfied.
humanPositionX[0]:
[0]: (0,0) (0,92.5) (1,92.5) (1,97.73313175708738) (8.962660922622891,97.73313175708738) (8.962660922622891,123.7285354798977) (9.96266092262289,123.7285354798977) (9.96266092262289,149.723939202708) (10.96266092262289,149.723939202708) (10.96266092262289,175.7193429255182) (11.96266092262288,175.7193429255182) (11.96266092262288,201.7147466483285) (12.96266092262288,201.7147466483285) (12.96266092262288,227.7101503711388) (13.96266092262288,227.7101503711388) (13.96266092262288,253.7055540939491) (14.96266092262288,253.7055540939491) (14.96266092262288,279.7009578167594) (15.96266092262288,279.7009578167594) (15.96266092262288,305.6963615395697) (16.96266092262288,305.6963615395697) (16.96266092262288,331.69176526238) (17.96266092262287,331.69176526238) (17.96266092262287,357.6871689851903) (18.96266092262287,357.6871689851903) (18.96266092262287,383.6825727080006) (19.96266092262287,383.6825727080006) (19.96266092262287,409.6779764308109) (20.96266092262286,409.6779764308109) (20.96266092262286,435.6733801536212) (21.96266092262286,435.6733801536212) (21.96266092262286,461.6687838764315) (22.96266092262285,461.6687838764315) (22.96266092262285,487.6641875992418) (23.96266092262285,487.6641875992418) (23.96266092262285,513.6595913220521) (24.96266092262285,513.6595913220521) (24.96266092262285,539.6549950448623) (25.96266092262284,539.6549950448623) (25.96266092262284,565.6503987676725) (26.96266092262284,565.6503987676725) (26.96266092262284,591.6458024904828) (27.96266092262283,591.6458024904828) (27.96266092262283,617.641206213293) (28.96266092262282,617.641206213293) (28.96266092262282,643.6366099361032) (29.96266092262282,643.6366099361032) (29.96266092262282,669.6320136589135) (30.96266092262281,669.6320136589135) (30.96266092262281,695.6274173817237) (31.9626609226228,695.6274173817237) (31.9626609226228,721.622821104534) (32.96266092262283,721.622821104534) (32.96266092262283,747.6182248273442) (33.96266092262287,747.6182248273442) (33.96266092262287,773.6136285501544) (34.9626609226229,773.6136285501544) (34.9626609226229,799.6090322729647) (35.96266092262294,799.6090322729647) (35.96266092262294,825.6044359957749) (36.96266092262297,825.6044359957749) (36.96266092262297,851.5998397185851) (37.962660922623,851.5998397185851) (37.962660922623,877.5952434413954) (38.96266092262303,877.5952434413954) (38.96266092262303,903.5906471642056) (39.96266092262306,903.5906471642056) (39.96266092262306,929.5860508870159) (40.96266092262309,929.5860508870159) (40.96266092262309,955.5814546098261) (41.96266092262312,955.5814546098261) (41.96266092262312,981.5768583326363) (42.96266092262314,981.5768583326363) (42.96266092262314,1007.572262055447) (43.96266092262316,1007.572262055447) (43.96266092262316,1033.567665778257) (44.96266092262318,1033.567665778257) (44.96266092262318,1059.563069501067) (45.9626609226232,1059.563069501067) (45.9626609226232,1085.558473223878) (46.96266092262322,1085.558473223878) (46.96266092262322,1111.553876946688) (47.96266092262324,1111.553876946688) (47.96266092262324,1137.549280669498) (48.96266092262326,1137.549280669498) (48.96266092262326,1163.544684392309) (49.96266092262329,1163.544684392309) (49.96266092262329,1189.540088115119) (50.96266092262331,1189.540088115119) (50.96266092262331,1215.535491837929) (51.96266092262333,1215.535491837929) (51.96266092262333,1241.53089556074) (52.96266092262335,1241.53089556074) (52.96266092262335,1267.52629928355) (53.96266092262337,1267.52629928355) (53.96266092262337,1293.52170300636) (54.96266092262339,1293.52170300636) (54.96266092262339,1319.517106729171) (55.96266092262341,1319.517106729171) (55.96266092262341,1345.512510451981) (56.96266092262344,1345.512510451981) (56.96266092262344,1371.507914174791) (57.96266092262346,1371.507914174791) (57.96266092262346,1397.503317897602) (58.96266092262348,1397.503317897602) (58.96266092262348,1423.498721620412) (59.9626609226235,1423.498721620412) (59.9626609226235,1478) (60.96266092262352,1478) (60.96266092262352,1504) (61.96266092262354,1504) (61.96266092262354,1530) (62.96266092262356,1530) (62.96266092262356,1556) (63.96266092262358,1556) (63.96266092262358,1582) (64.9626609226236,1582) (64.9626609226236,1608) (65.96266092262361,1608) (65.96266092262361,1634) (66.96266092262363,1634) (66.96266092262363,1660) (67.96266092262364,1660) (67.96266092262364,1686) (68.96266092262366,1686) (68.96266092262366,1712) (69.96266092262367,1712) (69.96266092262367,1738) (70.96266092262368,1738) (70.96266092262368,1764) (71.9626609226237,1764) (71.9626609226237,1790) (72.96266092262364,1790) (72.96266092262364,1816) (73.96266092262357,1816) (73.96266092262357,1842) (74.9626609226235,1842) (74.9626609226235,1868) (75.96266092262343,1868) (75.96266092262343,1894) (76.96266092262336,1894) (76.96266092262336,1920) (77.9626609226234,1920) (77.9626609226234,1946) (78.96266092262341,1946) (78.96266092262341,1972) (79.96266092262343,1972) (79.96266092262343,1998) (80.96266092262344,1998) (80.96266092262344,2024) (81.96266092262346,2024) (81.96266092262346,2050) (82.96266092262347,2050) (82.96266092262347,2076) (83.96266092262348,2076) (83.96266092262348,2102) (84.96266092262351,2102) (84.96266092262351,2128) (85.96266092262354,2128) (85.96266092262354,2154) (86.96266092262357,2154) (86.96266092262357,2180) (87.9626609226236,2180) (87.9626609226236,2206) (88.96266092262363,2206) (88.96266092262363,2232) (89.96266092262366,2232) (89.96266092262366,2258) (90.96266092262368,2258) (90.96266092262368,2284) (91.96266092262371,2284) (91.96266092262371,2310) (92.96266092262374,2310) (92.96266092262374,2336) (93.9626609226237,2336) (93.9626609226237,2362) (94.96266092262364,2362) (94.96266092262364,2388) (95.96266092262358,2388) (95.96266092262358,2414) (96.96266092262353,2414) (96.96266092262353,2440) (97.96266092262347,2440) (97.96266092262347,2466) (98.96266092262341,2466) (98.96266092262341,2492) (99.96266092262336,2492) (99.96266092262336,2518) (100.9626609226233,2518) (100.9626609226233,2544) (101.9626609226232,2544) (101.9626609226232,2570) (102.9626609226232,2570) (102.9626609226232,2596) (103.9626609226231,2596) (103.9626609226231,2622) (104.9626609226231,2622) (104.9626609226231,2648) (105.962660922623,2648) (105.962660922623,2674) (106.962660922623,2674) (106.962660922623,2700) (107.9626609226229,2700) (107.9626609226229,2726) (108.9626609226228,2726) (108.9626609226228,2752) (109.9626609226228,2752) (109.9626609226228,2778) (110.9626609226227,2778) (110.9626609226227,2804) (111.9626609226227,2804) (111.9626609226227,2830) (112.9626609226226,2830) (112.9626609226226,2856) (113.9626609226226,2856) (113.9626609226226,2882) (114.9626609226225,2882) (114.9626609226225,2908) (115.9626609226224,2908) (115.9626609226224,2934) (116.9626609226224,2934) (116.9626609226224,2960) (117.9626609226223,2960) (117.9626609226223,2986) (118.9626609226223,2986) (118.9626609226223,3012) (119.9626609226222,3012) (119.9626609226222,3038) (120.9626609226222,3038) (120.9626609226222,3088.5) (121.9626609226221,3088.5) (121.9626609226221,3114.5) (122.962660922622,3114.5) (122.962660922622,3140.5) (123.962660922622,3140.5) (123.962660922622,3166.5) (124.9626609226219,3166.5) (124.9626609226219,3192.5) (125.9626609226219,3192.5) (125.9626609226219,3218.5) (126.9626609226218,3218.5) (126.9626609226218,3244.5) (127.9626609226218,3244.5) (127.9626609226218,3270.5) (128.9626609226218,3270.5) (128.9626609226218,3296.5) (129.9626609226219,3296.5) (129.9626609226219,3322.5) (130.962660922622,3322.5) (130.962660922622,3348.5) (131.9626609226221,3348.5) (131.9626609226221,3374.5) (132.9626609226222,3374.5) (132.9626609226222,3400.5) (133.9626609226223,3400.5) (133.9626609226223,3426.5) (134.9626609226223,3426.5) (134.9626609226223,3452.5) (135.9626609226224,3452.5) (135.9626609226224,3478.5) (136.9626609226225,3478.5) (136.9626609226225,3504.5) (137.9626609226226,3504.5) (137.9626609226226,3530.5) (138.9626609226227,3530.5) (138.9626609226227,3556.5) (139.9626609226228,3556.5) (139.9626609226228,3582.5) (140.9626609226229,3582.5) (140.9626609226229,3608.5) (141.9626609226229,3608.5) (141.9626609226229,3634.5) (142.962660922623,3634.5) (142.962660922623,3660.5) (143.9626609226231,3660.5) (143.9626609226231,3686.5) (144.9626609226232,3686.5) (144.9626609226232,3712.5) (145.9626609226233,3712.5) (145.9626609226233,3738.5) (146.9626609226234,3738.5) (146.9626609226234,3764.5) (147.9626609226235,3764.5) (147.9626609226235,3790.5) (148.9626609226235,3790.5) (148.9626609226235,3816.5) (149.9626609226236,3816.5) (149.9626609226236,3842.5) (150.9626609226237,3842.5) (150.9626609226237,3868.5) (151.9626609226238,3868.5) (151.9626609226238,3894.5) (152.9626609226239,3894.5) (152.9626609226239,3920.5) (153.962660922624,3920.5) (153.962660922624,3946.5) (154.9626609226241,3946.5) (154.9626609226241,3972.5) (155.9626609226241,3972.5) (155.9626609226241,3998.5) (156.9626609226242,3998.5) (156.9626609226242,4024.5) (157.9626609226243,4024.5) (157.9626609226243,4050.5) (158.9626609226244,4050.5) (158.9626609226244,4076.5) (159.9626609226245,4076.5) (159.9626609226245,4102.5) (160.9626609226246,4102.5) (160.9626609226246,4128.5) (161.9626609226247,4128.5) (161.9626609226247,4154.5) (162.9626609226247,4154.5) (162.9626609226247,4180.5) (163.9626609226248,4180.5) (163.9626609226248,4206.5) (164.9626609226249,4206.5) (164.9626609226249,4232.5) (165.962660922625,4232.5) (165.962660922625,4258.5) (166.9626609226251,4258.5) (166.9626609226251,4284.5) (167.9626609226252,4284.5) (167.9626609226252,4310.5) (168.9626609226252,4310.5) (168.9626609226252,4336.5) (169.9626609226253,4336.5) (169.9626609226253,4362.5) (170.9626609226254,4362.5) (170.9626609226254,4388.5) (171.9626609226255,4388.5) (171.9626609226255,4416.265463717128) (172.9626609226256,4416.265463717128) (172.9626609226256,4415.530927434256) (173.9626609226257,4415.530927434256) (173.9626609226257,4414.796391151384) (174.9626609226258,4414.796391151384) (174.9626609226258,4414.061854868512) (175.9626609226258,4414.061854868512) (175.9626609226258,4413.327318585641) (176.9626609226259,4413.327318585641) (176.9626609226259,4412.592782302769) (177.962660922626,4412.592782302769) (177.962660922626,4411.858246019897) (178.9626609226261,4411.858246019897) (178.9626609226261,4411.123709737025) (179.9626609226262,4411.123709737025) (179.9626609226262,4410.389173454153) (180.9626609226263,4410.389173454153) (180.9626609226263,4409.654637171281) (181.9626609226264,4409.654637171281) (181.9626609226264,4408.920100888409) (182.9626609226264,4408.920100888409) (182.9626609226264,4408.185564605537) (183.9626609226265,4408.185564605537) (183.9626609226265,4407.451028322665) (184.9626609226266,4407.451028322665) (184.9626609226266,4406.716492039794) (185.9626609226267,4406.716492039794) (185.9626609226267,4405.981955756922) (186.9626609226268,4405.981955756922) (186.9626609226268,4405.24741947405) (187.9626609226269,4405.24741947405) (187.9626609226269,4404.512883191178) (188.962660922627,4404.512883191178) (188.962660922627,4403.778346908306) (189.962660922627,4403.778346908306) (189.962660922627,4403.043810625434) (190.9626609226271,4403.043810625434) (190.9626609226271,4402.309274342562) (191.9626609226272,4402.309274342562) (191.9626609226272,4401.57473805969) (192.9626609226273,4401.57473805969) (192.9626609226273,4400.840201776819) (700,4400.840201776819)
humanPositionY[0]:
[0]: (0,0) (0,163.5) (1,163.5) (1,188.9679078844919) (8.962660922622891,188.9679078844919) (8.962660922622891,188.479046668909) (9.96266092262289,188.479046668909) (9.96266092262289,187.9901854533261) (10.96266092262289,187.9901854533261) (10.96266092262289,187.5013242377432) (11.96266092262288,187.5013242377432) (11.96266092262288,187.0124630221603) (12.96266092262288,187.0124630221603) (12.96266092262288,186.5236018065774) (13.96266092262288,186.5236018065774) (13.96266092262288,186.0347405909945) (14.96266092262288,186.0347405909945) (14.96266092262288,185.5458793754117) (15.96266092262288,185.5458793754117) (15.96266092262288,185.0570181598288) (16.96266092262288,185.0570181598288) (16.96266092262288,184.5681569442459) (17.96266092262287,184.5681569442459) (17.96266092262287,184.079295728663) (18.96266092262287,184.079295728663) (18.96266092262287,183.5904345130801) (19.96266092262287,183.5904345130801) (19.96266092262287,183.1015732974972) (20.96266092262286,183.1015732974972) (20.96266092262286,182.6127120819143) (21.96266092262286,182.6127120819143) (21.96266092262286,182.1238508663315) (22.96266092262285,182.1238508663315) (22.96266092262285,181.6349896507486) (23.96266092262285,181.6349896507486) (23.96266092262285,181.1461284351657) (24.96266092262285,181.1461284351657) (24.96266092262285,180.6572672195828) (25.96266092262284,180.6572672195828) (25.96266092262284,180.1684060039999) (26.96266092262284,180.1684060039999) (26.96266092262284,179.679544788417) (27.96266092262283,179.679544788417) (27.96266092262283,179.1906835728341) (28.96266092262282,179.1906835728341) (28.96266092262282,178.7018223572512) (29.96266092262282,178.7018223572512) (29.96266092262282,178.2129611416684) (30.96266092262281,178.2129611416684) (30.96266092262281,177.7240999260855) (31.9626609226228,177.7240999260855) (31.9626609226228,177.2352387105026) (32.96266092262283,177.2352387105026) (32.96266092262283,176.7463774949197) (33.96266092262287,176.7463774949197) (33.96266092262287,176.2575162793368) (34.9626609226229,176.2575162793368) (34.9626609226229,175.7686550637539) (35.96266092262294,175.7686550637539) (35.96266092262294,175.279793848171) (36.96266092262297,175.279793848171) (36.96266092262297,174.7909326325882) (37.962660922623,174.7909326325882) (37.962660922623,174.3020714170053) (38.96266092262303,174.3020714170053) (38.96266092262303,173.8132102014224) (39.96266092262306,173.8132102014224) (39.96266092262306,173.3243489858395) (40.96266092262309,173.3243489858395) (40.96266092262309,172.8354877702566) (41.96266092262312,172.8354877702566) (41.96266092262312,172.3466265546737) (42.96266092262314,172.3466265546737) (42.96266092262314,171.8577653390908) (43.96266092262316,171.8577653390908) (43.96266092262316,171.3689041235079) (44.96266092262318,171.3689041235079) (44.96266092262318,170.8800429079251) (45.9626609226232,170.8800429079251) (45.9626609226232,170.3911816923422) (46.96266092262322,170.3911816923422) (46.96266092262322,169.9023204767593) (47.96266092262324,169.9023204767593) (47.96266092262324,169.4134592611764) (48.96266092262326,169.4134592611764) (48.96266092262326,168.9245980455935) (49.96266092262329,168.9245980455935) (49.96266092262329,168.4357368300106) (50.96266092262331,168.4357368300106) (50.96266092262331,167.9468756144277) (51.96266092262333,167.9468756144277) (51.96266092262333,167.4580143988449) (52.96266092262335,167.4580143988449) (52.96266092262335,166.969153183262) (53.96266092262337,166.969153183262) (53.96266092262337,166.4802919676791) (54.96266092262339,166.4802919676791) (54.96266092262339,165.9914307520962) (55.96266092262341,165.9914307520962) (55.96266092262341,165.5025695365133) (56.96266092262344,165.5025695365133) (56.96266092262344,165.0137083209304) (57.96266092262346,165.0137083209304) (57.96266092262346,164.5248471053475) (58.96266092262348,164.5248471053475) (58.96266092262348,164.0359858897646) (59.9626609226235,164.0359858897646) (59.9626609226235,163.5) (171.9626609226255,163.5) (171.9626609226255,189.4896220913107) (172.9626609226256,189.4896220913107) (172.9626609226256,215.4792441826214) (173.9626609226257,215.4792441826214) (173.9626609226257,241.4688662739321) (174.9626609226258,241.4688662739321) (174.9626609226258,267.4584883652428) (175.9626609226258,267.4584883652428) (175.9626609226258,293.4481104565535) (176.9626609226259,293.4481104565535) (176.9626609226259,319.4377325478642) (177.962660922626,319.4377325478642) (177.962660922626,345.427354639175) (178.9626609226261,345.427354639175) (178.9626609226261,371.4169767304857) (179.9626609226262,371.4169767304857) (179.9626609226262,397.4065988217964) (180.9626609226263,397.4065988217964) (180.9626609226263,423.3962209131071) (181.9626609226264,423.3962209131071) (181.9626609226264,449.3858430044178) (182.9626609226264,449.3858430044178) (182.9626609226264,475.3754650957285) (183.9626609226265,475.3754650957285) (183.9626609226265,501.3650871870392) (184.9626609226266,501.3650871870392) (184.9626609226266,527.3547092783499) (185.9626609226267,527.3547092783499) (185.9626609226267,553.3443313696606) (186.9626609226268,553.3443313696606) (186.9626609226268,579.3339534609713) (187.9626609226269,579.3339534609713) (187.9626609226269,605.323575552282) (188.962660922627,605.323575552282) (188.962660922627,631.3131976435927) (189.962660922627,631.3131976435927) (189.962660922627,657.3028197349034) (190.9626609226271,657.3028197349034) (190.9626609226271,683.2924418262141) (191.9626609226272,683.2924418262141) (191.9626609226272,709.2820639175249) (192.9626609226273,709.2820639175249) (192.9626609226273,735.2716860088356) (700,735.2716860088356)
robPositionX[0]:
[0]: (0,0) (0,92.5) (2,92.5) (2,97.73313175708738) (9.96266092262289,97.73313175708738) (9.96266092262289,123.7285354798977) (10.98146438510613,123.7285354798977) (10.98146438510613,149.723939202708) (11.98146438510613,149.723939202708) (11.98146438510613,175.7193429255182) (12.98146438510612,175.7193429255182) (12.98146438510612,201.7147466483285) (13.98146438510612,201.7147466483285) (13.98146438510612,227.7101503711388) (14.98146438510612,227.7101503711388) (14.98146438510612,253.7055540939491) (15.98146438510612,253.7055540939491) (15.98146438510612,279.7009578167594) (16.98146438510613,279.7009578167594) (16.98146438510613,305.6963615395697) (17.98146438510612,305.6963615395697) (17.98146438510612,331.69176526238) (18.98146438510612,331.69176526238) (18.98146438510612,357.6871689851903) (19.98146438510611,357.6871689851903) (19.98146438510611,383.6825727080006) (20.98146438510611,383.6825727080006) (20.98146438510611,409.6779764308109) (21.98146438510611,409.6779764308109) (21.98146438510611,435.6733801536212) (22.9814643851061,435.6733801536212) (22.9814643851061,461.6687838764315) (23.9814643851061,461.6687838764315) (23.9814643851061,487.6641875992418) (24.9814643851061,487.6641875992418) (24.9814643851061,513.6595913220521) (25.98146438510609,513.6595913220521) (25.98146438510609,539.6549950448623) (26.98146438510609,539.6549950448623) (26.98146438510609,565.6503987676725) (27.98146438510609,565.6503987676725) (27.98146438510609,591.6458024904828) (28.98146438510608,591.6458024904828) (28.98146438510608,617.641206213293) (29.98146438510607,617.641206213293) (29.98146438510607,643.6366099361032) (30.98146438510607,643.6366099361032) (30.98146438510607,669.6320136589135) (31.98146438510606,669.6320136589135) (31.98146438510606,695.6274173817237) (32.98146438510609,695.6274173817237) (32.98146438510609,721.622821104534) (33.98146438510613,721.622821104534) (33.98146438510613,747.6182248273442) (34.98146438510616,747.6182248273442) (34.98146438510616,773.6136285501544) (35.9814643851062,773.6136285501544) (35.9814643851062,799.6090322729647) (36.98146438510624,799.6090322729647) (36.98146438510624,825.6044359957749) (37.98146438510626,825.6044359957749) (37.98146438510626,851.5998397185851) (38.98146438510629,851.5998397185851) (38.98146438510629,877.5952434413954) (39.98146438510632,877.5952434413954) (39.98146438510632,903.5906471642056) (40.98146438510635,903.5906471642056) (40.98146438510635,929.5860508870159) (41.98146438510638,929.5860508870159) (41.98146438510638,955.5814546098261) (42.9814643851064,955.5814546098261) (42.9814643851064,981.5768583326363) (43.98146438510642,981.5768583326363) (43.98146438510642,1007.572262055447) (44.98146438510644,1007.572262055447) (44.98146438510644,1033.567665778257) (45.98146438510646,1033.567665778257) (45.98146438510646,1059.563069501067) (46.98146438510648,1059.563069501067) (46.98146438510648,1085.558473223878) (47.98146438510651,1085.558473223878) (47.98146438510651,1111.553876946688) (48.98146438510653,1111.553876946688) (48.98146438510653,1137.549280669498) (49.98146438510655,1137.549280669498) (49.98146438510655,1163.544684392309) (50.98146438510657,1163.544684392309) (50.98146438510657,1189.540088115119) (51.98146438510659,1189.540088115119) (51.98146438510659,1215.535491837929) (52.98146438510661,1215.535491837929) (52.98146438510661,1241.53089556074) (53.98146438510663,1241.53089556074) (53.98146438510663,1267.52629928355) (54.98146438510665,1267.52629928355) (54.98146438510665,1293.52170300636) (55.98146438510668,1293.52170300636) (55.98146438510668,1319.517106729171) (56.9814643851067,1319.517106729171) (56.9814643851067,1345.512510451981) (57.98146438510672,1345.512510451981) (57.98146438510672,1371.507914174791) (58.98146438510674,1371.507914174791) (58.98146438510674,1397.503317897602) (59.98146438510676,1397.503317897602) (59.98146438510676,1423.498721620412) (60.98146438510678,1423.498721620412) (60.98146438510678,1452) (61.9814643851068,1452) (61.9814643851068,1478) (62.98146438510683,1478) (62.98146438510683,1504) (63.98146438510685,1504) (63.98146438510685,1530) (64.98146438510686,1530) (64.98146438510686,1556) (65.98146438510688,1556) (65.98146438510688,1582) (66.98146438510689,1582) (66.98146438510689,1608) (67.9814643851069,1608) (67.9814643851069,1634) (68.98146438510692,1634) (68.98146438510692,1660) (69.98146438510693,1660) (69.98146438510693,1686) (70.98146438510695,1686) (70.98146438510695,1712) (71.98146438510696,1712) (71.98146438510696,1738) (72.9814643851069,1738) (72.9814643851069,1764) (73.98146438510683,1764) (73.98146438510683,1790) (74.98146438510676,1790) (74.98146438510676,1816) (75.98146438510669,1816) (75.98146438510669,1842) (76.98146438510662,1842) (76.98146438510662,1868) (77.98146438510666,1868) (77.98146438510666,1894) (78.98146438510668,1894) (78.98146438510668,1920) (79.98146438510669,1920) (79.98146438510669,1946) (80.9814643851067,1946) (80.9814643851067,1972) (81.98146438510672,1972) (81.98146438510672,1998) (82.98146438510673,1998) (82.98146438510673,2024) (83.98146438510676,2024) (83.98146438510676,2050) (84.98146438510679,2050) (84.98146438510679,2076) (85.98146438510682,2076) (85.98146438510682,2102) (86.98146438510685,2102) (86.98146438510685,2128) (87.98146438510688,2128) (87.98146438510688,2154) (88.9814643851069,2154) (88.9814643851069,2180) (89.98146438510693,2180) (89.98146438510693,2206) (90.98146438510696,2206) (90.98146438510696,2232) (91.98146438510699,2232) (91.98146438510699,2258) (92.98146438510702,2258) (92.98146438510702,2284) (93.98146438510697,2284) (93.98146438510697,2310) (94.98146438510692,2310) (94.98146438510692,2336) (95.98146438510686,2336) (95.98146438510686,2362) (96.9814643851068,2362) (96.9814643851068,2388) (97.98146438510675,2388) (97.98146438510675,2414) (98.98146438510669,2414) (98.98146438510669,2440) (99.98146438510663,2440) (99.98146438510663,2466) (100.9814643851066,2466) (100.9814643851066,2492) (101.9814643851065,2492) (101.9814643851065,2518) (102.9814643851065,2518) (102.9814643851065,2544) (103.9814643851064,2544) (103.9814643851064,2570) (104.9814643851063,2570) (104.9814643851063,2596) (105.9814643851063,2596) (105.9814643851063,2622) (106.9814643851062,2622) (106.9814643851062,2648) (107.9814643851062,2648) (107.9814643851062,2674) (108.9814643851061,2674) (108.9814643851061,2700) (109.9814643851061,2700) (109.9814643851061,2726) (110.981464385106,2726) (110.981464385106,2752) (111.981464385106,2752) (111.981464385106,2778) (112.9814643851059,2778) (112.9814643851059,2804) (113.9814643851058,2804) (113.9814643851058,2830) (114.9814643851058,2830) (114.9814643851058,2856) (115.9814643851057,2856) (115.9814643851057,2882) (116.9814643851057,2882) (116.9814643851057,2908) (117.9814643851056,2908) (117.9814643851056,2934) (118.9814643851056,2934) (118.9814643851056,2960) (119.9814643851055,2960) (119.9814643851055,2986) (120.9814643851054,2986) (120.9814643851054,3012) (121.9814643851054,3012) (121.9814643851054,3038) (122.9814643851053,3038) (122.9814643851053,3062.5) (123.9814643851053,3062.5) (123.9814643851053,3088.5) (124.9814643851052,3088.5) (124.9814643851052,3114.5) (125.9814643851052,3114.5) (125.9814643851052,3140.5) (126.9814643851051,3140.5) (126.9814643851051,3166.5) (127.981464385105,3166.5) (127.981464385105,3192.5) (128.9814643851051,3192.5) (128.9814643851051,3218.5) (129.9814643851052,3218.5) (129.9814643851052,3244.5) (130.9814643851053,3244.5) (130.9814643851053,3270.5) (131.9814643851054,3270.5) (131.9814643851054,3296.5) (132.9814643851055,3296.5) (132.9814643851055,3322.5) (133.9814643851055,3322.5) (133.9814643851055,3348.5) (134.9814643851056,3348.5) (134.9814643851056,3374.5) (135.9814643851057,3374.5) (135.9814643851057,3400.5) (136.9814643851058,3400.5) (136.9814643851058,3426.5) (137.9814643851059,3426.5) (137.9814643851059,3452.5) (138.981464385106,3452.5) (138.981464385106,3478.5) (139.9814643851061,3478.5) (139.9814643851061,3504.5) (140.9814643851061,3504.5) (140.9814643851061,3530.5) (141.9814643851062,3530.5) (141.9814643851062,3556.5) (142.9814643851063,3556.5) (142.9814643851063,3582.5) (143.9814643851064,3582.5) (143.9814643851064,3608.5) (144.9814643851065,3608.5) (144.9814643851065,3634.5) (145.9814643851066,3634.5) (145.9814643851066,3660.5) (146.9814643851066,3660.5) (146.9814643851066,3686.5) (147.9814643851067,3686.5) (147.9814643851067,3712.5) (148.9814643851068,3712.5) (148.9814643851068,3738.5) (149.9814643851069,3738.5) (149.9814643851069,3764.5) (150.981464385107,3764.5) (150.981464385107,3790.5) (151.9814643851071,3790.5) (151.9814643851071,3816.5) (152.9814643851072,3816.5) (152.9814643851072,3842.5) (153.9814643851072,3842.5) (153.9814643851072,3868.5) (154.9814643851073,3868.5) (154.9814643851073,3894.5) (155.9814643851074,3894.5) (155.9814643851074,3920.5) (156.9814643851075,3920.5) (156.9814643851075,3946.5) (157.9814643851076,3946.5) (157.9814643851076,3972.5) (158.9814643851077,3972.5) (158.9814643851077,3998.5) (159.9814643851078,3998.5) (159.9814643851078,4024.5) (160.9814643851078,4024.5) (160.9814643851078,4050.5) (161.9814643851079,4050.5) (161.9814643851079,4076.5) (162.981464385108,4076.5) (162.981464385108,4102.5) (163.9814643851081,4102.5) (163.9814643851081,4128.5) (164.9814643851082,4128.5) (164.9814643851082,4154.5) (165.9814643851083,4154.5) (165.9814643851083,4180.5) (166.9814643851084,4180.5) (166.9814643851084,4206.5) (167.9814643851084,4206.5) (167.9814643851084,4232.5) (168.9814643851085,4232.5) (168.9814643851085,4258.5) (169.9814643851086,4258.5) (169.9814643851086,4284.5) (170.9814643851087,4284.5) (170.9814643851087,4310.5) (171.9814643851088,4310.5) (171.9814643851088,4336.5) (172.9814643851089,4336.5) (172.9814643851089,4362.5) (173.9814643851089,4362.5) (173.9814643851089,4388.5) (174.981464385109,4388.5) (174.981464385109,4417) (177.5805158668508,4417) (177.5805158668508,4416.265463717128) (178.5805158668509,4416.265463717128) (178.5805158668509,4415.530927434256) (179.580515866851,4415.530927434256) (179.580515866851,4414.796391151384) (180.580515866851,4414.796391151384) (180.580515866851,4414.061854868512) (181.5805158668511,4414.061854868512) (181.5805158668511,4413.327318585641) (182.5805158668512,4413.327318585641) (182.5805158668512,4412.592782302769) (183.5805158668513,4412.592782302769) (183.5805158668513,4411.858246019897) (184.5805158668514,4411.858246019897) (184.5805158668514,4411.123709737025) (185.5805158668515,4411.123709737025) (185.5805158668515,4410.389173454153) (186.5805158668516,4410.389173454153) (186.5805158668516,4409.654637171281) (187.5805158668516,4409.654637171281) (187.5805158668516,4408.920100888409) (188.5805158668517,4408.920100888409) (188.5805158668517,4408.185564605537) (189.5805158668518,4408.185564605537) (189.5805158668518,4407.451028322665) (190.5805158668519,4407.451028322665) (190.5805158668519,4406.716492039794) (191.580515866852,4406.716492039794) (191.580515866852,4405.981955756922) (192.5805158668521,4405.981955756922) (192.5805158668521,4405.24741947405) (193.5805158668522,4405.24741947405) (193.5805158668522,4404.512883191178) (194.5805158668522,4404.512883191178) (194.5805158668522,4403.778346908306) (195.5805158668523,4403.778346908306) (195.5805158668523,4403.043810625434) (196.5805158668524,4403.043810625434) (196.5805158668524,4402.309274342562) (197.5805158668525,4402.309274342562) (197.5805158668525,4401.57473805969) (198.5805158668526,4401.57473805969) (198.5805158668526,4400.840201776819) (700,4400.840201776819)
robPositionY[0]:
[0]: (0,0) (0,163.5) (2,163.5) (2,188.9679078844919) (9.96266092262289,188.9679078844919) (9.96266092262289,188.479046668909) (10.98146438510613,188.479046668909) (10.98146438510613,187.9901854533261) (11.98146438510613,187.9901854533261) (11.98146438510613,187.5013242377432) (12.98146438510612,187.5013242377432) (12.98146438510612,187.0124630221603) (13.98146438510612,187.0124630221603) (13.98146438510612,186.5236018065774) (14.98146438510612,186.5236018065774) (14.98146438510612,186.0347405909945) (15.98146438510612,186.0347405909945) (15.98146438510612,185.5458793754117) (16.98146438510613,185.5458793754117) (16.98146438510613,185.0570181598288) (17.98146438510612,185.0570181598288) (17.98146438510612,184.5681569442459) (18.98146438510612,184.5681569442459) (18.98146438510612,184.079295728663) (19.98146438510611,184.079295728663) (19.98146438510611,183.5904345130801) (20.98146438510611,183.5904345130801) (20.98146438510611,183.1015732974972) (21.98146438510611,183.1015732974972) (21.98146438510611,182.6127120819143) (22.9814643851061,182.6127120819143) (22.9814643851061,182.1238508663315) (23.9814643851061,182.1238508663315) (23.9814643851061,181.6349896507486) (24.9814643851061,181.6349896507486) (24.9814643851061,181.1461284351657) (25.98146438510609,181.1461284351657) (25.98146438510609,180.6572672195828) (26.98146438510609,180.6572672195828) (26.98146438510609,180.1684060039999) (27.98146438510609,180.1684060039999) (27.98146438510609,179.679544788417) (28.98146438510608,179.679544788417) (28.98146438510608,179.1906835728341) (29.98146438510607,179.1906835728341) (29.98146438510607,178.7018223572512) (30.98146438510607,178.7018223572512) (30.98146438510607,178.2129611416684) (31.98146438510606,178.2129611416684) (31.98146438510606,177.7240999260855) (32.98146438510609,177.7240999260855) (32.98146438510609,177.2352387105026) (33.98146438510613,177.2352387105026) (33.98146438510613,176.7463774949197) (34.98146438510616,176.7463774949197) (34.98146438510616,176.2575162793368) (35.9814643851062,176.2575162793368) (35.9814643851062,175.7686550637539) (36.98146438510624,175.7686550637539) (36.98146438510624,175.279793848171) (37.98146438510626,175.279793848171) (37.98146438510626,174.7909326325882) (38.98146438510629,174.7909326325882) (38.98146438510629,174.3020714170053) (39.98146438510632,174.3020714170053) (39.98146438510632,173.8132102014224) (40.98146438510635,173.8132102014224) (40.98146438510635,173.3243489858395) (41.98146438510638,173.3243489858395) (41.98146438510638,172.8354877702566) (42.9814643851064,172.8354877702566) (42.9814643851064,172.3466265546737) (43.98146438510642,172.3466265546737) (43.98146438510642,171.8577653390908) (44.98146438510644,171.8577653390908) (44.98146438510644,171.3689041235079) (45.98146438510646,171.3689041235079) (45.98146438510646,170.8800429079251) (46.98146438510648,170.8800429079251) (46.98146438510648,170.3911816923422) (47.98146438510651,170.3911816923422) (47.98146438510651,169.9023204767593) (48.98146438510653,169.9023204767593) (48.98146438510653,169.4134592611764) (49.98146438510655,169.4134592611764) (49.98146438510655,168.9245980455935) (50.98146438510657,168.9245980455935) (50.98146438510657,168.4357368300106) (51.98146438510659,168.4357368300106) (51.98146438510659,167.9468756144277) (52.98146438510661,167.9468756144277) (52.98146438510661,167.4580143988449) (53.98146438510663,167.4580143988449) (53.98146438510663,166.969153183262) (54.98146438510665,166.969153183262) (54.98146438510665,166.4802919676791) (55.98146438510668,166.4802919676791) (55.98146438510668,165.9914307520962) (56.9814643851067,165.9914307520962) (56.9814643851067,165.5025695365133) (57.98146438510672,165.5025695365133) (57.98146438510672,165.0137083209304) (58.98146438510674,165.0137083209304) (58.98146438510674,164.5248471053475) (59.98146438510676,164.5248471053475) (59.98146438510676,164.0359858897646) (60.98146438510678,164.0359858897646) (60.98146438510678,163.5) (177.5805158668508,163.5) (177.5805158668508,189.4896220913107) (178.5805158668509,189.4896220913107) (178.5805158668509,215.4792441826214) (179.580515866851,215.4792441826214) (179.580515866851,241.4688662739321) (180.580515866851,241.4688662739321) (180.580515866851,267.4584883652428) (181.5805158668511,267.4584883652428) (181.5805158668511,293.4481104565535) (182.5805158668512,293.4481104565535) (182.5805158668512,319.4377325478642) (183.5805158668513,319.4377325478642) (183.5805158668513,345.427354639175) (184.5805158668514,345.427354639175) (184.5805158668514,371.4169767304857) (185.5805158668515,371.4169767304857) (185.5805158668515,397.4065988217964) (186.5805158668516,397.4065988217964) (186.5805158668516,423.3962209131071) (187.5805158668516,423.3962209131071) (187.5805158668516,449.3858430044178) (188.5805158668517,449.3858430044178) (188.5805158668517,475.3754650957285) (189.5805158668518,475.3754650957285) (189.5805158668518,501.3650871870392) (190.5805158668519,501.3650871870392) (190.5805158668519,527.3547092783499) (191.580515866852,527.3547092783499) (191.580515866852,553.3443313696606) (192.5805158668521,553.3443313696606) (192.5805158668521,579.3339534609713) (193.5805158668522,579.3339534609713) (193.5805158668522,605.323575552282) (194.5805158668522,605.323575552282) (194.5805158668522,631.3131976435927) (195.5805158668523,631.3131976435927) (195.5805158668523,657.3028197349034) (196.5805158668524,657.3028197349034) (196.5805158668524,683.2924418262141) (197.5805158668525,683.2924418262141) (197.5805158668525,709.2820639175249) (198.5805158668526,709.2820639175249) (198.5805158668526,735.2716860088356) (700,735.2716860088356)
batteryCharge[0]:
[0]: (0,100) (700,100)
user_guided_transport.end:
[0]: (0,0) (200.5805158668517,0) (200.5805158668517,1) (700,1)
[2K
Verifying formula 5 at /nta/queries/query[5]/formula
 -- Formula: simulate[<=700]{robot_inventory[0][0], user_guided_transport.end*2}
[2K -- Formula is satisfied.
robot_inventory[0][0]:
[0]: (0,0) (7.358847859905117,0) (7.358847859905117,1) (700,1)
user_guided_transport.end * 2:
[0]: (0,0) (199.9767028041331,0) (199.9767028041331,2) (700,2)
[2K
Verifying formula 6 at /nta/queries/query[6]/formula
 -- Formula: simulate[<=700]{bedroom[0], bedroom[1], kitchen[0], kitchen[1]}
[2K -- Formula is satisfied.
bedroom[0]:
[0]: (0,100) (700,100)
bedroom[1]:
[0]: (0,200) (700,200)
kitchen[0]:
[0]: (0,4400) (700,4400)
kitchen[1]:
[0]: (0,765) (700,765)
[2K
Verifying formula 7 at /nta/queries/query[7]/formula
 -- Formula: simulate[<=700]{rm_1.idle, rf_1.idle, rp_1.idle, rd_1.idle}
[2K -- Formula is satisfied.
rm_1.idle:
[0]: (0,0) (0,1) (0,0) (3,0) (3,1) (11.41189441663165,1) (11.41189441663165,0) (203.0297493608606,0) (203.0297493608606,1) (700,1)
rf_1.idle:
[0]: (0,0) (0,1) (700,1)
rp_1.idle:
[0]: (0,0) (0,1) (2,1) (2,0) (11.41189441663165,0) (11.41189441663165,1) (700,1)
rd_1.idle:
[0]: (0,0) (0,1) (700,1)
[2K
Verifying formula 8 at /nta/queries/query[8]/formula
 -- Formula: Pr[<=700](<>!rm_1.idle || !rf_1.idle || !rp_1.idle || !rd_1.idle)
[2K -- Formula is satisfied.
(72/72 runs) Pr(<> …) in [0.950056,1] (95% CI)
Values in [0,0] mean=0 steps=2.22045e-16: 72
[2K
Verifying formula 9 at /nta/queries/query[9]/formula
 -- Formula: Pr[<=700]([] (user_guided_transport.end imply (rm_1.idle && rf_1.idle && rp_1.idle && rd_1.idle)))
 -- Throughput: 679881 runs/sec, Load: 325 runs[K
[2K -- Formula is satisfied.
(72/72 runs) Pr([] …) in [0.950056,1] (95% CI)
[2K
Verifying formula 10 at /nta/queries/query[10]/formula
 -- Formula: Pr[<=700] (<> pow(humanPositionX[0] - kitchen[0], 2) + pow(humanPositionY[0] - kitchen[1], 2) <= 900 )
[2K -- Formula is satisfied.
(88/89 runs) Pr(<> …) in [0.938982,0.999716] (95% CI)
Values in [192.073,197] mean=194.617 steps=0.492651: 9 8 7 8 9 9 10 9 10 8 1
[2K
Verifying formula 11 at /nta/queries/query[11]/formula
 -- Formula: Pr[<=700] (<> pow(humanPositionX[0] - bedroom[0], 2) + pow(humanPositionY[0] - bedroom[1], 2) <= 900 )
[2K -- Formula is satisfied.
(72/72 runs) Pr(<> …) in [0.950056,1] (95% CI)
Values in [1,1] mean=1 steps=2.22045e-16: 72
[2K
Verifying formula 12 at /nta/queries/query[12]/formula
 -- Formula: Pr[<=700] (<> pow(robPositionX[0] - kitchen[0], 2) + pow(robPositionY[0] - kitchen[1], 2) <= 900 )
[2K -- Formula is satisfied.
(72/72 runs) Pr(<> …) in [0.950056,1] (95% CI)
Values in [197.625,202.612] mean=200.4 steps=0.554105: 3 7 10 9 6 6 12 10 9
[2K
Verifying formula 13 at /nta/queries/query[13]/formula
 -- Formula: Pr[<=700] (<> pow(robPositionX[0] - bedroom[0], 2) + pow(robPositionY[0] - bedroom[1], 2) <= 900 )
[2K -- Formula is satisfied.
(72/72 runs) Pr(<> …) in [0.950056,1] (95% CI)
Values in [2,2] mean=2 steps=2.22045e-16: 72
[2K
Verifying formula 14 at /nta/queries/query[14]/formula
 -- Formula: Pr[<=700] (<> !isValidPosition(humanPositionX[0], humanPositionY[0]))
[2K -- Formula is satisfied.
(72/72 runs) Pr(<> …) in [0.950056,1] (95% CI)
Values in [0,0] mean=0 steps=2.22045e-16: 72
[2K
Verifying formula 15 at /nta/queries/query[15]/formula
 -- Formula: Pr[<=700] (<> !isValidPosition(robPositionX[0], robPositionY[0]))
[2K -- Formula is satisfied.
(72/72 runs) Pr(<> …) in [0.950056,1] (95% CI)
Values in [0,0] mean=0 steps=2.22045e-16: 72
[2K
Verifying formula 16 at /nta/queries/query[16]/formula
 -- Formula: Pr[<=700] (<> currP > 2)
 -- Throughput: 683262 runs/sec, Load: 324 runs[K
[2K -- Formula is satisfied.
(0/72 runs) Pr(<> …) in [0,0.0499441] (95% CI)
