Options for the verification:
  Generating no trace
  Search order is breadth first
  Using conservative space optimisation
  Seed is 1784948363
  State space representation uses minimal constraint systems with future testing
  Using HashMap + Compress integers for discrete state storage
[2K
Verifying formula 1 at /nta/queries/query[1]/formula
 -- Formula: simulate[<=700]{user_guided_transport_robot_def.s1_start, user_guided_transport_robot_def.s1_end, user_guided_transport_robot_def.s2_start, user_guided_transport_robot_def.s2_end, user_guided_transport_robot_def.s3_start, user_guided_transport_robot_def.s3_end, user_guided_transport.end}
[2K -- Formula is satisfied.
user_guided_transport_robot_def.s1_start:
[0]: (0,0) (0,1) (0,0) (700,0)
user_guided_transport_robot_def.s1_end:
[0]: (0,0) (2,0) (2,1) (2,0) (700,0)
user_guided_transport_robot_def.s2_start:
[0]: (0,0) (2,0) (2,1) (2,0) (700,0)
user_guided_transport_robot_def.s2_end:
[0]: (0,0) (8.715654432961299,0) (8.715654432961299,1) (8.715654432961299,0) (700,0)
user_guided_transport_robot_def.s3_start:
[0]: (0,0) (8.715654432961299,0) (8.715654432961299,1) (8.715654432961299,0) (700,0)
user_guided_transport_robot_def.s3_end:
[0]: (0,0) (199.3335093771816,0) (199.3335093771816,1) (199.3335093771816,0) (700,0)
user_guided_transport.end:
[0]: (0,0) (201.3335093771807,0) (201.3335093771807,1) (700,1)
[2K
Verifying formula 2 at /nta/queries/query[2]/formula
 -- Formula: simulate[<=700]{user_guided_transport_human_def.s1_start, user_guided_transport_human_def.s1_end, user_guided_transport_human_def.s2_start, user_guided_transport_human_def.s2_idle, user_guided_transport_human_def.s3_start, user_guided_transport_human_def.s3_end, user_guided_transport.end}
[2K -- Formula is satisfied.
user_guided_transport_human_def.s1_start:
[0]: (0,0) (0,1) (0,0) (700,0)
user_guided_transport_human_def.s1_end:
[0]: (0,0) (1,0) (1,1) (2,1) (2,0) (700,0)
user_guided_transport_human_def.s2_start:
[0]: (0,0) (2,0) (2,1) (2,0) (700,0)
user_guided_transport_human_def.s2_idle:
[0]: (0,0) (2,0) (2,1) (7.808525161088507,1) (7.808525161088507,0) (700,0)
user_guided_transport_human_def.s3_start:
[0]: (0,0) (7.808525161088507,0) (7.808525161088507,1) (7.808525161088507,0) (12.80852516108848,0) (12.80852516108848,1) (12.80852516108848,0) (17.80852516108847,0) (17.80852516108847,1) (17.80852516108847,0) (22.80852516108843,0) (22.80852516108843,1) (22.80852516108843,0) (27.8085251610884,0) (27.8085251610884,1) (27.8085251610884,0) (32.80852516108839,0) (32.80852516108839,1) (32.80852516108839,0) (37.80852516108853,0) (37.80852516108853,1) (37.80852516108853,0) (42.80852516108867,0) (42.80852516108867,1) (42.80852516108867,0) (47.80852516108877,0) (47.80852516108877,1) (47.80852516108877,0) (52.80852516108887,0) (52.80852516108887,1) (52.80852516108887,0) (57.80852516108898,0) (57.80852516108898,1) (57.80852516108898,0) (62.80852516108905,0) (62.80852516108905,1) (62.80852516108905,0) (67.80852516108916,0) (67.80852516108916,1) (67.80852516108916,0) (72.80852516108926,0) (72.80852516108926,1) (72.80852516108926,0) (77.80852516108926,0) (77.80852516108926,1) (77.80852516108926,0) (82.80852516108925,0) (82.80852516108925,1) (82.80852516108925,0) (87.80852516108925,0) (87.80852516108925,1) (87.80852516108925,0) (92.80852516108925,0) (92.80852516108925,1) (92.80852516108925,0) (97.80852516108891,0) (97.80852516108891,1) (97.80852516108891,0) (102.8085251610886,0) (102.8085251610886,1) (102.8085251610886,0) (107.8085251610882,0) (107.8085251610882,1) (107.8085251610882,0) (112.8085251610878,0) (112.8085251610878,1) (112.8085251610878,0) (117.8085251610875,0) (117.8085251610875,1) (117.8085251610875,0) (122.8085251610871,0) (122.8085251610871,1) (122.8085251610871,0) (127.8085251610868,0) (127.8085251610868,1) (127.8085251610868,0) (132.8085251610872,0) (132.8085251610872,1) (132.8085251610872,0) (137.8085251610876,0) (137.8085251610876,1) (137.8085251610876,0) (142.808525161088,0) (142.808525161088,1) (142.808525161088,0) (147.8085251610885,0) (147.8085251610885,1) (147.8085251610885,0) (152.8085251610889,0) (152.8085251610889,1) (152.8085251610889,0) (157.8085251610893,0) (157.8085251610893,1) (157.8085251610893,0) (162.8085251610897,0) (162.8085251610897,1) (162.8085251610897,0) (167.8085251610902,0) (167.8085251610902,1) (167.8085251610902,0) (172.8085251610906,0) (172.8085251610906,1) (172.8085251610906,0) (177.808525161091,0) (177.808525161091,1) (177.808525161091,0) (182.8085251610914,0) (182.8085251610914,1) (182.8085251610914,0) (187.8085251610919,0) (187.8085251610919,1) (187.8085251610919,0) (700,0)
user_guided_transport_human_def.s3_end:
[0]: (0,0) (192.8085251610923,0) (192.8085251610923,1) (198.4263801053176,1) (198.4263801053176,0) (700,0)
user_guided_transport.end:
[0]: (0,0) (200.4263801053167,0) (200.4263801053167,1) (700,1)
[2K
Verifying formula 3 at /nta/queries/query[3]/formula
 -- Formula: Pr[<=700] (<> user_guided_transport.end)
[2K -- Formula is satisfied.
(72/72 runs) Pr(<> …) in [0.950056,1] (95% CI)
Values in [199.646,204.458] mean=201.857 steps=0.534764: 12 8 8 6 10 9 6 6 7
[2K
Verifying formula 4 at /nta/queries/query[4]/formula
 -- Formula: simulate[<=700]{humanPositionX[0], humanPositionY[0], robPositionX[0], robPositionY[0], batteryCharge[0], user_guided_transport.end}
[2K -- Formula is satisfied.
humanPositionX[0]:
[0]: (0,0) (0,92.5) (1,92.5) (1,97.73313175708738) (10.31582724456515,97.73313175708738) (10.31582724456515,123.7285354798977) (11.31582724456515,123.7285354798977) (11.31582724456515,149.723939202708) (12.31582724456514,149.723939202708) (12.31582724456514,175.7193429255182) (13.31582724456514,175.7193429255182) (13.31582724456514,201.7147466483285) (14.31582724456514,201.7147466483285) (14.31582724456514,227.7101503711388) (15.31582724456514,227.7101503711388) (15.31582724456514,253.7055540939491) (16.31582724456514,253.7055540939491) (16.31582724456514,279.7009578167594) (17.31582724456514,279.7009578167594) (17.31582724456514,305.6963615395697) (18.31582724456514,305.6963615395697) (18.31582724456514,331.69176526238) (19.31582724456514,331.69176526238) (19.31582724456514,357.6871689851903) (20.31582724456515,357.6871689851903) (20.31582724456515,383.6825727080006) (21.31582724456515,383.6825727080006) (21.31582724456515,409.6779764308109) (22.31582724456515,409.6779764308109) (22.31582724456515,435.6733801536212) (23.31582724456516,435.6733801536212) (23.31582724456516,461.6687838764315) (24.31582724456516,461.6687838764315) (24.31582724456516,487.6641875992418) (25.31582724456516,487.6641875992418) (25.31582724456516,513.6595913220521) (26.31582724456516,513.6595913220521) (26.31582724456516,539.6549950448623) (27.31582724456517,539.6549950448623) (27.31582724456517,565.6503987676725) (28.31582724456517,565.6503987676725) (28.31582724456517,591.6458024904828) (29.31582724456517,591.6458024904828) (29.31582724456517,617.641206213293) (30.31582724456517,617.641206213293) (30.31582724456517,643.6366099361032) (31.31582724456518,643.6366099361032) (31.31582724456518,669.6320136589135) (32.31582724456518,669.6320136589135) (32.31582724456518,695.6274173817237) (33.31582724456518,695.6274173817237) (33.31582724456518,721.622821104534) (34.31582724456518,721.622821104534) (34.31582724456518,747.6182248273442) (35.31582724456518,747.6182248273442) (35.31582724456518,773.6136285501544) (36.31582724456519,773.6136285501544) (36.31582724456519,799.6090322729647) (37.3158272445652,799.6090322729647) (37.3158272445652,825.6044359957749) (38.31582724456521,825.6044359957749) (38.31582724456521,851.5998397185851) (39.31582724456521,851.5998397185851) (39.31582724456521,877.5952434413954) (40.31582724456521,877.5952434413954) (40.31582724456521,903.5906471642056) (41.31582724456521,903.5906471642056) (41.31582724456521,929.5860508870159) (42.31582724456521,929.5860508870159) (42.31582724456521,955.5814546098261) (43.31582724456521,955.5814546098261) (43.31582724456521,981.5768583326363) (44.31582724456523,981.5768583326363) (44.31582724456523,1007.572262055447) (45.31582724456525,1007.572262055447) (45.31582724456525,1033.567665778257) (46.31582724456527,1033.567665778257) (46.31582724456527,1059.563069501067) (47.31582724456529,1059.563069501067) (47.31582724456529,1085.558473223878) (48.31582724456531,1085.558473223878) (48.31582724456531,1111.553876946688) (49.31582724456533,1111.553876946688) (49.31582724456533,1137.549280669498) (50.31582724456536,1137.549280669498) (50.31582724456536,1163.544684392309) (51.31582724456538,1163.544684392309) (51.31582724456538,1189.540088115119) (52.3158272445654,1189.540088115119) (52.3158272445654,1215.535491837929) (53.31582724456542,1215.535491837929) (53.31582724456542,1241.53089556074) (54.31582724456544,1241.53089556074) (54.31582724456544,1267.52629928355) (55.31582724456546,1267.52629928355) (55.31582724456546,1293.52170300636) (56.31582724456548,1293.52170300636) (56.31582724456548,1319.517106729171) (57.3158272445655,1319.517106729171) (57.3158272445655,1345.512510451981) (58.31582724456553,1345.512510451981) (58.31582724456553,1371.507914174791) (59.31582724456555,1371.507914174791) (59.31582724456555,1397.503317897602) (60.31582724456557,1397.503317897602) (60.31582724456557,1423.498721620412) (61.31582724456559,1423.498721620412) (61.31582724456559,1478) (62.31582724456561,1478) (62.31582724456561,1504) (63.31582724456563,1504) (63.31582724456563,1530) (64.31582724456564,1530) (64.31582724456564,1556) (65.3158272445656,1556) (65.3158272445656,1582) (66.31582724456555,1582) (66.31582724456555,1608) (67.31582724456551,1608) (67.31582724456551,1634) (68.31582724456547,1634) (68.31582724456547,1660) (69.31582724456543,1660) (69.31582724456543,1686) (70.31582724456538,1686) (70.31582724456538,1712) (71.31582724456534,1712) (71.31582724456534,1738) (72.3158272445653,1738) (72.3158272445653,1764) (73.31582724456526,1764) (73.31582724456526,1790) (74.31582724456521,1790) (74.31582724456521,1816) (75.31582724456517,1816) (75.31582724456517,1842) (76.31582724456513,1842) (76.31582724456513,1868) (77.31582724456509,1868) (77.31582724456509,1894) (78.31582724456504,1894) (78.31582724456504,1920) (79.315827244565,1920) (79.315827244565,1946) (80.31582724456496,1946) (80.31582724456496,1972) (81.31582724456491,1972) (81.31582724456491,1998) (82.31582724456487,1998) (82.31582724456487,2024) (83.31582724456483,2024) (83.31582724456483,2050) (84.31582724456479,2050) (84.31582724456479,2076) (85.31582724456474,2076) (85.31582724456474,2102) (86.3158272445647,2102) (86.3158272445647,2128) (87.31582724456466,2128) (87.31582724456466,2154) (88.31582724456462,2154) (88.31582724456462,2180) (89.31582724456457,2180) (89.31582724456457,2206) (90.31582724456453,2206) (90.31582724456453,2232) (91.31582724456449,2232) (91.31582724456449,2258) (92.31582724456445,2258) (92.31582724456445,2284) (93.3158272445644,2284) (93.3158272445644,2310) (94.31582724456436,2310) (94.31582724456436,2336) (95.31582724456432,2336) (95.31582724456432,2362) (96.31582724456428,2362) (96.31582724456428,2388) (97.31582724456423,2388) (97.31582724456423,2414) (98.31582724456419,2414) (98.31582724456419,2440) (99.31582724456415,2440) (99.31582724456415,2466) (100.3158272445641,2466) (100.3158272445641,2492) (101.3158272445641,2492) (101.3158272445641,2518) (102.315827244564,2518) (102.315827244564,2544) (103.315827244564,2544) (103.315827244564,2570) (104.3158272445639,2570) (104.3158272445639,2596) (105.3158272445639,2596) (105.3158272445639,2622) (106.3158272445638,2622) (106.3158272445638,2648) (107.3158272445638,2648) (107.3158272445638,2674) (108.3158272445638,2674) (108.3158272445638,2700) (109.3158272445637,2700) (109.3158272445637,2726) (110.3158272445637,2726) (110.3158272445637,2752) (111.3158272445636,2752) (111.3158272445636,2778) (112.3158272445636,2778) (112.3158272445636,2804) (113.3158272445636,2804) (113.3158272445636,2830) (114.3158272445635,2830) (114.3158272445635,2856) (115.3158272445635,2856) (115.3158272445635,2882) (116.3158272445634,2882) (116.3158272445634,2908) (117.3158272445634,2908) (117.3158272445634,2934) (118.3158272445633,2934) (118.3158272445633,2960) (119.3158272445633,2960) (119.3158272445633,2986) (120.3158272445633,2986) (120.3158272445633,3012) (121.3158272445632,3012) (121.3158272445632,3038) (122.3158272445632,3038) (122.3158272445632,3088.5) (123.3158272445631,3088.5) (123.3158272445631,3114.5) (124.3158272445631,3114.5) (124.3158272445631,3140.5) (125.315827244563,3140.5) (125.315827244563,3166.5) (126.315827244563,3166.5) (126.315827244563,3192.5) (127.315827244563,3192.5) (127.315827244563,3218.5) (128.3158272445629,3218.5) (128.3158272445629,3244.5) (129.3158272445629,3244.5) (129.3158272445629,3270.5) (130.3158272445629,3270.5) (130.3158272445629,3296.5) (131.3158272445628,3296.5) (131.3158272445628,3322.5) (132.3158272445628,3322.5) (132.3158272445628,3348.5) (133.3158272445628,3348.5) (133.3158272445628,3374.5) (134.3158272445627,3374.5) (134.3158272445627,3400.5) (135.3158272445627,3400.5) (135.3158272445627,3426.5) (136.3158272445627,3426.5) (136.3158272445627,3452.5) (137.3158272445627,3452.5) (137.3158272445627,3478.5) (138.3158272445626,3478.5) (138.3158272445626,3504.5) (139.3158272445626,3504.5) (139.3158272445626,3530.5) (140.3158272445626,3530.5) (140.3158272445626,3556.5) (141.3158272445625,3556.5) (141.3158272445625,3582.5) (142.3158272445625,3582.5) (142.3158272445625,3608.5) (143.3158272445625,3608.5) (143.3158272445625,3634.5) (144.3158272445625,3634.5) (144.3158272445625,3660.5) (145.3158272445624,3660.5) (145.3158272445624,3686.5) (146.3158272445624,3686.5) (146.3158272445624,3712.5) (147.3158272445624,3712.5) (147.3158272445624,3738.5) (148.3158272445623,3738.5) (148.3158272445623,3764.5) (149.3158272445623,3764.5) (149.3158272445623,3790.5) (150.3158272445623,3790.5) (150.3158272445623,3816.5) (151.3158272445623,3816.5) (151.3158272445623,3842.5) (152.3158272445622,3842.5) (152.3158272445622,3868.5) (153.3158272445622,3868.5) (153.3158272445622,3894.5) (154.3158272445622,3894.5) (154.3158272445622,3920.5) (155.3158272445621,3920.5) (155.3158272445621,3946.5) (156.3158272445621,3946.5) (156.3158272445621,3972.5) (157.3158272445621,3972.5) (157.3158272445621,3998.5) (158.3158272445621,3998.5) (158.3158272445621,4024.5) (159.315827244562,4024.5) (159.315827244562,4050.5) (160.315827244562,4050.5) (160.315827244562,4076.5) (161.315827244562,4076.5) (161.315827244562,4102.5) (162.3158272445619,4102.5) (162.3158272445619,4128.5) (163.3158272445619,4128.5) (163.3158272445619,4154.5) (164.3158272445619,4154.5) (164.3158272445619,4180.5) (165.3158272445619,4180.5) (165.3158272445619,4206.5) (166.3158272445618,4206.5) (166.3158272445618,4232.5) (167.3158272445618,4232.5) (167.3158272445618,4258.5) (168.3158272445618,4258.5) (168.3158272445618,4284.5) (169.3158272445617,4284.5) (169.3158272445617,4310.5) (170.3158272445617,4310.5) (170.3158272445617,4336.5) (171.3158272445617,4336.5) (171.3158272445617,4362.5) (172.3158272445617,4362.5) (172.3158272445617,4388.5) (173.3158272445616,4388.5) (173.3158272445616,4416.265463717128) (174.3158272445616,4416.265463717128) (174.3158272445616,4415.530927434256) (175.3158272445616,4415.530927434256) (175.3158272445616,4414.796391151384) (176.3158272445615,4414.796391151384) (176.3158272445615,4414.061854868512) (177.3158272445615,4414.061854868512) (177.3158272445615,4413.327318585641) (178.3158272445614,4413.327318585641) (178.3158272445614,4412.592782302769) (179.3158272445613,4412.592782302769) (179.3158272445613,4411.858246019897) (180.3158272445613,4411.858246019897) (180.3158272445613,4411.123709737025) (181.3158272445612,4411.123709737025) (181.3158272445612,4410.389173454153) (182.3158272445611,4410.389173454153) (182.3158272445611,4409.654637171281) (183.315827244561,4409.654637171281) (183.315827244561,4408.920100888409) (184.3158272445609,4408.920100888409) (184.3158272445609,4408.185564605537) (185.3158272445608,4408.185564605537) (185.3158272445608,4407.451028322665) (186.3158272445608,4407.451028322665) (186.3158272445608,4406.716492039794) (187.3158272445607,4406.716492039794) (187.3158272445607,4405.981955756922) (188.3158272445606,4405.981955756922) (188.3158272445606,4405.24741947405) (189.3158272445605,4405.24741947405) (189.3158272445605,4404.512883191178) (190.3158272445604,4404.512883191178) (190.3158272445604,4403.778346908306) (191.3158272445603,4403.778346908306) (191.3158272445603,4403.043810625434) (192.3158272445602,4403.043810625434) (192.3158272445602,4402.309274342562) (193.3158272445602,4402.309274342562) (193.3158272445602,4401.57473805969) (194.3158272445601,4401.57473805969) (194.3158272445601,4400.840201776819) (700,4400.840201776819)
humanPositionY[0]:
[0]: (0,0) (0,163.5) (1,163.5) (1,188.9679078844919) (10.31582724456515,188.9679078844919) (10.31582724456515,188.479046668909) (11.31582724456515,188.479046668909) (11.31582724456515,187.9901854533261) (12.31582724456514,187.9901854533261) (12.31582724456514,187.5013242377432) (13.31582724456514,187.5013242377432) (13.31582724456514,187.0124630221603) (14.31582724456514,187.0124630221603) (14.31582724456514,186.5236018065774) (15.31582724456514,186.5236018065774) (15.31582724456514,186.0347405909945) (16.31582724456514,186.0347405909945) (16.31582724456514,185.5458793754117) (17.31582724456514,185.5458793754117) (17.31582724456514,185.0570181598288) (18.31582724456514,185.0570181598288) (18.31582724456514,184.5681569442459) (19.31582724456514,184.5681569442459) (19.31582724456514,184.079295728663) (20.31582724456515,184.079295728663) (20.31582724456515,183.5904345130801) (21.31582724456515,183.5904345130801) (21.31582724456515,183.1015732974972) (22.31582724456515,183.1015732974972) (22.31582724456515,182.6127120819143) (23.31582724456516,182.6127120819143) (23.31582724456516,182.1238508663315) (24.31582724456516,182.1238508663315) (24.31582724456516,181.6349896507486) (25.31582724456516,181.6349896507486) (25.31582724456516,181.1461284351657) (26.31582724456516,181.1461284351657) (26.31582724456516,180.6572672195828) (27.31582724456517,180.6572672195828) (27.31582724456517,180.1684060039999) (28.31582724456517,180.1684060039999) (28.31582724456517,179.679544788417) (29.31582724456517,179.679544788417) (29.31582724456517,179.1906835728341) (30.31582724456517,179.1906835728341) (30.31582724456517,178.7018223572512) (31.31582724456518,178.7018223572512) (31.31582724456518,178.2129611416684) (32.31582724456518,178.2129611416684) (32.31582724456518,177.7240999260855) (33.31582724456518,177.7240999260855) (33.31582724456518,177.2352387105026) (34.31582724456518,177.2352387105026) (34.31582724456518,176.7463774949197) (35.31582724456518,176.7463774949197) (35.31582724456518,176.2575162793368) (36.31582724456519,176.2575162793368) (36.31582724456519,175.7686550637539) (37.3158272445652,175.7686550637539) (37.3158272445652,175.279793848171) (38.31582724456521,175.279793848171) (38.31582724456521,174.7909326325882) (39.31582724456521,174.7909326325882) (39.31582724456521,174.3020714170053) (40.31582724456521,174.3020714170053) (40.31582724456521,173.8132102014224) (41.31582724456521,173.8132102014224) (41.31582724456521,173.3243489858395) (42.31582724456521,173.3243489858395) (42.31582724456521,172.8354877702566) (43.31582724456521,172.8354877702566) (43.31582724456521,172.3466265546737) (44.31582724456523,172.3466265546737) (44.31582724456523,171.8577653390908) (45.31582724456525,171.8577653390908) (45.31582724456525,171.3689041235079) (46.31582724456527,171.3689041235079) (46.31582724456527,170.8800429079251) (47.31582724456529,170.8800429079251) (47.31582724456529,170.3911816923422) (48.31582724456531,170.3911816923422) (48.31582724456531,169.9023204767593) (49.31582724456533,169.9023204767593) (49.31582724456533,169.4134592611764) (50.31582724456536,169.4134592611764) (50.31582724456536,168.9245980455935) (51.31582724456538,168.9245980455935) (51.31582724456538,168.4357368300106) (52.3158272445654,168.4357368300106) (52.3158272445654,167.9468756144277) (53.31582724456542,167.9468756144277) (53.31582724456542,167.4580143988449) (54.31582724456544,167.4580143988449) (54.31582724456544,166.969153183262) (55.31582724456546,166.969153183262) (55.31582724456546,166.4802919676791) (56.31582724456548,166.4802919676791) (56.31582724456548,165.9914307520962) (57.3158272445655,165.9914307520962) (57.3158272445655,165.5025695365133) (58.31582724456553,165.5025695365133) (58.31582724456553,165.0137083209304) (59.31582724456555,165.0137083209304) (59.31582724456555,164.5248471053475) (60.31582724456557,164.5248471053475) (60.31582724456557,164.0359858897646) (61.31582724456559,164.0359858897646) (61.31582724456559,163.5) (173.3158272445616,163.5) (173.3158272445616,189.4896220913107) (174.3158272445616,189.4896220913107) (174.3158272445616,215.4792441826214) (175.3158272445616,215.4792441826214) (175.3158272445616,241.4688662739321) (176.3158272445615,241.4688662739321) (176.3158272445615,267.4584883652428) (177.3158272445615,267.4584883652428) (177.3158272445615,293.4481104565535) (178.3158272445614,293.4481104565535) (178.3158272445614,319.4377325478642) (179.3158272445613,319.4377325478642) (179.3158272445613,345.427354639175) (180.3158272445613,345.427354639175) (180.3158272445613,371.4169767304857) (181.3158272445612,371.4169767304857) (181.3158272445612,397.4065988217964) (182.3158272445611,397.4065988217964) (182.3158272445611,423.3962209131071) (183.315827244561,423.3962209131071) (183.315827244561,449.3858430044178) (184.3158272445609,449.3858430044178) (184.3158272445609,475.3754650957285) (185.3158272445608,475.3754650957285) (185.3158272445608,501.3650871870392) (186.3158272445608,501.3650871870392) (186.3158272445608,527.3547092783499) (187.3158272445607,527.3547092783499) (187.3158272445607,553.3443313696606) (188.3158272445606,553.3443313696606) (188.3158272445606,579.3339534609713) (189.3158272445605,579.3339534609713) (189.3158272445605,605.323575552282) (190.3158272445604,605.323575552282) (190.3158272445604,631.3131976435927) (191.3158272445603,631.3131976435927) (191.3158272445603,657.3028197349034) (192.3158272445602,657.3028197349034) (192.3158272445602,683.2924418262141) (193.3158272445602,683.2924418262141) (193.3158272445602,709.2820639175249) (194.3158272445601,709.2820639175249) (194.3158272445601,735.2716860088356) (700,735.2716860088356)
robPositionX[0]:
[0]: (0,0) (0,92.5) (2,92.5) (2,97.73313175708738) (11.31582724456515,97.73313175708738) (11.31582724456515,123.7285354798977) (12.33463070704839,123.7285354798977) (12.33463070704839,149.723939202708) (13.33463070704838,149.723939202708) (13.33463070704838,175.7193429255182) (14.33463070704838,175.7193429255182) (14.33463070704838,201.7147466483285) (15.33463070704838,201.7147466483285) (15.33463070704838,227.7101503711388) (16.33463070704838,227.7101503711388) (16.33463070704838,253.7055540939491) (17.33463070704838,253.7055540939491) (17.33463070704838,279.7009578167594) (18.33463070704839,279.7009578167594) (18.33463070704839,305.6963615395697) (19.33463070704839,305.6963615395697) (19.33463070704839,331.69176526238) (20.33463070704839,331.69176526238) (20.33463070704839,357.6871689851903) (21.3346307070484,357.6871689851903) (21.3346307070484,383.6825727080006) (22.3346307070484,383.6825727080006) (22.3346307070484,409.6779764308109) (23.3346307070484,409.6779764308109) (23.3346307070484,435.6733801536212) (24.33463070704841,435.6733801536212) (24.33463070704841,461.6687838764315) (25.33463070704841,461.6687838764315) (25.33463070704841,487.6641875992418) (26.33463070704842,487.6641875992418) (26.33463070704842,513.6595913220521) (27.33463070704842,513.6595913220521) (27.33463070704842,539.6549950448623) (28.33463070704842,539.6549950448623) (28.33463070704842,565.6503987676725) (29.33463070704843,565.6503987676725) (29.33463070704843,591.6458024904828) (30.33463070704843,591.6458024904828) (30.33463070704843,617.641206213293) (31.33463070704843,617.641206213293) (31.33463070704843,643.6366099361032) (32.33463070704843,643.6366099361032) (32.33463070704843,669.6320136589135) (33.33463070704843,669.6320136589135) (33.33463070704843,695.6274173817237) (34.33463070704844,695.6274173817237) (34.33463070704844,721.622821104534) (35.33463070704845,721.622821104534) (35.33463070704845,747.6182248273442) (36.33463070704845,747.6182248273442) (36.33463070704845,773.6136285501544) (37.33463070704846,773.6136285501544) (37.33463070704846,799.6090322729647) (38.33463070704847,799.6090322729647) (38.33463070704847,825.6044359957749) (39.33463070704847,825.6044359957749) (39.33463070704847,851.5998397185851) (40.33463070704847,851.5998397185851) (40.33463070704847,877.5952434413954) (41.33463070704847,877.5952434413954) (41.33463070704847,903.5906471642056) (42.33463070704847,903.5906471642056) (42.33463070704847,929.5860508870159) (43.33463070704847,929.5860508870159) (43.33463070704847,955.5814546098261) (44.33463070704849,955.5814546098261) (44.33463070704849,981.5768583326363) (45.33463070704851,981.5768583326363) (45.33463070704851,1007.572262055447) (46.33463070704853,1007.572262055447) (46.33463070704853,1033.567665778257) (47.33463070704855,1033.567665778257) (47.33463070704855,1059.563069501067) (48.33463070704858,1059.563069501067) (48.33463070704858,1085.558473223878) (49.3346307070486,1085.558473223878) (49.3346307070486,1111.553876946688) (50.33463070704862,1111.553876946688) (50.33463070704862,1137.549280669498) (51.33463070704864,1137.549280669498) (51.33463070704864,1163.544684392309) (52.33463070704866,1163.544684392309) (52.33463070704866,1189.540088115119) (53.33463070704868,1189.540088115119) (53.33463070704868,1215.535491837929) (54.3346307070487,1215.535491837929) (54.3346307070487,1241.53089556074) (55.33463070704872,1241.53089556074) (55.33463070704872,1267.52629928355) (56.33463070704875,1267.52629928355) (56.33463070704875,1293.52170300636) (57.33463070704877,1293.52170300636) (57.33463070704877,1319.517106729171) (58.33463070704879,1319.517106729171) (58.33463070704879,1345.512510451981) (59.33463070704881,1345.512510451981) (59.33463070704881,1371.507914174791) (60.33463070704883,1371.507914174791) (60.33463070704883,1397.503317897602) (61.33463070704885,1397.503317897602) (61.33463070704885,1423.498721620412) (62.33463070704887,1423.498721620412) (62.33463070704887,1452) (63.33463070704889,1452) (63.33463070704889,1478) (64.3346307070489,1478) (64.3346307070489,1504) (65.33463070704886,1504) (65.33463070704886,1530) (66.33463070704882,1530) (66.33463070704882,1556) (67.33463070704877,1556) (67.33463070704877,1582) (68.33463070704873,1582) (68.33463070704873,1608) (69.33463070704869,1608) (69.33463070704869,1634) (70.33463070704865,1634) (70.33463070704865,1660) (71.3346307070486,1660) (71.3346307070486,1686) (72.33463070704856,1686) (72.33463070704856,1712) (73.33463070704852,1712) (73.33463070704852,1738) (74.33463070704848,1738) (74.33463070704848,1764) (75.33463070704843,1764) (75.33463070704843,1790) (76.33463070704839,1790) (76.33463070704839,1816) (77.33463070704835,1816) (77.33463070704835,1842) (78.3346307070483,1842) (78.3346307070483,1868) (79.33463070704826,1868) (79.33463070704826,1894) (80.33463070704822,1894) (80.33463070704822,1920) (81.33463070704818,1920) (81.33463070704818,1946) (82.33463070704813,1946) (82.33463070704813,1972) (83.33463070704809,1972) (83.33463070704809,1998) (84.33463070704805,1998) (84.33463070704805,2024) (85.33463070704801,2024) (85.33463070704801,2050) (86.33463070704796,2050) (86.33463070704796,2076) (87.33463070704792,2076) (87.33463070704792,2102) (88.33463070704788,2102) (88.33463070704788,2128) (89.33463070704784,2128) (89.33463070704784,2154) (90.33463070704779,2154) (90.33463070704779,2180) (91.33463070704775,2180) (91.33463070704775,2206) (92.33463070704771,2206) (92.33463070704771,2232) (93.33463070704767,2232) (93.33463070704767,2258) (94.33463070704762,2258) (94.33463070704762,2284) (95.33463070704758,2284) (95.33463070704758,2310) (96.33463070704754,2310) (96.33463070704754,2336) (97.33463070704749,2336) (97.33463070704749,2362) (98.33463070704745,2362) (98.33463070704745,2388) (99.33463070704741,2388) (99.33463070704741,2414) (100.3346307070474,2414) (100.3346307070474,2440) (101.3346307070473,2440) (101.3346307070473,2466) (102.3346307070473,2466) (102.3346307070473,2492) (103.3346307070472,2492) (103.3346307070472,2518) (104.3346307070472,2518) (104.3346307070472,2544) (105.3346307070472,2544) (105.3346307070472,2570) (106.3346307070471,2570) (106.3346307070471,2596) (107.3346307070471,2596) (107.3346307070471,2622) (108.334630707047,2622) (108.334630707047,2648) (109.334630707047,2648) (109.334630707047,2674) (110.3346307070469,2674) (110.3346307070469,2700) (111.3346307070469,2700) (111.3346307070469,2726) (112.3346307070469,2726) (112.3346307070469,2752) (113.3346307070468,2752) (113.3346307070468,2778) (114.3346307070468,2778) (114.3346307070468,2804) (115.3346307070467,2804) (115.3346307070467,2830) (116.3346307070467,2830) (116.3346307070467,2856) (117.3346307070466,2856) (117.3346307070466,2882) (118.3346307070466,2882) (118.3346307070466,2908) (119.3346307070466,2908) (119.3346307070466,2934) (120.3346307070465,2934) (120.3346307070465,2960) (121.3346307070465,2960) (121.3346307070465,2986) (122.3346307070464,2986) (122.3346307070464,3012) (123.3346307070464,3012) (123.3346307070464,3038) (124.3346307070463,3038) (124.3346307070463,3062.5) (125.3346307070463,3062.5) (125.3346307070463,3088.5) (126.3346307070463,3088.5) (126.3346307070463,3114.5) (127.3346307070462,3114.5) (127.3346307070462,3140.5) (128.3346307070462,3140.5) (128.3346307070462,3166.5) (129.3346307070462,3166.5) (129.3346307070462,3192.5) (130.3346307070461,3192.5) (130.3346307070461,3218.5) (131.3346307070461,3218.5) (131.3346307070461,3244.5) (132.3346307070461,3244.5) (132.3346307070461,3270.5) (133.334630707046,3270.5) (133.334630707046,3296.5) (134.334630707046,3296.5) (134.334630707046,3322.5) (135.334630707046,3322.5) (135.334630707046,3348.5) (136.334630707046,3348.5) (136.334630707046,3374.5) (137.3346307070459,3374.5) (137.3346307070459,3400.5) (138.3346307070459,3400.5) (138.3346307070459,3426.5) (139.3346307070459,3426.5) (139.3346307070459,3452.5) (140.3346307070458,3452.5) (140.3346307070458,3478.5) (141.3346307070458,3478.5) (141.3346307070458,3504.5) (142.3346307070458,3504.5) (142.3346307070458,3530.5) (143.3346307070458,3530.5) (143.3346307070458,3556.5) (144.3346307070457,3556.5) (144.3346307070457,3582.5) (145.3346307070457,3582.5) (145.3346307070457,3608.5) (146.3346307070457,3608.5) (146.3346307070457,3634.5) (147.3346307070456,3634.5) (147.3346307070456,3660.5) (148.3346307070456,3660.5) (148.3346307070456,3686.5) (149.3346307070456,3686.5) (149.3346307070456,3712.5) (150.3346307070456,3712.5) (150.3346307070456,3738.5) (151.3346307070455,3738.5) (151.3346307070455,3764.5) (152.3346307070455,3764.5) (152.3346307070455,3790.5) (153.3346307070455,3790.5) (153.3346307070455,3816.5) (154.3346307070454,3816.5) (154.3346307070454,3842.5) (155.3346307070454,3842.5) (155.3346307070454,3868.5) (156.3346307070454,3868.5) (156.3346307070454,3894.5) (157.3346307070454,3894.5) (157.3346307070454,3920.5) (158.3346307070453,3920.5) (158.3346307070453,3946.5) (159.3346307070453,3946.5) (159.3346307070453,3972.5) (160.3346307070453,3972.5) (160.3346307070453,3998.5) (161.3346307070452,3998.5) (161.3346307070452,4024.5) (162.3346307070452,4024.5) (162.3346307070452,4050.5) (163.3346307070452,4050.5) (163.3346307070452,4076.5) (164.3346307070452,4076.5) (164.3346307070452,4102.5) (165.3346307070451,4102.5) (165.3346307070451,4128.5) (166.3346307070451,4128.5) (166.3346307070451,4154.5) (167.3346307070451,4154.5) (167.3346307070451,4180.5) (168.3346307070451,4180.5) (168.3346307070451,4206.5) (169.334630707045,4206.5) (169.334630707045,4232.5) (170.334630707045,4232.5) (170.334630707045,4258.5) (171.334630707045,4258.5) (171.334630707045,4284.5) (172.3346307070449,4284.5) (172.3346307070449,4310.5) (173.3346307070449,4310.5) (173.3346307070449,4336.5) (174.3346307070449,4336.5) (174.3346307070449,4362.5) (175.3346307070449,4362.5) (175.3346307070449,4388.5) (176.3346307070448,4388.5) (176.3346307070448,4417) (178.9336821887862,4417) (178.9336821887862,4416.265463717128) (179.9336821887861,4416.265463717128) (179.9336821887861,4415.530927434256) (180.933682188786,4415.530927434256) (180.933682188786,4414.796391151384) (181.9336821887859,4414.796391151384) (181.9336821887859,4414.061854868512) (182.9336821887858,4414.061854868512) (182.9336821887858,4413.327318585641) (183.9336821887858,4413.327318585641) (183.9336821887858,4412.592782302769) (184.9336821887857,4412.592782302769) (184.9336821887857,4411.858246019897) (185.9336821887856,4411.858246019897) (185.9336821887856,4411.123709737025) (186.9336821887855,4411.123709737025) (186.9336821887855,4410.389173454153) (187.9336821887854,4410.389173454153) (187.9336821887854,4409.654637171281) (188.9336821887853,4409.654637171281) (188.9336821887853,4408.920100888409) (189.9336821887852,4408.920100888409) (189.9336821887852,4408.185564605537) (190.9336821887852,4408.185564605537) (190.9336821887852,4407.451028322665) (191.9336821887851,4407.451028322665) (191.9336821887851,4406.716492039794) (192.933682188785,4406.716492039794) (192.933682188785,4405.981955756922) (193.9336821887849,4405.981955756922) (193.9336821887849,4405.24741947405) (194.9336821887848,4405.24741947405) (194.9336821887848,4404.512883191178) (195.9336821887847,4404.512883191178) (195.9336821887847,4403.778346908306) (196.9336821887846,4403.778346908306) (196.9336821887846,4403.043810625434) (197.9336821887845,4403.043810625434) (197.9336821887845,4402.309274342562) (198.9336821887844,4402.309274342562) (198.9336821887844,4401.57473805969) (199.9336821887842,4401.57473805969) (199.9336821887842,4400.840201776819) (700,4400.840201776819)
robPositionY[0]:
[0]: (0,0) (0,163.5) (2,163.5) (2,188.9679078844919) (11.31582724456515,188.9679078844919) (11.31582724456515,188.479046668909) (12.33463070704839,188.479046668909) (12.33463070704839,187.9901854533261) (13.33463070704838,187.9901854533261) (13.33463070704838,187.5013242377432) (14.33463070704838,187.5013242377432) (14.33463070704838,187.0124630221603) (15.33463070704838,187.0124630221603) (15.33463070704838,186.5236018065774) (16.33463070704838,186.5236018065774) (16.33463070704838,186.0347405909945) (17.33463070704838,186.0347405909945) (17.33463070704838,185.5458793754117) (18.33463070704839,185.5458793754117) (18.33463070704839,185.0570181598288) (19.33463070704839,185.0570181598288) (19.33463070704839,184.5681569442459) (20.33463070704839,184.5681569442459) (20.33463070704839,184.079295728663) (21.3346307070484,184.079295728663) (21.3346307070484,183.5904345130801) (22.3346307070484,183.5904345130801) (22.3346307070484,183.1015732974972) (23.3346307070484,183.1015732974972) (23.3346307070484,182.6127120819143) (24.33463070704841,182.6127120819143) (24.33463070704841,182.1238508663315) (25.33463070704841,182.1238508663315) (25.33463070704841,181.6349896507486) (26.33463070704842,181.6349896507486) (26.33463070704842,181.1461284351657) (27.33463070704842,181.1461284351657) (27.33463070704842,180.6572672195828) (28.33463070704842,180.6572672195828) (28.33463070704842,180.1684060039999) (29.33463070704843,180.1684060039999) (29.33463070704843,179.679544788417) (30.33463070704843,179.679544788417) (30.33463070704843,179.1906835728341) (31.33463070704843,179.1906835728341) (31.33463070704843,178.7018223572512) (32.33463070704843,178.7018223572512) (32.33463070704843,178.2129611416684) (33.33463070704843,178.2129611416684) (33.33463070704843,177.7240999260855) (34.33463070704844,177.7240999260855) (34.33463070704844,177.2352387105026) (35.33463070704845,177.2352387105026) (35.33463070704845,176.7463774949197) (36.33463070704845,176.7463774949197) (36.33463070704845,176.2575162793368) (37.33463070704846,176.2575162793368) (37.33463070704846,175.7686550637539) (38.33463070704847,175.7686550637539) (38.33463070704847,175.279793848171) (39.33463070704847,175.279793848171) (39.33463070704847,174.7909326325882) (40.33463070704847,174.7909326325882) (40.33463070704847,174.3020714170053) (41.33463070704847,174.3020714170053) (41.33463070704847,173.8132102014224) (42.33463070704847,173.8132102014224) (42.33463070704847,173.3243489858395) (43.33463070704847,173.3243489858395) (43.33463070704847,172.8354877702566) (44.33463070704849,172.8354877702566) (44.33463070704849,172.3466265546737) (45.33463070704851,172.3466265546737) (45.33463070704851,171.8577653390908) (46.33463070704853,171.8577653390908) (46.33463070704853,171.3689041235079) (47.33463070704855,171.3689041235079) (47.33463070704855,170.8800429079251) (48.33463070704858,170.8800429079251) (48.33463070704858,170.3911816923422) (49.3346307070486,170.3911816923422) (49.3346307070486,169.9023204767593) (50.33463070704862,169.9023204767593) (50.33463070704862,169.4134592611764) (51.33463070704864,169.4134592611764) (51.33463070704864,168.9245980455935) (52.33463070704866,168.9245980455935) (52.33463070704866,168.4357368300106) (53.33463070704868,168.4357368300106) (53.33463070704868,167.9468756144277) (54.3346307070487,167.9468756144277) (54.3346307070487,167.4580143988449) (55.33463070704872,167.4580143988449) (55.33463070704872,166.969153183262) (56.33463070704875,166.969153183262) (56.33463070704875,166.4802919676791) (57.33463070704877,166.4802919676791) (57.33463070704877,165.9914307520962) (58.33463070704879,165.9914307520962) (58.33463070704879,165.5025695365133) (59.33463070704881,165.5025695365133) (59.33463070704881,165.0137083209304) (60.33463070704883,165.0137083209304) (60.33463070704883,164.5248471053475) (61.33463070704885,164.5248471053475) (61.33463070704885,164.0359858897646) (62.33463070704887,164.0359858897646) (62.33463070704887,163.5) (178.9336821887862,163.5) (178.9336821887862,189.4896220913107) (179.9336821887861,189.4896220913107) (179.9336821887861,215.4792441826214) (180.933682188786,215.4792441826214) (180.933682188786,241.4688662739321) (181.9336821887859,241.4688662739321) (181.9336821887859,267.4584883652428) (182.9336821887858,267.4584883652428) (182.9336821887858,293.4481104565535) (183.9336821887858,293.4481104565535) (183.9336821887858,319.4377325478642) (184.9336821887857,319.4377325478642) (184.9336821887857,345.427354639175) (185.9336821887856,345.427354639175) (185.9336821887856,371.4169767304857) (186.9336821887855,371.4169767304857) (186.9336821887855,397.4065988217964) (187.9336821887854,397.4065988217964) (187.9336821887854,423.3962209131071) (188.9336821887853,423.3962209131071) (188.9336821887853,449.3858430044178) (189.9336821887852,449.3858430044178) (189.9336821887852,475.3754650957285) (190.9336821887852,475.3754650957285) (190.9336821887852,501.3650871870392) (191.9336821887851,501.3650871870392) (191.9336821887851,527.3547092783499) (192.933682188785,527.3547092783499) (192.933682188785,553.3443313696606) (193.9336821887849,553.3443313696606) (193.9336821887849,579.3339534609713) (194.9336821887848,579.3339534609713) (194.9336821887848,605.323575552282) (195.9336821887847,605.323575552282) (195.9336821887847,631.3131976435927) (196.9336821887846,631.3131976435927) (196.9336821887846,657.3028197349034) (197.9336821887845,657.3028197349034) (197.9336821887845,683.2924418262141) (198.9336821887844,683.2924418262141) (198.9336821887844,709.2820639175249) (199.9336821887842,709.2820639175249) (199.9336821887842,735.2716860088356) (700,735.2716860088356)
batteryCharge[0]:
[0]: (0,100) (700,100)
user_guided_transport.end:
[0]: (0,0) (201.9336821887834,0) (201.9336821887834,1) (700,1)
[2K
Verifying formula 5 at /nta/queries/query[5]/formula
 -- Formula: simulate[<=700]{robot_inventory[0][0], user_guided_transport.end*2}
[2K -- Formula is satisfied.
robot_inventory[0][0]:
[0]: (0,0) (9.484300708768011,0) (9.484300708768011,1) (700,1)
user_guided_transport.end * 2:
[0]: (0,0) (202.1021556529981,0) (202.1021556529981,2) (700,2)
[2K
Verifying formula 6 at /nta/queries/query[6]/formula
 -- Formula: simulate[<=700]{bedroom[0], bedroom[1], kitchen[0], kitchen[1]}
[2K -- Formula is satisfied.
bedroom[0]:
[0]: (0,100) (700,100)
bedroom[1]:
[0]: (0,200) (700,200)
kitchen[0]:
[0]: (0,4400) (700,4400)
kitchen[1]:
[0]: (0,765) (700,765)
[2K
Verifying formula 7 at /nta/queries/query[7]/formula
 -- Formula: simulate[<=700]{rm_1.idle, rf_1.idle, rp_1.idle, rd_1.idle}
[2K -- Formula is satisfied.
rm_1.idle:
[0]: (0,0) (0,1) (0,0) (3,0) (3,1) (10.40717523026937,1) (10.40717523026937,0) (202.0250301744974,0) (202.0250301744974,1) (700,1)
rf_1.idle:
[0]: (0,0) (0,1) (700,1)
rp_1.idle:
[0]: (0,0) (0,1) (2,1) (2,0) (10.40717523026937,0) (10.40717523026937,1) (700,1)
rd_1.idle:
[0]: (0,0) (0,1) (700,1)
[2K
Verifying formula 8 at /nta/queries/query[8]/formula
 -- Formula: Pr[<=700](<>!rm_1.idle || !rf_1.idle || !rp_1.idle || !rd_1.idle)
[2K -- Formula is satisfied.
(72/72 runs) Pr(<> …) in [0.950056,1] (95% CI)
Values in [0,0] mean=0 steps=2.22045e-16: 72
[2K
Verifying formula 9 at /nta/queries/query[9]/formula
 -- Formula: Pr[<=700]([] (user_guided_transport.end imply (rm_1.idle && rf_1.idle && rp_1.idle && rd_1.idle)))
 -- Throughput: 623659 runs/sec, Load: 330 runs[K
[2K -- Formula is satisfied.
(72/72 runs) Pr([] …) in [0.950056,1] (95% CI)
[2K
Verifying formula 10 at /nta/queries/query[10]/formula
 -- Formula: Pr[<=700] (<> pow(robPositionX[0] - kitchen[0], 2) + pow(robPositionY[0] - kitchen[1], 2) <= 900 )
[2K -- Formula is satisfied.
(72/72 runs) Pr(<> …) in [0.950056,1] (95% CI)
Values in [197.676,202.61] mean=200.178 steps=0.548295: 7 11 6 10 5 6 10 7 10
[2K
Verifying formula 11 at /nta/queries/query[11]/formula
 -- Formula: Pr[<=700] (<> pow(robPositionX[0] - bedroom[0], 2) + pow(robPositionY[0] - bedroom[1], 2) <= 900 )
[2K -- Formula is satisfied.
(72/72 runs) Pr(<> …) in [0.950056,1] (95% CI)
Values in [2,2] mean=2 steps=2.22045e-16: 72
[2K
Verifying formula 12 at /nta/queries/query[12]/formula
 -- Formula: Pr[<=700] (<> pow(humanPositionX[0] - kitchen[0], 2) + pow(humanPositionY[0] - kitchen[1], 2) <= 900 )
[2K -- Formula is satisfied.
(72/72 runs) Pr(<> …) in [0.950056,1] (95% CI)
Values in [192.005,197] mean=194.868 steps=0.554977: 8 7 6 5 7 6 9 11 12 1
[2K
Verifying formula 13 at /nta/queries/query[13]/formula
 -- Formula: Pr[<=700] (<> pow(humanPositionX[0] - bedroom[0], 2) + pow(humanPositionY[0] - bedroom[1], 2) <= 900 )
[2K -- Formula is satisfied.
(72/72 runs) Pr(<> …) in [0.950056,1] (95% CI)
Values in [1,1] mean=1 steps=2.22045e-16: 72
[2K
Verifying formula 14 at /nta/queries/query[14]/formula
 -- Formula: Pr[<=700] (<> !isValidPosition(humanPositionX[0], humanPositionY[0]))
[2K -- Formula is satisfied.
(72/72 runs) Pr(<> …) in [0.950056,1] (95% CI)
Values in [0,0] mean=0 steps=2.22045e-16: 72
[2K
Verifying formula 15 at /nta/queries/query[15]/formula
 -- Formula: Pr[<=700] (<> !isValidPosition(robPositionX[0], robPositionY[0]))
[2K -- Formula is satisfied.
(72/72 runs) Pr(<> …) in [0.950056,1] (95% CI)
Values in [0,0] mean=0 steps=2.22045e-16: 72
[2K
Verifying formula 16 at /nta/queries/query[16]/formula
 -- Formula: Pr[<=700] (<> currP > 2)
 -- Throughput: 622333 runs/sec, Load: 330 runs[K
[2K -- Formula is satisfied.
(0/72 runs) Pr(<> …) in [0,0.0499441] (95% CI)
