Options for the verification:
  Generating no trace
  Search order is breadth first
  Using conservative space optimisation
  Seed is 1784202216
  State space representation uses minimal constraint systems with future testing
  Using HashMap + Compress integers for discrete state storage
[2K
Verifying formula 1 at /nta/queries/query[1]/formula
 -- Formula: simulate[<=700]{user_guided_transport_human1_def.s1_start, user_guided_transport_human1_def.s1_end, user_guided_transport_human1_def.s2_start, user_guided_transport_human1_def.s2_end, user_guided_transport_human1_def.s3_start, user_guided_transport_human1_def.s3_idle, user_guided_transport.end}
[2K -- Formula is satisfied.
user_guided_transport_human1_def.s1_start:
[0]: (0,0) (0,1) (0,0) (2,0) (2,1) (2,0) (700.000002,0)
user_guided_transport_human1_def.s1_end:
[0]: (0,0) (3,0) (3,1) (3,0) (700.000002,0)
user_guided_transport_human1_def.s2_start:
[0]: (0,0) (3,0) (3,1) (3,0) (8,0) (8,1) (8,0) (13,0) (13,1) (13,0) (18,0) (18,1) (18,0) (23,0) (23,1) (23,0) (28,0) (28,1) (28,0) (33,0) (33,1) (33,0) (38,0) (38,1) (38,0) (43,0) (43,1) (43,0) (48,0) (48,1) (48,0) (53,0) (53,1) (53,0) (58,0) (58,1) (58,0) (63,0) (63,1) (63,0) (68,0) (68,1) (68,0) (73,0) (73,1) (73,0) (78,0) (78,1) (78,0) (83,0) (83,1) (83,0) (88,0) (88,1) (88,0) (93,0) (93,1) (93,0) (98,0) (98,1) (98,0) (103,0) (103,1) (103,0) (108,0) (108,1) (108,0) (113,0) (113,1) (113,0) (118,0) (118,1) (118,0) (123,0) (123,1) (123,0) (128,0) (128,1) (128,0) (133,0) (133,1) (133,0) (138,0) (138,1) (138,0) (143,0) (143,1) (143,0) (148,0) (148,1) (148,0) (153,0) (153,1) (153,0) (158,0) (158,1) (158,0) (163,0) (163,1) (163,0) (168,0) (168,1) (168,0) (173,0) (173,1) (173,0) (178,0) (178,1) (178,0) (183,0) (183,1) (183,0) (700.000002,0)
user_guided_transport_human1_def.s2_end:
[0]: (0,0) (188,0) (188,1) (700.000002,1)
user_guided_transport_human1_def.s3_start:
[0]: (0,0) (700.000002,0)
user_guided_transport_human1_def.s3_idle:
[0]: (0,0) (700.000002,0)
user_guided_transport.end:
[0]: (0,0) (700.000002,0)
[2K
Verifying formula 2 at /nta/queries/query[2]/formula
 -- Formula: simulate[<=700]{user_guided_transport_robot1_def.s1_start, user_guided_transport_robot1_def.s1_end, user_guided_transport_robot1_def.s2_start, user_guided_transport_robot1_def.s2_end, user_guided_transport_robot1_def.s3_start, user_guided_transport_robot1_def.s3_end, user_guided_transport.end}
[2K -- Formula is satisfied.
user_guided_transport_robot1_def.s1_start:
[0]: (0,0) (0,1) (0,0) (700.000002,0)
user_guided_transport_robot1_def.s1_end:
[0]: (0,0) (2,0) (2,1) (3,1) (3,0) (700.000002,0)
user_guided_transport_robot1_def.s2_start:
[0]: (0,0) (3,0) (3,1) (3,0) (700.000002,0)
user_guided_transport_robot1_def.s2_end:
[0]: (0,0) (700.000002,0)
user_guided_transport_robot1_def.s3_start:
[0]: (0,0) (700.000002,0)
user_guided_transport_robot1_def.s3_end:
[0]: (0,0) (700.000002,0)
user_guided_transport.end:
[0]: (0,0) (700.000002,0)
[2K
Verifying formula 3 at /nta/queries/query[3]/formula
 -- Formula: Pr[<=700] (<> user_guided_transport.end)
 -- Throughput: 632887 runs/sec, Load: 320 runs[K
[2K -- Formula is satisfied.
(0/72 runs) Pr(<> …) in [0,0.0499441] (95% CI)
[2K
Verifying formula 4 at /nta/queries/query[4]/formula
 -- Formula: simulate[<=700]{humanPositionX[0], humanPositionY[0], robPositionX[0], robPositionY[0], batteryCharge[0], user_guided_transport.end}
[2K -- Formula is satisfied.
humanPositionX[0]:
[0]: (0,0) (0,92.5) (3,92.5) (3,97.73313175708738) (4,97.73313175708738) (4,123.7285354798977) (5,123.7285354798977) (5,149.723939202708) (6,149.723939202708) (6,175.7193429255182) (7,175.7193429255182) (7,201.7147466483285) (8,201.7147466483285) (8,227.7101503711388) (9,227.7101503711388) (9,253.7055540939491) (10,253.7055540939491) (10,279.7009578167594) (11,279.7009578167594) (11,305.6963615395697) (12,305.6963615395697) (12,331.69176526238) (13,331.69176526238) (13,357.6871689851903) (14,357.6871689851903) (14,383.6825727080006) (15,383.6825727080006) (15,409.6779764308109) (16,409.6779764308109) (16,435.6733801536212) (17,435.6733801536212) (17,461.6687838764315) (18,461.6687838764315) (18,487.6641875992418) (19,487.6641875992418) (19,513.6595913220521) (20,513.6595913220521) (20,539.6549950448623) (21,539.6549950448623) (21,565.6503987676725) (22,565.6503987676725) (22,591.6458024904828) (23,591.6458024904828) (23,617.641206213293) (24,617.641206213293) (24,643.6366099361032) (25,643.6366099361032) (25,669.6320136589135) (26,669.6320136589135) (26,695.6274173817237) (27,695.6274173817237) (27,721.622821104534) (28,721.622821104534) (28,747.6182248273442) (29,747.6182248273442) (29,773.6136285501544) (30,773.6136285501544) (30,799.6090322729647) (31,799.6090322729647) (31,825.6044359957749) (32,825.6044359957749) (32,851.5998397185851) (33,851.5998397185851) (33,877.5952434413954) (34,877.5952434413954) (34,903.5906471642056) (35,903.5906471642056) (35,929.5860508870159) (36,929.5860508870159) (36,955.5814546098261) (37,955.5814546098261) (37,981.5768583326363) (38,981.5768583326363) (38,1007.572262055447) (39,1007.572262055447) (39,1033.567665778257) (40,1033.567665778257) (40,1059.563069501067) (41,1059.563069501067) (41,1085.558473223878) (42,1085.558473223878) (42,1111.553876946688) (43,1111.553876946688) (43,1137.549280669498) (44,1137.549280669498) (44,1163.544684392309) (45,1163.544684392309) (45,1189.540088115119) (46,1189.540088115119) (46,1215.535491837929) (47,1215.535491837929) (47,1241.53089556074) (48,1241.53089556074) (48,1267.52629928355) (49,1267.52629928355) (49,1293.52170300636) (50,1293.52170300636) (50,1319.517106729171) (51,1319.517106729171) (51,1345.512510451981) (52,1345.512510451981) (52,1371.507914174791) (53,1371.507914174791) (53,1397.503317897602) (54,1397.503317897602) (54,1423.498721620412) (55,1423.498721620412) (55,1478) (56,1478) (56,1504) (57,1504) (57,1530) (58,1530) (58,1556) (59,1556) (59,1582) (60,1582) (60,1608) (61,1608) (61,1634) (62,1634) (62,1660) (63,1660) (63,1686) (64,1686) (64,1712) (65,1712) (65,1738) (66,1738) (66,1764) (67,1764) (67,1790) (68,1790) (68,1816) (69,1816) (69,1842) (70,1842) (70,1868) (71,1868) (71,1894) (72,1894) (72,1920) (73,1920) (73,1946) (74,1946) (74,1972) (75,1972) (75,1998) (76,1998) (76,2024) (77,2024) (77,2050) (78,2050) (78,2076) (79,2076) (79,2102) (80,2102) (80,2128) (81,2128) (81,2154) (82,2154) (82,2180) (83,2180) (83,2206) (84,2206) (84,2232) (85,2232) (85,2258) (86,2258) (86,2284) (87,2284) (87,2310) (88,2310) (88,2336) (89,2336) (89,2362) (90,2362) (90,2388) (91,2388) (91,2414) (92,2414) (92,2440) (93,2440) (93,2466) (94,2466) (94,2492) (95,2492) (95,2518) (96,2518) (96,2544) (97,2544) (97,2570) (98,2570) (98,2596) (99,2596) (99,2622) (100,2622) (100,2648) (101,2648) (101,2674) (102,2674) (102,2700) (103,2700) (103,2726) (104,2726) (104,2752) (105,2752) (105,2778) (106,2778) (106,2804) (107,2804) (107,2830) (108,2830) (108,2856) (109,2856) (109,2882) (110,2882) (110,2908) (111,2908) (111,2934) (112,2934) (112,2960) (113,2960) (113,2986) (114,2986) (114,3012) (115,3012) (115,3038) (116,3038) (116,3088.5) (117,3088.5) (117,3114.5) (118,3114.5) (118,3140.5) (119,3140.5) (119,3166.5) (120,3166.5) (120,3192.5) (121,3192.5) (121,3218.5) (122,3218.5) (122,3244.5) (123,3244.5) (123,3270.5) (124,3270.5) (124,3296.5) (125,3296.5) (125,3322.5) (126,3322.5) (126,3348.5) (127,3348.5) (127,3374.5) (128,3374.5) (128,3400.5) (129,3400.5) (129,3426.5) (130,3426.5) (130,3452.5) (131,3452.5) (131,3478.5) (132,3478.5) (132,3504.5) (133,3504.5) (133,3530.5) (134,3530.5) (134,3556.5) (135,3556.5) (135,3582.5) (136,3582.5) (136,3608.5) (137,3608.5) (137,3634.5) (138,3634.5) (138,3660.5) (139,3660.5) (139,3686.5) (140,3686.5) (140,3712.5) (141,3712.5) (141,3738.5) (142,3738.5) (142,3764.5) (143,3764.5) (143,3790.5) (144,3790.5) (144,3816.5) (145,3816.5) (145,3842.5) (146,3842.5) (146,3868.5) (147,3868.5) (147,3894.5) (148,3894.5) (148,3920.5) (149,3920.5) (149,3946.5) (150,3946.5) (150,3972.5) (151,3972.5) (151,3998.5) (152,3998.5) (152,4024.5) (153,4024.5) (153,4050.5) (154,4050.5) (154,4076.5) (155,4076.5) (155,4102.5) (156,4102.5) (156,4128.5) (157,4128.5) (157,4154.5) (158,4154.5) (158,4180.5) (159,4180.5) (159,4206.5) (160,4206.5) (160,4232.5) (161,4232.5) (161,4258.5) (162,4258.5) (162,4284.5) (163,4284.5) (163,4310.5) (164,4310.5) (164,4336.5) (165,4336.5) (165,4362.5) (166,4362.5) (166,4388.5) (167,4388.5) (167,4416.265463717128) (168,4416.265463717128) (168,4415.530927434256) (169,4415.530927434256) (169,4414.796391151384) (170,4414.796391151384) (170,4414.061854868512) (171,4414.061854868512) (171,4413.327318585641) (172,4413.327318585641) (172,4412.592782302769) (173,4412.592782302769) (173,4411.858246019897) (174,4411.858246019897) (174,4411.123709737025) (175,4411.123709737025) (175,4410.389173454153) (176,4410.389173454153) (176,4409.654637171281) (177,4409.654637171281) (177,4408.920100888409) (178,4408.920100888409) (178,4408.185564605537) (179,4408.185564605537) (179,4407.451028322665) (180,4407.451028322665) (180,4406.716492039794) (181,4406.716492039794) (181,4405.981955756922) (182,4405.981955756922) (182,4405.24741947405) (183,4405.24741947405) (183,4404.512883191178) (184,4404.512883191178) (184,4403.778346908306) (185,4403.778346908306) (185,4403.043810625434) (186,4403.043810625434) (186,4402.309274342562) (187,4402.309274342562) (187,4401.57473805969) (188,4401.57473805969) (188,4400.840201776819) (700.000002,4400.840201776819)
humanPositionY[0]:
[0]: (0,0) (0,163.5) (3,163.5) (3,188.9679078844919) (4,188.9679078844919) (4,188.479046668909) (5,188.479046668909) (5,187.9901854533261) (6,187.9901854533261) (6,187.5013242377432) (7,187.5013242377432) (7,187.0124630221603) (8,187.0124630221603) (8,186.5236018065774) (9,186.5236018065774) (9,186.0347405909945) (10,186.0347405909945) (10,185.5458793754117) (11,185.5458793754117) (11,185.0570181598288) (12,185.0570181598288) (12,184.5681569442459) (13,184.5681569442459) (13,184.079295728663) (14,184.079295728663) (14,183.5904345130801) (15,183.5904345130801) (15,183.1015732974972) (16,183.1015732974972) (16,182.6127120819143) (17,182.6127120819143) (17,182.1238508663315) (18,182.1238508663315) (18,181.6349896507486) (19,181.6349896507486) (19,181.1461284351657) (20,181.1461284351657) (20,180.6572672195828) (21,180.6572672195828) (21,180.1684060039999) (22,180.1684060039999) (22,179.679544788417) (23,179.679544788417) (23,179.1906835728341) (24,179.1906835728341) (24,178.7018223572512) (25,178.7018223572512) (25,178.2129611416684) (26,178.2129611416684) (26,177.7240999260855) (27,177.7240999260855) (27,177.2352387105026) (28,177.2352387105026) (28,176.7463774949197) (29,176.7463774949197) (29,176.2575162793368) (30,176.2575162793368) (30,175.7686550637539) (31,175.7686550637539) (31,175.279793848171) (32,175.279793848171) (32,174.7909326325882) (33,174.7909326325882) (33,174.3020714170053) (34,174.3020714170053) (34,173.8132102014224) (35,173.8132102014224) (35,173.3243489858395) (36,173.3243489858395) (36,172.8354877702566) (37,172.8354877702566) (37,172.3466265546737) (38,172.3466265546737) (38,171.8577653390908) (39,171.8577653390908) (39,171.3689041235079) (40,171.3689041235079) (40,170.8800429079251) (41,170.8800429079251) (41,170.3911816923422) (42,170.3911816923422) (42,169.9023204767593) (43,169.9023204767593) (43,169.4134592611764) (44,169.4134592611764) (44,168.9245980455935) (45,168.9245980455935) (45,168.4357368300106) (46,168.4357368300106) (46,167.9468756144277) (47,167.9468756144277) (47,167.4580143988449) (48,167.4580143988449) (48,166.969153183262) (49,166.969153183262) (49,166.4802919676791) (50,166.4802919676791) (50,165.9914307520962) (51,165.9914307520962) (51,165.5025695365133) (52,165.5025695365133) (52,165.0137083209304) (53,165.0137083209304) (53,164.5248471053475) (54,164.5248471053475) (54,164.0359858897646) (55,164.0359858897646) (55,163.5) (167,163.5) (167,189.4896220913107) (168,189.4896220913107) (168,215.4792441826214) (169,215.4792441826214) (169,241.4688662739321) (170,241.4688662739321) (170,267.4584883652428) (171,267.4584883652428) (171,293.4481104565535) (172,293.4481104565535) (172,319.4377325478642) (173,319.4377325478642) (173,345.427354639175) (174,345.427354639175) (174,371.4169767304857) (175,371.4169767304857) (175,397.4065988217964) (176,397.4065988217964) (176,423.3962209131071) (177,423.3962209131071) (177,449.3858430044178) (178,449.3858430044178) (178,475.3754650957285) (179,475.3754650957285) (179,501.3650871870392) (180,501.3650871870392) (180,527.3547092783499) (181,527.3547092783499) (181,553.3443313696606) (182,553.3443313696606) (182,579.3339534609713) (183,579.3339534609713) (183,605.323575552282) (184,605.323575552282) (184,631.3131976435927) (185,631.3131976435927) (185,657.3028197349034) (186,657.3028197349034) (186,683.2924418262141) (187,683.2924418262141) (187,709.2820639175249) (188,709.2820639175249) (188,735.2716860088356) (700.000002,735.2716860088356)
robPositionX[0]:
[0]: (0,0) (0,92.5) (2,92.5) (2,97.73313175708738) (700.000002,97.73313175708738)
robPositionY[0]:
[0]: (0,0) (0,163.5) (2,163.5) (2,188.9679078844919) (700.000002,188.9679078844919)
batteryCharge[0]:
[0]: (0,100) (700.000002,100)
user_guided_transport.end:
[0]: (0,0) (700.000002,0)
[2K
Verifying formula 5 at /nta/queries/query[5]/formula
 -- Formula: simulate[<=700]{robot_inventory[0][0], user_guided_transport.end*2}
[2K -- Formula is satisfied.
robot_inventory[0][0]:
[0]: (0,0) (700.000002,0)
user_guided_transport.end * 2:
[0]: (0,0) (700.000002,0)
[2K
Verifying formula 6 at /nta/queries/query[6]/formula
 -- Formula: simulate[<=700]{bedroom[0], bedroom[1], kitchen[0], kitchen[1]}
[2K -- Formula is satisfied.
bedroom[0]:
[0]: (0,100) (700.000002,100)
bedroom[1]:
[0]: (0,200) (700.000002,200)
kitchen[0]:
[0]: (0,4400) (700.000002,4400)
kitchen[1]:
[0]: (0,765) (700.000002,765)
[2K
Verifying formula 7 at /nta/queries/query[7]/formula
 -- Formula: simulate[<=700]{rm_1.idle, rf_1.idle, rp_1.idle, rd_1.idle}
[2K -- Formula is satisfied.
rm_1.idle:
[0]: (0,0) (0,1) (0,0) (3,0) (3,1) (700.000002,1)
rf_1.idle:
[0]: (0,0) (0,1) (700.000002,1)
rp_1.idle:
[0]: (0,0) (0,1) (3,1) (3,0) (11.25724677914182,0) (11.25724677914182,1) (700.000002,1)
rd_1.idle:
[0]: (0,0) (0,1) (700.000002,1)
[2K
Verifying formula 8 at /nta/queries/query[8]/formula
 -- Formula: Pr[<=700](<>!rm_1.idle || !rf_1.idle || !rp_1.idle || !rd_1.idle)
[2K -- Formula is satisfied.
(72/72 runs) Pr(<> …) in [0.950056,1] (95% CI)
Values in [0,0] mean=0 steps=2.22045e-16: 72
[2K
Verifying formula 9 at /nta/queries/query[9]/formula
 -- Formula: Pr[<=700]([] (user_guided_transport.end imply (rm_1.idle && rf_1.idle && rp_1.idle && rd_1.idle)))
 -- Throughput: 635829 runs/sec, Load: 320 runs[K
[2K -- Formula is satisfied.
(72/72 runs) Pr([] …) in [0.950056,1] (95% CI)
[2K
Verifying formula 10 at /nta/queries/query[10]/formula
 -- Formula: Pr[<=700] (<> pow(humanPositionX[0] - kitchen[0], 2) + pow(humanPositionY[0] - kitchen[1], 2) <= 900 )
[2K -- Formula is satisfied.
(72/72 runs) Pr(<> …) in [0.950056,1] (95% CI)
Values in [188,188] mean=188 steps=2.22045e-16: 72
[2K
Verifying formula 11 at /nta/queries/query[11]/formula
 -- Formula: Pr[<=700] (<> pow(humanPositionX[0] - bedroom[0], 2) + pow(humanPositionY[0] - bedroom[1], 2) <= 900 )
[2K -- Formula is satisfied.
(72/72 runs) Pr(<> …) in [0.950056,1] (95% CI)
Values in [3,3] mean=3 steps=2.22045e-16: 72
[2K
Verifying formula 12 at /nta/queries/query[12]/formula
 -- Formula: Pr[<=700] (<> pow(robPositionX[0] - kitchen[0], 2) + pow(robPositionY[0] - kitchen[1], 2) <= 900 )
 -- Throughput: 635440 runs/sec, Load: 320 runs[K
[2K -- Formula is satisfied.
(0/72 runs) Pr(<> …) in [0,0.0499441] (95% CI)
[2K
Verifying formula 13 at /nta/queries/query[13]/formula
 -- Formula: Pr[<=700] (<> pow(robPositionX[0] - bedroom[0], 2) + pow(robPositionY[0] - bedroom[1], 2) <= 900 )
[2K -- Formula is satisfied.
(72/72 runs) Pr(<> …) in [0.950056,1] (95% CI)
Values in [2,2] mean=2 steps=2.22045e-16: 72
[2K
Verifying formula 14 at /nta/queries/query[14]/formula
 -- Formula: Pr[<=700] (<> !isValidPosition(humanPositionX[0], humanPositionY[0]))
[2K -- Formula is satisfied.
(72/72 runs) Pr(<> …) in [0.950056,1] (95% CI)
Values in [0,0] mean=0 steps=2.22045e-16: 72
[2K
Verifying formula 15 at /nta/queries/query[15]/formula
 -- Formula: Pr[<=700] (<> !isValidPosition(robPositionX[0], robPositionY[0]))
[2K -- Formula is satisfied.
(72/72 runs) Pr(<> …) in [0.950056,1] (95% CI)
Values in [0,0] mean=0 steps=2.22045e-16: 72
[2K
Verifying formula 16 at /nta/queries/query[16]/formula
 -- Formula: Pr[<=700] (<> currP > 2)
 -- Throughput: 635691 runs/sec, Load: 320 runs[K
[2K -- Formula is satisfied.
(0/72 runs) Pr(<> …) in [0,0.0499441] (95% CI)
