Options for the verification:
  Generating no trace
  Search order is breadth first
  Using conservative space optimisation
  Seed is 1784870149
  State space representation uses minimal constraint systems with future testing
  Using HashMap + Compress integers for discrete state storage
[2K
Verifying formula 1 at /nta/queries/query[1]/formula
 -- Formula: simulate[<=700]{user_guided_transport_human_def.s1_start, user_guided_transport_human_def.s1_end, user_guided_transport_human_def.s2_start, user_guided_transport_human_def.s2_idle, user_guided_transport_human_def.s3_start, user_guided_transport_human_def.s3_idle, user_guided_transport_human_def.s4_start, user_guided_transport_human_def.s4_idle, user_guided_transport.end}
[2K -- Formula is satisfied.
user_guided_transport_human_def.s1_start:
[0]: (0,0) (0,1) (0,0) (5,0) (5,1) (5,0) (10,0) (10,1) (10,0) (15,0) (15,1) (15,0) (20,0) (20,1) (20,0) (25,0) (25,1) (25,0) (30,0) (30,1) (30,0) (35,0) (35,1) (35,0) (40,0) (40,1) (40,0) (45,0) (45,1) (45,0) (50,0) (50,1) (50,0) (55,0) (55,1) (55,0) (60,0) (60,1) (60,0) (65,0) (65,1) (65,0) (70,0) (70,1) (70,0) (75,0) (75,1) (75,0) (80,0) (80,1) (80,0) (85,0) (85,1) (85,0) (90,0) (90,1) (90,0) (95,0) (95,1) (95,0) (100,0) (100,1) (100,0) (105,0) (105,1) (105,0) (110,0) (110,1) (110,0) (115,0) (115,1) (115,0) (120,0) (120,1) (120,0) (125,0) (125,1) (125,0) (130,0) (130,1) (130,0) (135,0) (135,1) (135,0) (140,0) (140,1) (140,0) (145,0) (145,1) (145,0) (150,0) (150,1) (150,0) (155,0) (155,1) (155,0) (160,0) (160,1) (160,0) (165,0) (165,1) (165,0) (170,0) (170,1) (170,0) (175,0) (175,1) (175,0) (180,0) (180,1) (180,0) (185,0) (185,1) (185,0) (700.000002,0)
user_guided_transport_human_def.s1_end:
[0]: (0,0) (186,0) (186,1) (186,0) (700.000002,0)
user_guided_transport_human_def.s2_start:
[0]: (0,0) (186,0) (186,1) (186,0) (700.000002,0)
user_guided_transport_human_def.s2_idle:
[0]: (0,0) (186,0) (186,1) (376.6178549442246,1) (376.6178549442246,0) (700.000002,0)
user_guided_transport_human_def.s3_start:
[0]: (0,0) (376.6178549442246,0) (376.6178549442246,1) (376.6178549442246,0) (700.000002,0)
user_guided_transport_human_def.s3_idle:
[0]: (0,0) (376.6178549442246,0) (376.6178549442246,1) (584.2656456948008,1) (584.2656456948008,0) (700.000002,0)
user_guided_transport_human_def.s4_start:
[0]: (0,0) (584.2656456948008,0) (584.2656456948008,1) (584.2656456948008,0) (700.000002,0)
user_guided_transport_human_def.s4_idle:
[0]: (0,0) (584.2656456948008,0) (584.2656456948008,1) (700.000002,1)
user_guided_transport.end:
[0]: (0,0) (700.000002,0)
[2K
Verifying formula 2 at /nta/queries/query[2]/formula
 -- Formula: simulate[<=700]{user_guided_transport_robot1_def.s1_start, user_guided_transport_robot1_def.s1_end, user_guided_transport_robot1_def.s2_start, user_guided_transport_robot1_def.s2_end, user_guided_transport_robot1_def.s3_start, user_guided_transport_robot1_def.s3_end, user_guided_transport_robot1_def.s4_start, user_guided_transport_robot1_def.s4_end, user_guided_transport.end}
[2K -- Formula is satisfied.
user_guided_transport_robot1_def.s1_start:
[0]: (0,0) (0,1) (0,0) (700.000002,0)
user_guided_transport_robot1_def.s1_end:
[0]: (0,0) (10.74887937029212,0) (10.74887937029212,1) (186,1) (186,0) (700.000002,0)
user_guided_transport_robot1_def.s2_start:
[0]: (0,0) (186,0) (186,1) (186,0) (700.000002,0)
user_guided_transport_robot1_def.s2_end:
[0]: (0,0) (376.6178549442247,0) (376.6178549442247,1) (376.6178549442247,0) (700.000002,0)
user_guided_transport_robot1_def.s3_start:
[0]: (0,0) (376.6178549442247,0) (376.6178549442247,1) (376.6178549442247,0) (700.000002,0)
user_guided_transport_robot1_def.s3_end:
[0]: (0,0) (584.1653068215853,0) (584.1653068215853,1) (584.1653068215853,0) (700.000002,0)
user_guided_transport_robot1_def.s4_start:
[0]: (0,0) (584.1653068215853,0) (584.1653068215853,1) (584.1653068215853,0) (700.000002,0)
user_guided_transport_robot1_def.s4_end:
[0]: (0,0) (700.000002,0)
user_guided_transport.end:
[0]: (0,0) (700.000002,0)
[2K
Verifying formula 3 at /nta/queries/query[3]/formula
 -- Formula: Pr[<=700] (<> user_guided_transport.end)
 -- Throughput: 691848 runs/sec, Load: 333 runs[K
[2K -- Formula is satisfied.
(0/72 runs) Pr(<> …) in [0,0.0499441] (95% CI)
[2K
Verifying formula 4 at /nta/queries/query[4]/formula
 -- Formula: simulate[<=700]{humanPositionX[0], humanPositionY[0], robPositionX[0], robPositionY[0], batteryCharge[0], user_guided_transport.end}
[2K -- Formula is satisfied.
humanPositionX[0]:
[0]: (0,0) (0,92.5) (1,92.5) (1,118.5) (2,118.5) (2,144.5) (3,144.5) (3,170.5) (4,170.5) (4,196.5) (5,196.5) (5,222.5) (6,222.5) (6,248.5) (7,248.5) (7,274.5) (8,274.5) (8,300.5) (9,300.5) (9,326.5) (10,326.5) (10,352.5) (11,352.5) (11,378.5) (12,378.5) (12,404.5) (13,404.5) (13,430.5) (14,430.5) (14,456.5) (15,456.5) (15,482.5) (16,482.5) (16,508.5) (17,508.5) (17,534.5) (18,534.5) (18,560.5) (19,560.5) (19,586.5) (20,586.5) (20,612.5) (21,612.5) (21,638.5) (22,638.5) (22,664.5) (23,664.5) (23,690.5) (24,690.5) (24,716.5) (25,716.5) (25,742.5) (26,742.5) (26,768.5) (27,768.5) (27,794.5) (28,794.5) (28,820.5) (29,820.5) (29,846.5) (30,846.5) (30,872.5) (31,872.5) (31,898.5) (32,898.5) (32,924.5) (33,924.5) (33,950.5) (34,950.5) (34,976.5) (35,976.5) (35,1002.5) (36,1002.5) (36,1028.5) (37,1028.5) (37,1054.5) (38,1054.5) (38,1080.5) (39,1080.5) (39,1106.5) (40,1106.5) (40,1132.5) (41,1132.5) (41,1158.5) (42,1158.5) (42,1184.5) (43,1184.5) (43,1210.5) (44,1210.5) (44,1236.5) (45,1236.5) (45,1262.5) (46,1262.5) (46,1288.5) (47,1288.5) (47,1314.5) (48,1314.5) (48,1340.5) (49,1340.5) (49,1366.5) (50,1366.5) (50,1392.5) (51,1392.5) (51,1418.5) (52,1418.5) (52,1444.5) (53,1444.5) (53,1478) (54,1478) (54,1504) (55,1504) (55,1530) (56,1530) (56,1556) (57,1556) (57,1582) (58,1582) (58,1608) (59,1608) (59,1634) (60,1634) (60,1660) (61,1660) (61,1686) (62,1686) (62,1712) (63,1712) (63,1738) (64,1738) (64,1764) (65,1764) (65,1790) (66,1790) (66,1816) (67,1816) (67,1842) (68,1842) (68,1868) (69,1868) (69,1894) (70,1894) (70,1920) (71,1920) (71,1946) (72,1946) (72,1972) (73,1972) (73,1998) (74,1998) (74,2024) (75,2024) (75,2050) (76,2050) (76,2076) (77,2076) (77,2102) (78,2102) (78,2128) (79,2128) (79,2154) (80,2154) (80,2180) (81,2180) (81,2206) (82,2206) (82,2232) (83,2232) (83,2258) (84,2258) (84,2284) (85,2284) (85,2310) (86,2310) (86,2336) (87,2336) (87,2362) (88,2362) (88,2388) (89,2388) (89,2414) (90,2414) (90,2440) (91,2440) (91,2466) (92,2466) (92,2492) (93,2492) (93,2518) (94,2518) (94,2544) (95,2544) (95,2570) (96,2570) (96,2596) (97,2596) (97,2622) (98,2622) (98,2648) (99,2648) (99,2674) (100,2674) (100,2700) (101,2700) (101,2726) (102,2726) (102,2752) (103,2752) (103,2778) (104,2778) (104,2804) (105,2804) (105,2830) (106,2830) (106,2856) (107,2856) (107,2882) (108,2882) (108,2908) (109,2908) (109,2934) (110,2934) (110,2960) (111,2960) (111,2986) (112,2986) (112,3012) (113,3012) (113,3038) (114,3038) (114,3088.5) (115,3088.5) (115,3114.5) (116,3114.5) (116,3140.5) (117,3140.5) (117,3166.5) (118,3166.5) (118,3192.5) (119,3192.5) (119,3218.5) (120,3218.5) (120,3244.5) (121,3244.5) (121,3270.5) (122,3270.5) (122,3296.5) (123,3296.5) (123,3322.5) (124,3322.5) (124,3348.5) (125,3348.5) (125,3374.5) (126,3374.5) (126,3400.5) (127,3400.5) (127,3426.5) (128,3426.5) (128,3452.5) (129,3452.5) (129,3478.5) (130,3478.5) (130,3504.5) (131,3504.5) (131,3530.5) (132,3530.5) (132,3556.5) (133,3556.5) (133,3582.5) (134,3582.5) (134,3608.5) (135,3608.5) (135,3634.5) (136,3634.5) (136,3660.5) (137,3660.5) (137,3686.5) (138,3686.5) (138,3712.5) (139,3712.5) (139,3738.5) (140,3738.5) (140,3764.5) (141,3764.5) (141,3790.5) (142,3790.5) (142,3816.5) (143,3816.5) (143,3842.5) (144,3842.5) (144,3868.5) (145,3868.5) (145,3894.5) (146,3894.5) (146,3920.5) (147,3920.5) (147,3946.5) (148,3946.5) (148,3972.5) (149,3972.5) (149,3998.5) (150,3998.5) (150,4024.5) (151,4024.5) (151,4050.5) (152,4050.5) (152,4076.5) (153,4076.5) (153,4102.5) (154,4102.5) (154,4128.5) (155,4128.5) (155,4154.5) (156,4154.5) (156,4180.5) (157,4180.5) (157,4206.5) (158,4206.5) (158,4232.5) (159,4232.5) (159,4258.5) (160,4258.5) (160,4284.5) (161,4284.5) (161,4310.5) (162,4310.5) (162,4336.5) (163,4336.5) (163,4362.5) (164,4362.5) (164,4388.5) (165,4388.5) (165,4416.265463717128) (166,4416.265463717128) (166,4415.530927434256) (167,4415.530927434256) (167,4414.796391151384) (168,4414.796391151384) (168,4414.061854868512) (169,4414.061854868512) (169,4413.327318585641) (170,4413.327318585641) (170,4412.592782302769) (171,4412.592782302769) (171,4411.858246019897) (172,4411.858246019897) (172,4411.123709737025) (173,4411.123709737025) (173,4410.389173454153) (174,4410.389173454153) (174,4409.654637171281) (175,4409.654637171281) (175,4408.920100888409) (176,4408.920100888409) (176,4408.185564605537) (177,4408.185564605537) (177,4407.451028322665) (178,4407.451028322665) (178,4406.716492039794) (179,4406.716492039794) (179,4405.981955756922) (180,4405.981955756922) (180,4405.24741947405) (181,4405.24741947405) (181,4404.512883191178) (182,4404.512883191178) (182,4403.778346908306) (183,4403.778346908306) (183,4403.043810625434) (184,4403.043810625434) (184,4402.309274342562) (185,4402.309274342562) (185,4401.57473805969) (186,4401.57473805969) (186,4400.840201776819) (700.000002,4400.840201776819)
humanPositionY[0]:
[0]: (0,0) (0,163.5) (165,163.5) (165,189.4896220913107) (166,189.4896220913107) (166,215.4792441826214) (167,215.4792441826214) (167,241.4688662739321) (168,241.4688662739321) (168,267.4584883652428) (169,267.4584883652428) (169,293.4481104565535) (170,293.4481104565535) (170,319.4377325478642) (171,319.4377325478642) (171,345.427354639175) (172,345.427354639175) (172,371.4169767304857) (173,371.4169767304857) (173,397.4065988217964) (174,397.4065988217964) (174,423.3962209131071) (175,423.3962209131071) (175,449.3858430044178) (176,449.3858430044178) (176,475.3754650957285) (177,475.3754650957285) (177,501.3650871870392) (178,501.3650871870392) (178,527.3547092783499) (179,527.3547092783499) (179,553.3443313696606) (180,553.3443313696606) (180,579.3339534609713) (181,579.3339534609713) (181,605.323575552282) (182,605.323575552282) (182,631.3131976435927) (183,631.3131976435927) (183,657.3028197349034) (184,657.3028197349034) (184,683.2924418262141) (185,683.2924418262141) (185,709.2820639175249) (186,709.2820639175249) (186,735.2716860088356) (700.000002,735.2716860088356)
robPositionX[0]:
[0]: (0,0) (0,92.5) (2,92.5) (2,97.73313175708738) (188,97.73313175708738) (188,123.7285354798977) (189.0188034624832,123.7285354798977) (189.0188034624832,149.723939202708) (190.0188034624832,149.723939202708) (190.0188034624832,175.7193429255182) (191.0188034624832,175.7193429255182) (191.0188034624832,201.7147466483285) (192.0188034624832,201.7147466483285) (192.0188034624832,227.7101503711388) (193.0188034624832,227.7101503711388) (193.0188034624832,253.7055540939491) (194.0188034624832,253.7055540939491) (194.0188034624832,279.7009578167594) (195.0188034624832,279.7009578167594) (195.0188034624832,305.6963615395697) (196.0188034624832,305.6963615395697) (196.0188034624832,331.69176526238) (197.0188034624832,331.69176526238) (197.0188034624832,357.6871689851903) (198.0188034624832,357.6871689851903) (198.0188034624832,383.6825727080006) (199.0188034624832,383.6825727080006) (199.0188034624832,409.6779764308109) (200.0188034624832,409.6779764308109) (200.0188034624832,435.6733801536212) (201.0188034624832,435.6733801536212) (201.0188034624832,461.6687838764315) (202.0188034624832,461.6687838764315) (202.0188034624832,487.6641875992418) (203.0188034624832,487.6641875992418) (203.0188034624832,513.6595913220521) (204.0188034624832,513.6595913220521) (204.0188034624832,539.6549950448623) (205.0188034624832,539.6549950448623) (205.0188034624832,565.6503987676725) (206.0188034624832,565.6503987676725) (206.0188034624832,591.6458024904828) (207.0188034624832,591.6458024904828) (207.0188034624832,617.641206213293) (208.0188034624832,617.641206213293) (208.0188034624832,643.6366099361032) (209.0188034624832,643.6366099361032) (209.0188034624832,669.6320136589135) (210.0188034624832,669.6320136589135) (210.0188034624832,695.6274173817237) (211.0188034624832,695.6274173817237) (211.0188034624832,721.622821104534) (212.0188034624832,721.622821104534) (212.0188034624832,747.6182248273442) (213.0188034624832,747.6182248273442) (213.0188034624832,773.6136285501544) (214.0188034624832,773.6136285501544) (214.0188034624832,799.6090322729647) (215.0188034624832,799.6090322729647) (215.0188034624832,825.6044359957749) (216.0188034624832,825.6044359957749) (216.0188034624832,851.5998397185851) (217.0188034624832,851.5998397185851) (217.0188034624832,877.5952434413954) (218.0188034624832,877.5952434413954) (218.0188034624832,903.5906471642056) (219.0188034624832,903.5906471642056) (219.0188034624832,929.5860508870159) (220.0188034624832,929.5860508870159) (220.0188034624832,955.5814546098261) (221.0188034624832,955.5814546098261) (221.0188034624832,981.5768583326363) (222.0188034624832,981.5768583326363) (222.0188034624832,1007.572262055447) (223.0188034624832,1007.572262055447) (223.0188034624832,1033.567665778257) (224.0188034624832,1033.567665778257) (224.0188034624832,1059.563069501067) (225.0188034624832,1059.563069501067) (225.0188034624832,1085.558473223878) (226.0188034624832,1085.558473223878) (226.0188034624832,1111.553876946688) (227.0188034624832,1111.553876946688) (227.0188034624832,1137.549280669498) (228.0188034624832,1137.549280669498) (228.0188034624832,1163.544684392309) (229.0188034624832,1163.544684392309) (229.0188034624832,1189.540088115119) (230.0188034624832,1189.540088115119) (230.0188034624832,1215.535491837929) (231.0188034624832,1215.535491837929) (231.0188034624832,1241.53089556074) (232.0188034624832,1241.53089556074) (232.0188034624832,1267.52629928355) (233.0188034624832,1267.52629928355) (233.0188034624832,1293.52170300636) (234.0188034624832,1293.52170300636) (234.0188034624832,1319.517106729171) (235.0188034624832,1319.517106729171) (235.0188034624832,1345.512510451981) (236.0188034624832,1345.512510451981) (236.0188034624832,1371.507914174791) (237.0188034624832,1371.507914174791) (237.0188034624832,1397.503317897602) (238.0188034624832,1397.503317897602) (238.0188034624832,1423.498721620412) (239.0188034624832,1423.498721620412) (239.0188034624832,1452) (240.0188034624832,1452) (240.0188034624832,1478) (241.0188034624832,1478) (241.0188034624832,1504) (242.0188034624832,1504) (242.0188034624832,1530) (243.0188034624832,1530) (243.0188034624832,1556) (244.0188034624832,1556) (244.0188034624832,1582) (245.0188034624832,1582) (245.0188034624832,1608) (246.0188034624832,1608) (246.0188034624832,1634) (247.0188034624832,1634) (247.0188034624832,1660) (248.0188034624832,1660) (248.0188034624832,1686) (249.0188034624832,1686) (249.0188034624832,1712) (250.0188034624832,1712) (250.0188034624832,1738) (251.0188034624832,1738) (251.0188034624832,1764) (252.0188034624832,1764) (252.0188034624832,1790) (253.0188034624832,1790) (253.0188034624832,1816) (254.0188034624832,1816) (254.0188034624832,1842) (255.0188034624832,1842) (255.0188034624832,1868) (256.0188034624832,1868) (256.0188034624832,1894) (257.0188034624832,1894) (257.0188034624832,1920) (258.0188034624832,1920) (258.0188034624832,1946) (259.0188034624832,1946) (259.0188034624832,1972) (260.0188034624832,1972) (260.0188034624832,1998) (261.0188034624832,1998) (261.0188034624832,2024) (262.0188034624832,2024) (262.0188034624832,2050) (263.0188034624832,2050) (263.0188034624832,2076) (264.0188034624832,2076) (264.0188034624832,2102) (265.0188034624832,2102) (265.0188034624832,2128) (266.0188034624832,2128) (266.0188034624832,2154) (267.0188034624832,2154) (267.0188034624832,2180) (268.0188034624832,2180) (268.0188034624832,2206) (269.0188034624832,2206) (269.0188034624832,2232) (270.0188034624832,2232) (270.0188034624832,2258) (271.0188034624832,2258) (271.0188034624832,2284) (272.0188034624832,2284) (272.0188034624832,2310) (273.0188034624832,2310) (273.0188034624832,2336) (274.0188034624832,2336) (274.0188034624832,2362) (275.0188034624832,2362) (275.0188034624832,2388) (276.0188034624832,2388) (276.0188034624832,2414) (277.0188034624832,2414) (277.0188034624832,2440) (278.0188034624832,2440) (278.0188034624832,2466) (279.0188034624832,2466) (279.0188034624832,2492) (280.0188034624832,2492) (280.0188034624832,2518) (281.0188034624832,2518) (281.0188034624832,2544) (282.0188034624832,2544) (282.0188034624832,2570) (283.0188034624832,2570) (283.0188034624832,2596) (284.0188034624832,2596) (284.0188034624832,2622) (285.0188034624832,2622) (285.0188034624832,2648) (286.0188034624832,2648) (286.0188034624832,2674) (287.0188034624832,2674) (287.0188034624832,2700) (288.0188034624832,2700) (288.0188034624832,2726) (289.0188034624832,2726) (289.0188034624832,2752) (290.0188034624832,2752) (290.0188034624832,2778) (291.0188034624832,2778) (291.0188034624832,2804) (292.0188034624832,2804) (292.0188034624832,2830) (293.0188034624832,2830) (293.0188034624832,2856) (294.0188034624832,2856) (294.0188034624832,2882) (295.0188034624832,2882) (295.0188034624832,2908) (296.0188034624832,2908) (296.0188034624832,2934) (297.0188034624832,2934) (297.0188034624832,2960) (298.0188034624832,2960) (298.0188034624832,2986) (299.0188034624832,2986) (299.0188034624832,3012) (300.0188034624832,3012) (300.0188034624832,3038) (301.0188034624832,3038) (301.0188034624832,3062.5) (302.0188034624832,3062.5) (302.0188034624832,3088.5) (303.0188034624832,3088.5) (303.0188034624832,3114.5) (304.0188034624832,3114.5) (304.0188034624832,3140.5) (305.0188034624832,3140.5) (305.0188034624832,3166.5) (306.0188034624832,3166.5) (306.0188034624832,3192.5) (307.0188034624832,3192.5) (307.0188034624832,3218.5) (308.0188034624832,3218.5) (308.0188034624832,3244.5) (309.0188034624832,3244.5) (309.0188034624832,3270.5) (310.0188034624832,3270.5) (310.0188034624832,3296.5) (311.0188034624832,3296.5) (311.0188034624832,3322.5) (312.0188034624832,3322.5) (312.0188034624832,3348.5) (313.0188034624832,3348.5) (313.0188034624832,3374.5) (314.0188034624832,3374.5) (314.0188034624832,3400.5) (315.0188034624832,3400.5) (315.0188034624832,3426.5) (316.0188034624832,3426.5) (316.0188034624832,3452.5) (317.0188034624832,3452.5) (317.0188034624832,3478.5) (318.0188034624832,3478.5) (318.0188034624832,3504.5) (319.0188034624832,3504.5) (319.0188034624832,3530.5) (320.0188034624832,3530.5) (320.0188034624832,3556.5) (321.0188034624832,3556.5) (321.0188034624832,3582.5) (322.0188034624832,3582.5) (322.0188034624832,3608.5) (323.0188034624832,3608.5) (323.0188034624832,3634.5) (324.0188034624832,3634.5) (324.0188034624832,3660.5) (325.0188034624832,3660.5) (325.0188034624832,3686.5) (326.0188034624832,3686.5) (326.0188034624832,3712.5) (327.0188034624832,3712.5) (327.0188034624832,3738.5) (328.0188034624832,3738.5) (328.0188034624832,3764.5) (329.0188034624832,3764.5) (329.0188034624832,3790.5) (330.0188034624832,3790.5) (330.0188034624832,3816.5) (331.0188034624832,3816.5) (331.0188034624832,3842.5) (332.0188034624832,3842.5) (332.0188034624832,3868.5) (333.0188034624832,3868.5) (333.0188034624832,3894.5) (334.0188034624832,3894.5) (334.0188034624832,3920.5) (335.0188034624832,3920.5) (335.0188034624832,3946.5) (336.0188034624832,3946.5) (336.0188034624832,3972.5) (337.0188034624832,3972.5) (337.0188034624832,3998.5) (338.0188034624832,3998.5) (338.0188034624832,4024.5) (339.0188034624832,4024.5) (339.0188034624832,4050.5) (340.0188034624832,4050.5) (340.0188034624832,4076.5) (341.0188034624832,4076.5) (341.0188034624832,4102.5) (342.0188034624832,4102.5) (342.0188034624832,4128.5) (343.0188034624832,4128.5) (343.0188034624832,4154.5) (344.0188034624832,4154.5) (344.0188034624832,4180.5) (345.0188034624832,4180.5) (345.0188034624832,4206.5) (346.0188034624832,4206.5) (346.0188034624832,4232.5) (347.0188034624832,4232.5) (347.0188034624832,4258.5) (348.0188034624832,4258.5) (348.0188034624832,4284.5) (349.0188034624832,4284.5) (349.0188034624832,4310.5) (350.0188034624832,4310.5) (350.0188034624832,4336.5) (351.0188034624832,4336.5) (351.0188034624832,4362.5) (352.0188034624832,4362.5) (352.0188034624832,4388.5) (353.0188034624832,4388.5) (353.0188034624832,4417) (355.6178549442246,4417) (355.6178549442246,4416.265463717128) (356.6178549442246,4416.265463717128) (356.6178549442246,4415.530927434256) (357.6178549442246,4415.530927434256) (357.6178549442246,4414.796391151384) (358.6178549442246,4414.796391151384) (358.6178549442246,4414.061854868512) (359.6178549442246,4414.061854868512) (359.6178549442246,4413.327318585641) (360.6178549442246,4413.327318585641) (360.6178549442246,4412.592782302769) (361.6178549442246,4412.592782302769) (361.6178549442246,4411.858246019897) (362.6178549442246,4411.858246019897) (362.6178549442246,4411.123709737025) (363.6178549442246,4411.123709737025) (363.6178549442246,4410.389173454153) (364.6178549442246,4410.389173454153) (364.6178549442246,4409.654637171281) (365.6178549442246,4409.654637171281) (365.6178549442246,4408.920100888409) (366.6178549442246,4408.920100888409) (366.6178549442246,4408.185564605537) (367.6178549442246,4408.185564605537) (367.6178549442246,4407.451028322665) (368.6178549442246,4407.451028322665) (368.6178549442246,4406.716492039794) (369.6178549442246,4406.716492039794) (369.6178549442246,4405.981955756922) (370.6178549442246,4405.981955756922) (370.6178549442246,4405.24741947405) (371.6178549442246,4405.24741947405) (371.6178549442246,4404.512883191178) (372.6178549442246,4404.512883191178) (372.6178549442246,4403.778346908306) (373.6178549442246,4403.778346908306) (373.6178549442246,4403.043810625434) (374.6178549442246,4403.043810625434) (374.6178549442246,4402.309274342562) (375.6178549442246,4402.309274342562) (375.6178549442246,4401.57473805969) (376.6178549442246,4401.57473805969) (376.6178549442246,4400.840201776819) (377.6178549442248,4400.840201776819) (377.6178549442248,4374.845079718808) (381.7400765358833,4374.845079718808) (381.7400765358833,4348.849957660797) (382.7400765358834,4348.849957660797) (382.7400765358834,4322.854835602787) (383.7400765358832,4322.854835602787) (383.7400765358832,4296.859713544776) (384.7400765358833,4296.859713544776) (384.7400765358833,4270.864591486766) (385.7400765358834,4270.864591486766) (385.7400765358834,4244.869469428755) (386.7400765358834,4244.869469428755) (386.7400765358834,4218.874347370745) (387.7400765358834,4218.874347370745) (387.7400765358834,4192.879225312734) (388.7400765358834,4192.879225312734) (388.7400765358834,4166.884103254723) (389.7400765358834,4166.884103254723) (389.7400765358834,4140.888981196713) (390.7400765358834,4140.888981196713) (390.7400765358834,4114.893859138702) (391.7400765358834,4114.893859138702) (391.7400765358834,4088.898737080691) (392.7400765358834,4088.898737080691) (392.7400765358834,4062.90361502268) (393.7400765358834,4062.90361502268) (393.7400765358834,4036.908492964669) (394.7400765358834,4036.908492964669) (394.7400765358834,4010.913370906658) (395.7400765358834,4010.913370906658) (395.7400765358834,3984.918248848647) (396.7400765358834,3984.918248848647) (396.7400765358834,3958.923126790636) (397.7400765358834,3958.923126790636) (397.7400765358834,3932.928004732625) (398.7400765358834,3932.928004732625) (398.7400765358834,3906.932882674614) (399.7400765358834,3906.932882674614) (399.7400765358834,3880.937760616603) (400.7400765358834,3880.937760616603) (400.7400765358834,3854.942638558592) (401.7400765358834,3854.942638558592) (401.7400765358834,3828.947516500581) (402.7400765358834,3828.947516500581) (402.7400765358834,3802.95239444257) (403.7400765358834,3802.95239444257) (403.7400765358834,3776.957272384559) (404.7400765358834,3776.957272384559) (404.7400765358834,3750.962150326548) (405.7400765358834,3750.962150326548) (405.7400765358834,3724.967028268537) (406.7400765358834,3724.967028268537) (406.7400765358834,3698.971906210526) (407.7400765358834,3698.971906210526) (407.7400765358834,3672.976784152515) (408.7400765358834,3672.976784152515) (408.7400765358834,3646.981662094504) (409.7400765358834,3646.981662094504) (409.7400765358834,3620.986540036493) (410.7400765358834,3620.986540036493) (410.7400765358834,3594.991417978482) (411.7400765358834,3594.991417978482) (411.7400765358834,3568.996295920471) (412.7400765358834,3568.996295920471) (412.7400765358834,3543.00117386246) (413.7400765358834,3543.00117386246) (413.7400765358834,3517.006051804449) (414.7400765358834,3517.006051804449) (414.7400765358834,3491.010929746438) (415.7400765358834,3491.010929746438) (415.7400765358834,3465.015807688427) (416.7400765358834,3465.015807688427) (416.7400765358834,3439.020685630416) (417.7400765358834,3439.020685630416) (417.7400765358834,3413.025563572405) (418.7400765358834,3413.025563572405) (418.7400765358834,3387.030441514394) (419.7400765358834,3387.030441514394) (419.7400765358834,3361.035319456383) (420.7400765358834,3361.035319456383) (420.7400765358834,3335.040197398372) (421.7400765358834,3335.040197398372) (421.7400765358834,3309.045075340361) (422.7400765358834,3309.045075340361) (422.7400765358834,3283.04995328235) (423.7400765358834,3283.04995328235) (423.7400765358834,3257.054831224339) (424.7400765358834,3257.054831224339) (424.7400765358834,3231.059709166328) (425.7400765358834,3231.059709166328) (425.7400765358834,3205.064587108317) (426.7400765358834,3205.064587108317) (426.7400765358834,3179.069465050306) (427.7400765358834,3179.069465050306) (427.7400765358834,3153.074342992295) (428.7400765358834,3153.074342992295) (428.7400765358834,3127.079220934284) (429.7400765358834,3127.079220934284) (429.7400765358834,3101.084098876272) (430.7400765358834,3101.084098876272) (430.7400765358834,3075.088976818261) (431.7400765358834,3075.088976818261) (431.7400765358834,3062.5) (460.4524655161782,3062.5) (460.4524655161782,3036.5) (461.4524655161782,3036.5) (461.4524655161782,3010.5) (462.4524655161782,3010.5) (462.4524655161782,2984.5) (463.4524655161782,2984.5) (463.4524655161782,2958.5) (464.4524655161782,2958.5) (464.4524655161782,2932.5) (465.4524655161782,2932.5) (465.4524655161782,2906.5) (466.4524655161782,2906.5) (466.4524655161782,2880.5) (467.4524655161782,2880.5) (467.4524655161782,2854.5) (468.4524655161782,2854.5) (468.4524655161782,2828.5) (469.4524655161782,2828.5) (469.4524655161782,2802.5) (470.4524655161782,2802.5) (470.4524655161782,2776.5) (471.4524655161782,2776.5) (471.4524655161782,2750.5) (472.4524655161782,2750.5) (472.4524655161782,2724.5) (473.4524655161782,2724.5) (473.4524655161782,2698.5) (474.4524655161782,2698.5) (474.4524655161782,2672.5) (475.4524655161782,2672.5) (475.4524655161782,2646.5) (476.4524655161782,2646.5) (476.4524655161782,2620.5) (477.4524655161782,2620.5) (477.4524655161782,2594.5) (478.4524655161782,2594.5) (478.4524655161782,2568.5) (479.4524655161782,2568.5) (479.4524655161782,2542.5) (480.4524655161782,2542.5) (480.4524655161782,2516.5) (481.4524655161782,2516.5) (481.4524655161782,2490.5) (482.4524655161782,2490.5) (482.4524655161782,2464.5) (483.4524655161782,2464.5) (483.4524655161782,2438.5) (484.4524655161782,2438.5) (484.4524655161782,2412.5) (485.4524655161782,2412.5) (485.4524655161782,2386.5) (486.4524655161782,2386.5) (486.4524655161782,2360.5) (487.4524655161782,2360.5) (487.4524655161782,2334.5) (488.4524655161782,2334.5) (488.4524655161782,2308.5) (489.4524655161782,2308.5) (489.4524655161782,2282.5) (490.4524655161782,2282.5) (490.4524655161782,2256.5) (491.4524655161782,2256.5) (491.4524655161782,2230.5) (492.4524655161782,2230.5) (492.4524655161782,2204.5) (493.4524655161782,2204.5) (493.4524655161782,2178.5) (494.4524655161782,2178.5) (494.4524655161782,2152.5) (495.4524655161782,2152.5) (495.4524655161782,2126.5) (496.4524655161782,2126.5) (496.4524655161782,2100.5) (497.4524655161782,2100.5) (497.4524655161782,2074.5) (498.4524655161782,2074.5) (498.4524655161782,2048.5) (499.4524655161782,2048.5) (499.4524655161782,2022.5) (500.4524655161782,2022.5) (500.4524655161782,1996.5) (501.4524655161782,1996.5) (501.4524655161782,1970.5) (502.4524655161782,1970.5) (502.4524655161782,1944.5) (503.4524655161782,1944.5) (503.4524655161782,1918.5) (504.4524655161782,1918.5) (504.4524655161782,1892.5) (505.4524655161782,1892.5) (505.4524655161782,1866.5) (506.4524655161782,1866.5) (506.4524655161782,1840.5) (507.4524655161782,1840.5) (507.4524655161782,1814.5) (508.4524655161782,1814.5) (508.4524655161782,1788.5) (509.4524655161782,1788.5) (509.4524655161782,1762.5) (510.4524655161782,1762.5) (510.4524655161782,1736.5) (511.4524655161782,1736.5) (511.4524655161782,1710.5) (512.452465516178,1710.5) (512.452465516178,1684.5) (513.452465516178,1684.5) (513.452465516178,1658.5) (514.452465516178,1658.5) (514.452465516178,1632.5) (515.452465516178,1632.5) (515.452465516178,1606.5) (516.452465516178,1606.5) (516.452465516178,1580.5) (517.452465516178,1580.5) (517.452465516178,1554.5) (518.452465516178,1554.5) (518.452465516178,1528.5) (519.452465516178,1528.5) (519.452465516178,1502.5) (520.452465516178,1502.5) (520.452465516178,1476.5) (521.452465516178,1476.5) (521.452465516178,1452) (525.5670676842345,1452) (525.5670676842345,1426.009469747118) (526.5670676842345,1426.009469747118) (526.5670676842345,1400.018939494237) (527.5670676842345,1400.018939494237) (527.5670676842345,1374.028409241355) (528.5670676842345,1374.028409241355) (528.5670676842345,1348.037878988473) (529.5670676842345,1348.037878988473) (529.5670676842345,1322.047348735592) (530.5670676842345,1322.047348735592) (530.5670676842345,1296.05681848271) (531.5670676842345,1296.05681848271) (531.5670676842345,1270.066288229829) (532.5670676842345,1270.066288229829) (532.5670676842345,1244.075757976947) (533.5670676842345,1244.075757976947) (533.5670676842345,1218.085227724065) (534.5670676842345,1218.085227724065) (534.5670676842345,1192.094697471184) (535.5670676842345,1192.094697471184) (535.5670676842345,1166.104167218302) (536.5670676842345,1166.104167218302) (536.5670676842345,1140.11363696542) (537.5670676842345,1140.11363696542) (537.5670676842345,1114.123106712539) (538.5670676842345,1114.123106712539) (538.5670676842345,1088.132576459657) (539.5670676842345,1088.132576459657) (539.5670676842345,1062.142046206776) (540.5670676842345,1062.142046206776) (540.5670676842345,1036.151515953894) (541.5670676842345,1036.151515953894) (541.5670676842345,1010.160985701012) (542.5670676842345,1010.160985701012) (542.5670676842345,984.1704554481307) (543.5670676842345,984.1704554481307) (543.5670676842345,958.1799251952491) (544.5670676842345,958.1799251952491) (544.5670676842345,932.1893949423675) (545.5670676842345,932.1893949423675) (545.5670676842345,906.1988646894858) (546.5670676842345,906.1988646894858) (546.5670676842345,880.2083344366042) (547.5670676842345,880.2083344366042) (547.5670676842345,854.2178041837226) (548.5670676842345,854.2178041837226) (548.5670676842345,828.227273930841) (549.5670676842345,828.227273930841) (549.5670676842345,802.2367436779593) (550.5670676842345,802.2367436779593) (550.5670676842345,776.2462134250777) (551.5670676842345,776.2462134250777) (551.5670676842345,750.2556831721961) (552.5670676842345,750.2556831721961) (552.5670676842345,724.2651529193145) (553.5670676842345,724.2651529193145) (553.5670676842345,698.2746226664328) (554.5670676842345,698.2746226664328) (554.5670676842345,672.2840924135512) (555.5670676842345,672.2840924135512) (555.5670676842345,646.2935621606696) (556.5670676842345,646.2935621606696) (556.5670676842345,620.303031907788) (557.5670676842345,620.303031907788) (557.5670676842345,594.3125016549063) (558.5670676842345,594.3125016549063) (558.5670676842345,568.3219714020247) (559.5670676842345,568.3219714020247) (559.5670676842345,542.3314411491431) (560.5670676842345,542.3314411491431) (560.5670676842345,516.3409108962614) (561.5670676842345,516.3409108962614) (561.5670676842345,490.3503806433799) (562.5670676842345,490.3503806433799) (562.5670676842345,464.3598503904983) (563.5670676842345,464.3598503904983) (563.5670676842345,438.3693201376167) (564.5670676842345,438.3693201376167) (564.5670676842345,412.3787898847352) (565.5670676842345,412.3787898847352) (565.5670676842345,386.3882596318536) (566.5670676842345,386.3882596318536) (566.5670676842345,360.397729378972) (567.5670676842345,360.397729378972) (567.5670676842345,334.4071991260905) (568.5670676842345,334.4071991260905) (568.5670676842345,308.4166688732089) (569.5670676842345,308.4166688732089) (569.5670676842345,282.4261386203273) (570.5670676842345,282.4261386203273) (570.5670676842345,256.4356083674458) (571.5670676842345,256.4356083674458) (571.5670676842345,230.4450781145642) (572.5670676842345,230.4450781145642) (572.5670676842345,204.4545478616826) (573.5670676842345,204.4545478616826) (573.5670676842345,178.464017608801) (574.5670676842345,178.464017608801) (574.5670676842345,152.4734873559195) (575.5670676842345,152.4734873559195) (575.5670676842345,126.4829571030379) (583.7201324623067,126.4829571030379) (583.7201324623067,152.4734873559195) (584.7471229478397,152.4734873559195) (584.7471229478397,178.464017608801) (585.7471229478398,178.464017608801) (585.7471229478398,204.4545478616826) (586.7471229478398,204.4545478616826) (586.7471229478398,230.4450781145642) (587.7471229478397,230.4450781145642) (587.7471229478397,256.4356083674458) (588.7471229478398,256.4356083674458) (588.7471229478398,282.4261386203273) (589.7471229478399,282.4261386203273) (589.7471229478399,308.4166688732089) (590.7471229478398,308.4166688732089) (590.7471229478398,334.4071991260905) (591.7471229478397,334.4071991260905) (591.7471229478397,360.397729378972) (592.7471229478397,360.397729378972) (592.7471229478397,386.3882596318536) (593.7471229478397,386.3882596318536) (593.7471229478397,412.3787898847352) (594.7471229478397,412.3787898847352) (594.7471229478397,438.3693201376167) (595.7471229478397,438.3693201376167) (595.7471229478397,464.3598503904983) (596.7471229478397,464.3598503904983) (596.7471229478397,490.3503806433799) (597.7471229478397,490.3503806433799) (597.7471229478397,516.3409108962614) (598.7471229478397,516.3409108962614) (598.7471229478397,542.3314411491431) (599.7471229478397,542.3314411491431) (599.7471229478397,568.3219714020247) (600.7471229478397,568.3219714020247) (600.7471229478397,594.3125016549063) (601.7471229478397,594.3125016549063) (601.7471229478397,620.303031907788) (602.7471229478397,620.303031907788) (602.7471229478397,646.2935621606696) (603.7471229478397,646.2935621606696) (603.7471229478397,672.2840924135512) (604.7471229478397,672.2840924135512) (604.7471229478397,698.2746226664328) (605.7471229478397,698.2746226664328) (605.7471229478397,724.2651529193145) (606.7471229478397,724.2651529193145) (606.7471229478397,750.2556831721961) (607.7471229478397,750.2556831721961) (607.7471229478397,776.2462134250777) (608.7471229478397,776.2462134250777) (608.7471229478397,802.2367436779593) (609.7471229478397,802.2367436779593) (609.7471229478397,828.227273930841) (610.7471229478397,828.227273930841) (610.7471229478397,854.2178041837226) (611.7471229478397,854.2178041837226) (611.7471229478397,880.2083344366042) (612.7471229478397,880.2083344366042) (612.7471229478397,906.1988646894858) (613.7471229478397,906.1988646894858) (613.7471229478397,932.1893949423675) (614.7471229478397,932.1893949423675) (614.7471229478397,958.1799251952491) (615.7471229478397,958.1799251952491) (615.7471229478397,984.1704554481307) (616.7471229478397,984.1704554481307) (616.7471229478397,1010.160985701012) (617.7471229478397,1010.160985701012) (617.7471229478397,1036.151515953894) (618.7471229478397,1036.151515953894) (618.7471229478397,1062.142046206776) (619.7471229478397,1062.142046206776) (619.7471229478397,1088.132576459657) (620.7471229478397,1088.132576459657) (620.7471229478397,1114.123106712539) (621.7471229478397,1114.123106712539) (621.7471229478397,1140.11363696542) (622.7471229478397,1140.11363696542) (622.7471229478397,1166.104167218302) (623.7471229478397,1166.104167218302) (623.7471229478397,1192.094697471184) (624.7471229478397,1192.094697471184) (624.7471229478397,1218.085227724065) (625.7471229478397,1218.085227724065) (625.7471229478397,1244.075757976947) (626.7471229478397,1244.075757976947) (626.7471229478397,1270.066288229829) (627.7471229478397,1270.066288229829) (627.7471229478397,1296.05681848271) (628.7471229478397,1296.05681848271) (628.7471229478397,1322.047348735592) (629.7471229478397,1322.047348735592) (629.7471229478397,1348.037878988473) (630.7471229478397,1348.037878988473) (630.7471229478397,1374.028409241355) (631.7471229478397,1374.028409241355) (631.7471229478397,1400.018939494237) (632.7471229478397,1400.018939494237) (632.7471229478397,1426.009469747118) (633.7471229478397,1426.009469747118) (633.7471229478397,1452) (634.7471229478397,1452) (634.7471229478397,1478) (635.7471229478397,1478) (635.7471229478397,1504) (636.7471229478397,1504) (636.7471229478397,1530) (637.7471229478397,1530) (637.7471229478397,1556) (638.7471229478397,1556) (638.7471229478397,1582) (639.7471229478397,1582) (639.7471229478397,1608) (640.7471229478397,1608) (640.7471229478397,1634) (641.7471229478397,1634) (641.7471229478397,1660) (642.7471229478397,1660) (642.7471229478397,1686) (643.7471229478397,1686) (643.7471229478397,1712) (644.7471229478397,1712) (644.7471229478397,1738) (645.7471229478397,1738) (645.7471229478397,1764) (646.7471229478397,1764) (646.7471229478397,1790) (647.7471229478397,1790) (647.7471229478397,1816) (648.7471229478397,1816) (648.7471229478397,1842) (649.7471229478397,1842) (649.7471229478397,1868) (650.7471229478397,1868) (650.7471229478397,1894) (651.7471229478397,1894) (651.7471229478397,1920) (652.7471229478397,1920) (652.7471229478397,1946) (653.7471229478397,1946) (653.7471229478397,1972) (654.7471229478397,1972) (654.7471229478397,1998) (655.7471229478397,1998) (655.7471229478397,2024) (656.7471229478397,2024) (656.7471229478397,2050) (657.7471229478397,2050) (657.7471229478397,2076) (658.7471229478397,2076) (658.7471229478397,2102) (659.7471229478397,2102) (659.7471229478397,2128) (660.7471229478397,2128) (660.7471229478397,2154) (661.7471229478397,2154) (661.7471229478397,2180) (662.7471229478397,2180) (662.7471229478397,2206) (663.7471229478397,2206) (663.7471229478397,2232) (664.7471229478397,2232) (664.7471229478397,2258) (665.7471229478397,2258) (665.7471229478397,2284) (666.7471229478397,2284) (666.7471229478397,2310) (667.7471229478397,2310) (667.7471229478397,2336) (668.7471229478397,2336) (668.7471229478397,2362) (669.7471229478397,2362) (669.7471229478397,2388) (670.7471229478397,2388) (670.7471229478397,2414) (671.7471229478397,2414) (671.7471229478397,2440) (672.7471229478397,2440) (672.7471229478397,2466) (673.7471229478397,2466) (673.7471229478397,2492) (674.7471229478397,2492) (674.7471229478397,2518) (675.7471229478397,2518) (675.7471229478397,2544) (676.7471229478397,2544) (676.7471229478397,2570) (677.7471229478397,2570) (677.7471229478397,2596) (678.7471229478397,2596) (678.7471229478397,2622) (679.7471229478397,2622) (679.7471229478397,2648) (680.7471229478397,2648) (680.7471229478397,2674) (681.7471229478397,2674) (681.7471229478397,2700) (682.7471229478397,2700) (682.7471229478397,2726) (683.7471229478397,2726) (683.7471229478397,2752) (684.7471229478397,2752) (684.7471229478397,2778) (685.7471229478397,2778) (685.7471229478397,2804) (686.7471229478397,2804) (686.7471229478397,2830) (687.7471229478397,2830) (687.7471229478397,2856) (688.7471229478397,2856) (688.7471229478397,2882) (689.7471229478397,2882) (689.7471229478397,2908) (690.7471229478397,2908) (690.7471229478397,2934) (691.7471229478397,2934) (691.7471229478397,2960) (692.7471229478397,2960) (692.7471229478397,2986) (693.7471229478397,2986) (693.7471229478397,3012) (694.7471229478397,3012) (694.7471229478397,3038) (695.7471229478397,3038) (695.7471229478397,3062.5) (696.7471229478397,3062.5) (696.7471229478397,3088.5) (697.7471229478397,3088.5) (697.7471229478397,3114.5) (698.7471229478397,3114.5) (698.7471229478397,3140.5) (699.7471229478397,3140.5) (699.7471229478397,3166.5) (700.000002,3166.5)
robPositionY[0]:
[0]: (0,0) (0,163.5) (2,163.5) (2,188.9679078844919) (188,188.9679078844919) (188,188.479046668909) (189.0188034624832,188.479046668909) (189.0188034624832,187.9901854533261) (190.0188034624832,187.9901854533261) (190.0188034624832,187.5013242377432) (191.0188034624832,187.5013242377432) (191.0188034624832,187.0124630221603) (192.0188034624832,187.0124630221603) (192.0188034624832,186.5236018065774) (193.0188034624832,186.5236018065774) (193.0188034624832,186.0347405909945) (194.0188034624832,186.0347405909945) (194.0188034624832,185.5458793754117) (195.0188034624832,185.5458793754117) (195.0188034624832,185.0570181598288) (196.0188034624832,185.0570181598288) (196.0188034624832,184.5681569442459) (197.0188034624832,184.5681569442459) (197.0188034624832,184.079295728663) (198.0188034624832,184.079295728663) (198.0188034624832,183.5904345130801) (199.0188034624832,183.5904345130801) (199.0188034624832,183.1015732974972) (200.0188034624832,183.1015732974972) (200.0188034624832,182.6127120819143) (201.0188034624832,182.6127120819143) (201.0188034624832,182.1238508663315) (202.0188034624832,182.1238508663315) (202.0188034624832,181.6349896507486) (203.0188034624832,181.6349896507486) (203.0188034624832,181.1461284351657) (204.0188034624832,181.1461284351657) (204.0188034624832,180.6572672195828) (205.0188034624832,180.6572672195828) (205.0188034624832,180.1684060039999) (206.0188034624832,180.1684060039999) (206.0188034624832,179.679544788417) (207.0188034624832,179.679544788417) (207.0188034624832,179.1906835728341) (208.0188034624832,179.1906835728341) (208.0188034624832,178.7018223572512) (209.0188034624832,178.7018223572512) (209.0188034624832,178.2129611416684) (210.0188034624832,178.2129611416684) (210.0188034624832,177.7240999260855) (211.0188034624832,177.7240999260855) (211.0188034624832,177.2352387105026) (212.0188034624832,177.2352387105026) (212.0188034624832,176.7463774949197) (213.0188034624832,176.7463774949197) (213.0188034624832,176.2575162793368) (214.0188034624832,176.2575162793368) (214.0188034624832,175.7686550637539) (215.0188034624832,175.7686550637539) (215.0188034624832,175.279793848171) (216.0188034624832,175.279793848171) (216.0188034624832,174.7909326325882) (217.0188034624832,174.7909326325882) (217.0188034624832,174.3020714170053) (218.0188034624832,174.3020714170053) (218.0188034624832,173.8132102014224) (219.0188034624832,173.8132102014224) (219.0188034624832,173.3243489858395) (220.0188034624832,173.3243489858395) (220.0188034624832,172.8354877702566) (221.0188034624832,172.8354877702566) (221.0188034624832,172.3466265546737) (222.0188034624832,172.3466265546737) (222.0188034624832,171.8577653390908) (223.0188034624832,171.8577653390908) (223.0188034624832,171.3689041235079) (224.0188034624832,171.3689041235079) (224.0188034624832,170.8800429079251) (225.0188034624832,170.8800429079251) (225.0188034624832,170.3911816923422) (226.0188034624832,170.3911816923422) (226.0188034624832,169.9023204767593) (227.0188034624832,169.9023204767593) (227.0188034624832,169.4134592611764) (228.0188034624832,169.4134592611764) (228.0188034624832,168.9245980455935) (229.0188034624832,168.9245980455935) (229.0188034624832,168.4357368300106) (230.0188034624832,168.4357368300106) (230.0188034624832,167.9468756144277) (231.0188034624832,167.9468756144277) (231.0188034624832,167.4580143988449) (232.0188034624832,167.4580143988449) (232.0188034624832,166.969153183262) (233.0188034624832,166.969153183262) (233.0188034624832,166.4802919676791) (234.0188034624832,166.4802919676791) (234.0188034624832,165.9914307520962) (235.0188034624832,165.9914307520962) (235.0188034624832,165.5025695365133) (236.0188034624832,165.5025695365133) (236.0188034624832,165.0137083209304) (237.0188034624832,165.0137083209304) (237.0188034624832,164.5248471053475) (238.0188034624832,164.5248471053475) (238.0188034624832,164.0359858897646) (239.0188034624832,164.0359858897646) (239.0188034624832,163.5) (355.6178549442246,163.5) (355.6178549442246,189.4896220913107) (356.6178549442246,189.4896220913107) (356.6178549442246,215.4792441826214) (357.6178549442246,215.4792441826214) (357.6178549442246,241.4688662739321) (358.6178549442246,241.4688662739321) (358.6178549442246,267.4584883652428) (359.6178549442246,267.4584883652428) (359.6178549442246,293.4481104565535) (360.6178549442246,293.4481104565535) (360.6178549442246,319.4377325478642) (361.6178549442246,319.4377325478642) (361.6178549442246,345.427354639175) (362.6178549442246,345.427354639175) (362.6178549442246,371.4169767304857) (363.6178549442246,371.4169767304857) (363.6178549442246,397.4065988217964) (364.6178549442246,397.4065988217964) (364.6178549442246,423.3962209131071) (365.6178549442246,423.3962209131071) (365.6178549442246,449.3858430044178) (366.6178549442246,449.3858430044178) (366.6178549442246,475.3754650957285) (367.6178549442246,475.3754650957285) (367.6178549442246,501.3650871870392) (368.6178549442246,501.3650871870392) (368.6178549442246,527.3547092783499) (369.6178549442246,527.3547092783499) (369.6178549442246,553.3443313696606) (370.6178549442246,553.3443313696606) (370.6178549442246,579.3339534609713) (371.6178549442246,579.3339534609713) (371.6178549442246,605.323575552282) (372.6178549442246,605.323575552282) (372.6178549442246,631.3131976435927) (373.6178549442246,631.3131976435927) (373.6178549442246,657.3028197349034) (374.6178549442246,657.3028197349034) (374.6178549442246,683.2924418262141) (375.6178549442246,683.2924418262141) (375.6178549442246,709.2820639175249) (376.6178549442246,709.2820639175249) (376.6178549442246,735.2716860088356) (377.6178549442248,735.2716860088356) (377.6178549442248,735.7753021216812) (381.7400765358833,735.7753021216812) (381.7400765358833,736.2789182345268) (382.7400765358834,736.2789182345268) (382.7400765358834,736.7825343473725) (383.7400765358832,736.7825343473725) (383.7400765358832,737.2861504602181) (384.7400765358833,737.2861504602181) (384.7400765358833,737.7897665730637) (385.7400765358834,737.7897665730637) (385.7400765358834,738.2933826859094) (386.7400765358834,738.2933826859094) (386.7400765358834,738.796998798755) (387.7400765358834,738.796998798755) (387.7400765358834,739.3006149116006) (388.7400765358834,739.3006149116006) (388.7400765358834,739.8042310244463) (389.7400765358834,739.8042310244463) (389.7400765358834,740.3078471372919) (390.7400765358834,740.3078471372919) (390.7400765358834,740.8114632501375) (391.7400765358834,740.8114632501375) (391.7400765358834,741.3150793629832) (392.7400765358834,741.3150793629832) (392.7400765358834,741.8186954758288) (393.7400765358834,741.8186954758288) (393.7400765358834,742.3223115886744) (394.7400765358834,742.3223115886744) (394.7400765358834,742.8259277015201) (395.7400765358834,742.8259277015201) (395.7400765358834,743.3295438143657) (396.7400765358834,743.3295438143657) (396.7400765358834,743.8331599272113) (397.7400765358834,743.8331599272113) (397.7400765358834,744.336776040057) (398.7400765358834,744.336776040057) (398.7400765358834,744.8403921529026) (399.7400765358834,744.8403921529026) (399.7400765358834,745.3440082657482) (400.7400765358834,745.3440082657482) (400.7400765358834,745.8476243785939) (401.7400765358834,745.8476243785939) (401.7400765358834,746.3512404914395) (402.7400765358834,746.3512404914395) (402.7400765358834,746.8548566042851) (403.7400765358834,746.8548566042851) (403.7400765358834,747.3584727171308) (404.7400765358834,747.3584727171308) (404.7400765358834,747.8620888299764) (405.7400765358834,747.8620888299764) (405.7400765358834,748.365704942822) (406.7400765358834,748.365704942822) (406.7400765358834,748.8693210556677) (407.7400765358834,748.8693210556677) (407.7400765358834,749.3729371685133) (408.7400765358834,749.3729371685133) (408.7400765358834,749.876553281359) (409.7400765358834,749.876553281359) (409.7400765358834,750.3801693942046) (410.7400765358834,750.3801693942046) (410.7400765358834,750.8837855070502) (411.7400765358834,750.8837855070502) (411.7400765358834,751.3874016198959) (412.7400765358834,751.3874016198959) (412.7400765358834,751.8910177327415) (413.7400765358834,751.8910177327415) (413.7400765358834,752.3946338455871) (414.7400765358834,752.3946338455871) (414.7400765358834,752.8982499584328) (415.7400765358834,752.8982499584328) (415.7400765358834,753.4018660712784) (416.7400765358834,753.4018660712784) (416.7400765358834,753.905482184124) (417.7400765358834,753.905482184124) (417.7400765358834,754.4090982969697) (418.7400765358834,754.4090982969697) (418.7400765358834,754.9127144098153) (419.7400765358834,754.9127144098153) (419.7400765358834,755.4163305226609) (420.7400765358834,755.4163305226609) (420.7400765358834,755.9199466355066) (421.7400765358834,755.9199466355066) (421.7400765358834,756.4235627483522) (422.7400765358834,756.4235627483522) (422.7400765358834,756.9271788611978) (423.7400765358834,756.9271788611978) (423.7400765358834,757.4307949740435) (424.7400765358834,757.4307949740435) (424.7400765358834,757.9344110868891) (425.7400765358834,757.9344110868891) (425.7400765358834,758.4380271997347) (426.7400765358834,758.4380271997347) (426.7400765358834,758.9416433125804) (427.7400765358834,758.9416433125804) (427.7400765358834,759.445259425426) (428.7400765358834,759.445259425426) (428.7400765358834,759.9488755382716) (429.7400765358834,759.9488755382716) (429.7400765358834,760.4524916511173) (430.7400765358834,760.4524916511173) (430.7400765358834,760.9561077639629) (431.7400765358834,760.9561077639629) (431.7400765358834,761.2) (434.3108728626783,761.2) (434.3108728626783,735.2) (435.3108728626783,735.2) (435.3108728626783,709.2) (436.3108728626783,709.2) (436.3108728626783,683.2) (437.3108728626783,683.2) (437.3108728626783,657.2) (438.3108728626783,657.2) (438.3108728626783,631.2) (439.3108728626783,631.2) (439.3108728626783,605.2) (440.3108728626783,605.2) (440.3108728626783,579.2) (441.3108728626783,579.2) (441.3108728626783,553.2) (442.3108728626783,553.2) (442.3108728626783,527.2) (443.3108728626783,527.2) (443.3108728626783,501.2) (444.3108728626783,501.2) (444.3108728626783,475.2) (445.3108728626783,475.2) (445.3108728626783,449.2) (446.3108728626783,449.2) (446.3108728626783,423.2) (447.3108728626783,423.2) (447.3108728626783,397.2) (448.3108728626783,397.2) (448.3108728626783,371.2) (449.3108728626783,371.2) (449.3108728626783,345.2) (450.3108728626783,345.2) (450.3108728626783,319.2) (451.3108728626783,319.2) (451.3108728626783,293.2) (452.3108728626783,293.2) (452.3108728626783,267.2) (453.3108728626783,267.2) (453.3108728626783,241.2) (454.3108728626783,241.2) (454.3108728626783,215.2) (455.3108728626783,215.2) (455.3108728626783,189.2) (456.3108728626783,189.2) (456.3108728626783,163.5) (460.4524655161782,163.5) (460.4524655161782,163.4999999976654) (461.4524655161782,163.4999999976654) (461.4524655161782,163.4999999953308) (462.4524655161782,163.4999999953308) (462.4524655161782,163.4999999929962) (463.4524655161782,163.4999999929962) (463.4524655161782,163.4999999906615) (464.4524655161782,163.4999999906615) (464.4524655161782,163.4999999883269) (465.4524655161782,163.4999999883269) (465.4524655161782,163.4999999859923) (466.4524655161782,163.4999999859923) (466.4524655161782,163.4999999836577) (467.4524655161782,163.4999999836577) (467.4524655161782,163.4999999813231) (468.4524655161782,163.4999999813231) (468.4524655161782,163.4999999789885) (469.4524655161782,163.4999999789885) (469.4524655161782,163.4999999766538) (470.4524655161782,163.4999999766538) (470.4524655161782,163.4999999743192) (471.4524655161782,163.4999999743192) (471.4524655161782,163.4999999719846) (472.4524655161782,163.4999999719846) (472.4524655161782,163.49999996965) (473.4524655161782,163.49999996965) (473.4524655161782,163.4999999673154) (474.4524655161782,163.4999999673154) (474.4524655161782,163.4999999649808) (475.4524655161782,163.4999999649808) (475.4524655161782,163.4999999626461) (476.4524655161782,163.4999999626461) (476.4524655161782,163.4999999603115) (477.4524655161782,163.4999999603115) (477.4524655161782,163.4999999579769) (478.4524655161782,163.4999999579769) (478.4524655161782,163.4999999556423) (479.4524655161782,163.4999999556423) (479.4524655161782,163.4999999533077) (480.4524655161782,163.4999999533077) (480.4524655161782,163.4999999509731) (481.4524655161782,163.4999999509731) (481.4524655161782,163.4999999486384) (482.4524655161782,163.4999999486384) (482.4524655161782,163.4999999463038) (483.4524655161782,163.4999999463038) (483.4524655161782,163.4999999439692) (484.4524655161782,163.4999999439692) (484.4524655161782,163.4999999416346) (485.4524655161782,163.4999999416346) (485.4524655161782,163.4999999393) (486.4524655161782,163.4999999393) (486.4524655161782,163.4999999369654) (487.4524655161782,163.4999999369654) (487.4524655161782,163.4999999346308) (488.4524655161782,163.4999999346308) (488.4524655161782,163.4999999322961) (489.4524655161782,163.4999999322961) (489.4524655161782,163.4999999299615) (490.4524655161782,163.4999999299615) (490.4524655161782,163.4999999276269) (491.4524655161782,163.4999999276269) (491.4524655161782,163.4999999252923) (492.4524655161782,163.4999999252923) (492.4524655161782,163.4999999229577) (493.4524655161782,163.4999999229577) (493.4524655161782,163.4999999206231) (494.4524655161782,163.4999999206231) (494.4524655161782,163.4999999182884) (495.4524655161782,163.4999999182884) (495.4524655161782,163.4999999159538) (496.4524655161782,163.4999999159538) (496.4524655161782,163.4999999136192) (497.4524655161782,163.4999999136192) (497.4524655161782,163.4999999112846) (498.4524655161782,163.4999999112846) (498.4524655161782,163.49999990895) (499.4524655161782,163.49999990895) (499.4524655161782,163.4999999066154) (500.4524655161782,163.4999999066154) (500.4524655161782,163.4999999042807) (501.4524655161782,163.4999999042807) (501.4524655161782,163.4999999019461) (502.4524655161782,163.4999999019461) (502.4524655161782,163.4999998996115) (503.4524655161782,163.4999998996115) (503.4524655161782,163.4999998972769) (504.4524655161782,163.4999998972769) (504.4524655161782,163.4999998949423) (505.4524655161782,163.4999998949423) (505.4524655161782,163.4999998926077) (506.4524655161782,163.4999998926077) (506.4524655161782,163.499999890273) (507.4524655161782,163.499999890273) (507.4524655161782,163.4999998879384) (508.4524655161782,163.4999998879384) (508.4524655161782,163.4999998856038) (509.4524655161782,163.4999998856038) (509.4524655161782,163.4999998832692) (510.4524655161782,163.4999998832692) (510.4524655161782,163.4999998809346) (511.4524655161782,163.4999998809346) (511.4524655161782,163.4999998786) (512.452465516178,163.4999998786) (512.452465516178,163.4999998762653) (513.452465516178,163.4999998762653) (513.452465516178,163.4999998739307) (514.452465516178,163.4999998739307) (514.452465516178,163.4999998715961) (515.452465516178,163.4999998715961) (515.452465516178,163.4999998692615) (516.452465516178,163.4999998692615) (516.452465516178,163.4999998669269) (517.452465516178,163.4999998669269) (517.452465516178,163.4999998645923) (518.452465516178,163.4999998645923) (518.452465516178,163.4999998622577) (519.452465516178,163.4999998622577) (519.452465516178,163.499999859923) (520.452465516178,163.499999859923) (520.452465516178,163.4999998575884) (521.452465516178,163.4999998575884) (521.452465516178,163.5) (525.5670676842345,163.5) (525.5670676842345,164.2016674241034) (526.5670676842345,164.2016674241034) (526.5670676842345,164.9033348482068) (527.5670676842345,164.9033348482068) (527.5670676842345,165.6050022723103) (528.5670676842345,165.6050022723103) (528.5670676842345,166.3066696964137) (529.5670676842345,166.3066696964137) (529.5670676842345,167.0083371205171) (530.5670676842345,167.0083371205171) (530.5670676842345,167.7100045446205) (531.5670676842345,167.7100045446205) (531.5670676842345,168.4116719687239) (532.5670676842345,168.4116719687239) (532.5670676842345,169.1133393928274) (533.5670676842345,169.1133393928274) (533.5670676842345,169.8150068169308) (534.5670676842345,169.8150068169308) (534.5670676842345,170.5166742410342) (535.5670676842345,170.5166742410342) (535.5670676842345,171.2183416651376) (536.5670676842345,171.2183416651376) (536.5670676842345,171.920009089241) (537.5670676842345,171.920009089241) (537.5670676842345,172.6216765133445) (538.5670676842345,172.6216765133445) (538.5670676842345,173.3233439374479) (539.5670676842345,173.3233439374479) (539.5670676842345,174.0250113615513) (540.5670676842345,174.0250113615513) (540.5670676842345,174.7266787856547) (541.5670676842345,174.7266787856547) (541.5670676842345,175.4283462097581) (542.5670676842345,175.4283462097581) (542.5670676842345,176.1300136338616) (543.5670676842345,176.1300136338616) (543.5670676842345,176.831681057965) (544.5670676842345,176.831681057965) (544.5670676842345,177.5333484820684) (545.5670676842345,177.5333484820684) (545.5670676842345,178.2350159061718) (546.5670676842345,178.2350159061718) (546.5670676842345,178.9366833302752) (547.5670676842345,178.9366833302752) (547.5670676842345,179.6383507543786) (548.5670676842345,179.6383507543786) (548.5670676842345,180.3400181784821) (549.5670676842345,180.3400181784821) (549.5670676842345,181.0416856025855) (550.5670676842345,181.0416856025855) (550.5670676842345,181.7433530266889) (551.5670676842345,181.7433530266889) (551.5670676842345,182.4450204507923) (552.5670676842345,182.4450204507923) (552.5670676842345,183.1466878748957) (553.5670676842345,183.1466878748957) (553.5670676842345,183.8483552989992) (554.5670676842345,183.8483552989992) (554.5670676842345,184.5500227231026) (555.5670676842345,184.5500227231026) (555.5670676842345,185.251690147206) (556.5670676842345,185.251690147206) (556.5670676842345,185.9533575713094) (557.5670676842345,185.9533575713094) (557.5670676842345,186.6550249954128) (558.5670676842345,186.6550249954128) (558.5670676842345,187.3566924195163) (559.5670676842345,187.3566924195163) (559.5670676842345,188.0583598436197) (560.5670676842345,188.0583598436197) (560.5670676842345,188.7600272677231) (561.5670676842345,188.7600272677231) (561.5670676842345,189.4616946918265) (562.5670676842345,189.4616946918265) (562.5670676842345,190.1633621159299) (563.5670676842345,190.1633621159299) (563.5670676842345,190.8650295400334) (564.5670676842345,190.8650295400334) (564.5670676842345,191.5666969641368) (565.5670676842345,191.5666969641368) (565.5670676842345,192.2683643882402) (566.5670676842345,192.2683643882402) (566.5670676842345,192.9700318123436) (567.5670676842345,192.9700318123436) (567.5670676842345,193.671699236447) (568.5670676842345,193.671699236447) (568.5670676842345,194.3733666605505) (569.5670676842345,194.3733666605505) (569.5670676842345,195.0750340846539) (570.5670676842345,195.0750340846539) (570.5670676842345,195.7767015087573) (571.5670676842345,195.7767015087573) (571.5670676842345,196.4783689328607) (572.5670676842345,196.4783689328607) (572.5670676842345,197.1800363569641) (573.5670676842345,197.1800363569641) (573.5670676842345,197.8817037810676) (574.5670676842345,197.8817037810676) (574.5670676842345,198.583371205171) (575.5670676842345,198.583371205171) (575.5670676842345,199.2850386292744) (583.7201324623067,199.2850386292744) (583.7201324623067,198.5833712051709) (584.7471229478397,198.5833712051709) (584.7471229478397,197.8817037810675) (585.7471229478398,197.8817037810675) (585.7471229478398,197.1800363569641) (586.7471229478398,197.1800363569641) (586.7471229478398,196.4783689328606) (587.7471229478397,196.4783689328606) (587.7471229478397,195.7767015087572) (588.7471229478398,195.7767015087572) (588.7471229478398,195.0750340846537) (589.7471229478399,195.0750340846537) (589.7471229478399,194.3733666605503) (590.7471229478398,194.3733666605503) (590.7471229478398,193.6716992364468) (591.7471229478397,193.6716992364468) (591.7471229478397,192.9700318123434) (592.7471229478397,192.9700318123434) (592.7471229478397,192.2683643882399) (593.7471229478397,192.2683643882399) (593.7471229478397,191.5666969641365) (594.7471229478397,191.5666969641365) (594.7471229478397,190.865029540033) (595.7471229478397,190.865029540033) (595.7471229478397,190.1633621159296) (596.7471229478397,190.1633621159296) (596.7471229478397,189.4616946918261) (597.7471229478397,189.4616946918261) (597.7471229478397,188.7600272677227) (598.7471229478397,188.7600272677227) (598.7471229478397,188.0583598436192) (599.7471229478397,188.0583598436192) (599.7471229478397,187.3566924195158) (600.7471229478397,187.3566924195158) (600.7471229478397,186.6550249954123) (601.7471229478397,186.6550249954123) (601.7471229478397,185.9533575713089) (602.7471229478397,185.9533575713089) (602.7471229478397,185.2516901472054) (603.7471229478397,185.2516901472054) (603.7471229478397,184.550022723102) (604.7471229478397,184.550022723102) (604.7471229478397,183.8483552989985) (605.7471229478397,183.8483552989985) (605.7471229478397,183.1466878748951) (606.7471229478397,183.1466878748951) (606.7471229478397,182.4450204507916) (607.7471229478397,182.4450204507916) (607.7471229478397,181.7433530266882) (608.7471229478397,181.7433530266882) (608.7471229478397,181.0416856025847) (609.7471229478397,181.0416856025847) (609.7471229478397,180.3400181784813) (610.7471229478397,180.3400181784813) (610.7471229478397,179.6383507543779) (611.7471229478397,179.6383507543779) (611.7471229478397,178.9366833302744) (612.7471229478397,178.9366833302744) (612.7471229478397,178.235015906171) (613.7471229478397,178.235015906171) (613.7471229478397,177.5333484820675) (614.7471229478397,177.5333484820675) (614.7471229478397,176.8316810579641) (615.7471229478397,176.8316810579641) (615.7471229478397,176.1300136338606) (616.7471229478397,176.1300136338606) (616.7471229478397,175.4283462097572) (617.7471229478397,175.4283462097572) (617.7471229478397,174.7266787856537) (618.7471229478397,174.7266787856537) (618.7471229478397,174.0250113615503) (619.7471229478397,174.0250113615503) (619.7471229478397,173.3233439374468) (620.7471229478397,173.3233439374468) (620.7471229478397,172.6216765133434) (621.7471229478397,172.6216765133434) (621.7471229478397,171.9200090892399) (622.7471229478397,171.9200090892399) (622.7471229478397,171.2183416651365) (623.7471229478397,171.2183416651365) (623.7471229478397,170.516674241033) (624.7471229478397,170.516674241033) (624.7471229478397,169.8150068169296) (625.7471229478397,169.8150068169296) (625.7471229478397,169.1133393928261) (626.7471229478397,169.1133393928261) (626.7471229478397,168.4116719687227) (627.7471229478397,168.4116719687227) (627.7471229478397,167.7100045446192) (628.7471229478397,167.7100045446192) (628.7471229478397,167.0083371205158) (629.7471229478397,167.0083371205158) (629.7471229478397,166.3066696964123) (630.7471229478397,166.3066696964123) (630.7471229478397,165.6050022723089) (631.7471229478397,165.6050022723089) (631.7471229478397,164.9033348482054) (632.7471229478397,164.9033348482054) (632.7471229478397,164.201667424102) (633.7471229478397,164.201667424102) (633.7471229478397,163.5) (700.000002,163.5)
batteryCharge[0]:
[0]: (0,100) (700.000002,100)
user_guided_transport.end:
[0]: (0,0) (700.000002,0)
[2K
Verifying formula 5 at /nta/queries/query[5]/formula
 -- Formula: simulate[<=700]{robot_inventory[0][0], user_guided_transport.end*2}
[2K -- Formula is satisfied.
robot_inventory[0][0]:
[0]: (0,0) (8.109981686779593,0) (8.109981686779593,1) (583.7746900683505,1) (583.7746900683505,2) (700.000002,2)
user_guided_transport.end * 2:
[0]: (0,0) (700.000002,0)
[2K
Verifying formula 6 at /nta/queries/query[6]/formula
 -- Formula: simulate[<=700]{bedroom[0], bedroom[1], kitchen[0], kitchen[1]}
[2K -- Formula is satisfied.
bedroom[0]:
[0]: (0,100) (700.000002,100)
bedroom[1]:
[0]: (0,200) (700.000002,200)
kitchen[0]:
[0]: (0,4400) (700.000002,4400)
kitchen[1]:
[0]: (0,765) (700.000002,765)
[2K
Verifying formula 7 at /nta/queries/query[7]/formula
 -- Formula: simulate[<=700]{rm_1.idle, rf_1.idle, rp_1.idle, rd_1.idle}
[2K -- Formula is satisfied.
rm_1.idle:
[0]: (0,0) (0,1) (0,0) (3,0) (3,1) (186,1) (186,0) (576.5670676842343,0) (576.5670676842343,1) (581.461921056752,1) (581.461921056752,0) (700,0)
rf_1.idle:
[0]: (0,0) (0,1) (700,1)
rp_1.idle:
[0]: (0,0) (0,1) (2,1) (2,0) (11.64331247814677,0) (11.64331247814677,1) (575.5670676842345,1) (575.5670676842345,0) (581.461921056752,0) (581.461921056752,1) (700,1)
rd_1.idle:
[0]: (0,0) (0,1) (700,1)
[2K
Verifying formula 8 at /nta/queries/query[8]/formula
 -- Formula: Pr[<=700](<>!rm_1.idle || !rf_1.idle || !rp_1.idle || !rd_1.idle)
[2K -- Formula is satisfied.
(72/72 runs) Pr(<> …) in [0.950056,1] (95% CI)
Values in [0,0] mean=0 steps=2.22045e-16: 72
[2K
Verifying formula 9 at /nta/queries/query[9]/formula
 -- Formula: Pr[<=700]([] (user_guided_transport.end imply (rm_1.idle && rf_1.idle && rp_1.idle && rd_1.idle)))
 -- Throughput: 626635 runs/sec, Load: 338 runs[K
[2K -- Formula is satisfied.
(72/72 runs) Pr([] …) in [0.950056,1] (95% CI)
[2K
Verifying formula 10 at /nta/queries/query[10]/formula
 -- Formula: Pr[<=700] (<> pow(humanPositionX[0] - kitchen[0], 2) + pow(humanPositionY[0] - kitchen[1], 2) <= 900 )
[2K -- Formula is satisfied.
(72/72 runs) Pr(<> …) in [0.950056,1] (95% CI)
Values in [186,186] mean=186 steps=2.22045e-16: 72
[2K
Verifying formula 11 at /nta/queries/query[11]/formula
 -- Formula: Pr[<=700] (<> pow(robPositionX[0] - kitchen[0], 2) + pow(robPositionY[0] - kitchen[1], 2) <= 900 )
 -- Throughput: 552604 runs/sec, Load: 304 runs[K
[2K -- Formula is satisfied.
(88/89 runs) Pr(<> …) in [0.938982,0.999716] (95% CI)
Values in [376.618,376.618] mean=376.618 steps=2.27374e-14: 86 0 0 0 1 0 0 0 0 1
[2K
Verifying formula 12 at /nta/queries/query[12]/formula
 -- Formula: Pr[<=700] (<> pow(robPositionX[0] - bedroom[0], 2) + pow(robPositionY[0] - bedroom[1], 2) <= 900 )
[2K -- Formula is satisfied.
(72/72 runs) Pr(<> …) in [0.950056,1] (95% CI)
Values in [2,2] mean=2 steps=2.22045e-16: 72
[2K
Verifying formula 13 at /nta/queries/query[13]/formula
 -- Formula: Pr[<=700] (<> !isValidPosition(humanPositionX[0], humanPositionY[0]))
[2K -- Formula is satisfied.
(72/72 runs) Pr(<> …) in [0.950056,1] (95% CI)
Values in [0,0] mean=0 steps=2.22045e-16: 72
[2K
Verifying formula 14 at /nta/queries/query[14]/formula
 -- Formula: Pr[<=700] (<> !isValidPosition(robPositionX[0], robPositionY[0]))
[2K -- Formula is satisfied.
(72/72 runs) Pr(<> …) in [0.950056,1] (95% CI)
Values in [0,0] mean=0 steps=2.22045e-16: 72
[2K
Verifying formula 15 at /nta/queries/query[15]/formula
 -- Formula: Pr[<=700] (<> currP > 2)
 -- Throughput: 545290 runs/sec, Load: 345 runs[K
[2K -- Formula is satisfied.
(0/72 runs) Pr(<> …) in [0,0.0499441] (95% CI)
