Options for the verification:
  Generating no trace
  Search order is breadth first
  Using conservative space optimisation
  Seed is 1783328151
  State space representation uses minimal constraint systems with future testing
  Using HashMap + Compress integers for discrete state storage
[2K
Verifying formula 1 at /nta/queries/query[1]/formula
 -- Formula: simulate[<=700]{user_guided_transport_human_def.s1_start, user_guided_transport_human_def.s1_end, user_guided_transport_human_def.s2_start, user_guided_transport_human_def.s2_idle, user_guided_transport_human_def.s3_start, user_guided_transport_human_def.s3_end, user_guided_transport.end}
[2K -- Formula is satisfied.
user_guided_transport_human_def.s1_start:
[0]: (0,0) (0,1) (0,0) (700,0)
user_guided_transport_human_def.s1_end:
[0]: (0,0) (1,0) (1,1) (2,1) (2,0) (700,0)
user_guided_transport_human_def.s2_start:
[0]: (0,0) (2,0) (2,1) (2,0) (700,0)
user_guided_transport_human_def.s2_idle:
[0]: (0,0) (2,0) (2,1) (10.5034654936249,1) (10.5034654936249,0) (700,0)
user_guided_transport_human_def.s3_start:
[0]: (0,0) (10.5034654936249,0) (10.5034654936249,1) (10.5034654936249,0) (15.50346549362487,0) (15.50346549362487,1) (15.50346549362487,0) (20.50346549362488,0) (20.50346549362488,1) (20.50346549362488,0) (25.50346549362487,0) (25.50346549362487,1) (25.50346549362487,0) (30.50346549362485,0) (30.50346549362485,1) (30.50346549362485,0) (35.50346549362495,0) (35.50346549362495,1) (35.50346549362495,0) (40.50346549362509,0) (40.50346549362509,1) (40.50346549362509,0) (45.50346549362518,0) (45.50346549362518,1) (45.50346549362518,0) (50.50346549362524,0) (50.50346549362524,1) (50.50346549362524,0) (55.50346549362524,0) (55.50346549362524,1) (55.50346549362524,0) (60.50346549362524,0) (60.50346549362524,1) (60.50346549362524,0) (65.50346549362534,0) (65.50346549362534,1) (65.50346549362534,0) (70.5034654936257,0) (70.5034654936257,1) (70.5034654936257,0) (75.50346549362605,0) (75.50346549362605,1) (75.50346549362605,0) (80.50346549362641,0) (80.50346549362641,1) (80.50346549362641,0) (85.50346549362676,0) (85.50346549362676,1) (85.50346549362676,0) (90.50346549362712,0) (90.50346549362712,1) (90.50346549362712,0) (95.50346549362747,0) (95.50346549362747,1) (95.50346549362747,0) (100.5034654936278,0) (100.5034654936278,1) (100.5034654936278,0) (105.5034654936282,0) (105.5034654936282,1) (105.5034654936282,0) (110.5034654936285,0) (110.5034654936285,1) (110.5034654936285,0) (115.5034654936289,0) (115.5034654936289,1) (115.5034654936289,0) (120.5034654936292,0) (120.5034654936292,1) (120.5034654936292,0) (125.5034654936296,0) (125.5034654936296,1) (125.5034654936296,0) (130.50346549363,0) (130.50346549363,1) (130.50346549363,0) (135.5034654936304,0) (135.5034654936304,1) (135.5034654936304,0) (140.5034654936308,0) (140.5034654936308,1) (140.5034654936308,0) (145.5034654936313,0) (145.5034654936313,1) (145.5034654936313,0) (150.5034654936317,0) (150.5034654936317,1) (150.5034654936317,0) (155.5034654936321,0) (155.5034654936321,1) (155.5034654936321,0) (160.5034654936325,0) (160.5034654936325,1) (160.5034654936325,0) (165.503465493633,0) (165.503465493633,1) (165.503465493633,0) (170.5034654936334,0) (170.5034654936334,1) (170.5034654936334,0) (175.5034654936338,0) (175.5034654936338,1) (175.5034654936338,0) (180.5034654936342,0) (180.5034654936342,1) (180.5034654936342,0) (185.5034654936345,0) (185.5034654936345,1) (185.5034654936345,0) (190.5034654936348,0) (190.5034654936348,1) (190.5034654936348,0) (700,0)
user_guided_transport_human_def.s3_end:
[0]: (0,0) (195.503465493635,0) (195.503465493635,1) (201.1213204378601,1) (201.1213204378601,0) (700,0)
user_guided_transport.end:
[0]: (0,0) (203.1213204378593,0) (203.1213204378593,1) (700,1)
[2K
Verifying formula 2 at /nta/queries/query[2]/formula
 -- Formula: simulate[<=700]{user_guided_transport_robot_def.s1_start, user_guided_transport_robot_def.s1_end, user_guided_transport_robot_def.s2_start, user_guided_transport_robot_def.s2_end, user_guided_transport_robot_def.s3_start, user_guided_transport_robot_def.s3_end, user_guided_transport.end}
[2K -- Formula is satisfied.
user_guided_transport_robot_def.s1_start:
[0]: (0,0) (0,1) (0,0) (700,0)
user_guided_transport_robot_def.s1_end:
[0]: (0,0) (2,0) (2,1) (2,0) (700,0)
user_guided_transport_robot_def.s2_start:
[0]: (0,0) (2,0) (2,1) (2,0) (700,0)
user_guided_transport_robot_def.s2_end:
[0]: (0,0) (11.51661047078203,0) (11.51661047078203,1) (11.51661047078203,0) (700,0)
user_guided_transport_robot_def.s3_start:
[0]: (0,0) (11.51661047078203,0) (11.51661047078203,1) (11.51661047078203,0) (700,0)
user_guided_transport_robot_def.s3_end:
[0]: (0,0) (202.134465415011,0) (202.134465415011,1) (202.134465415011,0) (700,0)
user_guided_transport.end:
[0]: (0,0) (204.1344654150101,0) (204.1344654150101,1) (700,1)
[2K
Verifying formula 3 at /nta/queries/query[3]/formula
 -- Formula: Pr[<=700] (<> user_guided_transport.end)
[2K -- Formula is satisfied.
(72/72 runs) Pr(<> …) in [0.950056,1] (95% CI)
Values in [199.671,204.557] mean=201.88 steps=0.542972: 7 9 10 12 10 7 6 5 6
[2K
Verifying formula 4 at /nta/queries/query[4]/formula
 -- Formula: simulate[<=700]{humanPositionX[0], humanPositionY[0], robPositionX[0], robPositionY[0], batteryCharge[0], user_guided_transport.end}
[2K -- Formula is satisfied.
humanPositionX[0]:
[0]: (0,0) (0,92.5) (1,92.5) (1,97.73313175708738) (8.056157353101275,97.73313175708738) (8.056157353101275,123.7285354798977) (9.056157353101273,123.7285354798977) (9.056157353101273,149.723939202708) (10.05615735310128,149.723939202708) (10.05615735310128,175.7193429255182) (11.05615735310128,175.7193429255182) (11.05615735310128,201.7147466483285) (12.05615735310127,201.7147466483285) (12.05615735310127,227.7101503711388) (13.05615735310127,227.7101503711388) (13.05615735310127,253.7055540939491) (14.05615735310127,253.7055540939491) (14.05615735310127,279.7009578167594) (15.05615735310127,279.7009578167594) (15.05615735310127,305.6963615395697) (16.05615735310127,305.6963615395697) (16.05615735310127,331.69176526238) (17.05615735310126,331.69176526238) (17.05615735310126,357.6871689851903) (18.05615735310125,357.6871689851903) (18.05615735310125,383.6825727080006) (19.05615735310124,383.6825727080006) (19.05615735310124,409.6779764308109) (20.05615735310123,409.6779764308109) (20.05615735310123,435.6733801536212) (21.05615735310122,435.6733801536212) (21.05615735310122,461.6687838764315) (22.05615735310121,461.6687838764315) (22.05615735310121,487.6641875992418) (23.0561573531012,487.6641875992418) (23.0561573531012,513.6595913220521) (24.05615735310118,513.6595913220521) (24.05615735310118,539.6549950448623) (25.05615735310117,539.6549950448623) (25.05615735310117,565.6503987676725) (26.05615735310116,565.6503987676725) (26.05615735310116,591.6458024904828) (27.05615735310115,591.6458024904828) (27.05615735310115,617.641206213293) (28.05615735310114,617.641206213293) (28.05615735310114,643.6366099361032) (29.05615735310113,643.6366099361032) (29.05615735310113,669.6320136589135) (30.05615735310112,669.6320136589135) (30.05615735310112,695.6274173817237) (31.05615735310111,695.6274173817237) (31.05615735310111,721.622821104534) (32.0561573531011,721.622821104534) (32.0561573531011,747.6182248273442) (33.05615735310112,747.6182248273442) (33.05615735310112,773.6136285501544) (34.05615735310114,773.6136285501544) (34.05615735310114,799.6090322729647) (35.05615735310116,799.6090322729647) (35.05615735310116,825.6044359957749) (36.05615735310118,825.6044359957749) (36.05615735310118,851.5998397185851) (37.05615735310121,851.5998397185851) (37.05615735310121,877.5952434413954) (38.05615735310123,877.5952434413954) (38.05615735310123,903.5906471642056) (39.05615735310125,903.5906471642056) (39.05615735310125,929.5860508870159) (40.05615735310127,929.5860508870159) (40.05615735310127,955.5814546098261) (41.05615735310129,955.5814546098261) (41.05615735310129,981.5768583326363) (42.05615735310131,981.5768583326363) (42.05615735310131,1007.572262055447) (43.05615735310132,1007.572262055447) (43.05615735310132,1033.567665778257) (44.05615735310133,1033.567665778257) (44.05615735310133,1059.563069501067) (45.05615735310135,1059.563069501067) (45.05615735310135,1085.558473223878) (46.05615735310136,1085.558473223878) (46.05615735310136,1111.553876946688) (47.05615735310138,1111.553876946688) (47.05615735310138,1137.549280669498) (48.05615735310139,1137.549280669498) (48.05615735310139,1163.544684392309) (49.0561573531014,1163.544684392309) (49.0561573531014,1189.540088115119) (50.05615735310142,1189.540088115119) (50.05615735310142,1215.535491837929) (51.05615735310143,1215.535491837929) (51.05615735310143,1241.53089556074) (52.05615735310145,1241.53089556074) (52.05615735310145,1267.52629928355) (53.05615735310146,1267.52629928355) (53.05615735310146,1293.52170300636) (54.05615735310148,1293.52170300636) (54.05615735310148,1319.517106729171) (55.05615735310149,1319.517106729171) (55.05615735310149,1345.512510451981) (56.0561573531015,1345.512510451981) (56.0561573531015,1371.507914174791) (57.05615735310152,1371.507914174791) (57.05615735310152,1397.503317897602) (58.05615735310153,1397.503317897602) (58.05615735310153,1423.498721620412) (59.05615735310155,1423.498721620412) (59.05615735310155,1478) (60.05615735310156,1478) (60.05615735310156,1504) (61.05615735310158,1504) (61.05615735310158,1530) (62.05615735310159,1530) (62.05615735310159,1556) (63.0561573531016,1556) (63.0561573531016,1582) (64.05615735310161,1582) (64.05615735310161,1608) (65.05615735310164,1608) (65.05615735310164,1634) (66.05615735310167,1634) (66.05615735310167,1660) (67.0561573531017,1660) (67.0561573531017,1686) (68.05615735310172,1686) (68.05615735310172,1712) (69.05615735310175,1712) (69.05615735310175,1738) (70.05615735310178,1738) (70.05615735310178,1764) (71.05615735310181,1764) (71.05615735310181,1790) (72.05615735310175,1790) (72.05615735310175,1816) (73.0561573531017,1816) (73.0561573531017,1842) (74.05615735310164,1842) (74.05615735310164,1868) (75.05615735310158,1868) (75.05615735310158,1894) (76.05615735310153,1894) (76.05615735310153,1920) (77.05615735310155,1920) (77.05615735310155,1946) (78.05615735310158,1946) (78.05615735310158,1972) (79.05615735310161,1972) (79.05615735310161,1998) (80.05615735310164,1998) (80.05615735310164,2024) (81.05615735310167,2024) (81.05615735310167,2050) (82.0561573531017,2050) (82.0561573531017,2076) (83.05615735310172,2076) (83.05615735310172,2102) (84.05615735310175,2102) (84.05615735310175,2128) (85.05615735310178,2128) (85.05615735310178,2154) (86.05615735310181,2154) (86.05615735310181,2180) (87.05615735310184,2180) (87.05615735310184,2206) (88.05615735310187,2206) (88.05615735310187,2232) (89.0561573531019,2232) (89.0561573531019,2258) (90.05615735310192,2258) (90.05615735310192,2284) (91.05615735310195,2284) (91.05615735310195,2310) (92.05615735310198,2310) (92.05615735310198,2336) (93.05615735310194,2336) (93.05615735310194,2362) (94.05615735310188,2362) (94.05615735310188,2388) (95.05615735310182,2388) (95.05615735310182,2414) (96.05615735310177,2414) (96.05615735310177,2440) (97.05615735310171,2440) (97.05615735310171,2466) (98.05615735310164,2466) (98.05615735310164,2492) (99.05615735310157,2492) (99.05615735310157,2518) (100.0561573531015,2518) (100.0561573531015,2544) (101.0561573531014,2544) (101.0561573531014,2570) (102.0561573531014,2570) (102.0561573531014,2596) (103.0561573531013,2596) (103.0561573531013,2622) (104.0561573531012,2622) (104.0561573531012,2648) (105.0561573531011,2648) (105.0561573531011,2674) (106.0561573531011,2674) (106.0561573531011,2700) (107.056157353101,2700) (107.056157353101,2726) (108.0561573531009,2726) (108.0561573531009,2752) (109.0561573531009,2752) (109.0561573531009,2778) (110.0561573531008,2778) (110.0561573531008,2804) (111.0561573531007,2804) (111.0561573531007,2830) (112.0561573531006,2830) (112.0561573531006,2856) (113.0561573531006,2856) (113.0561573531006,2882) (114.0561573531005,2882) (114.0561573531005,2908) (115.0561573531004,2908) (115.0561573531004,2934) (116.0561573531004,2934) (116.0561573531004,2960) (117.0561573531003,2960) (117.0561573531003,2986) (118.0561573531002,2986) (118.0561573531002,3012) (119.0561573531001,3012) (119.0561573531001,3038) (120.0561573531001,3038) (120.0561573531001,3088.5) (121.0561573531,3088.5) (121.0561573531,3114.5) (122.0561573530999,3114.5) (122.0561573530999,3140.5) (123.0561573530999,3140.5) (123.0561573530999,3166.5) (124.0561573530998,3166.5) (124.0561573530998,3192.5) (125.0561573530997,3192.5) (125.0561573530997,3218.5) (126.0561573530996,3218.5) (126.0561573530996,3244.5) (127.0561573530996,3244.5) (127.0561573530996,3270.5) (128.0561573530995,3270.5) (128.0561573530995,3296.5) (129.0561573530996,3296.5) (129.0561573530996,3322.5) (130.0561573530997,3322.5) (130.0561573530997,3348.5) (131.0561573530998,3348.5) (131.0561573530998,3374.5) (132.0561573530999,3374.5) (132.0561573530999,3400.5) (133.0561573531,3400.5) (133.0561573531,3426.5) (134.0561573531,3426.5) (134.0561573531,3452.5) (135.0561573531001,3452.5) (135.0561573531001,3478.5) (136.0561573531002,3478.5) (136.0561573531002,3504.5) (137.0561573531003,3504.5) (137.0561573531003,3530.5) (138.0561573531004,3530.5) (138.0561573531004,3556.5) (139.0561573531005,3556.5) (139.0561573531005,3582.5) (140.0561573531006,3582.5) (140.0561573531006,3608.5) (141.0561573531006,3608.5) (141.0561573531006,3634.5) (142.0561573531007,3634.5) (142.0561573531007,3660.5) (143.0561573531008,3660.5) (143.0561573531008,3686.5) (144.0561573531009,3686.5) (144.0561573531009,3712.5) (145.056157353101,3712.5) (145.056157353101,3738.5) (146.0561573531011,3738.5) (146.0561573531011,3764.5) (147.0561573531012,3764.5) (147.0561573531012,3790.5) (148.0561573531012,3790.5) (148.0561573531012,3816.5) (149.0561573531013,3816.5) (149.0561573531013,3842.5) (150.0561573531014,3842.5) (150.0561573531014,3868.5) (151.0561573531015,3868.5) (151.0561573531015,3894.5) (152.0561573531016,3894.5) (152.0561573531016,3920.5) (153.0561573531017,3920.5) (153.0561573531017,3946.5) (154.0561573531018,3946.5) (154.0561573531018,3972.5) (155.0561573531018,3972.5) (155.0561573531018,3998.5) (156.0561573531019,3998.5) (156.0561573531019,4024.5) (157.056157353102,4024.5) (157.056157353102,4050.5) (158.0561573531021,4050.5) (158.0561573531021,4076.5) (159.0561573531022,4076.5) (159.0561573531022,4102.5) (160.0561573531023,4102.5) (160.0561573531023,4128.5) (161.0561573531023,4128.5) (161.0561573531023,4154.5) (162.0561573531024,4154.5) (162.0561573531024,4180.5) (163.0561573531025,4180.5) (163.0561573531025,4206.5) (164.0561573531026,4206.5) (164.0561573531026,4232.5) (165.0561573531027,4232.5) (165.0561573531027,4258.5) (166.0561573531028,4258.5) (166.0561573531028,4284.5) (167.0561573531029,4284.5) (167.0561573531029,4310.5) (168.0561573531029,4310.5) (168.0561573531029,4336.5) (169.056157353103,4336.5) (169.056157353103,4362.5) (170.0561573531031,4362.5) (170.0561573531031,4388.5) (171.0561573531032,4388.5) (171.0561573531032,4416.265463717128) (172.0561573531033,4416.265463717128) (172.0561573531033,4415.530927434256) (173.0561573531034,4415.530927434256) (173.0561573531034,4414.796391151384) (174.0561573531035,4414.796391151384) (174.0561573531035,4414.061854868512) (175.0561573531035,4414.061854868512) (175.0561573531035,4413.327318585641) (176.0561573531036,4413.327318585641) (176.0561573531036,4412.592782302769) (177.0561573531037,4412.592782302769) (177.0561573531037,4411.858246019897) (178.0561573531038,4411.858246019897) (178.0561573531038,4411.123709737025) (179.0561573531039,4411.123709737025) (179.0561573531039,4410.389173454153) (180.056157353104,4410.389173454153) (180.056157353104,4409.654637171281) (181.0561573531041,4409.654637171281) (181.0561573531041,4408.920100888409) (182.0561573531041,4408.920100888409) (182.0561573531041,4408.185564605537) (183.0561573531042,4408.185564605537) (183.0561573531042,4407.451028322665) (184.0561573531043,4407.451028322665) (184.0561573531043,4406.716492039794) (185.0561573531044,4406.716492039794) (185.0561573531044,4405.981955756922) (186.0561573531045,4405.981955756922) (186.0561573531045,4405.24741947405) (187.0561573531046,4405.24741947405) (187.0561573531046,4404.512883191178) (188.0561573531047,4404.512883191178) (188.0561573531047,4403.778346908306) (189.0561573531047,4403.778346908306) (189.0561573531047,4403.043810625434) (190.0561573531048,4403.043810625434) (190.0561573531048,4402.309274342562) (191.0561573531049,4402.309274342562) (191.0561573531049,4401.57473805969) (192.056157353105,4401.57473805969) (192.056157353105,4400.840201776819) (700,4400.840201776819)
humanPositionY[0]:
[0]: (0,0) (0,163.5) (1,163.5) (1,188.9679078844919) (8.056157353101275,188.9679078844919) (8.056157353101275,188.479046668909) (9.056157353101273,188.479046668909) (9.056157353101273,187.9901854533261) (10.05615735310128,187.9901854533261) (10.05615735310128,187.5013242377432) (11.05615735310128,187.5013242377432) (11.05615735310128,187.0124630221603) (12.05615735310127,187.0124630221603) (12.05615735310127,186.5236018065774) (13.05615735310127,186.5236018065774) (13.05615735310127,186.0347405909945) (14.05615735310127,186.0347405909945) (14.05615735310127,185.5458793754117) (15.05615735310127,185.5458793754117) (15.05615735310127,185.0570181598288) (16.05615735310127,185.0570181598288) (16.05615735310127,184.5681569442459) (17.05615735310126,184.5681569442459) (17.05615735310126,184.079295728663) (18.05615735310125,184.079295728663) (18.05615735310125,183.5904345130801) (19.05615735310124,183.5904345130801) (19.05615735310124,183.1015732974972) (20.05615735310123,183.1015732974972) (20.05615735310123,182.6127120819143) (21.05615735310122,182.6127120819143) (21.05615735310122,182.1238508663315) (22.05615735310121,182.1238508663315) (22.05615735310121,181.6349896507486) (23.0561573531012,181.6349896507486) (23.0561573531012,181.1461284351657) (24.05615735310118,181.1461284351657) (24.05615735310118,180.6572672195828) (25.05615735310117,180.6572672195828) (25.05615735310117,180.1684060039999) (26.05615735310116,180.1684060039999) (26.05615735310116,179.679544788417) (27.05615735310115,179.679544788417) (27.05615735310115,179.1906835728341) (28.05615735310114,179.1906835728341) (28.05615735310114,178.7018223572512) (29.05615735310113,178.7018223572512) (29.05615735310113,178.2129611416684) (30.05615735310112,178.2129611416684) (30.05615735310112,177.7240999260855) (31.05615735310111,177.7240999260855) (31.05615735310111,177.2352387105026) (32.0561573531011,177.2352387105026) (32.0561573531011,176.7463774949197) (33.05615735310112,176.7463774949197) (33.05615735310112,176.2575162793368) (34.05615735310114,176.2575162793368) (34.05615735310114,175.7686550637539) (35.05615735310116,175.7686550637539) (35.05615735310116,175.279793848171) (36.05615735310118,175.279793848171) (36.05615735310118,174.7909326325882) (37.05615735310121,174.7909326325882) (37.05615735310121,174.3020714170053) (38.05615735310123,174.3020714170053) (38.05615735310123,173.8132102014224) (39.05615735310125,173.8132102014224) (39.05615735310125,173.3243489858395) (40.05615735310127,173.3243489858395) (40.05615735310127,172.8354877702566) (41.05615735310129,172.8354877702566) (41.05615735310129,172.3466265546737) (42.05615735310131,172.3466265546737) (42.05615735310131,171.8577653390908) (43.05615735310132,171.8577653390908) (43.05615735310132,171.3689041235079) (44.05615735310133,171.3689041235079) (44.05615735310133,170.8800429079251) (45.05615735310135,170.8800429079251) (45.05615735310135,170.3911816923422) (46.05615735310136,170.3911816923422) (46.05615735310136,169.9023204767593) (47.05615735310138,169.9023204767593) (47.05615735310138,169.4134592611764) (48.05615735310139,169.4134592611764) (48.05615735310139,168.9245980455935) (49.0561573531014,168.9245980455935) (49.0561573531014,168.4357368300106) (50.05615735310142,168.4357368300106) (50.05615735310142,167.9468756144277) (51.05615735310143,167.9468756144277) (51.05615735310143,167.4580143988449) (52.05615735310145,167.4580143988449) (52.05615735310145,166.969153183262) (53.05615735310146,166.969153183262) (53.05615735310146,166.4802919676791) (54.05615735310148,166.4802919676791) (54.05615735310148,165.9914307520962) (55.05615735310149,165.9914307520962) (55.05615735310149,165.5025695365133) (56.0561573531015,165.5025695365133) (56.0561573531015,165.0137083209304) (57.05615735310152,165.0137083209304) (57.05615735310152,164.5248471053475) (58.05615735310153,164.5248471053475) (58.05615735310153,164.0359858897646) (59.05615735310155,164.0359858897646) (59.05615735310155,163.5) (171.0561573531032,163.5) (171.0561573531032,189.4896220913107) (172.0561573531033,189.4896220913107) (172.0561573531033,215.4792441826214) (173.0561573531034,215.4792441826214) (173.0561573531034,241.4688662739321) (174.0561573531035,241.4688662739321) (174.0561573531035,267.4584883652428) (175.0561573531035,267.4584883652428) (175.0561573531035,293.4481104565535) (176.0561573531036,293.4481104565535) (176.0561573531036,319.4377325478642) (177.0561573531037,319.4377325478642) (177.0561573531037,345.427354639175) (178.0561573531038,345.427354639175) (178.0561573531038,371.4169767304857) (179.0561573531039,371.4169767304857) (179.0561573531039,397.4065988217964) (180.056157353104,397.4065988217964) (180.056157353104,423.3962209131071) (181.0561573531041,423.3962209131071) (181.0561573531041,449.3858430044178) (182.0561573531041,449.3858430044178) (182.0561573531041,475.3754650957285) (183.0561573531042,475.3754650957285) (183.0561573531042,501.3650871870392) (184.0561573531043,501.3650871870392) (184.0561573531043,527.3547092783499) (185.0561573531044,527.3547092783499) (185.0561573531044,553.3443313696606) (186.0561573531045,553.3443313696606) (186.0561573531045,579.3339534609713) (187.0561573531046,579.3339534609713) (187.0561573531046,605.323575552282) (188.0561573531047,605.323575552282) (188.0561573531047,631.3131976435927) (189.0561573531047,631.3131976435927) (189.0561573531047,657.3028197349034) (190.0561573531048,657.3028197349034) (190.0561573531048,683.2924418262141) (191.0561573531049,683.2924418262141) (191.0561573531049,709.2820639175249) (192.056157353105,709.2820639175249) (192.056157353105,735.2716860088356) (700,735.2716860088356)
robPositionX[0]:
[0]: (0,0) (0,92.5) (2,92.5) (2,97.73313175708738) (9.056157353101273,97.73313175708738) (9.056157353101273,123.7285354798977) (10.07496081558452,123.7285354798977) (10.07496081558452,149.723939202708) (11.07496081558452,149.723939202708) (11.07496081558452,175.7193429255182) (12.07496081558452,175.7193429255182) (12.07496081558452,201.7147466483285) (13.07496081558452,201.7147466483285) (13.07496081558452,227.7101503711388) (14.07496081558451,227.7101503711388) (14.07496081558451,253.7055540939491) (15.07496081558452,253.7055540939491) (15.07496081558452,279.7009578167594) (16.07496081558451,279.7009578167594) (16.07496081558451,305.6963615395697) (17.0749608155845,305.6963615395697) (17.0749608155845,331.69176526238) (18.07496081558449,331.69176526238) (18.07496081558449,357.6871689851903) (19.07496081558448,357.6871689851903) (19.07496081558448,383.6825727080006) (20.07496081558447,383.6825727080006) (20.07496081558447,409.6779764308109) (21.07496081558446,409.6779764308109) (21.07496081558446,435.6733801536212) (22.07496081558445,435.6733801536212) (22.07496081558445,461.6687838764315) (23.07496081558444,461.6687838764315) (23.07496081558444,487.6641875992418) (24.07496081558443,487.6641875992418) (24.07496081558443,513.6595913220521) (25.07496081558442,513.6595913220521) (25.07496081558442,539.6549950448623) (26.07496081558441,539.6549950448623) (26.07496081558441,565.6503987676725) (27.0749608155844,565.6503987676725) (27.0749608155844,591.6458024904828) (28.07496081558439,591.6458024904828) (28.07496081558439,617.641206213293) (29.07496081558438,617.641206213293) (29.07496081558438,643.6366099361032) (30.07496081558437,643.6366099361032) (30.07496081558437,669.6320136589135) (31.07496081558435,669.6320136589135) (31.07496081558435,695.6274173817237) (32.07496081558434,695.6274173817237) (32.07496081558434,721.622821104534) (33.07496081558436,721.622821104534) (33.07496081558436,747.6182248273442) (34.07496081558438,747.6182248273442) (34.07496081558438,773.6136285501544) (35.0749608155844,773.6136285501544) (35.0749608155844,799.6090322729647) (36.07496081558443,799.6090322729647) (36.07496081558443,825.6044359957749) (37.07496081558445,825.6044359957749) (37.07496081558445,851.5998397185851) (38.07496081558447,851.5998397185851) (38.07496081558447,877.5952434413954) (39.07496081558449,877.5952434413954) (39.07496081558449,903.5906471642056) (40.07496081558451,903.5906471642056) (40.07496081558451,929.5860508870159) (41.07496081558453,929.5860508870159) (41.07496081558453,955.5814546098261) (42.07496081558455,955.5814546098261) (42.07496081558455,981.5768583326363) (43.07496081558456,981.5768583326363) (43.07496081558456,1007.572262055447) (44.07496081558457,1007.572262055447) (44.07496081558457,1033.567665778257) (45.07496081558459,1033.567665778257) (45.07496081558459,1059.563069501067) (46.0749608155846,1059.563069501067) (46.0749608155846,1085.558473223878) (47.07496081558462,1085.558473223878) (47.07496081558462,1111.553876946688) (48.07496081558463,1111.553876946688) (48.07496081558463,1137.549280669498) (49.07496081558465,1137.549280669498) (49.07496081558465,1163.544684392309) (50.07496081558466,1163.544684392309) (50.07496081558466,1189.540088115119) (51.07496081558467,1189.540088115119) (51.07496081558467,1215.535491837929) (52.07496081558469,1215.535491837929) (52.07496081558469,1241.53089556074) (53.0749608155847,1241.53089556074) (53.0749608155847,1267.52629928355) (54.07496081558472,1267.52629928355) (54.07496081558472,1293.52170300636) (55.07496081558473,1293.52170300636) (55.07496081558473,1319.517106729171) (56.07496081558475,1319.517106729171) (56.07496081558475,1345.512510451981) (57.07496081558476,1345.512510451981) (57.07496081558476,1371.507914174791) (58.07496081558477,1371.507914174791) (58.07496081558477,1397.503317897602) (59.07496081558479,1397.503317897602) (59.07496081558479,1423.498721620412) (60.0749608155848,1423.498721620412) (60.0749608155848,1452) (61.07496081558482,1452) (61.07496081558482,1478) (62.07496081558483,1478) (62.07496081558483,1504) (63.07496081558484,1504) (63.07496081558484,1530) (64.07496081558486,1530) (64.07496081558486,1556) (65.07496081558489,1556) (65.07496081558489,1582) (66.07496081558492,1582) (66.07496081558492,1608) (67.07496081558494,1608) (67.07496081558494,1634) (68.07496081558497,1634) (68.07496081558497,1660) (69.074960815585,1660) (69.074960815585,1686) (70.07496081558503,1686) (70.07496081558503,1712) (71.07496081558506,1712) (71.07496081558506,1738) (72.074960815585,1738) (72.074960815585,1764) (73.07496081558494,1764) (73.07496081558494,1790) (74.07496081558489,1790) (74.07496081558489,1816) (75.07496081558483,1816) (75.07496081558483,1842) (76.07496081558477,1842) (76.07496081558477,1868) (77.0749608155848,1868) (77.0749608155848,1894) (78.07496081558483,1894) (78.07496081558483,1920) (79.07496081558486,1920) (79.07496081558486,1946) (80.07496081558489,1946) (80.07496081558489,1972) (81.07496081558492,1972) (81.07496081558492,1998) (82.07496081558494,1998) (82.07496081558494,2024) (83.07496081558497,2024) (83.07496081558497,2050) (84.074960815585,2050) (84.074960815585,2076) (85.07496081558503,2076) (85.07496081558503,2102) (86.07496081558506,2102) (86.07496081558506,2128) (87.07496081558509,2128) (87.07496081558509,2154) (88.07496081558511,2154) (88.07496081558511,2180) (89.07496081558514,2180) (89.07496081558514,2206) (90.07496081558517,2206) (90.07496081558517,2232) (91.0749608155852,2232) (91.0749608155852,2258) (92.07496081558523,2258) (92.07496081558523,2284) (93.07496081558519,2284) (93.07496081558519,2310) (94.07496081558513,2310) (94.07496081558513,2336) (95.07496081558507,2336) (95.07496081558507,2362) (96.07496081558502,2362) (96.07496081558502,2388) (97.07496081558496,2388) (97.07496081558496,2414) (98.07496081558489,2414) (98.07496081558489,2440) (99.07496081558482,2440) (99.07496081558482,2466) (100.0749608155847,2466) (100.0749608155847,2492) (101.0749608155847,2492) (101.0749608155847,2518) (102.0749608155846,2518) (102.0749608155846,2544) (103.0749608155845,2544) (103.0749608155845,2570) (104.0749608155845,2570) (104.0749608155845,2596) (105.0749608155844,2596) (105.0749608155844,2622) (106.0749608155843,2622) (106.0749608155843,2648) (107.0749608155842,2648) (107.0749608155842,2674) (108.0749608155842,2674) (108.0749608155842,2700) (109.0749608155841,2700) (109.0749608155841,2726) (110.074960815584,2726) (110.074960815584,2752) (111.074960815584,2752) (111.074960815584,2778) (112.0749608155839,2778) (112.0749608155839,2804) (113.0749608155838,2804) (113.0749608155838,2830) (114.0749608155838,2830) (114.0749608155838,2856) (115.0749608155837,2856) (115.0749608155837,2882) (116.0749608155836,2882) (116.0749608155836,2908) (117.0749608155835,2908) (117.0749608155835,2934) (118.0749608155835,2934) (118.0749608155835,2960) (119.0749608155834,2960) (119.0749608155834,2986) (120.0749608155833,2986) (120.0749608155833,3012) (121.0749608155833,3012) (121.0749608155833,3038) (122.0749608155832,3038) (122.0749608155832,3062.5) (123.0749608155831,3062.5) (123.0749608155831,3088.5) (124.074960815583,3088.5) (124.074960815583,3114.5) (125.074960815583,3114.5) (125.074960815583,3140.5) (126.0749608155829,3140.5) (126.0749608155829,3166.5) (127.0749608155828,3166.5) (127.0749608155828,3192.5) (128.0749608155828,3192.5) (128.0749608155828,3218.5) (129.0749608155829,3218.5) (129.0749608155829,3244.5) (130.074960815583,3244.5) (130.074960815583,3270.5) (131.074960815583,3270.5) (131.074960815583,3296.5) (132.0749608155831,3296.5) (132.0749608155831,3322.5) (133.0749608155832,3322.5) (133.0749608155832,3348.5) (134.0749608155833,3348.5) (134.0749608155833,3374.5) (135.0749608155834,3374.5) (135.0749608155834,3400.5) (136.0749608155835,3400.5) (136.0749608155835,3426.5) (137.0749608155836,3426.5) (137.0749608155836,3452.5) (138.0749608155836,3452.5) (138.0749608155836,3478.5) (139.0749608155837,3478.5) (139.0749608155837,3504.5) (140.0749608155838,3504.5) (140.0749608155838,3530.5) (141.0749608155839,3530.5) (141.0749608155839,3556.5) (142.074960815584,3556.5) (142.074960815584,3582.5) (143.0749608155841,3582.5) (143.0749608155841,3608.5) (144.0749608155841,3608.5) (144.0749608155841,3634.5) (145.0749608155842,3634.5) (145.0749608155842,3660.5) (146.0749608155843,3660.5) (146.0749608155843,3686.5) (147.0749608155844,3686.5) (147.0749608155844,3712.5) (148.0749608155845,3712.5) (148.0749608155845,3738.5) (149.0749608155846,3738.5) (149.0749608155846,3764.5) (150.0749608155847,3764.5) (150.0749608155847,3790.5) (151.0749608155847,3790.5) (151.0749608155847,3816.5) (152.0749608155848,3816.5) (152.0749608155848,3842.5) (153.0749608155849,3842.5) (153.0749608155849,3868.5) (154.074960815585,3868.5) (154.074960815585,3894.5) (155.0749608155851,3894.5) (155.0749608155851,3920.5) (156.0749608155852,3920.5) (156.0749608155852,3946.5) (157.0749608155853,3946.5) (157.0749608155853,3972.5) (158.0749608155853,3972.5) (158.0749608155853,3998.5) (159.0749608155854,3998.5) (159.0749608155854,4024.5) (160.0749608155855,4024.5) (160.0749608155855,4050.5) (161.0749608155856,4050.5) (161.0749608155856,4076.5) (162.0749608155857,4076.5) (162.0749608155857,4102.5) (163.0749608155858,4102.5) (163.0749608155858,4128.5) (164.0749608155859,4128.5) (164.0749608155859,4154.5) (165.0749608155859,4154.5) (165.0749608155859,4180.5) (166.074960815586,4180.5) (166.074960815586,4206.5) (167.0749608155861,4206.5) (167.0749608155861,4232.5) (168.0749608155862,4232.5) (168.0749608155862,4258.5) (169.0749608155863,4258.5) (169.0749608155863,4284.5) (170.0749608155864,4284.5) (170.0749608155864,4310.5) (171.0749608155865,4310.5) (171.0749608155865,4336.5) (172.0749608155865,4336.5) (172.0749608155865,4362.5) (173.0749608155866,4362.5) (173.0749608155866,4388.5) (174.0749608155867,4388.5) (174.0749608155867,4417) (176.6740122973285,4417) (176.6740122973285,4416.265463717128) (177.6740122973285,4416.265463717128) (177.6740122973285,4415.530927434256) (178.6740122973286,4415.530927434256) (178.6740122973286,4414.796391151384) (179.6740122973287,4414.796391151384) (179.6740122973287,4414.061854868512) (180.6740122973288,4414.061854868512) (180.6740122973288,4413.327318585641) (181.6740122973289,4413.327318585641) (181.6740122973289,4412.592782302769) (182.674012297329,4412.592782302769) (182.674012297329,4411.858246019897) (183.6740122973291,4411.858246019897) (183.6740122973291,4411.123709737025) (184.6740122973291,4411.123709737025) (184.6740122973291,4410.389173454153) (185.6740122973292,4410.389173454153) (185.6740122973292,4409.654637171281) (186.6740122973293,4409.654637171281) (186.6740122973293,4408.920100888409) (187.6740122973294,4408.920100888409) (187.6740122973294,4408.185564605537) (188.6740122973295,4408.185564605537) (188.6740122973295,4407.451028322665) (189.6740122973296,4407.451028322665) (189.6740122973296,4406.716492039794) (190.6740122973297,4406.716492039794) (190.6740122973297,4405.981955756922) (191.6740122973297,4405.981955756922) (191.6740122973297,4405.24741947405) (192.6740122973298,4405.24741947405) (192.6740122973298,4404.512883191178) (193.6740122973299,4404.512883191178) (193.6740122973299,4403.778346908306) (194.67401229733,4403.778346908306) (194.67401229733,4403.043810625434) (195.6740122973301,4403.043810625434) (195.6740122973301,4402.309274342562) (196.6740122973302,4402.309274342562) (196.6740122973302,4401.57473805969) (197.6740122973303,4401.57473805969) (197.6740122973303,4400.840201776819) (700,4400.840201776819)
robPositionY[0]:
[0]: (0,0) (0,163.5) (2,163.5) (2,188.9679078844919) (9.056157353101273,188.9679078844919) (9.056157353101273,188.479046668909) (10.07496081558452,188.479046668909) (10.07496081558452,187.9901854533261) (11.07496081558452,187.9901854533261) (11.07496081558452,187.5013242377432) (12.07496081558452,187.5013242377432) (12.07496081558452,187.0124630221603) (13.07496081558452,187.0124630221603) (13.07496081558452,186.5236018065774) (14.07496081558451,186.5236018065774) (14.07496081558451,186.0347405909945) (15.07496081558452,186.0347405909945) (15.07496081558452,185.5458793754117) (16.07496081558451,185.5458793754117) (16.07496081558451,185.0570181598288) (17.0749608155845,185.0570181598288) (17.0749608155845,184.5681569442459) (18.07496081558449,184.5681569442459) (18.07496081558449,184.079295728663) (19.07496081558448,184.079295728663) (19.07496081558448,183.5904345130801) (20.07496081558447,183.5904345130801) (20.07496081558447,183.1015732974972) (21.07496081558446,183.1015732974972) (21.07496081558446,182.6127120819143) (22.07496081558445,182.6127120819143) (22.07496081558445,182.1238508663315) (23.07496081558444,182.1238508663315) (23.07496081558444,181.6349896507486) (24.07496081558443,181.6349896507486) (24.07496081558443,181.1461284351657) (25.07496081558442,181.1461284351657) (25.07496081558442,180.6572672195828) (26.07496081558441,180.6572672195828) (26.07496081558441,180.1684060039999) (27.0749608155844,180.1684060039999) (27.0749608155844,179.679544788417) (28.07496081558439,179.679544788417) (28.07496081558439,179.1906835728341) (29.07496081558438,179.1906835728341) (29.07496081558438,178.7018223572512) (30.07496081558437,178.7018223572512) (30.07496081558437,178.2129611416684) (31.07496081558435,178.2129611416684) (31.07496081558435,177.7240999260855) (32.07496081558434,177.7240999260855) (32.07496081558434,177.2352387105026) (33.07496081558436,177.2352387105026) (33.07496081558436,176.7463774949197) (34.07496081558438,176.7463774949197) (34.07496081558438,176.2575162793368) (35.0749608155844,176.2575162793368) (35.0749608155844,175.7686550637539) (36.07496081558443,175.7686550637539) (36.07496081558443,175.279793848171) (37.07496081558445,175.279793848171) (37.07496081558445,174.7909326325882) (38.07496081558447,174.7909326325882) (38.07496081558447,174.3020714170053) (39.07496081558449,174.3020714170053) (39.07496081558449,173.8132102014224) (40.07496081558451,173.8132102014224) (40.07496081558451,173.3243489858395) (41.07496081558453,173.3243489858395) (41.07496081558453,172.8354877702566) (42.07496081558455,172.8354877702566) (42.07496081558455,172.3466265546737) (43.07496081558456,172.3466265546737) (43.07496081558456,171.8577653390908) (44.07496081558457,171.8577653390908) (44.07496081558457,171.3689041235079) (45.07496081558459,171.3689041235079) (45.07496081558459,170.8800429079251) (46.0749608155846,170.8800429079251) (46.0749608155846,170.3911816923422) (47.07496081558462,170.3911816923422) (47.07496081558462,169.9023204767593) (48.07496081558463,169.9023204767593) (48.07496081558463,169.4134592611764) (49.07496081558465,169.4134592611764) (49.07496081558465,168.9245980455935) (50.07496081558466,168.9245980455935) (50.07496081558466,168.4357368300106) (51.07496081558467,168.4357368300106) (51.07496081558467,167.9468756144277) (52.07496081558469,167.9468756144277) (52.07496081558469,167.4580143988449) (53.0749608155847,167.4580143988449) (53.0749608155847,166.969153183262) (54.07496081558472,166.969153183262) (54.07496081558472,166.4802919676791) (55.07496081558473,166.4802919676791) (55.07496081558473,165.9914307520962) (56.07496081558475,165.9914307520962) (56.07496081558475,165.5025695365133) (57.07496081558476,165.5025695365133) (57.07496081558476,165.0137083209304) (58.07496081558477,165.0137083209304) (58.07496081558477,164.5248471053475) (59.07496081558479,164.5248471053475) (59.07496081558479,164.0359858897646) (60.0749608155848,164.0359858897646) (60.0749608155848,163.5) (176.6740122973285,163.5) (176.6740122973285,189.4896220913107) (177.6740122973285,189.4896220913107) (177.6740122973285,215.4792441826214) (178.6740122973286,215.4792441826214) (178.6740122973286,241.4688662739321) (179.6740122973287,241.4688662739321) (179.6740122973287,267.4584883652428) (180.6740122973288,267.4584883652428) (180.6740122973288,293.4481104565535) (181.6740122973289,293.4481104565535) (181.6740122973289,319.4377325478642) (182.674012297329,319.4377325478642) (182.674012297329,345.427354639175) (183.6740122973291,345.427354639175) (183.6740122973291,371.4169767304857) (184.6740122973291,371.4169767304857) (184.6740122973291,397.4065988217964) (185.6740122973292,397.4065988217964) (185.6740122973292,423.3962209131071) (186.6740122973293,423.3962209131071) (186.6740122973293,449.3858430044178) (187.6740122973294,449.3858430044178) (187.6740122973294,475.3754650957285) (188.6740122973295,475.3754650957285) (188.6740122973295,501.3650871870392) (189.6740122973296,501.3650871870392) (189.6740122973296,527.3547092783499) (190.6740122973297,527.3547092783499) (190.6740122973297,553.3443313696606) (191.6740122973297,553.3443313696606) (191.6740122973297,579.3339534609713) (192.6740122973298,579.3339534609713) (192.6740122973298,605.323575552282) (193.6740122973299,605.323575552282) (193.6740122973299,631.3131976435927) (194.67401229733,631.3131976435927) (194.67401229733,657.3028197349034) (195.6740122973301,657.3028197349034) (195.6740122973301,683.2924418262141) (196.6740122973302,683.2924418262141) (196.6740122973302,709.2820639175249) (197.6740122973303,709.2820639175249) (197.6740122973303,735.2716860088356) (700,735.2716860088356)
batteryCharge[0]:
[0]: (0,100) (700,100)
user_guided_transport.end:
[0]: (0,0) (199.6740122973294,0) (199.6740122973294,1) (700,1)
[2K
Verifying formula 5 at /nta/queries/query[5]/formula
 -- Formula: simulate[<=700]{robot_inventory[0][0], user_guided_transport.end*2}
[2K -- Formula is satisfied.
robot_inventory[0][0]:
[0]: (0,0) (7.424332397387203,0) (7.424332397387203,1) (700,1)
user_guided_transport.end * 2:
[0]: (0,0) (200.0421873416139,0) (200.0421873416139,2) (700,2)
[2K
Verifying formula 6 at /nta/queries/query[6]/formula
 -- Formula: simulate[<=700]{bedroom[0], bedroom[1], kitchen[0], kitchen[1]}
[2K -- Formula is satisfied.
bedroom[0]:
[0]: (0,100) (700,100)
bedroom[1]:
[0]: (0,200) (700,200)
kitchen[0]:
[0]: (0,4400) (700,4400)
kitchen[1]:
[0]: (0,765) (700,765)
[2K
Verifying formula 7 at /nta/queries/query[7]/formula
 -- Formula: simulate[<=700]{rm_1.idle, rf_1.idle, rp_1.idle, rd_1.idle}
[2K -- Formula is satisfied.
rm_1.idle:
[0]: (0,0) (0,1) (0,0) (3,0) (3,1) (7.444527857340302,1) (7.444527857340302,0) (199.0623828015729,0) (199.0623828015729,1) (700,1)
rf_1.idle:
[0]: (0,0) (0,1) (700,1)
rp_1.idle:
[0]: (0,0) (0,1) (2,1) (2,0) (7.444527857340302,0) (7.444527857340302,1) (700,1)
rd_1.idle:
[0]: (0,0) (0,1) (700,1)
[2K
Verifying formula 8 at /nta/queries/query[8]/formula
 -- Formula: Pr[<=700](<>!rm_1.idle || !rf_1.idle || !rp_1.idle || !rd_1.idle)
[2K -- Formula is satisfied.
(72/72 runs) Pr(<> …) in [0.950056,1] (95% CI)
Values in [0,0] mean=0 steps=2.22045e-16: 72
[2K
Verifying formula 9 at /nta/queries/query[9]/formula
 -- Formula: Pr[<=700]([] (user_guided_transport.end imply (rm_1.idle && rf_1.idle && rp_1.idle && rd_1.idle)))
 -- Throughput: 696058 runs/sec, Load: 323 runs[K
[2K -- Formula is satisfied.
(72/72 runs) Pr([] …) in [0.950056,1] (95% CI)
[2K
Verifying formula 10 at /nta/queries/query[10]/formula
 -- Formula: Pr[<=700] (<> pow(humanPositionX[0] - kitchen[0], 2) + pow(humanPositionY[0] - kitchen[1], 2) <= 900 )
[2K -- Formula is satisfied.
(72/72 runs) Pr(<> …) in [0.950056,1] (95% CI)
Values in [192.022,196.913] mean=194.755 steps=0.543549: 4 5 10 6 8 10 9 9 11
[2K
Verifying formula 11 at /nta/queries/query[11]/formula
 -- Formula: Pr[<=700] (<> pow(humanPositionX[0] - bedroom[0], 2) + pow(humanPositionY[0] - bedroom[1], 2) <= 900 )
[2K -- Formula is satisfied.
(72/72 runs) Pr(<> …) in [0.950056,1] (95% CI)
Values in [1,1] mean=1 steps=2.22045e-16: 72
[2K
Verifying formula 12 at /nta/queries/query[12]/formula
 -- Formula: Pr[<=700] (<> pow(robPositionX[0] - kitchen[0], 2) + pow(robPositionY[0] - kitchen[1], 2) <= 900 )
[2K -- Formula is satisfied.
(72/72 runs) Pr(<> …) in [0.950056,1] (95% CI)
Values in [197.625,202.533] mean=200.041 steps=0.545288: 8 8 8 13 7 4 4 12 8
[2K
Verifying formula 13 at /nta/queries/query[13]/formula
 -- Formula: Pr[<=700] (<> pow(robPositionX[0] - bedroom[0], 2) + pow(robPositionY[0] - bedroom[1], 2) <= 900 )
[2K -- Formula is satisfied.
(72/72 runs) Pr(<> …) in [0.950056,1] (95% CI)
Values in [2,2] mean=2 steps=2.22045e-16: 72
[2K
Verifying formula 14 at /nta/queries/query[14]/formula
 -- Formula: Pr[<=700] (<> !isValidPosition(humanPositionX[0], humanPositionY[0]))
[2K -- Formula is satisfied.
(72/72 runs) Pr(<> …) in [0.950056,1] (95% CI)
Values in [0,0] mean=0 steps=2.22045e-16: 72
[2K
Verifying formula 15 at /nta/queries/query[15]/formula
 -- Formula: Pr[<=700] (<> !isValidPosition(robPositionX[0], robPositionY[0]))
[2K -- Formula is satisfied.
(72/72 runs) Pr(<> …) in [0.950056,1] (95% CI)
Values in [0,0] mean=0 steps=2.22045e-16: 72
[2K
Verifying formula 16 at /nta/queries/query[16]/formula
 -- Formula: Pr[<=700] (<> currP > 2)
 -- Throughput: 689580 runs/sec, Load: 324 runs[K
[2K -- Formula is satisfied.
(0/72 runs) Pr(<> …) in [0,0.0499441] (95% CI)
