Options for the verification:
  Generating no trace
  Search order is breadth first
  Using conservative space optimisation
  Seed is 1783190715
  State space representation uses minimal constraint systems with future testing
  Using HashMap + Compress integers for discrete state storage
[2K
Verifying formula 1 at /nta/queries/query[1]/formula
 -- Formula: simulate[<=700]{Coffee_Delivery_robot1_def.s1_start, Coffee_Delivery_robot1_def.s1_end, Coffee_Delivery_robot1_def.s2_start, Coffee_Delivery_robot1_def.s2_end, Coffee_Delivery_robot1_def.s3_start, Coffee_Delivery_robot1_def.s3_end, Coffee_Delivery_robot1_def.s4_start, Coffee_Delivery_robot1_def.s4_end, Coffee_Delivery_robot1_def.s5_start, Coffee_Delivery_robot1_def.s5_end, Coffee_Delivery_robot1_def.s6_start, Coffee_Delivery_robot1_def.s6_end, Coffee_Delivery.end}
[2K -- Aborted.
Coffee_Delivery_robot1_def.s1_start:
[0]: (0,0) (0,1) (0,0) (170.5306284072062,0)
Coffee_Delivery_robot1_def.s1_end:
[0]: (0,0) (67.5767397931244,0) (67.5767397931244,1) (67.5767397931244,0) (170.5306284072062,0)
Coffee_Delivery_robot1_def.s2_start:
[0]: (0,0) (67.5767397931244,0) (67.5767397931244,1) (67.5767397931244,0) (170.5306284072062,0)
Coffee_Delivery_robot1_def.s2_end:
[0]: (0,0) (73.23359795176242,0) (73.23359795176242,1) (73.23359795176242,0) (170.5306284072062,0)
Coffee_Delivery_robot1_def.s3_start:
[0]: (0,0) (73.23359795176242,0) (73.23359795176242,1) (73.23359795176242,0) (170.5306284072062,0)
Coffee_Delivery_robot1_def.s3_end:
[0]: (0,0) (141.9130529802845,0) (141.9130529802845,1) (141.9130529802845,0) (170.5306284072062,0)
Coffee_Delivery_robot1_def.s4_start:
[0]: (0,0) (141.9130529802845,0) (141.9130529802845,1) (141.9130529802845,0) (170.5306284072062,0)
Coffee_Delivery_robot1_def.s4_end:
[0]: (0,0) (146.9130529802845,0) (146.9130529802845,1) (146.9130529802845,0) (170.5306284072062,0)
Coffee_Delivery_robot1_def.s5_start:
[0]: (0,0) (146.9130529802845,0) (146.9130529802845,1) (146.9130529802845,0) (170.5306284072062,0)
Coffee_Delivery_robot1_def.s5_end:
[0]: (0,0) (170.5306284072062,0) (170.5306284072062,1)
Coffee_Delivery_robot1_def.s6_start:
[0]: (0,0) (170.5306284072062,0) (170.5306284072062,1)
Coffee_Delivery_robot1_def.s6_end:
[0]: (0,0) (170.5306284072062,0)
Coffee_Delivery.end:
[0]: (0,0) (170.5306284072062,0)
[2K
Verifying formula 2 at /nta/queries/query[2]/formula
 -- Formula: Pr[<=700] (<> Coffee_Delivery.end)
[2K -- Aborted.
[2K
Verifying formula 3 at /nta/queries/query[3]/formula
 -- Formula: simulate[<=700]{humanPositionX[0], humanPositionY[0], humanPositionX[1], humanPositionY[1], robPositionX[0], robPositionY[0], batteryCharge[0], Coffee_Delivery.end}
[2K -- Aborted.
humanPositionX[0]:
[0]: (0,0) (0,92.5)
humanPositionY[0]:
[0]: (0,0) (0,163.5)
humanPositionX[1]:
[0]: (0,0) (0,92.5)
humanPositionY[1]:
[0]: (0,0) (0,761.2)
robPositionX[0]:
[0]: (0,0) (0,92.5) (2,92.5) (2,118.5) (3,118.5) (3,144.5) (4,144.5) (4,170.5) (5,170.5) (5,196.5) (6,196.5) (6,222.5) (7,222.5) (7,248.5) (8,248.5) (8,274.5) (9,274.5) (9,300.5) (10,300.5) (10,326.5) (11,326.5) (11,352.5) (12,352.5) (12,378.5) (13,378.5) (13,404.5) (14,404.5) (14,430.5) (15,430.5) (15,456.5) (16,456.5) (16,482.5) (17,482.5) (17,508.5) (18,508.5) (18,534.5) (19,534.5) (19,560.5) (20,560.5) (20,586.5) (21,586.5) (21,612.5) (22,612.5) (22,638.5) (23,638.5) (23,664.5) (24,664.5) (24,690.5) (25,690.5) (25,716.5) (26,716.5) (26,742.5) (27,742.5) (27,768.5) (28,768.5) (28,794.5) (29,794.5) (29,820.5) (30,820.5) (30,846.5) (31,846.5) (31,872.5) (32,872.5) (32,898.5) (33,898.5) (33,924.5) (34,924.5) (34,950.5) (35,950.5) (35,976.5) (36,976.5) (36,1002.5) (37,1002.5) (37,1028.5) (38,1028.5) (38,1054.5) (39,1054.5) (39,1080.5) (40,1080.5) (40,1106.5) (41,1106.5) (41,1132.5) (42,1132.5) (42,1158.5) (43,1158.5) (43,1184.5) (44,1184.5) (44,1210.5) (45,1210.5) (45,1236.5) (46,1236.5) (46,1262.5) (47,1262.5) (47,1288.5) (48,1288.5) (48,1314.5) (49,1314.5) (49,1340.5) (50,1340.5) (50,1366.5) (51,1366.5) (51,1392.5) (52,1392.5) (52,1418.5) (53,1418.5) (53,1444.5) (54,1444.5) (54,1452) (56.57673979312437,1452) (56.57673979312437,1451.845470785223) (57.57673979312437,1451.845470785223) (57.57673979312437,1451.690941570446) (58.57673979312437,1451.690941570446) (58.57673979312437,1451.536412355669) (59.57673979312437,1451.536412355669) (59.57673979312437,1451.381883140892) (60.57673979312437,1451.381883140892) (60.57673979312437,1451.227353926115) (61.57673979312437,1451.227353926115) (61.57673979312437,1451.072824711337) (62.57673979312437,1451.072824711337) (62.57673979312437,1450.91829549656) (63.57673979312437,1450.91829549656) (63.57673979312437,1450.763766281783) (64.5767397931244,1450.763766281783) (64.5767397931244,1450.609237067006) (65.5767397931244,1450.609237067006) (65.5767397931244,1450.454707852229) (66.5767397931244,1450.454707852229) (66.5767397931244,1450.300178637452) (67.5767397931244,1450.300178637452) (67.5767397931244,1450.145649422675) (75.28254141424442,1450.145649422675) (75.28254141424442,1450.300178637452) (77.84739427470983,1450.300178637452) (77.84739427470983,1450.454707852229) (78.84739427470984,1450.454707852229) (78.84739427470984,1450.609237067006) (79.84739427470984,1450.609237067006) (79.84739427470984,1450.763766281783) (80.84739427470984,1450.763766281783) (80.84739427470984,1450.91829549656) (81.84739427470986,1450.91829549656) (81.84739427470986,1451.072824711337) (82.84739427470981,1451.072824711337) (82.84739427470981,1451.227353926115) (83.84739427470981,1451.227353926115) (83.84739427470981,1451.381883140892) (84.84739427470981,1451.381883140892) (84.84739427470981,1451.536412355669) (85.84739427470981,1451.536412355669) (85.84739427470981,1451.690941570446) (86.84739427470981,1451.690941570446) (86.84739427470981,1451.845470785223) (87.84739427470981,1451.845470785223) (87.84739427470981,1452) (91.96199644276641,1452) (91.96199644276641,1426.009469747118) (92.96199644276641,1426.009469747118) (92.96199644276641,1400.018939494237) (93.96199644276641,1400.018939494237) (93.96199644276641,1374.028409241355) (94.96199644276641,1374.028409241355) (94.96199644276641,1348.037878988473) (95.96199644276641,1348.037878988473) (95.96199644276641,1322.047348735592) (96.96199644276641,1322.047348735592) (96.96199644276641,1296.05681848271) (97.96199644276641,1296.05681848271) (97.96199644276641,1270.066288229829) (98.96199644276641,1270.066288229829) (98.96199644276641,1244.075757976947) (99.96199644276641,1244.075757976947) (99.96199644276641,1218.085227724065) (100.9619964427664,1218.085227724065) (100.9619964427664,1192.094697471184) (101.9619964427664,1192.094697471184) (101.9619964427664,1166.104167218302) (102.9619964427664,1166.104167218302) (102.9619964427664,1140.11363696542) (103.9619964427664,1140.11363696542) (103.9619964427664,1114.123106712539) (104.9619964427664,1114.123106712539) (104.9619964427664,1088.132576459657) (105.9619964427664,1088.132576459657) (105.9619964427664,1062.142046206776) (106.9619964427664,1062.142046206776) (106.9619964427664,1036.151515953894) (107.9619964427664,1036.151515953894) (107.9619964427664,1010.160985701012) (108.9619964427664,1010.160985701012) (108.9619964427664,984.1704554481307) (109.9619964427664,984.1704554481307) (109.9619964427664,958.1799251952491) (110.9619964427664,958.1799251952491) (110.9619964427664,932.1893949423675) (111.9619964427664,932.1893949423675) (111.9619964427664,906.1988646894858) (112.9619964427664,906.1988646894858) (112.9619964427664,880.2083344366042) (113.9619964427664,880.2083344366042) (113.9619964427664,854.2178041837226) (114.9619964427664,854.2178041837226) (114.9619964427664,828.227273930841) (115.9619964427664,828.227273930841) (115.9619964427664,802.2367436779593) (116.9619964427664,802.2367436779593) (116.9619964427664,776.2462134250777) (117.9619964427664,776.2462134250777) (117.9619964427664,750.2556831721961) (118.9619964427664,750.2556831721961) (118.9619964427664,724.2651529193145) (119.9619964427664,724.2651529193145) (119.9619964427664,698.2746226664328) (120.9619964427664,698.2746226664328) (120.9619964427664,672.2840924135512) (121.9619964427664,672.2840924135512) (121.9619964427664,646.2935621606696) (122.9619964427664,646.2935621606696) (122.9619964427664,620.303031907788) (123.9619964427664,620.303031907788) (123.9619964427664,594.3125016549063) (124.9619964427664,594.3125016549063) (124.9619964427664,568.3219714020247) (125.9619964427664,568.3219714020247) (125.9619964427664,542.3314411491431) (126.9619964427664,542.3314411491431) (126.9619964427664,516.3409108962614) (127.9619964427664,516.3409108962614) (127.9619964427664,490.3503806433799) (128.9619964427665,490.3503806433799) (128.9619964427665,464.3598503904983) (129.9619964427666,464.3598503904983) (129.9619964427666,438.3693201376167) (130.9619964427666,438.3693201376167) (130.9619964427666,412.3787898847352) (131.9619964427666,412.3787898847352) (131.9619964427666,386.3882596318536) (132.9619964427666,386.3882596318536) (132.9619964427666,360.397729378972) (133.9619964427666,360.397729378972) (133.9619964427666,334.4071991260905) (134.9619964427666,334.4071991260905) (134.9619964427666,308.4166688732089) (135.9619964427666,308.4166688732089) (135.9619964427666,282.4261386203273) (136.9619964427666,282.4261386203273) (136.9619964427666,256.4356083674458) (137.9619964427666,256.4356083674458) (137.9619964427666,230.4450781145642) (138.9619964427666,230.4450781145642) (138.9619964427666,204.4545478616826) (139.9619964427666,204.4545478616826) (139.9619964427666,178.464017608801) (140.9619964427666,178.464017608801) (140.9619964427666,152.4734873559195) (141.9619964427666,152.4734873559195) (141.9619964427666,126.4829571030379) (148.9619964427664,126.4829571030379) (148.9619964427664,125.267144037063) (151.5795718696882,125.267144037063) (151.5795718696882,124.0513309710882) (152.5795718696881,124.0513309710882) (152.5795718696881,122.8355179051133) (153.5795718696881,122.8355179051133) (153.5795718696881,121.6197048391384) (154.5795718696881,121.6197048391384) (154.5795718696881,120.4038917731636) (155.579571869688,120.4038917731636) (155.579571869688,119.1880787071887) (156.579571869688,119.1880787071887) (156.579571869688,117.9722656412138) (157.579571869688,117.9722656412138) (157.579571869688,116.7564525752389) (158.579571869688,116.7564525752389) (158.579571869688,115.5406395092641) (159.579571869688,115.5406395092641) (159.579571869688,114.3248264432892) (160.579571869688,114.3248264432892) (160.579571869688,113.1090133773143) (161.579571869688,113.1090133773143) (161.579571869688,111.8932003113395) (162.579571869688,111.8932003113395) (162.579571869688,110.6773872453646) (163.579571869688,110.6773872453646) (163.579571869688,109.4615741793897) (164.579571869688,109.4615741793897) (164.579571869688,108.2457611134148) (165.579571869688,108.2457611134148) (165.579571869688,107.02994804744) (166.579571869688,107.02994804744) (166.579571869688,105.8141349814651) (167.579571869688,105.8141349814651) (167.579571869688,104.5983219154902) (168.579571869688,104.5983219154902) (168.579571869688,103.3825088495154) (169.579571869688,103.3825088495154) (169.579571869688,102.1666957835405) (170.579571869688,102.1666957835405) (170.579571869688,100.9508827175656)
robPositionY[0]:
[0]: (0,0) (0,163.5) (56.57673979312437,163.5) (56.57673979312437,189.4995407790557) (57.57673979312437,189.4995407790557) (57.57673979312437,215.4990815581114) (58.57673979312437,215.4990815581114) (58.57673979312437,241.4986223371671) (59.57673979312437,241.4986223371671) (59.57673979312437,267.4981631162228) (60.57673979312437,267.4981631162228) (60.57673979312437,293.4977038952785) (61.57673979312437,293.4977038952785) (61.57673979312437,319.4972446743342) (62.57673979312437,319.4972446743342) (62.57673979312437,345.4967854533899) (63.57673979312437,345.4967854533899) (63.57673979312437,371.4963262324455) (64.5767397931244,371.4963262324455) (64.5767397931244,397.4958670115012) (65.5767397931244,397.4958670115012) (65.5767397931244,423.4954077905569) (66.5767397931244,423.4954077905569) (66.5767397931244,449.4949485696126) (67.5767397931244,449.4949485696126) (67.5767397931244,475.4944893486683) (75.28254141424442,475.4944893486683) (75.28254141424442,449.4949485696126) (77.84739427470983,449.4949485696126) (77.84739427470983,423.4954077905569) (78.84739427470984,423.4954077905569) (78.84739427470984,397.4958670115012) (79.84739427470984,397.4958670115012) (79.84739427470984,371.4963262324455) (80.84739427470984,371.4963262324455) (80.84739427470984,345.4967854533899) (81.84739427470986,345.4967854533899) (81.84739427470986,319.4972446743342) (82.84739427470981,319.4972446743342) (82.84739427470981,293.4977038952785) (83.84739427470981,293.4977038952785) (83.84739427470981,267.4981631162228) (84.84739427470981,267.4981631162228) (84.84739427470981,241.4986223371671) (85.84739427470981,241.4986223371671) (85.84739427470981,215.4990815581114) (86.84739427470981,215.4990815581114) (86.84739427470981,189.4995407790557) (87.84739427470981,189.4995407790557) (87.84739427470981,163.5) (91.96199644276641,163.5) (91.96199644276641,164.2016674241034) (92.96199644276641,164.2016674241034) (92.96199644276641,164.9033348482068) (93.96199644276641,164.9033348482068) (93.96199644276641,165.6050022723103) (94.96199644276641,165.6050022723103) (94.96199644276641,166.3066696964137) (95.96199644276641,166.3066696964137) (95.96199644276641,167.0083371205171) (96.96199644276641,167.0083371205171) (96.96199644276641,167.7100045446205) (97.96199644276641,167.7100045446205) (97.96199644276641,168.4116719687239) (98.96199644276641,168.4116719687239) (98.96199644276641,169.1133393928274) (99.96199644276641,169.1133393928274) (99.96199644276641,169.8150068169308) (100.9619964427664,169.8150068169308) (100.9619964427664,170.5166742410342) (101.9619964427664,170.5166742410342) (101.9619964427664,171.2183416651376) (102.9619964427664,171.2183416651376) (102.9619964427664,171.920009089241) (103.9619964427664,171.920009089241) (103.9619964427664,172.6216765133445) (104.9619964427664,172.6216765133445) (104.9619964427664,173.3233439374479) (105.9619964427664,173.3233439374479) (105.9619964427664,174.0250113615513) (106.9619964427664,174.0250113615513) (106.9619964427664,174.7266787856547) (107.9619964427664,174.7266787856547) (107.9619964427664,175.4283462097581) (108.9619964427664,175.4283462097581) (108.9619964427664,176.1300136338616) (109.9619964427664,176.1300136338616) (109.9619964427664,176.831681057965) (110.9619964427664,176.831681057965) (110.9619964427664,177.5333484820684) (111.9619964427664,177.5333484820684) (111.9619964427664,178.2350159061718) (112.9619964427664,178.2350159061718) (112.9619964427664,178.9366833302752) (113.9619964427664,178.9366833302752) (113.9619964427664,179.6383507543786) (114.9619964427664,179.6383507543786) (114.9619964427664,180.3400181784821) (115.9619964427664,180.3400181784821) (115.9619964427664,181.0416856025855) (116.9619964427664,181.0416856025855) (116.9619964427664,181.7433530266889) (117.9619964427664,181.7433530266889) (117.9619964427664,182.4450204507923) (118.9619964427664,182.4450204507923) (118.9619964427664,183.1466878748957) (119.9619964427664,183.1466878748957) (119.9619964427664,183.8483552989992) (120.9619964427664,183.8483552989992) (120.9619964427664,184.5500227231026) (121.9619964427664,184.5500227231026) (121.9619964427664,185.251690147206) (122.9619964427664,185.251690147206) (122.9619964427664,185.9533575713094) (123.9619964427664,185.9533575713094) (123.9619964427664,186.6550249954128) (124.9619964427664,186.6550249954128) (124.9619964427664,187.3566924195163) (125.9619964427664,187.3566924195163) (125.9619964427664,188.0583598436197) (126.9619964427664,188.0583598436197) (126.9619964427664,188.7600272677231) (127.9619964427664,188.7600272677231) (127.9619964427664,189.4616946918265) (128.9619964427665,189.4616946918265) (128.9619964427665,190.1633621159299) (129.9619964427666,190.1633621159299) (129.9619964427666,190.8650295400334) (130.9619964427666,190.8650295400334) (130.9619964427666,191.5666969641368) (131.9619964427666,191.5666969641368) (131.9619964427666,192.2683643882402) (132.9619964427666,192.2683643882402) (132.9619964427666,192.9700318123436) (133.9619964427666,192.9700318123436) (133.9619964427666,193.671699236447) (134.9619964427666,193.671699236447) (134.9619964427666,194.3733666605505) (135.9619964427666,194.3733666605505) (135.9619964427666,195.0750340846539) (136.9619964427666,195.0750340846539) (136.9619964427666,195.7767015087573) (137.9619964427666,195.7767015087573) (137.9619964427666,196.4783689328607) (138.9619964427666,196.4783689328607) (138.9619964427666,197.1800363569641) (139.9619964427666,197.1800363569641) (139.9619964427666,197.8817037810676) (140.9619964427666,197.8817037810676) (140.9619964427666,198.583371205171) (141.9619964427666,198.583371205171) (141.9619964427666,199.2850386292744) (148.9619964427664,199.2850386292744) (148.9619964427664,225.2565961218201) (151.5795718696882,225.2565961218201) (151.5795718696882,251.2281536143657) (152.5795718696881,251.2281536143657) (152.5795718696881,277.1997111069114) (153.5795718696881,277.1997111069114) (153.5795718696881,303.1712685994571) (154.5795718696881,303.1712685994571) (154.5795718696881,329.1428260920027) (155.579571869688,329.1428260920027) (155.579571869688,355.1143835845484) (156.579571869688,355.1143835845484) (156.579571869688,381.0859410770941) (157.579571869688,381.0859410770941) (157.579571869688,407.0574985696398) (158.579571869688,407.0574985696398) (158.579571869688,433.0290560621855) (159.579571869688,433.0290560621855) (159.579571869688,459.0006135547312) (160.579571869688,459.0006135547312) (160.579571869688,484.9721710472768) (161.579571869688,484.9721710472768) (161.579571869688,510.9437285398225) (162.579571869688,510.9437285398225) (162.579571869688,536.9152860323682) (163.579571869688,536.9152860323682) (163.579571869688,562.8868435249138) (164.579571869688,562.8868435249138) (164.579571869688,588.8584010174595) (165.579571869688,588.8584010174595) (165.579571869688,614.8299585100052) (166.579571869688,614.8299585100052) (166.579571869688,640.8015160025509) (167.579571869688,640.8015160025509) (167.579571869688,666.7730734950966) (168.579571869688,666.7730734950966) (168.579571869688,692.7446309876423) (169.579571869688,692.7446309876423) (169.579571869688,718.716188480188) (170.579571869688,718.716188480188) (170.579571869688,744.6877459727336)
batteryCharge[0]:
[0]: (0,100)
Coffee_Delivery.end:
[0]: (0,0) (170.579571869688,0)
[2K
Verifying formula 4 at /nta/queries/query[4]/formula
 -- Formula: simulate[<=700]{robot_inventory[0][0], Coffee_Delivery.end*2}
[2K -- Aborted.
robot_inventory[0][0]:
[0]: (0,0) (74.66391541980191,0) (74.66391541980191,1) (148.3433704483239,1) (148.3433704483239,0)
Coffee_Delivery.end * 2:
[0]: (0,0) (171.9609458752456,0)
[2K
Verifying formula 5 at /nta/queries/query[5]/formula
 -- Formula: simulate[<=700]{coffee_room[0], coffee_room[1], office001[0], office001[1], office004[0], office004[1]}
[2K -- Aborted.
coffee_room[0]:
[0]: (0,1450)
coffee_room[1]:
[0]: (0,500)
office001[0]:
[0]: (0,100)
office001[1]:
[0]: (0,200)
office004[0]:
[0]: (0,100)
office004[1]:
[0]: (0,765)
[2K
Verifying formula 6 at /nta/queries/query[6]/formula
 -- Formula: simulate[<=700]{rm_1.idle, rf_1.idle, rp_1.idle, rd_1.idle}
[2K -- Aborted.
rm_1.idle:
[0]: (0,0) (0,1) (0,0) (68.57673979312466,0) (68.57673979312466,1) (77.40170158941282,1) (77.40170158941282,0) (147.0811566179347,0) (147.0811566179347,1) (151.0811566179348,1) (151.0811566179348,0) (175.6987320448559,0) (175.6987320448559,1)
rf_1.idle:
[0]: (0,0) (0,1)
rp_1.idle:
[0]: (0,0) (0,1) (67.5767397931244,1) (67.5767397931244,0) (77.40170158941282,0) (77.40170158941282,1)
rd_1.idle:
[0]: (0,0) (0,1) (146.0811566179348,1) (146.0811566179348,0) (151.0811566179348,0) (151.0811566179348,1) (174.6987320448565,1) (174.6987320448565,0)
[2K
Verifying formula 7 at /nta/queries/query[7]/formula
 -- Formula: Pr[<=700](<>!rm_1.idle || !rf_1.idle || !rp_1.idle || !rd_1.idle)
[2K -- Formula is satisfied.
(72/72 runs) Pr(<> …) in [0.950056,1] (95% CI)
Values in [0,0] mean=0 steps=2.22045e-16: 72
[2K
Verifying formula 8 at /nta/queries/query[8]/formula
 -- Formula: Pr[<=700]([] (Coffee_Delivery.end imply (rm_1.idle && rf_1.idle && rp_1.idle && rd_1.idle)))
[2K -- Aborted.
[2K
Verifying formula 9 at /nta/queries/query[9]/formula
 -- Formula: Pr[<=700] (<> pow(robPositionX[0] - office004[0], 2) + pow(robPositionY[0] - office004[1], 2) <= 900 )
[2K -- Formula is satisfied.
(72/72 runs) Pr(<> …) in [0.950056,1] (95% CI)
Values in [169.964,174.811] mean=172.387 steps=0.538545: 12 6 4 9 5 12 6 11 7
[2K
Verifying formula 10 at /nta/queries/query[10]/formula
 -- Formula: Pr[<=700] (<> pow(robPositionX[0] - coffee_room[0], 2) + pow(robPositionY[0] - coffee_room[1], 2) <= 900 )
[2K -- Formula is satisfied.
(72/72 runs) Pr(<> …) in [0.950056,1] (95% CI)
Values in [67.5767,67.5767] mean=67.5767 steps=2.22045e-16: 72
[2K
Verifying formula 11 at /nta/queries/query[11]/formula
 -- Formula: Pr[<=700] (<> pow(robPositionX[0] - office001[0], 2) + pow(robPositionY[0] - office001[1], 2) <= 900 )
[2K -- Formula is satisfied.
(72/72 runs) Pr(<> …) in [0.950056,1] (95% CI)
Values in [141.274,146.148] mean=143.624 steps=0.541593: 10 11 7 5 7 6 10 11 5
[2K
Verifying formula 12 at /nta/queries/query[12]/formula
 -- Formula: Pr[<=700] (<> !isValidPosition(humanPositionX[0], humanPositionY[0]))
[2K -- Formula is satisfied.
(72/72 runs) Pr(<> …) in [0.950056,1] (95% CI)
Values in [0,0] mean=0 steps=2.22045e-16: 72
[2K
Verifying formula 13 at /nta/queries/query[13]/formula
 -- Formula: Pr[<=700] (<> !isValidPosition(humanPositionX[1], humanPositionY[1]))
[2K -- Formula is satisfied.
(72/72 runs) Pr(<> …) in [0.950056,1] (95% CI)
Values in [0,0] mean=0 steps=2.22045e-16: 72
[2K
Verifying formula 14 at /nta/queries/query[14]/formula
 -- Formula: Pr[<=700] (<> !isValidPosition(robPositionX[0], robPositionY[0]))
[2K -- Formula is satisfied.
(72/72 runs) Pr(<> …) in [0.950056,1] (95% CI)
Values in [0,0] mean=0 steps=2.22045e-16: 72
[2K
Verifying formula 15 at /nta/queries/query[15]/formula
 -- Formula: Pr[<=700] (<> currP > 2)
[2K -- Aborted.
