Options for the verification:
  Generating no trace
  Search order is breadth first
  Using conservative space optimisation
  Seed is 1783366128
  State space representation uses minimal constraint systems with future testing
  Using HashMap + Compress integers for discrete state storage
[2K
Verifying formula 1 at /nta/queries/query[1]/formula
 -- Formula: simulate[<=700]{user_guided_transport_human1_def.s1_start, user_guided_transport_human1_def.s1_end, user_guided_transport_human1_def.s2_start, user_guided_transport_human1_def.s2_idle, user_guided_transport_human1_def.s3_start, user_guided_transport_human1_def.s3_end, user_guided_transport_human1_def.s4_start, user_guided_transport_human1_def.s4_idle, user_guided_transport.end}
[2K -- Formula is satisfied.
user_guided_transport_human1_def.s1_start:
[0]: (0,0) (0,1) (0,0) (700,0)
user_guided_transport_human1_def.s1_end:
[0]: (0,0) (1,0) (1,1) (2,1) (2,0) (700,0)
user_guided_transport_human1_def.s2_start:
[0]: (0,0) (2,0) (2,1) (2,0) (700,0)
user_guided_transport_human1_def.s2_idle:
[0]: (0,0) (2,0) (2,1) (7.252518421805813,1) (7.252518421805813,0) (700,0)
user_guided_transport_human1_def.s3_start:
[0]: (0,0) (7.252518421805813,0) (7.252518421805813,1) (7.252518421805813,0) (12.25251842180581,0) (12.25251842180581,1) (12.25251842180581,0) (17.25251842180582,0) (17.25251842180582,1) (17.25251842180582,0) (22.25251842180581,0) (22.25251842180581,1) (22.25251842180581,0) (27.25251842180579,0) (27.25251842180579,1) (27.25251842180579,0) (32.25251842180577,0) (32.25251842180577,1) (32.25251842180577,0) (37.25251842180577,0) (37.25251842180577,1) (37.25251842180577,0) (42.25251842180578,0) (42.25251842180578,1) (42.25251842180578,0) (47.25251842180581,0) (47.25251842180581,1) (47.25251842180581,0) (52.25251842180581,0) (52.25251842180581,1) (52.25251842180581,0) (57.25251842180581,0) (57.25251842180581,1) (57.25251842180581,0) (62.25251842180581,0) (62.25251842180581,1) (62.25251842180581,0) (67.25251842180558,0) (67.25251842180558,1) (67.25251842180558,0) (72.25251842180522,0) (72.25251842180522,1) (72.25251842180522,0) (77.25251842180487,0) (77.25251842180487,1) (77.25251842180487,0) (82.25251842180451,0) (82.25251842180451,1) (82.25251842180451,0) (87.25251842180415,0) (87.25251842180415,1) (87.25251842180415,0) (92.2525184218038,0) (92.2525184218038,1) (92.2525184218038,0) (97.25251842180344,0) (97.25251842180344,1) (97.25251842180344,0) (102.2525184218031,0) (102.2525184218031,1) (102.2525184218031,0) (107.2525184218027,0) (107.2525184218027,1) (107.2525184218027,0) (112.2525184218024,0) (112.2525184218024,1) (112.2525184218024,0) (117.252518421802,0) (117.252518421802,1) (117.252518421802,0) (122.2525184218017,0) (122.2525184218017,1) (122.2525184218017,0) (127.2525184218013,0) (127.2525184218013,1) (127.2525184218013,0) (132.2525184218016,0) (132.2525184218016,1) (132.2525184218016,0) (137.252518421802,0) (137.252518421802,1) (137.252518421802,0) (142.2525184218024,0) (142.2525184218024,1) (142.2525184218024,0) (147.2525184218028,0) (147.2525184218028,1) (147.2525184218028,0) (152.2525184218032,0) (152.2525184218032,1) (152.2525184218032,0) (157.2525184218036,0) (157.2525184218036,1) (157.2525184218036,0) (162.252518421804,0) (162.252518421804,1) (162.252518421804,0) (167.2525184218044,0) (167.2525184218044,1) (167.2525184218044,0) (172.2525184218048,0) (172.2525184218048,1) (172.2525184218048,0) (177.2525184218052,0) (177.2525184218052,1) (177.2525184218052,0) (182.2525184218056,0) (182.2525184218056,1) (182.2525184218056,0) (187.252518421806,0) (187.252518421806,1) (187.252518421806,0) (192.2525184218064,0) (192.2525184218064,1) (192.2525184218064,0) (700,0)
user_guided_transport_human1_def.s3_end:
[0]: (0,0) (192.2525184218064,0) (192.2525184218064,1) (192.2525184218064,0) (700,0)
user_guided_transport_human1_def.s4_start:
[0]: (0,0) (192.2525184218064,0) (192.2525184218064,1) (192.2525184218064,0) (700,0)
user_guided_transport_human1_def.s4_idle:
[0]: (0,0) (192.2525184218064,0) (192.2525184218064,1) (421.7670239401369,1) (421.7670239401369,0) (700,0)
user_guided_transport.end:
[0]: (0,0) (423.767023940136,0) (423.767023940136,1) (700,1)
[2K
Verifying formula 2 at /nta/queries/query[2]/formula
 -- Formula: simulate[<=700]{user_guided_transport_robot1_def.s1_start, user_guided_transport_robot1_def.s1_end, user_guided_transport_robot1_def.s2_start, user_guided_transport_robot1_def.s2_end, user_guided_transport_robot1_def.s3_start, user_guided_transport_robot1_def.s3_idle, user_guided_transport_robot1_def.s4_start, user_guided_transport_robot1_def.s4_end, user_guided_transport.end}
[2K -- Formula is satisfied.
user_guided_transport_robot1_def.s1_start:
[0]: (0,0) (0,1) (0,0) (700,0)
user_guided_transport_robot1_def.s1_end:
[0]: (0,0) (2,0) (2,1) (2,0) (700,0)
user_guided_transport_robot1_def.s2_start:
[0]: (0,0) (2,0) (2,1) (2,0) (700,0)
user_guided_transport_robot1_def.s2_end:
[0]: (0,0) (7.711437206638368,0) (7.711437206638368,1) (7.711437206638368,0) (700,0)
user_guided_transport_robot1_def.s3_start:
[0]: (0,0) (7.711437206638368,0) (7.711437206638368,1) (7.711437206638368,0) (700,0)
user_guided_transport_robot1_def.s3_idle:
[0]: (0,0) (7.711437206638368,0) (7.711437206638368,1) (192.7114372066393,1) (192.7114372066393,0) (700,0)
user_guided_transport_robot1_def.s4_start:
[0]: (0,0) (192.7114372066393,0) (192.7114372066393,1) (192.7114372066393,0) (700,0)
user_guided_transport_robot1_def.s4_end:
[0]: (0,0) (422.2259427249591,0) (422.2259427249591,1) (422.2259427249591,0) (700,0)
user_guided_transport.end:
[0]: (0,0) (424.2259427249582,0) (424.2259427249582,1) (700,1)
[2K
Verifying formula 3 at /nta/queries/query[3]/formula
 -- Formula: Pr[<=700] (<> user_guided_transport.end)
 -- Throughput: 163994 runs/sec, Load: 325 runs[K
[2K -- Formula is satisfied.
(72/72 runs) Pr(<> …) in [0.950056,1] (95% CI)
Values in [423.608,428.338] mean=426.084 steps=0.525558: 6 7 6 10 11 6 13 4 9
[2K
Verifying formula 4 at /nta/queries/query[4]/formula
 -- Formula: simulate[<=700]{humanPositionX[0], humanPositionY[0], robPositionX[0], robPositionY[0], batteryCharge[0], user_guided_transport.end}
[2K -- Formula is satisfied.
humanPositionX[0]:
[0]: (0,0) (0,92.5) (1,92.5) (1,97.73313175708738) (9.024095319211481,97.73313175708738) (9.024095319211481,123.7285354798977) (10.02409531921148,123.7285354798977) (10.02409531921148,149.723939202708) (11.02409531921148,149.723939202708) (11.02409531921148,175.7193429255182) (12.02409531921148,175.7193429255182) (12.02409531921148,201.7147466483285) (13.02409531921148,201.7147466483285) (13.02409531921148,227.7101503711388) (14.02409531921148,227.7101503711388) (14.02409531921148,253.7055540939491) (15.02409531921147,253.7055540939491) (15.02409531921147,279.7009578167594) (16.02409531921147,279.7009578167594) (16.02409531921147,305.6963615395697) (17.02409531921148,305.6963615395697) (17.02409531921148,331.69176526238) (18.0240953192115,331.69176526238) (18.0240953192115,357.6871689851903) (19.02409531921151,357.6871689851903) (19.02409531921151,383.6825727080006) (20.02409531921153,383.6825727080006) (20.02409531921153,409.6779764308109) (21.02409531921154,409.6779764308109) (21.02409531921154,435.6733801536212) (22.02409531921155,435.6733801536212) (22.02409531921155,461.6687838764315) (23.02409531921157,461.6687838764315) (23.02409531921157,487.6641875992418) (24.02409531921158,487.6641875992418) (24.02409531921158,513.6595913220521) (25.02409531921158,513.6595913220521) (25.02409531921158,539.6549950448623) (26.02409531921157,539.6549950448623) (26.02409531921157,565.6503987676725) (27.02409531921156,565.6503987676725) (27.02409531921156,591.6458024904828) (28.02409531921155,591.6458024904828) (28.02409531921155,617.641206213293) (29.02409531921155,617.641206213293) (29.02409531921155,643.6366099361032) (30.02409531921154,643.6366099361032) (30.02409531921154,669.6320136589135) (31.02409531921153,669.6320136589135) (31.02409531921153,695.6274173817237) (32.02409531921153,695.6274173817237) (32.02409531921153,721.622821104534) (33.02409531921155,721.622821104534) (33.02409531921155,747.6182248273442) (34.02409531921158,747.6182248273442) (34.02409531921158,773.6136285501544) (35.02409531921161,773.6136285501544) (35.02409531921161,799.6090322729647) (36.02409531921164,799.6090322729647) (36.02409531921164,825.6044359957749) (37.02409531921167,825.6044359957749) (37.02409531921167,851.5998397185851) (38.0240953192117,851.5998397185851) (38.0240953192117,877.5952434413954) (39.02409531921172,877.5952434413954) (39.02409531921172,903.5906471642056) (40.02409531921175,903.5906471642056) (40.02409531921175,929.5860508870159) (41.02409531921174,929.5860508870159) (41.02409531921174,955.5814546098261) (42.02409531921172,955.5814546098261) (42.02409531921172,981.5768583326363) (43.02409531921175,981.5768583326363) (43.02409531921175,1007.572262055447) (44.02409531921177,1007.572262055447) (44.02409531921177,1033.567665778257) (45.02409531921177,1033.567665778257) (45.02409531921177,1059.563069501067) (46.02409531921177,1059.563069501067) (46.02409531921177,1085.558473223878) (47.02409531921177,1085.558473223878) (47.02409531921177,1111.553876946688) (48.02409531921177,1111.553876946688) (48.02409531921177,1137.549280669498) (49.02409531921177,1137.549280669498) (49.02409531921177,1163.544684392309) (50.02409531921177,1163.544684392309) (50.02409531921177,1189.540088115119) (51.02409531921177,1189.540088115119) (51.02409531921177,1215.535491837929) (52.02409531921177,1215.535491837929) (52.02409531921177,1241.53089556074) (53.02409531921177,1241.53089556074) (53.02409531921177,1267.52629928355) (54.02409531921177,1267.52629928355) (54.02409531921177,1293.52170300636) (55.02409531921177,1293.52170300636) (55.02409531921177,1319.517106729171) (56.02409531921177,1319.517106729171) (56.02409531921177,1345.512510451981) (57.02409531921177,1345.512510451981) (57.02409531921177,1371.507914174791) (58.02409531921177,1371.507914174791) (58.02409531921177,1397.503317897602) (59.02409531921177,1397.503317897602) (59.02409531921177,1423.498721620412) (60.02409531921177,1423.498721620412) (60.02409531921177,1478) (61.02409531921177,1478) (61.02409531921177,1504) (62.02409531921177,1504) (62.02409531921177,1530) (63.02409531921177,1530) (63.02409531921177,1556) (64.02409531921177,1556) (64.02409531921177,1582) (65.02409531921184,1582) (65.02409531921184,1608) (66.02409531921191,1608) (66.02409531921191,1634) (67.02409531921198,1634) (67.02409531921198,1660) (68.02409531921205,1660) (68.02409531921205,1686) (69.02409531921212,1686) (69.02409531921212,1712) (70.02409531921219,1712) (70.02409531921219,1738) (71.02409531921226,1738) (71.02409531921226,1764) (72.02409531921234,1764) (72.02409531921234,1790) (73.02409531921241,1790) (73.02409531921241,1816) (74.02409531921248,1816) (74.02409531921248,1842) (75.02409531921255,1842) (75.02409531921255,1868) (76.02409531921262,1868) (76.02409531921262,1894) (77.02409531921269,1894) (77.02409531921269,1920) (78.02409531921276,1920) (78.02409531921276,1946) (79.02409531921283,1946) (79.02409531921283,1972) (80.0240953192129,1972) (80.0240953192129,1998) (81.02409531921298,1998) (81.02409531921298,2024) (82.02409531921305,2024) (82.02409531921305,2050) (83.02409531921312,2050) (83.02409531921312,2076) (84.02409531921319,2076) (84.02409531921319,2102) (85.02409531921326,2102) (85.02409531921326,2128) (86.02409531921333,2128) (86.02409531921333,2154) (87.0240953192134,2154) (87.0240953192134,2180) (88.02409531921347,2180) (88.02409531921347,2206) (89.02409531921354,2206) (89.02409531921354,2232) (90.02409531921361,2232) (90.02409531921361,2258) (91.02409531921369,2258) (91.02409531921369,2284) (92.02409531921376,2284) (92.02409531921376,2310) (93.02409531921383,2310) (93.02409531921383,2336) (94.0240953192139,2336) (94.0240953192139,2362) (95.02409531921397,2362) (95.02409531921397,2388) (96.02409531921404,2388) (96.02409531921404,2414) (97.02409531921411,2414) (97.02409531921411,2440) (98.02409531921418,2440) (98.02409531921418,2466) (99.02409531921425,2466) (99.02409531921425,2492) (100.0240953192143,2492) (100.0240953192143,2518) (101.0240953192144,2518) (101.0240953192144,2544) (102.0240953192145,2544) (102.0240953192145,2570) (103.0240953192145,2570) (103.0240953192145,2596) (104.0240953192146,2596) (104.0240953192146,2622) (105.0240953192147,2622) (105.0240953192147,2648) (106.0240953192148,2648) (106.0240953192148,2674) (107.0240953192148,2674) (107.0240953192148,2700) (108.0240953192149,2700) (108.0240953192149,2726) (109.024095319215,2726) (109.024095319215,2752) (110.024095319215,2752) (110.024095319215,2778) (111.0240953192151,2778) (111.0240953192151,2804) (112.0240953192152,2804) (112.0240953192152,2830) (113.0240953192152,2830) (113.0240953192152,2856) (114.0240953192153,2856) (114.0240953192153,2882) (115.0240953192154,2882) (115.0240953192154,2908) (116.0240953192155,2908) (116.0240953192155,2934) (117.0240953192155,2934) (117.0240953192155,2960) (118.0240953192156,2960) (118.0240953192156,2986) (119.0240953192157,2986) (119.0240953192157,3012) (120.0240953192157,3012) (120.0240953192157,3038) (121.0240953192158,3038) (121.0240953192158,3088.5) (122.0240953192159,3088.5) (122.0240953192159,3114.5) (123.024095319216,3114.5) (123.024095319216,3140.5) (124.024095319216,3140.5) (124.024095319216,3166.5) (125.0240953192161,3166.5) (125.0240953192161,3192.5) (126.0240953192162,3192.5) (126.0240953192162,3218.5) (127.0240953192162,3218.5) (127.0240953192162,3244.5) (128.0240953192163,3244.5) (128.0240953192163,3270.5) (129.0240953192164,3270.5) (129.0240953192164,3296.5) (130.0240953192164,3296.5) (130.0240953192164,3322.5) (131.0240953192165,3322.5) (131.0240953192165,3348.5) (132.0240953192165,3348.5) (132.0240953192165,3374.5) (133.0240953192166,3374.5) (133.0240953192166,3400.5) (134.0240953192167,3400.5) (134.0240953192167,3426.5) (135.0240953192167,3426.5) (135.0240953192167,3452.5) (136.0240953192168,3452.5) (136.0240953192168,3478.5) (137.0240953192168,3478.5) (137.0240953192168,3504.5) (138.0240953192169,3504.5) (138.0240953192169,3530.5) (139.0240953192169,3530.5) (139.0240953192169,3556.5) (140.024095319217,3556.5) (140.024095319217,3582.5) (141.0240953192171,3582.5) (141.0240953192171,3608.5) (142.0240953192171,3608.5) (142.0240953192171,3634.5) (143.0240953192172,3634.5) (143.0240953192172,3660.5) (144.0240953192172,3660.5) (144.0240953192172,3686.5) (145.0240953192173,3686.5) (145.0240953192173,3712.5) (146.0240953192173,3712.5) (146.0240953192173,3738.5) (147.0240953192174,3738.5) (147.0240953192174,3764.5) (148.0240953192175,3764.5) (148.0240953192175,3790.5) (149.0240953192175,3790.5) (149.0240953192175,3816.5) (150.0240953192176,3816.5) (150.0240953192176,3842.5) (151.0240953192176,3842.5) (151.0240953192176,3868.5) (152.0240953192177,3868.5) (152.0240953192177,3894.5) (153.0240953192177,3894.5) (153.0240953192177,3920.5) (154.0240953192178,3920.5) (154.0240953192178,3946.5) (155.0240953192178,3946.5) (155.0240953192178,3972.5) (156.0240953192179,3972.5) (156.0240953192179,3998.5) (157.024095319218,3998.5) (157.024095319218,4024.5) (158.024095319218,4024.5) (158.024095319218,4050.5) (159.0240953192181,4050.5) (159.0240953192181,4076.5) (160.0240953192181,4076.5) (160.0240953192181,4102.5) (161.0240953192182,4102.5) (161.0240953192182,4128.5) (162.0240953192182,4128.5) (162.0240953192182,4154.5) (163.0240953192183,4154.5) (163.0240953192183,4180.5) (164.0240953192184,4180.5) (164.0240953192184,4206.5) (165.0240953192184,4206.5) (165.0240953192184,4232.5) (166.0240953192185,4232.5) (166.0240953192185,4258.5) (167.0240953192185,4258.5) (167.0240953192185,4284.5) (168.0240953192186,4284.5) (168.0240953192186,4310.5) (169.0240953192186,4310.5) (169.0240953192186,4336.5) (170.0240953192187,4336.5) (170.0240953192187,4362.5) (171.0240953192188,4362.5) (171.0240953192188,4388.5) (172.0240953192188,4388.5) (172.0240953192188,4416.265463717128) (173.0240953192189,4416.265463717128) (173.0240953192189,4415.530927434256) (174.0240953192189,4415.530927434256) (174.0240953192189,4414.796391151384) (175.024095319219,4414.796391151384) (175.024095319219,4414.061854868512) (176.024095319219,4414.061854868512) (176.024095319219,4413.327318585641) (177.0240953192191,4413.327318585641) (177.0240953192191,4412.592782302769) (178.0240953192192,4412.592782302769) (178.0240953192192,4411.858246019897) (179.0240953192192,4411.858246019897) (179.0240953192192,4411.123709737025) (180.0240953192193,4411.123709737025) (180.0240953192193,4410.389173454153) (181.0240953192193,4410.389173454153) (181.0240953192193,4409.654637171281) (182.0240953192194,4409.654637171281) (182.0240953192194,4408.920100888409) (183.0240953192194,4408.920100888409) (183.0240953192194,4408.185564605537) (184.0240953192195,4408.185564605537) (184.0240953192195,4407.451028322665) (185.0240953192196,4407.451028322665) (185.0240953192196,4406.716492039794) (186.0240953192196,4406.716492039794) (186.0240953192196,4405.981955756922) (187.0240953192197,4405.981955756922) (187.0240953192197,4405.24741947405) (188.0240953192197,4405.24741947405) (188.0240953192197,4404.512883191178) (189.0240953192198,4404.512883191178) (189.0240953192198,4403.778346908306) (190.0240953192198,4403.778346908306) (190.0240953192198,4403.043810625434) (191.0240953192199,4403.043810625434) (191.0240953192199,4402.309274342562) (192.02409531922,4402.309274342562) (192.02409531922,4401.57473805969) (193.02409531922,4401.57473805969) (193.02409531922,4400.840201776819) (700,4400.840201776819)
humanPositionY[0]:
[0]: (0,0) (0,163.5) (1,163.5) (1,188.9679078844919) (9.024095319211481,188.9679078844919) (9.024095319211481,188.479046668909) (10.02409531921148,188.479046668909) (10.02409531921148,187.9901854533261) (11.02409531921148,187.9901854533261) (11.02409531921148,187.5013242377432) (12.02409531921148,187.5013242377432) (12.02409531921148,187.0124630221603) (13.02409531921148,187.0124630221603) (13.02409531921148,186.5236018065774) (14.02409531921148,186.5236018065774) (14.02409531921148,186.0347405909945) (15.02409531921147,186.0347405909945) (15.02409531921147,185.5458793754117) (16.02409531921147,185.5458793754117) (16.02409531921147,185.0570181598288) (17.02409531921148,185.0570181598288) (17.02409531921148,184.5681569442459) (18.0240953192115,184.5681569442459) (18.0240953192115,184.079295728663) (19.02409531921151,184.079295728663) (19.02409531921151,183.5904345130801) (20.02409531921153,183.5904345130801) (20.02409531921153,183.1015732974972) (21.02409531921154,183.1015732974972) (21.02409531921154,182.6127120819143) (22.02409531921155,182.6127120819143) (22.02409531921155,182.1238508663315) (23.02409531921157,182.1238508663315) (23.02409531921157,181.6349896507486) (24.02409531921158,181.6349896507486) (24.02409531921158,181.1461284351657) (25.02409531921158,181.1461284351657) (25.02409531921158,180.6572672195828) (26.02409531921157,180.6572672195828) (26.02409531921157,180.1684060039999) (27.02409531921156,180.1684060039999) (27.02409531921156,179.679544788417) (28.02409531921155,179.679544788417) (28.02409531921155,179.1906835728341) (29.02409531921155,179.1906835728341) (29.02409531921155,178.7018223572512) (30.02409531921154,178.7018223572512) (30.02409531921154,178.2129611416684) (31.02409531921153,178.2129611416684) (31.02409531921153,177.7240999260855) (32.02409531921153,177.7240999260855) (32.02409531921153,177.2352387105026) (33.02409531921155,177.2352387105026) (33.02409531921155,176.7463774949197) (34.02409531921158,176.7463774949197) (34.02409531921158,176.2575162793368) (35.02409531921161,176.2575162793368) (35.02409531921161,175.7686550637539) (36.02409531921164,175.7686550637539) (36.02409531921164,175.279793848171) (37.02409531921167,175.279793848171) (37.02409531921167,174.7909326325882) (38.0240953192117,174.7909326325882) (38.0240953192117,174.3020714170053) (39.02409531921172,174.3020714170053) (39.02409531921172,173.8132102014224) (40.02409531921175,173.8132102014224) (40.02409531921175,173.3243489858395) (41.02409531921174,173.3243489858395) (41.02409531921174,172.8354877702566) (42.02409531921172,172.8354877702566) (42.02409531921172,172.3466265546737) (43.02409531921175,172.3466265546737) (43.02409531921175,171.8577653390908) (44.02409531921177,171.8577653390908) (44.02409531921177,171.3689041235079) (45.02409531921177,171.3689041235079) (45.02409531921177,170.8800429079251) (46.02409531921177,170.8800429079251) (46.02409531921177,170.3911816923422) (47.02409531921177,170.3911816923422) (47.02409531921177,169.9023204767593) (48.02409531921177,169.9023204767593) (48.02409531921177,169.4134592611764) (49.02409531921177,169.4134592611764) (49.02409531921177,168.9245980455935) (50.02409531921177,168.9245980455935) (50.02409531921177,168.4357368300106) (51.02409531921177,168.4357368300106) (51.02409531921177,167.9468756144277) (52.02409531921177,167.9468756144277) (52.02409531921177,167.4580143988449) (53.02409531921177,167.4580143988449) (53.02409531921177,166.969153183262) (54.02409531921177,166.969153183262) (54.02409531921177,166.4802919676791) (55.02409531921177,166.4802919676791) (55.02409531921177,165.9914307520962) (56.02409531921177,165.9914307520962) (56.02409531921177,165.5025695365133) (57.02409531921177,165.5025695365133) (57.02409531921177,165.0137083209304) (58.02409531921177,165.0137083209304) (58.02409531921177,164.5248471053475) (59.02409531921177,164.5248471053475) (59.02409531921177,164.0359858897646) (60.02409531921177,164.0359858897646) (60.02409531921177,163.5) (172.0240953192188,163.5) (172.0240953192188,189.4896220913107) (173.0240953192189,189.4896220913107) (173.0240953192189,215.4792441826214) (174.0240953192189,215.4792441826214) (174.0240953192189,241.4688662739321) (175.024095319219,241.4688662739321) (175.024095319219,267.4584883652428) (176.024095319219,267.4584883652428) (176.024095319219,293.4481104565535) (177.0240953192191,293.4481104565535) (177.0240953192191,319.4377325478642) (178.0240953192192,319.4377325478642) (178.0240953192192,345.427354639175) (179.0240953192192,345.427354639175) (179.0240953192192,371.4169767304857) (180.0240953192193,371.4169767304857) (180.0240953192193,397.4065988217964) (181.0240953192193,397.4065988217964) (181.0240953192193,423.3962209131071) (182.0240953192194,423.3962209131071) (182.0240953192194,449.3858430044178) (183.0240953192194,449.3858430044178) (183.0240953192194,475.3754650957285) (184.0240953192195,475.3754650957285) (184.0240953192195,501.3650871870392) (185.0240953192196,501.3650871870392) (185.0240953192196,527.3547092783499) (186.0240953192196,527.3547092783499) (186.0240953192196,553.3443313696606) (187.0240953192197,553.3443313696606) (187.0240953192197,579.3339534609713) (188.0240953192197,579.3339534609713) (188.0240953192197,605.323575552282) (189.0240953192198,605.323575552282) (189.0240953192198,631.3131976435927) (190.0240953192198,631.3131976435927) (190.0240953192198,657.3028197349034) (191.0240953192199,657.3028197349034) (191.0240953192199,683.2924418262141) (192.02409531922,683.2924418262141) (192.02409531922,709.2820639175249) (193.02409531922,709.2820639175249) (193.02409531922,735.2716860088356) (700,735.2716860088356)
robPositionX[0]:
[0]: (0,0) (0,92.5) (2,92.5) (2,97.73313175708738) (195.0240953192191,97.73313175708738) (195.0240953192191,123.7285354798977) (196.0428987817024,123.7285354798977) (196.0428987817024,149.723939202708) (197.0428987817024,149.723939202708) (197.0428987817024,175.7193429255182) (198.0617022441856,175.7193429255182) (198.0617022441856,201.7147466483285) (199.0617022441856,201.7147466483285) (199.0617022441856,227.7101503711388) (200.0805057066689,227.7101503711388) (200.0805057066689,253.7055540939491) (201.0993091691521,253.7055540939491) (201.0993091691521,279.7009578167594) (202.1181126316353,279.7009578167594) (202.1181126316353,305.6963615395697) (203.1369160941186,305.6963615395697) (203.1369160941186,331.69176526238) (204.1369160941185,331.69176526238) (204.1369160941185,357.6871689851903) (205.1557195566018,357.6871689851903) (205.1557195566018,383.6825727080006) (206.174523019085,383.6825727080006) (206.174523019085,409.6779764308109) (207.1933264815682,409.6779764308109) (207.1933264815682,435.6733801536212) (208.2121299440514,435.6733801536212) (208.2121299440514,461.6687838764315) (209.2309334065347,461.6687838764315) (209.2309334065347,487.6641875992418) (210.2497368690179,487.6641875992418) (210.2497368690179,513.6595913220521) (211.2685403315011,513.6595913220521) (211.2685403315011,539.6549950448623) (212.2685403315011,539.6549950448623) (212.2685403315011,565.6503987676725) (213.268540331501,565.6503987676725) (213.268540331501,591.6458024904828) (214.2873437939843,591.6458024904828) (214.2873437939843,617.641206213293) (215.2873437939842,617.641206213293) (215.2873437939842,643.6366099361032) (216.3061472564675,643.6366099361032) (216.3061472564675,669.6320136589135) (217.3249507189507,669.6320136589135) (217.3249507189507,695.6274173817237) (218.3437541814339,695.6274173817237) (218.3437541814339,721.622821104534) (219.3437541814339,721.622821104534) (219.3437541814339,747.6182248273442) (220.3437541814338,747.6182248273442) (220.3437541814338,773.6136285501544) (221.3437541814338,773.6136285501544) (221.3437541814338,799.6090322729647) (222.362557643917,799.6090322729647) (222.362557643917,825.6044359957749) (223.3813611064003,825.6044359957749) (223.3813611064003,851.5998397185851) (224.4001645688835,851.5998397185851) (224.4001645688835,877.5952434413954) (225.4189680313667,877.5952434413954) (225.4189680313667,903.5906471642056) (226.4377714938499,903.5906471642056) (226.4377714938499,929.5860508870159) (227.4565749563331,929.5860508870159) (227.4565749563331,955.5814546098261) (228.4753784188164,955.5814546098261) (228.4753784188164,981.5768583326363) (229.4941818812996,981.5768583326363) (229.4941818812996,1007.572262055447) (230.4941818812996,1007.572262055447) (230.4941818812996,1033.567665778257) (231.4941818812995,1033.567665778257) (231.4941818812995,1059.563069501067) (232.4941818812995,1059.563069501067) (232.4941818812995,1085.558473223878) (233.4941818812995,1085.558473223878) (233.4941818812995,1111.553876946688) (234.4941818812995,1111.553876946688) (234.4941818812995,1137.549280669498) (235.5129853437827,1137.549280669498) (235.5129853437827,1163.544684392309) (236.5129853437826,1163.544684392309) (236.5129853437826,1189.540088115119) (237.5317888062658,1189.540088115119) (237.5317888062658,1215.535491837929) (238.5505922687491,1215.535491837929) (238.5505922687491,1241.53089556074) (239.5693957312323,1241.53089556074) (239.5693957312323,1267.52629928355) (240.5881991937155,1267.52629928355) (240.5881991937155,1293.52170300636) (241.5881991937155,1293.52170300636) (241.5881991937155,1319.517106729171) (242.6070026561987,1319.517106729171) (242.6070026561987,1345.512510451981) (243.6070026561987,1345.512510451981) (243.6070026561987,1371.507914174791) (246.043598828606,1371.507914174791) (246.043598828606,1374.986654373684) (247.043598828606,1374.986654373684) (247.043598828606,1378.465394572576) (248.0435988286059,1378.465394572576) (248.0435988286059,1381.944134771469) (249.0435988286059,1381.944134771469) (249.0435988286059,1385.422874970361) (250.0435988286059,1385.422874970361) (250.0435988286059,1388.901615169254) (252.4801950010132,1388.901615169254) (252.4801950010132,1392.380355368146) (253.5733971686597,1392.380355368146) (253.5733971686597,1418.267510717711) (254.6665993363062,1418.267510717711) (254.6665993363062,1444.154666067276) (255.6665993363062,1444.154666067276) (255.6665993363062,1470.041821416841) (256.6665993363062,1470.041821416841) (256.6665993363062,1495.928976766406) (257.6665993363062,1495.928976766406) (257.6665993363062,1521.816132115971) (258.7598015039527,1521.816132115971) (258.7598015039527,1547.703287465537) (259.8530036715992,1547.703287465537) (259.8530036715992,1573.590442815102) (260.8530036715991,1573.590442815102) (260.8530036715991,1599.477598164667) (261.9462058392457,1599.477598164667) (261.9462058392457,1625.364753514232) (263.0394080068922,1625.364753514232) (263.0394080068922,1651.251908863797) (264.0394080068921,1651.251908863797) (264.0394080068921,1677.139064213362) (265.132610174539,1677.139064213362) (265.132610174539,1703.026219562927) (266.2258123421857,1703.026219562927) (266.2258123421857,1728.913374912492) (267.225812342186,1728.913374912492) (267.225812342186,1754.800530262057) (268.3190145098328,1754.800530262057) (268.3190145098328,1780.687685611622) (269.4122166774796,1780.687685611622) (269.4122166774796,1806.574840961187) (270.4122166774799,1806.574840961187) (270.4122166774799,1832.461996310753) (271.5054188451267,1832.461996310753) (271.5054188451267,1858.349151660318) (272.5986210127735,1858.349151660318) (272.5986210127735,1884.236307009883) (273.5986210127737,1884.236307009883) (273.5986210127737,1910.123462359448) (274.6918231804206,1910.123462359448) (274.6918231804206,1936.010617709013) (275.7850253480674,1936.010617709013) (275.7850253480674,1961.897773058578) (276.8782275157142,1961.897773058578) (276.8782275157142,1987.784928408143) (277.971429683361,1987.784928408143) (277.971429683361,2013.672083757708) (279.0646318510079,2013.672083757708) (279.0646318510079,2039.559239107273) (280.1578340186547,2039.559239107273) (280.1578340186547,2065.446394456838) (281.2510361863015,2065.446394456838) (281.2510361863015,2091.333549806403) (282.3442383539484,2091.333549806403) (282.3442383539484,2117.220705155969) (283.3442383539486,2117.220705155969) (283.3442383539486,2143.107860505534) (284.4374405215954,2143.107860505534) (284.4374405215954,2168.995015855099) (285.5306426892423,2168.995015855099) (285.5306426892423,2194.882171204664) (286.5306426892425,2194.882171204664) (286.5306426892425,2220.769326554229) (287.6238448568894,2220.769326554229) (287.6238448568894,2246.656481903794) (288.7170470245362,2246.656481903794) (288.7170470245362,2272.543637253359) (289.7170470245364,2272.543637253359) (289.7170470245364,2298.430792602924) (290.8102491921832,2298.430792602924) (290.8102491921832,2324.317947952489) (291.9034513598301,2324.317947952489) (291.9034513598301,2350.205103302054) (292.9034513598303,2350.205103302054) (292.9034513598303,2376.092258651619) (293.9034513598306,2376.092258651619) (293.9034513598306,2401.979414001185) (294.9966535274774,2401.979414001185) (294.9966535274774,2427.86656935075) (296.0898556951242,2427.86656935075) (296.0898556951242,2453.753724700315) (297.0898556951244,2453.753724700315) (297.0898556951244,2479.64088004988) (298.1830578627712,2479.64088004988) (298.1830578627712,2505.528035399445) (299.276260030418,2505.528035399445) (299.276260030418,2531.41519074901) (300.2762600304183,2531.41519074901) (300.2762600304183,2557.302346098575) (301.2762600304185,2557.302346098575) (301.2762600304185,2583.18950144814) (302.3694621980653,2583.18950144814) (302.3694621980653,2609.076656797705) (303.4626643657121,2609.076656797705) (303.4626643657121,2634.96381214727) (304.4626643657124,2634.96381214727) (304.4626643657124,2660.850967496835) (305.4626643657127,2660.850967496835) (305.4626643657127,2686.738122846401) (306.462664365713,2686.738122846401) (306.462664365713,2712.625278195966) (307.5558665333597,2712.625278195966) (307.5558665333597,2738.512433545531) (308.6490687010065,2738.512433545531) (308.6490687010065,2764.399588895096) (309.6490687010067,2764.399588895096) (309.6490687010067,2790.286744244661) (310.7422708686536,2790.286744244661) (310.7422708686536,2816.173899594226) (311.8354730363004,2816.173899594226) (311.8354730363004,2842.061054943791) (312.9286752039472,2842.061054943791) (312.9286752039472,2867.948210293356) (314.021877371594,2867.948210293356) (314.021877371594,2893.835365642921) (315.1150795392408,2893.835365642921) (315.1150795392408,2919.722520992486) (316.2082817068876,2919.722520992486) (316.2082817068876,2945.609676342051) (317.2082817068878,2945.609676342051) (317.2082817068878,2971.496831691617) (318.2141663284725,2971.496831691617) (318.2141663284725,2997.49638151889) (319.2200509500572,2997.49638151889) (319.2200509500572,3023.495931346164) (320.2259355716419,3023.495931346164) (320.2259355716419,3049.495481173438) (321.2259355716422,3049.495481173438) (321.2259355716422,3075.495031000712) (322.2318201932269,3075.495031000712) (322.2318201932269,3101.494580827985) (323.2318201932271,3101.494580827985) (323.2318201932271,3127.494130655259) (324.2318201932273,3127.494130655259) (324.2318201932273,3153.493680482533) (325.237704814812,3153.493680482533) (325.237704814812,3179.493230309807) (326.2377048148123,3179.493230309807) (326.2377048148123,3205.49278013708) (327.2377048148126,3205.49278013708) (327.2377048148126,3231.492329964354) (328.2435894363973,3231.492329964354) (328.2435894363973,3257.491879791628) (329.2435894363975,3257.491879791628) (329.2435894363975,3283.491429618902) (330.2494740579822,3283.491429618902) (330.2494740579822,3309.490979446176) (331.2494740579824,3309.490979446176) (331.2494740579824,3335.490529273449) (332.2494740579826,3335.490529273449) (332.2494740579826,3361.490079100723) (333.2553586795674,3361.490079100723) (333.2553586795674,3387.489628927997) (334.2553586795677,3387.489628927997) (334.2553586795677,3413.489178755271) (335.2612433011523,3413.489178755271) (335.2612433011523,3439.488728582544) (336.267127922737,3439.488728582544) (336.267127922737,3465.488278409818) (337.2730125443217,3465.488278409818) (337.2730125443217,3491.487828237092) (338.2730125443219,3491.487828237092) (338.2730125443219,3517.487378064366) (339.2788971659066,3517.487378064366) (339.2788971659066,3543.486927891639) (340.2788971659069,3543.486927891639) (340.2788971659069,3569.486477718913) (341.2788971659072,3569.486477718913) (341.2788971659072,3595.486027546187) (342.2788971659075,3595.486027546187) (342.2788971659075,3621.485577373461) (343.2847817874921,3621.485577373461) (343.2847817874921,3647.485127200734) (344.2906664090768,3647.485127200734) (344.2906664090768,3673.484677028008) (345.2906664090771,3673.484677028008) (345.2906664090771,3699.484226855282) (346.2965510306617,3699.484226855282) (346.2965510306617,3725.483776682556) (347.3024356522464,3725.483776682556) (347.3024356522464,3751.48332650983) (348.3024356522466,3751.48332650983) (348.3024356522466,3777.482876337103) (349.3083202738313,3777.482876337103) (349.3083202738313,3803.482426164377) (350.314204895416,3803.482426164377) (350.314204895416,3829.481975991651) (351.3200895170007,3829.481975991651) (351.3200895170007,3855.481525818925) (352.3200895170009,3855.481525818925) (352.3200895170009,3881.481075646198) (353.3259741385857,3881.481075646198) (353.3259741385857,3907.480625473472) (354.3318587601703,3907.480625473472) (354.3318587601703,3933.480175300746) (355.3318587601705,3933.480175300746) (355.3318587601705,3959.47972512802) (356.3377433817553,3959.47972512802) (356.3377433817553,3985.479274955293) (357.34362800334,3985.479274955293) (357.34362800334,4011.478824782567) (358.3495126249247,4011.478824782567) (358.3495126249247,4037.478374609841) (359.3553972465094,4037.478374609841) (359.3553972465094,4063.477924437115) (360.3612818680942,4063.477924437115) (360.3612818680942,4089.477474264389) (361.3671664896788,4089.477474264389) (361.3671664896788,4115.477024091662) (362.3730511112635,4115.477024091662) (362.3730511112635,4141.476573918936) (363.3789357328482,4141.476573918936) (363.3789357328482,4167.47612374621) (364.3789357328485,4167.47612374621) (364.3789357328485,4193.475673573484) (365.3789357328488,4193.475673573484) (365.3789357328488,4219.475223400757) (366.3789357328491,4219.475223400757) (366.3789357328491,4245.474773228031) (367.3789357328494,4245.474773228031) (367.3789357328494,4271.474323055305) (368.3789357328496,4271.474323055305) (368.3789357328496,4297.473872882579) (369.3789357328499,4297.473872882579) (369.3789357328499,4323.473422709852) (371.8151102616452,4323.473422709852) (371.8151102616452,4326.963026763519) (374.2512847904405,4326.963026763519) (374.2512847904405,4330.452630817186) (375.2512847904408,4330.452630817186) (375.2512847904408,4333.942234870853) (377.687459319236,4333.942234870853) (377.687459319236,4337.43183892452) (378.6874593192363,4337.43183892452) (378.6874593192363,4340.921442978187) (381.1236338480316,4340.921442978187) (381.1236338480316,4344.411047031854) (383.5598083768268,4344.411047031854) (383.5598083768268,4347.900651085521) (385.995982905622,4347.900651085521) (385.995982905622,4351.390255139188) (388.4321574344173,4351.390255139188) (388.4321574344173,4354.879859192854) (390.8683319632125,4354.879859192854) (390.8683319632125,4358.369463246521) (393.3045064920077,4358.369463246521) (393.3045064920077,4361.859067300188) (395.7406810208029,4361.859067300188) (395.7406810208029,4365.348671353855) (398.176855549598,4365.348671353855) (398.176855549598,4368.838275407522) (400.6130300783933,4368.838275407522) (400.6130300783933,4372.327879461189) (403.0492046071886,4372.327879461189) (403.0492046071886,4375.817483514856) (405.4853791359839,4375.817483514856) (405.4853791359839,4379.307087568523) (407.9215536647791,4379.307087568523) (407.9215536647791,4382.796691622189) (410.3577281935744,4382.796691622189) (410.3577281935744,4386.286295675856) (412.7939027223696,4386.286295675856) (412.7939027223696,4389.775899729522) (415.2300772511649,4389.775899729522) (415.2300772511649,4393.265503783189) (417.6662517799601,4393.265503783189) (417.6662517799601,4396.755107836855) (420.1024263087553,4396.755107836855) (420.1024263087553,4400.244711890522) (422.5386008375506,4400.244711890522) (422.5386008375506,4400.840201776819) (700,4400.840201776819)
robPositionY[0]:
[0]: (0,0) (0,163.5) (2,163.5) (2,188.9679078844919) (195.0240953192191,188.9679078844919) (195.0240953192191,188.479046668909) (196.0428987817024,188.479046668909) (196.0428987817024,187.9901854533262) (197.0428987817024,187.9901854533262) (197.0428987817024,187.5013242377435) (198.0617022441856,187.5013242377435) (198.0617022441856,187.0124630221606) (199.0617022441856,187.0124630221606) (199.0617022441856,186.5236018065777) (200.0805057066689,186.5236018065777) (200.0805057066689,186.034740590995) (201.0993091691521,186.034740590995) (201.0993091691521,185.5458793754121) (202.1181126316353,185.5458793754121) (202.1181126316353,185.0570181598295) (203.1369160941186,185.0570181598295) (203.1369160941186,184.5681569442468) (204.1369160941185,184.5681569442468) (204.1369160941185,184.079295728664) (205.1557195566018,184.079295728664) (205.1557195566018,183.5904345130811) (206.174523019085,183.5904345130811) (206.174523019085,183.1015732974986) (207.1933264815682,183.1015732974986) (207.1933264815682,182.6127120819158) (208.2121299440514,182.6127120819158) (208.2121299440514,182.1238508663329) (209.2309334065347,182.1238508663329) (209.2309334065347,181.6349896507502) (210.2497368690179,181.6349896507502) (210.2497368690179,181.1461284351673) (211.2685403315011,181.1461284351673) (211.2685403315011,180.6572672195846) (212.2685403315011,180.6572672195846) (212.2685403315011,180.1684060040018) (213.268540331501,180.1684060040018) (213.268540331501,179.6795447884191) (214.2873437939843,179.6795447884191) (214.2873437939843,179.1906835728362) (215.2873437939842,179.1906835728362) (215.2873437939842,178.7018223572533) (216.3061472564675,178.7018223572533) (216.3061472564675,178.2129611416705) (217.3249507189507,178.2129611416705) (217.3249507189507,177.7240999260877) (218.3437541814339,177.7240999260877) (218.3437541814339,177.2352387105049) (219.3437541814339,177.2352387105049) (219.3437541814339,176.7463774949222) (220.3437541814338,176.7463774949222) (220.3437541814338,176.2575162793394) (221.3437541814338,176.2575162793394) (221.3437541814338,175.7686550637567) (222.362557643917,175.7686550637567) (222.362557643917,175.2797938481738) (223.3813611064003,175.2797938481738) (223.3813611064003,174.7909326325911) (224.4001645688835,174.7909326325911) (224.4001645688835,174.3020714170082) (225.4189680313667,174.3020714170082) (225.4189680313667,173.8132102014254) (226.4377714938499,173.8132102014254) (226.4377714938499,173.3243489858428) (227.4565749563331,173.3243489858428) (227.4565749563331,172.8354877702601) (228.4753784188164,172.8354877702601) (228.4753784188164,172.3466265546772) (229.4941818812996,172.3466265546772) (229.4941818812996,171.8577653390945) (230.4941818812996,171.8577653390945) (230.4941818812996,171.3689041235117) (231.4941818812995,171.3689041235117) (231.4941818812995,170.880042907929) (232.4941818812995,170.880042907929) (232.4941818812995,170.3911816923462) (233.4941818812995,170.3911816923462) (233.4941818812995,169.9023204767635) (234.4941818812995,169.9023204767635) (234.4941818812995,169.4134592611807) (235.5129853437827,169.4134592611807) (235.5129853437827,168.9245980455979) (236.5129853437826,168.9245980455979) (236.5129853437826,168.435736830015) (237.5317888062658,168.435736830015) (237.5317888062658,167.9468756144324) (238.5505922687491,167.9468756144324) (238.5505922687491,167.4580143988497) (239.5693957312323,167.4580143988497) (239.5693957312323,166.9691531832668) (240.5881991937155,166.9691531832668) (240.5881991937155,166.480291967684) (241.5881991937155,166.480291967684) (241.5881991937155,165.9914307521013) (242.6070026561987,165.9914307521013) (242.6070026561987,165.5025695365184) (243.6070026561987,165.5025695365184) (243.6070026561987,165.0137083209355) (246.043598828606,165.0137083209355) (246.043598828606,190.7799336290518) (247.043598828606,190.7799336290518) (247.043598828606,216.546158937168) (248.0435988286059,216.546158937168) (248.0435988286059,242.3123842452842) (249.0435988286059,242.3123842452842) (249.0435988286059,268.0786095534005) (250.0435988286059,268.0786095534005) (250.0435988286059,293.8448348615167) (252.4801950010132,293.8448348615167) (252.4801950010132,319.611060169633) (253.5733971686597,319.611060169633) (253.5733971686597,317.1913106149312) (254.6665993363062,317.1913106149312) (254.6665993363062,314.7715610602295) (255.6665993363062,314.7715610602295) (255.6665993363062,312.3518115055277) (256.6665993363062,312.3518115055277) (256.6665993363062,309.932061950826) (257.6665993363062,309.932061950826) (257.6665993363062,307.5123123961242) (258.7598015039527,307.5123123961242) (258.7598015039527,305.0925628414225) (259.8530036715992,305.0925628414225) (259.8530036715992,302.6728132867207) (260.8530036715991,302.6728132867207) (260.8530036715991,300.253063732019) (261.9462058392457,300.253063732019) (261.9462058392457,297.8333141773172) (263.0394080068922,297.8333141773172) (263.0394080068922,295.4135646226154) (264.0394080068921,295.4135646226154) (264.0394080068921,292.9938150679137) (265.132610174539,292.9938150679137) (265.132610174539,290.5740655132119) (266.2258123421857,290.5740655132119) (266.2258123421857,288.1543159585102) (267.225812342186,288.1543159585102) (267.225812342186,285.7345664038084) (268.3190145098328,285.7345664038084) (268.3190145098328,283.3148168491066) (269.4122166774796,283.3148168491066) (269.4122166774796,280.8950672944048) (270.4122166774799,280.8950672944048) (270.4122166774799,278.4753177397031) (271.5054188451267,278.4753177397031) (271.5054188451267,276.0555681850013) (272.5986210127735,276.0555681850013) (272.5986210127735,273.6358186302995) (273.5986210127737,273.6358186302995) (273.5986210127737,271.2160690755978) (274.6918231804206,271.2160690755978) (274.6918231804206,268.796319520896) (275.7850253480674,268.796319520896) (275.7850253480674,266.3765699661942) (276.8782275157142,266.3765699661942) (276.8782275157142,263.9568204114925) (277.971429683361,263.9568204114925) (277.971429683361,261.5370708567906) (279.0646318510079,261.5370708567906) (279.0646318510079,259.1173213020889) (280.1578340186547,259.1173213020889) (280.1578340186547,256.6975717473871) (281.2510361863015,256.6975717473871) (281.2510361863015,254.2778221926853) (282.3442383539484,254.2778221926853) (282.3442383539484,251.8580726379836) (283.3442383539486,251.8580726379836) (283.3442383539486,249.4383230832818) (284.4374405215954,249.4383230832818) (284.4374405215954,247.01857352858) (285.5306426892423,247.01857352858) (285.5306426892423,244.5988239738783) (286.5306426892425,244.5988239738783) (286.5306426892425,242.1790744191765) (287.6238448568894,242.1790744191765) (287.6238448568894,239.7593248644748) (288.7170470245362,239.7593248644748) (288.7170470245362,237.339575309773) (289.7170470245364,237.339575309773) (289.7170470245364,234.9198257550713) (290.8102491921832,234.9198257550713) (290.8102491921832,232.5000762003694) (291.9034513598301,232.5000762003694) (291.9034513598301,230.0803266456677) (292.9034513598303,230.0803266456677) (292.9034513598303,227.6605770909659) (293.9034513598306,227.6605770909659) (293.9034513598306,225.2408275362642) (294.9966535274774,225.2408275362642) (294.9966535274774,222.8210779815625) (296.0898556951242,222.8210779815625) (296.0898556951242,220.4013284268607) (297.0898556951244,220.4013284268607) (297.0898556951244,217.9815788721589) (298.1830578627712,217.9815788721589) (298.1830578627712,215.5618293174572) (299.276260030418,215.5618293174572) (299.276260030418,213.1420797627554) (300.2762600304183,213.1420797627554) (300.2762600304183,210.7223302080537) (301.2762600304185,210.7223302080537) (301.2762600304185,208.3025806533519) (302.3694621980653,208.3025806533519) (302.3694621980653,205.8828310986502) (303.4626643657121,205.8828310986502) (303.4626643657121,203.4630815439484) (304.4626643657124,203.4630815439484) (304.4626643657124,201.0433319892467) (305.4626643657127,201.0433319892467) (305.4626643657127,198.6235824345449) (306.462664365713,198.6235824345449) (306.462664365713,196.2038328798432) (307.5558665333597,196.2038328798432) (307.5558665333597,193.7840833251414) (308.6490687010065,193.7840833251414) (308.6490687010065,191.3643337704397) (309.6490687010067,191.3643337704397) (309.6490687010067,188.9445842157379) (310.7422708686536,188.9445842157379) (310.7422708686536,186.5248346610361) (311.8354730363004,186.5248346610361) (311.8354730363004,184.1050851063343) (312.9286752039472,184.1050851063343) (312.9286752039472,181.6853355516326) (314.021877371594,181.6853355516326) (314.021877371594,179.2655859969308) (315.1150795392408,179.2655859969308) (315.1150795392408,176.8458364422291) (316.2082817068876,176.8458364422291) (316.2082817068876,174.4260868875273) (317.2082817068878,174.4260868875273) (317.2082817068878,172.0063373328256) (318.2141663284725,172.0063373328256) (318.2141663284725,171.8533380546641) (319.2200509500572,171.8533380546641) (319.2200509500572,171.7003387765016) (320.2259355716419,171.7003387765016) (320.2259355716419,171.5473394983395) (321.2259355716422,171.5473394983395) (321.2259355716422,171.3943402201775) (322.2318201932269,171.3943402201775) (322.2318201932269,171.241340942015) (323.2318201932271,171.241340942015) (323.2318201932271,171.0883416638525) (324.2318201932273,171.0883416638525) (324.2318201932273,170.93534238569) (325.237704814812,170.93534238569) (325.237704814812,170.782343107528) (326.2377048148123,170.782343107528) (326.2377048148123,170.629343829366) (327.2377048148126,170.629343829366) (327.2377048148126,170.476344551204) (328.2435894363973,170.476344551204) (328.2435894363973,170.3233452730415) (329.2435894363975,170.3233452730415) (329.2435894363975,170.170345994879) (330.2494740579822,170.170345994879) (330.2494740579822,170.017346716717) (331.2494740579824,170.017346716717) (331.2494740579824,169.864347438555) (332.2494740579826,169.864347438555) (332.2494740579826,169.711348160393) (333.2553586795674,169.711348160393) (333.2553586795674,169.5583488822305) (334.2553586795677,169.5583488822305) (334.2553586795677,169.405349604068) (335.2612433011523,169.405349604068) (335.2612433011523,169.252350325906) (336.267127922737,169.252350325906) (336.267127922737,169.0993510477435) (337.2730125443217,169.0993510477435) (337.2730125443217,168.9463517695814) (338.2730125443219,168.9463517695814) (338.2730125443219,168.7933524914194) (339.2788971659066,168.7933524914194) (339.2788971659066,168.6403532132569) (340.2788971659069,168.6403532132569) (340.2788971659069,168.4873539350944) (341.2788971659072,168.4873539350944) (341.2788971659072,168.3343546569319) (342.2788971659075,168.3343546569319) (342.2788971659075,168.1813553787694) (343.2847817874921,168.1813553787694) (343.2847817874921,168.0283561006074) (344.2906664090768,168.0283561006074) (344.2906664090768,167.8753568224449) (345.2906664090771,167.8753568224449) (345.2906664090771,167.7223575442824) (346.2965510306617,167.7223575442824) (346.2965510306617,167.5693582661204) (347.3024356522464,167.5693582661204) (347.3024356522464,167.4163589879579) (348.3024356522466,167.4163589879579) (348.3024356522466,167.2633597097954) (349.3083202738313,167.2633597097954) (349.3083202738313,167.1103604316334) (350.314204895416,167.1103604316334) (350.314204895416,166.9573611534709) (351.3200895170007,166.9573611534709) (351.3200895170007,166.8043618753089) (352.3200895170009,166.8043618753089) (352.3200895170009,166.6513625971469) (353.3259741385857,166.6513625971469) (353.3259741385857,166.4983633189844) (354.3318587601703,166.4983633189844) (354.3318587601703,166.3453640408224) (355.3318587601705,166.3453640408224) (355.3318587601705,166.1923647626604) (356.3377433817553,166.1923647626604) (356.3377433817553,166.0393654844979) (357.34362800334,166.0393654844979) (357.34362800334,165.8863662063359) (358.3495126249247,165.8863662063359) (358.3495126249247,165.7333669281734) (359.3553972465094,165.7333669281734) (359.3553972465094,165.5803676500104) (360.3612818680942,165.5803676500104) (360.3612818680942,165.4273683718479) (361.3671664896788,165.4273683718479) (361.3671664896788,165.2743690936863) (362.3730511112635,165.2743690936863) (362.3730511112635,165.1213698155238) (363.3789357328482,165.1213698155238) (363.3789357328482,164.9683705373618) (364.3789357328485,164.9683705373618) (364.3789357328485,164.8153712591998) (365.3789357328488,164.8153712591998) (365.3789357328488,164.6623719810378) (366.3789357328491,164.6623719810378) (366.3789357328491,164.5093727028758) (367.3789357328494,164.5093727028758) (367.3789357328494,164.3563734247138) (368.3789357328496,164.3563734247138) (368.3789357328496,164.2033741465518) (369.3789357328499,164.2033741465518) (369.3789357328499,164.0503748683898) (371.8151102616452,164.0503748683898) (371.8151102616452,189.8151310975613) (374.2512847904405,189.8151310975613) (374.2512847904405,215.5798873267328) (375.2512847904408,215.5798873267328) (375.2512847904408,241.3446435559043) (377.687459319236,241.3446435559043) (377.687459319236,267.1093997850758) (378.6874593192363,267.1093997850758) (378.6874593192363,292.8741560142473) (381.1236338480316,292.8741560142473) (381.1236338480316,318.6389122434188) (383.5598083768268,318.6389122434188) (383.5598083768268,344.4036684725903) (385.995982905622,344.4036684725903) (385.995982905622,370.1684247017618) (388.4321574344173,370.1684247017618) (388.4321574344173,395.9331809309333) (390.8683319632125,395.9331809309333) (390.8683319632125,421.6979371601049) (393.3045064920077,421.6979371601049) (393.3045064920077,447.4626933892764) (395.7406810208029,447.4626933892764) (395.7406810208029,473.227449618448) (398.176855549598,473.227449618448) (398.176855549598,498.9922058476195) (400.6130300783933,498.9922058476195) (400.6130300783933,524.7569620767911) (403.0492046071886,524.7569620767911) (403.0492046071886,550.5217183059626) (405.4853791359839,550.5217183059626) (405.4853791359839,576.2864745351342) (407.9215536647791,576.2864745351342) (407.9215536647791,602.0512307643057) (410.3577281935744,602.0512307643057) (410.3577281935744,627.8159869934773) (412.7939027223696,627.8159869934773) (412.7939027223696,653.5807432226488) (415.2300772511649,653.5807432226488) (415.2300772511649,679.3454994518204) (417.6662517799601,679.3454994518204) (417.6662517799601,705.1102556809919) (420.1024263087553,705.1102556809919) (420.1024263087553,730.8750119101635) (422.5386008375506,730.8750119101635) (422.5386008375506,735.2716860088356) (700,735.2716860088356)
batteryCharge[0]:
[0]: (0,100) (700,100)
user_guided_transport.end:
[0]: (0,0) (424.5386008375497,0) (424.5386008375497,1) (700,1)
[2K
Verifying formula 5 at /nta/queries/query[5]/formula
 -- Formula: simulate[<=700]{robot_inventory[0][0], user_guided_transport.end*2}
[2K -- Formula is satisfied.
robot_inventory[0][0]:
[0]: (0,0) (7.497938617973937,0) (7.497938617973937,1) (700,1)
user_guided_transport.end * 2:
[0]: (0,0) (424.0124441362937,0) (424.0124441362937,2) (700,2)
[2K
Verifying formula 6 at /nta/queries/query[6]/formula
 -- Formula: simulate[<=700]{bedroom[0], bedroom[1], kitchen[0], kitchen[1]}
[2K -- Formula is satisfied.
bedroom[0]:
[0]: (0,100) (700,100)
bedroom[1]:
[0]: (0,200) (700,200)
kitchen[0]:
[0]: (0,4400) (700,4400)
kitchen[1]:
[0]: (0,765) (700,765)
[2K
Verifying formula 7 at /nta/queries/query[7]/formula
 -- Formula: simulate[<=700]{rm_1.idle, rf_1.idle, rp_1.idle, rd_1.idle}
[2K -- Formula is satisfied.
rm_1.idle:
[0]: (0,0) (0,1) (0,0) (3,0) (3,1) (700,1)
rf_1.idle:
[0]: (0,0) (0,1) (193.0374122234147,1) (193.0374122234147,0) (423.5519177416763,0) (423.5519177416763,1) (700,1)
rp_1.idle:
[0]: (0,0) (0,1) (2,1) (2,0) (8.037412223406136,0) (8.037412223406136,1) (700,1)
rd_1.idle:
[0]: (0,0) (0,1) (700,1)
[2K
Verifying formula 8 at /nta/queries/query[8]/formula
 -- Formula: Pr[<=700](<>!rm_1.idle || !rf_1.idle || !rp_1.idle || !rd_1.idle)
[2K -- Formula is satisfied.
(72/72 runs) Pr(<> …) in [0.950056,1] (95% CI)
Values in [0,0] mean=0 steps=2.22045e-16: 72
[2K
Verifying formula 9 at /nta/queries/query[9]/formula
 -- Formula: Pr[<=700]([] (user_guided_transport.end imply (rm_1.idle && rf_1.idle && rp_1.idle && rd_1.idle)))
 -- Throughput: 213713 runs/sec, Load: 369 runs[K
 -- Throughput: 212139 runs/sec, Load: 348 runs[K
 -- Throughput: 216186 runs/sec, Load: 327 runs[K
[2K -- Formula is satisfied.
(72/72 runs) Pr([] …) in [0.950056,1] (95% CI)
[2K
Verifying formula 10 at /nta/queries/query[10]/formula
 -- Formula: Pr[<=700] (<> pow(humanPositionX[0] - kitchen[0], 2) + pow(humanPositionY[0] - kitchen[1], 2) <= 900 )
[2K -- Formula is satisfied.
(72/72 runs) Pr(<> …) in [0.950056,1] (95% CI)
Values in [192.048,196.903] mean=194.311 steps=0.539482: 15 8 8 6 5 5 6 8 11
[2K
Verifying formula 11 at /nta/queries/query[11]/formula
 -- Formula: Pr[<=700] (<> pow(humanPositionX[0] - bedroom[0], 2) + pow(humanPositionY[0] - bedroom[1], 2) <= 900 )
[2K -- Formula is satisfied.
(72/72 runs) Pr(<> …) in [0.950056,1] (95% CI)
Values in [1,1] mean=1 steps=2.22045e-16: 72
[2K
Verifying formula 12 at /nta/queries/query[12]/formula
 -- Formula: Pr[<=700] (<> pow(robPositionX[0] - bedroom[0], 2) + pow(robPositionY[0] - bedroom[1], 2) <= 900 )
[2K -- Formula is satisfied.
(72/72 runs) Pr(<> …) in [0.950056,1] (95% CI)
Values in [2,2] mean=2 steps=2.22045e-16: 72
[2K
Verifying formula 13 at /nta/queries/query[13]/formula
 -- Formula: Pr[<=700] (<> !isValidPosition(humanPositionX[0], humanPositionY[0]))
[2K -- Formula is satisfied.
(72/72 runs) Pr(<> …) in [0.950056,1] (95% CI)
Values in [0,0] mean=0 steps=2.22045e-16: 72
[2K
Verifying formula 14 at /nta/queries/query[14]/formula
 -- Formula: Pr[<=700] (<> !isValidPosition(robPositionX[0], robPositionY[0]))
[2K -- Formula is satisfied.
(72/72 runs) Pr(<> …) in [0.950056,1] (95% CI)
Values in [0,0] mean=0 steps=2.22045e-16: 72
[2K
Verifying formula 15 at /nta/queries/query[15]/formula
 -- Formula: Pr[<=700] (<> currP > 2)
 -- Throughput: 278506 runs/sec, Load: 363 runs[K
 -- Throughput: 278420 runs/sec, Load: 336 runs[K
[2K -- Formula is satisfied.
(0/72 runs) Pr(<> …) in [0,0.0499441] (95% CI)
