Options for the verification:
  Generating no trace
  Search order is breadth first
  Using conservative space optimisation
  Seed is 1784880494
  State space representation uses minimal constraint systems with future testing
  Using HashMap + Compress integers for discrete state storage
[2K
Verifying formula 1 at /nta/queries/query[1]/formula
 -- Formula: simulate[<=700]{user_guided_transport_human_def.s1_start, user_guided_transport_human_def.s1_end, user_guided_transport_human_def.s2_start, user_guided_transport_human_def.s2_end, user_guided_transport.end}
[2K -- Formula is satisfied.
user_guided_transport_human_def.s1_start:
[0]: (0,0) (0,1) (0,0) (700,0)
user_guided_transport_human_def.s1_end:
[0]: (0,0) (1,0) (1,1) (11.15251422007074,1) (11.15251422007074,0) (700,0)
user_guided_transport_human_def.s2_start:
[0]: (0,0) (11.15251422007074,0) (11.15251422007074,1) (11.15251422007074,0) (16.15251422007071,0) (16.15251422007071,1) (16.15251422007071,0) (21.15251422007072,0) (21.15251422007072,1) (21.15251422007072,0) (26.15251422007079,0) (26.15251422007079,1) (26.15251422007079,0) (31.15251422007081,0) (31.15251422007081,1) (31.15251422007081,0) (36.15251422007092,0) (36.15251422007092,1) (36.15251422007092,0) (41.15251422007105,0) (41.15251422007105,1) (41.15251422007105,0) (46.15251422007115,0) (46.15251422007115,1) (46.15251422007115,0) (51.15251422007123,0) (51.15251422007123,1) (51.15251422007123,0) (56.15251422007123,0) (56.15251422007123,1) (56.15251422007123,0) (61.15251422007123,0) (61.15251422007123,1) (61.15251422007123,0) (66.15251422007137,0) (66.15251422007137,1) (66.15251422007137,0) (71.15251422007165,0) (71.15251422007165,1) (71.15251422007165,0) (76.15251422007194,0) (76.15251422007194,1) (76.15251422007194,0) (81.15251422007222,0) (81.15251422007222,1) (81.15251422007222,0) (86.1525142200725,0) (86.1525142200725,1) (86.1525142200725,0) (91.15251422007279,0) (91.15251422007279,1) (91.15251422007279,0) (96.15251422007307,0) (96.15251422007307,1) (96.15251422007307,0) (101.1525142200734,0) (101.1525142200734,1) (101.1525142200734,0) (106.1525142200736,0) (106.1525142200736,1) (106.1525142200736,0) (111.1525142200739,0) (111.1525142200739,1) (111.1525142200739,0) (116.1525142200742,0) (116.1525142200742,1) (116.1525142200742,0) (121.1525142200745,0) (121.1525142200745,1) (121.1525142200745,0) (126.1525142200748,0) (126.1525142200748,1) (126.1525142200748,0) (131.1525142200751,0) (131.1525142200751,1) (131.1525142200751,0) (136.1525142200753,0) (136.1525142200753,1) (136.1525142200753,0) (141.1525142200756,0) (141.1525142200756,1) (141.1525142200756,0) (146.1525142200759,0) (146.1525142200759,1) (146.1525142200759,0) (151.1525142200762,0) (151.1525142200762,1) (151.1525142200762,0) (156.1525142200765,0) (156.1525142200765,1) (156.1525142200765,0) (161.1525142200768,0) (161.1525142200768,1) (161.1525142200768,0) (166.1525142200771,0) (166.1525142200771,1) (166.1525142200771,0) (171.1525142200773,0) (171.1525142200773,1) (171.1525142200773,0) (176.1525142200776,0) (176.1525142200776,1) (176.1525142200776,0) (181.152514220078,0) (181.152514220078,1) (181.152514220078,0) (186.1525142200784,0) (186.1525142200784,1) (186.1525142200784,0) (191.1525142200788,0) (191.1525142200788,1) (191.1525142200788,0) (700,0)
user_guided_transport_human_def.s2_end:
[0]: (0,0) (196.1525142200792,0) (196.1525142200792,1) (201.7703691643045,1) (201.7703691643045,0) (700,0)
user_guided_transport.end:
[0]: (0,0) (203.7703691643036,0) (203.7703691643036,1) (700,1)
[2K
Verifying formula 2 at /nta/queries/query[2]/formula
 -- Formula: simulate[<=700]{user_guided_transport_robot_def.s1_start, user_guided_transport_robot_def.s1_end, user_guided_transport_robot_def.s2_start, user_guided_transport_robot_def.s2_end, user_guided_transport.end}
[2K -- Formula is satisfied.
user_guided_transport_robot_def.s1_start:
[0]: (0,0) (0,1) (0,0) (700,0)
user_guided_transport_robot_def.s1_end:
[0]: (0,0) (11.07275378121994,0) (11.07275378121994,1) (11.07275378121994,0) (700,0)
user_guided_transport_robot_def.s2_start:
[0]: (0,0) (11.07275378121994,0) (11.07275378121994,1) (11.07275378121994,0) (700,0)
user_guided_transport_robot_def.s2_end:
[0]: (0,0) (201.6906087254546,0) (201.6906087254546,1) (201.6906087254546,0) (700,0)
user_guided_transport.end:
[0]: (0,0) (203.6906087254537,0) (203.6906087254537,1) (700,1)
[2K
Verifying formula 3 at /nta/queries/query[3]/formula
 -- Formula: Pr[<=700] (<> user_guided_transport.end)
[2K -- Formula is satisfied.
(72/72 runs) Pr(<> …) in [0.950056,1] (95% CI)
Values in [199.638,204.567] mean=201.928 steps=0.54764: 8 6 8 17 6 7 7 8 5
[2K
Verifying formula 4 at /nta/queries/query[4]/formula
 -- Formula: simulate[<=700]{humanPositionX[0], humanPositionY[0], robPositionX[0], robPositionY[0], batteryCharge[0], user_guided_transport.end}
[2K -- Formula is satisfied.
humanPositionX[0]:
[0]: (0,0) (0,92.5) (1,92.5) (1,97.73313175708738) (12.68065248879588,97.73313175708738) (12.68065248879588,123.7285354798977) (13.68065248879588,123.7285354798977) (13.68065248879588,149.723939202708) (14.68065248879588,149.723939202708) (14.68065248879588,175.7193429255182) (15.68065248879587,175.7193429255182) (15.68065248879587,201.7147466483285) (16.68065248879588,201.7147466483285) (16.68065248879588,227.7101503711388) (17.68065248879587,227.7101503711388) (17.68065248879587,253.7055540939491) (18.68065248879588,253.7055540939491) (18.68065248879588,279.7009578167594) (19.68065248879588,279.7009578167594) (19.68065248879588,305.6963615395697) (20.68065248879588,305.6963615395697) (20.68065248879588,331.69176526238) (21.68065248879588,331.69176526238) (21.68065248879588,357.6871689851903) (22.68065248879588,357.6871689851903) (22.68065248879588,383.6825727080006) (23.68065248879588,383.6825727080006) (23.68065248879588,409.6779764308109) (24.68065248879588,409.6779764308109) (24.68065248879588,435.6733801536212) (25.68065248879588,435.6733801536212) (25.68065248879588,461.6687838764315) (26.68065248879588,461.6687838764315) (26.68065248879588,487.6641875992418) (27.68065248879588,487.6641875992418) (27.68065248879588,513.6595913220521) (28.68065248879588,513.6595913220521) (28.68065248879588,539.6549950448623) (29.68065248879588,539.6549950448623) (29.68065248879588,565.6503987676725) (30.68065248879588,565.6503987676725) (30.68065248879588,591.6458024904828) (31.68065248879588,591.6458024904828) (31.68065248879588,617.641206213293) (32.6806524887959,617.641206213293) (32.6806524887959,643.6366099361032) (33.68065248879593,643.6366099361032) (33.68065248879593,669.6320136589135) (34.68065248879596,669.6320136589135) (34.68065248879596,695.6274173817237) (35.68065248879599,695.6274173817237) (35.68065248879599,721.622821104534) (36.68065248879601,721.622821104534) (36.68065248879601,747.6182248273442) (37.68065248879604,747.6182248273442) (37.68065248879604,773.6136285501544) (38.68065248879607,773.6136285501544) (38.68065248879607,799.6090322729647) (39.6806524887961,799.6090322729647) (39.6806524887961,825.6044359957749) (40.68065248879613,825.6044359957749) (40.68065248879613,851.5998397185851) (41.68065248879616,851.5998397185851) (41.68065248879616,877.5952434413954) (42.68065248879618,877.5952434413954) (42.68065248879618,903.5906471642056) (43.68065248879621,903.5906471642056) (43.68065248879621,929.5860508870159) (44.68065248879624,929.5860508870159) (44.68065248879624,955.5814546098261) (45.68065248879627,955.5814546098261) (45.68065248879627,981.5768583326363) (46.68065248879629,981.5768583326363) (46.68065248879629,1007.572262055447) (47.68065248879631,1007.572262055447) (47.68065248879631,1033.567665778257) (48.68065248879633,1033.567665778257) (48.68065248879633,1059.563069501067) (49.68065248879635,1059.563069501067) (49.68065248879635,1085.558473223878) (50.68065248879638,1085.558473223878) (50.68065248879638,1111.553876946688) (51.6806524887964,1111.553876946688) (51.6806524887964,1137.549280669498) (52.68065248879642,1137.549280669498) (52.68065248879642,1163.544684392309) (53.68065248879644,1163.544684392309) (53.68065248879644,1189.540088115119) (54.68065248879646,1189.540088115119) (54.68065248879646,1215.535491837929) (55.68065248879648,1215.535491837929) (55.68065248879648,1241.53089556074) (56.6806524887965,1241.53089556074) (56.6806524887965,1267.52629928355) (57.68065248879653,1267.52629928355) (57.68065248879653,1293.52170300636) (58.68065248879655,1293.52170300636) (58.68065248879655,1319.517106729171) (59.68065248879657,1319.517106729171) (59.68065248879657,1345.512510451981) (60.68065248879659,1345.512510451981) (60.68065248879659,1371.507914174791) (61.68065248879661,1371.507914174791) (61.68065248879661,1397.503317897602) (62.68065248879663,1397.503317897602) (62.68065248879663,1423.498721620412) (63.68065248879665,1423.498721620412) (63.68065248879665,1478) (64.68065248879667,1478) (64.68065248879667,1504) (65.6806524887967,1504) (65.6806524887967,1530) (66.68065248879672,1530) (66.68065248879672,1556) (67.68065248879675,1556) (67.68065248879675,1582) (68.68065248879678,1582) (68.68065248879678,1608) (69.68065248879681,1608) (69.68065248879681,1634) (70.68065248879684,1634) (70.68065248879684,1660) (71.68065248879687,1660) (71.68065248879687,1686) (72.68065248879689,1686) (72.68065248879689,1712) (73.68065248879692,1712) (73.68065248879692,1738) (74.68065248879695,1738) (74.68065248879695,1764) (75.68065248879698,1764) (75.68065248879698,1790) (76.68065248879692,1790) (76.68065248879692,1816) (77.68065248879687,1816) (77.68065248879687,1842) (78.68065248879681,1842) (78.68065248879681,1868) (79.68065248879675,1868) (79.68065248879675,1894) (80.6806524887967,1894) (80.6806524887967,1920) (81.68065248879674,1920) (81.68065248879674,1946) (82.68065248879675,1946) (82.68065248879675,1972) (83.68065248879677,1972) (83.68065248879677,1998) (84.68065248879678,1998) (84.68065248879678,2024) (85.6806524887968,2024) (85.6806524887968,2050) (86.68065248879681,2050) (86.68065248879681,2076) (87.68065248879682,2076) (87.68065248879682,2102) (88.68065248879684,2102) (88.68065248879684,2128) (89.68065248879685,2128) (89.68065248879685,2154) (90.68065248879687,2154) (90.68065248879687,2180) (91.68065248879688,2180) (91.68065248879688,2206) (92.68065248879689,2206) (92.68065248879689,2232) (93.68065248879691,2232) (93.68065248879691,2258) (94.68065248879692,2258) (94.68065248879692,2284) (95.68065248879694,2284) (95.68065248879694,2310) (96.68065248879695,2310) (96.68065248879695,2336) (97.68065248879691,2336) (97.68065248879691,2362) (98.68065248879684,2362) (98.68065248879684,2388) (99.68065248879677,2388) (99.68065248879677,2414) (100.6806524887967,2414) (100.6806524887967,2440) (101.6806524887966,2440) (101.6806524887966,2466) (102.6806524887966,2466) (102.6806524887966,2492) (103.6806524887965,2492) (103.6806524887965,2518) (104.6806524887964,2518) (104.6806524887964,2544) (105.6806524887963,2544) (105.6806524887963,2570) (106.6806524887963,2570) (106.6806524887963,2596) (107.6806524887962,2596) (107.6806524887962,2622) (108.6806524887961,2622) (108.6806524887961,2648) (109.6806524887961,2648) (109.6806524887961,2674) (110.680652488796,2674) (110.680652488796,2700) (111.6806524887959,2700) (111.6806524887959,2726) (112.6806524887958,2726) (112.6806524887958,2752) (113.6806524887958,2752) (113.6806524887958,2778) (114.6806524887957,2778) (114.6806524887957,2804) (115.6806524887956,2804) (115.6806524887956,2830) (116.6806524887955,2830) (116.6806524887955,2856) (117.6806524887955,2856) (117.6806524887955,2882) (118.6806524887954,2882) (118.6806524887954,2908) (119.6806524887954,2908) (119.6806524887954,2934) (120.6806524887953,2934) (120.6806524887953,2960) (121.6806524887952,2960) (121.6806524887952,2986) (122.6806524887952,2986) (122.6806524887952,3012) (123.6806524887951,3012) (123.6806524887951,3038) (124.680652488795,3038) (124.680652488795,3088.5) (125.680652488795,3088.5) (125.680652488795,3114.5) (126.6806524887949,3114.5) (126.6806524887949,3140.5) (127.6806524887948,3140.5) (127.6806524887948,3166.5) (128.6806524887948,3166.5) (128.6806524887948,3192.5) (129.6806524887949,3192.5) (129.6806524887949,3218.5) (130.680652488795,3218.5) (130.680652488795,3244.5) (131.6806524887951,3244.5) (131.6806524887951,3270.5) (132.6806524887952,3270.5) (132.6806524887952,3296.5) (133.6806524887953,3296.5) (133.6806524887953,3322.5) (134.6806524887953,3322.5) (134.6806524887953,3348.5) (135.6806524887954,3348.5) (135.6806524887954,3374.5) (136.6806524887955,3374.5) (136.6806524887955,3400.5) (137.6806524887956,3400.5) (137.6806524887956,3426.5) (138.6806524887957,3426.5) (138.6806524887957,3452.5) (139.6806524887958,3452.5) (139.6806524887958,3478.5) (140.6806524887959,3478.5) (140.6806524887959,3504.5) (141.6806524887959,3504.5) (141.6806524887959,3530.5) (142.680652488796,3530.5) (142.680652488796,3556.5) (143.6806524887961,3556.5) (143.6806524887961,3582.5) (144.6806524887962,3582.5) (144.6806524887962,3608.5) (145.6806524887963,3608.5) (145.6806524887963,3634.5) (146.6806524887963,3634.5) (146.6806524887963,3660.5) (147.6806524887964,3660.5) (147.6806524887964,3686.5) (148.6806524887965,3686.5) (148.6806524887965,3712.5) (149.6806524887965,3712.5) (149.6806524887965,3738.5) (150.6806524887966,3738.5) (150.6806524887966,3764.5) (151.6806524887966,3764.5) (151.6806524887966,3790.5) (152.6806524887967,3790.5) (152.6806524887967,3816.5) (153.6806524887967,3816.5) (153.6806524887967,3842.5) (154.6806524887968,3842.5) (154.6806524887968,3868.5) (155.6806524887969,3868.5) (155.6806524887969,3894.5) (156.6806524887969,3894.5) (156.6806524887969,3920.5) (157.680652488797,3920.5) (157.680652488797,3946.5) (158.680652488797,3946.5) (158.680652488797,3972.5) (159.6806524887971,3972.5) (159.6806524887971,3998.5) (160.6806524887971,3998.5) (160.6806524887971,4024.5) (161.6806524887972,4024.5) (161.6806524887972,4050.5) (162.6806524887973,4050.5) (162.6806524887973,4076.5) (163.6806524887973,4076.5) (163.6806524887973,4102.5) (164.6806524887974,4102.5) (164.6806524887974,4128.5) (165.6806524887974,4128.5) (165.6806524887974,4154.5) (166.6806524887975,4154.5) (166.6806524887975,4180.5) (167.6806524887976,4180.5) (167.6806524887976,4206.5) (168.6806524887976,4206.5) (168.6806524887976,4232.5) (169.6806524887977,4232.5) (169.6806524887977,4258.5) (170.6806524887978,4258.5) (170.6806524887978,4284.5) (171.6806524887979,4284.5) (171.6806524887979,4310.5) (172.680652488798,4310.5) (172.680652488798,4336.5) (173.6806524887981,4336.5) (173.6806524887981,4362.5) (174.6806524887982,4362.5) (174.6806524887982,4388.5) (175.6806524887982,4388.5) (175.6806524887982,4416.265463717128) (176.6806524887983,4416.265463717128) (176.6806524887983,4415.530927434256) (177.6806524887984,4415.530927434256) (177.6806524887984,4414.796391151384) (178.6806524887985,4414.796391151384) (178.6806524887985,4414.061854868512) (179.6806524887986,4414.061854868512) (179.6806524887986,4413.327318585641) (180.6806524887987,4413.327318585641) (180.6806524887987,4412.592782302769) (181.6806524887988,4412.592782302769) (181.6806524887988,4411.858246019897) (182.6806524887988,4411.858246019897) (182.6806524887988,4411.123709737025) (183.6806524887989,4411.123709737025) (183.6806524887989,4410.389173454153) (184.680652488799,4410.389173454153) (184.680652488799,4409.654637171281) (185.6806524887991,4409.654637171281) (185.6806524887991,4408.920100888409) (186.6806524887992,4408.920100888409) (186.6806524887992,4408.185564605537) (187.6806524887993,4408.185564605537) (187.6806524887993,4407.451028322665) (188.6806524887994,4407.451028322665) (188.6806524887994,4406.716492039794) (189.6806524887994,4406.716492039794) (189.6806524887994,4405.981955756922) (190.6806524887995,4405.981955756922) (190.6806524887995,4405.24741947405) (191.6806524887996,4405.24741947405) (191.6806524887996,4404.512883191178) (192.6806524887997,4404.512883191178) (192.6806524887997,4403.778346908306) (193.6806524887998,4403.778346908306) (193.6806524887998,4403.043810625434) (194.6806524887999,4403.043810625434) (194.6806524887999,4402.309274342562) (195.6806524888,4402.309274342562) (195.6806524888,4401.57473805969) (196.6806524888,4401.57473805969) (196.6806524888,4400.840201776819) (700,4400.840201776819)
humanPositionY[0]:
[0]: (0,0) (0,163.5) (1,163.5) (1,188.9679078844919) (12.68065248879588,188.9679078844919) (12.68065248879588,188.479046668909) (13.68065248879588,188.479046668909) (13.68065248879588,187.9901854533261) (14.68065248879588,187.9901854533261) (14.68065248879588,187.5013242377432) (15.68065248879587,187.5013242377432) (15.68065248879587,187.0124630221603) (16.68065248879588,187.0124630221603) (16.68065248879588,186.5236018065774) (17.68065248879587,186.5236018065774) (17.68065248879587,186.0347405909945) (18.68065248879588,186.0347405909945) (18.68065248879588,185.5458793754117) (19.68065248879588,185.5458793754117) (19.68065248879588,185.0570181598288) (20.68065248879588,185.0570181598288) (20.68065248879588,184.5681569442459) (21.68065248879588,184.5681569442459) (21.68065248879588,184.079295728663) (22.68065248879588,184.079295728663) (22.68065248879588,183.5904345130801) (23.68065248879588,183.5904345130801) (23.68065248879588,183.1015732974972) (24.68065248879588,183.1015732974972) (24.68065248879588,182.6127120819143) (25.68065248879588,182.6127120819143) (25.68065248879588,182.1238508663315) (26.68065248879588,182.1238508663315) (26.68065248879588,181.6349896507486) (27.68065248879588,181.6349896507486) (27.68065248879588,181.1461284351657) (28.68065248879588,181.1461284351657) (28.68065248879588,180.6572672195828) (29.68065248879588,180.6572672195828) (29.68065248879588,180.1684060039999) (30.68065248879588,180.1684060039999) (30.68065248879588,179.679544788417) (31.68065248879588,179.679544788417) (31.68065248879588,179.1906835728341) (32.6806524887959,179.1906835728341) (32.6806524887959,178.7018223572512) (33.68065248879593,178.7018223572512) (33.68065248879593,178.2129611416684) (34.68065248879596,178.2129611416684) (34.68065248879596,177.7240999260855) (35.68065248879599,177.7240999260855) (35.68065248879599,177.2352387105026) (36.68065248879601,177.2352387105026) (36.68065248879601,176.7463774949197) (37.68065248879604,176.7463774949197) (37.68065248879604,176.2575162793368) (38.68065248879607,176.2575162793368) (38.68065248879607,175.7686550637539) (39.6806524887961,175.7686550637539) (39.6806524887961,175.279793848171) (40.68065248879613,175.279793848171) (40.68065248879613,174.7909326325882) (41.68065248879616,174.7909326325882) (41.68065248879616,174.3020714170053) (42.68065248879618,174.3020714170053) (42.68065248879618,173.8132102014224) (43.68065248879621,173.8132102014224) (43.68065248879621,173.3243489858395) (44.68065248879624,173.3243489858395) (44.68065248879624,172.8354877702566) (45.68065248879627,172.8354877702566) (45.68065248879627,172.3466265546737) (46.68065248879629,172.3466265546737) (46.68065248879629,171.8577653390908) (47.68065248879631,171.8577653390908) (47.68065248879631,171.3689041235079) (48.68065248879633,171.3689041235079) (48.68065248879633,170.8800429079251) (49.68065248879635,170.8800429079251) (49.68065248879635,170.3911816923422) (50.68065248879638,170.3911816923422) (50.68065248879638,169.9023204767593) (51.6806524887964,169.9023204767593) (51.6806524887964,169.4134592611764) (52.68065248879642,169.4134592611764) (52.68065248879642,168.9245980455935) (53.68065248879644,168.9245980455935) (53.68065248879644,168.4357368300106) (54.68065248879646,168.4357368300106) (54.68065248879646,167.9468756144277) (55.68065248879648,167.9468756144277) (55.68065248879648,167.4580143988449) (56.6806524887965,167.4580143988449) (56.6806524887965,166.969153183262) (57.68065248879653,166.969153183262) (57.68065248879653,166.4802919676791) (58.68065248879655,166.4802919676791) (58.68065248879655,165.9914307520962) (59.68065248879657,165.9914307520962) (59.68065248879657,165.5025695365133) (60.68065248879659,165.5025695365133) (60.68065248879659,165.0137083209304) (61.68065248879661,165.0137083209304) (61.68065248879661,164.5248471053475) (62.68065248879663,164.5248471053475) (62.68065248879663,164.0359858897646) (63.68065248879665,164.0359858897646) (63.68065248879665,163.5) (175.6806524887982,163.5) (175.6806524887982,189.4896220913107) (176.6806524887983,189.4896220913107) (176.6806524887983,215.4792441826214) (177.6806524887984,215.4792441826214) (177.6806524887984,241.4688662739321) (178.6806524887985,241.4688662739321) (178.6806524887985,267.4584883652428) (179.6806524887986,267.4584883652428) (179.6806524887986,293.4481104565535) (180.6806524887987,293.4481104565535) (180.6806524887987,319.4377325478642) (181.6806524887988,319.4377325478642) (181.6806524887988,345.427354639175) (182.6806524887988,345.427354639175) (182.6806524887988,371.4169767304857) (183.6806524887989,371.4169767304857) (183.6806524887989,397.4065988217964) (184.680652488799,397.4065988217964) (184.680652488799,423.3962209131071) (185.6806524887991,423.3962209131071) (185.6806524887991,449.3858430044178) (186.6806524887992,449.3858430044178) (186.6806524887992,475.3754650957285) (187.6806524887993,475.3754650957285) (187.6806524887993,501.3650871870392) (188.6806524887994,501.3650871870392) (188.6806524887994,527.3547092783499) (189.6806524887994,527.3547092783499) (189.6806524887994,553.3443313696606) (190.6806524887995,553.3443313696606) (190.6806524887995,579.3339534609713) (191.6806524887996,579.3339534609713) (191.6806524887996,605.323575552282) (192.6806524887997,605.323575552282) (192.6806524887997,631.3131976435927) (193.6806524887998,631.3131976435927) (193.6806524887998,657.3028197349034) (194.6806524887999,657.3028197349034) (194.6806524887999,683.2924418262141) (195.6806524888,683.2924418262141) (195.6806524888,709.2820639175249) (196.6806524888,709.2820639175249) (196.6806524888,735.2716860088356) (700,735.2716860088356)
robPositionX[0]:
[0]: (0,0) (0,92.5) (2,92.5) (2,97.73313175708738) (13.68065248879588,97.73313175708738) (13.68065248879588,123.7285354798977) (14.69945595127912,123.7285354798977) (14.69945595127912,149.723939202708) (15.69945595127912,149.723939202708) (15.69945595127912,175.7193429255182) (16.69945595127912,175.7193429255182) (16.69945595127912,201.7147466483285) (17.69945595127912,201.7147466483285) (17.69945595127912,227.7101503711388) (18.69945595127912,227.7101503711388) (18.69945595127912,253.7055540939491) (19.69945595127912,253.7055540939491) (19.69945595127912,279.7009578167594) (20.69945595127912,279.7009578167594) (20.69945595127912,305.6963615395697) (21.69945595127912,305.6963615395697) (21.69945595127912,331.69176526238) (22.69945595127912,331.69176526238) (22.69945595127912,357.6871689851903) (23.69945595127912,357.6871689851903) (23.69945595127912,383.6825727080006) (24.69945595127912,383.6825727080006) (24.69945595127912,409.6779764308109) (25.69945595127912,409.6779764308109) (25.69945595127912,435.6733801536212) (26.69945595127912,435.6733801536212) (26.69945595127912,461.6687838764315) (27.69945595127912,461.6687838764315) (27.69945595127912,487.6641875992418) (28.69945595127912,487.6641875992418) (28.69945595127912,513.6595913220521) (29.69945595127912,513.6595913220521) (29.69945595127912,539.6549950448623) (30.69945595127912,539.6549950448623) (30.69945595127912,565.6503987676725) (31.69945595127912,565.6503987676725) (31.69945595127912,591.6458024904828) (32.69945595127914,591.6458024904828) (32.69945595127914,617.641206213293) (33.69945595127917,617.641206213293) (33.69945595127917,643.6366099361032) (34.6994559512792,643.6366099361032) (34.6994559512792,669.6320136589135) (35.69945595127923,669.6320136589135) (35.69945595127923,695.6274173817237) (36.69945595127925,695.6274173817237) (36.69945595127925,721.622821104534) (37.69945595127928,721.622821104534) (37.69945595127928,747.6182248273442) (38.69945595127931,747.6182248273442) (38.69945595127931,773.6136285501544) (39.69945595127934,773.6136285501544) (39.69945595127934,799.6090322729647) (40.69945595127937,799.6090322729647) (40.69945595127937,825.6044359957749) (41.6994559512794,825.6044359957749) (41.6994559512794,851.5998397185851) (42.69945595127943,851.5998397185851) (42.69945595127943,877.5952434413954) (43.69945595127945,877.5952434413954) (43.69945595127945,903.5906471642056) (44.69945595127948,903.5906471642056) (44.69945595127948,929.5860508870159) (45.69945595127951,929.5860508870159) (45.69945595127951,955.5814546098261) (46.69945595127953,955.5814546098261) (46.69945595127953,981.5768583326363) (47.69945595127955,981.5768583326363) (47.69945595127955,1007.572262055447) (48.69945595127957,1007.572262055447) (48.69945595127957,1033.567665778257) (49.6994559512796,1033.567665778257) (49.6994559512796,1059.563069501067) (50.69945595127962,1059.563069501067) (50.69945595127962,1085.558473223878) (51.69945595127964,1085.558473223878) (51.69945595127964,1111.553876946688) (52.69945595127966,1111.553876946688) (52.69945595127966,1137.549280669498) (53.69945595127968,1137.549280669498) (53.69945595127968,1163.544684392309) (54.6994559512797,1163.544684392309) (54.6994559512797,1189.540088115119) (55.69945595127972,1189.540088115119) (55.69945595127972,1215.535491837929) (56.69945595127975,1215.535491837929) (56.69945595127975,1241.53089556074) (57.69945595127977,1241.53089556074) (57.69945595127977,1267.52629928355) (58.69945595127979,1267.52629928355) (58.69945595127979,1293.52170300636) (59.69945595127981,1293.52170300636) (59.69945595127981,1319.517106729171) (60.69945595127983,1319.517106729171) (60.69945595127983,1345.512510451981) (61.69945595127985,1345.512510451981) (61.69945595127985,1371.507914174791) (62.69945595127987,1371.507914174791) (62.69945595127987,1397.503317897602) (63.69945595127989,1397.503317897602) (63.69945595127989,1423.498721620412) (64.69945595127992,1423.498721620412) (64.69945595127992,1452) (65.69945595127994,1452) (65.69945595127994,1478) (66.69945595127997,1478) (66.69945595127997,1504) (67.69945595128,1504) (67.69945595128,1530) (68.69945595128003,1530) (68.69945595128003,1556) (69.69945595128006,1556) (69.69945595128006,1582) (70.69945595128009,1582) (70.69945595128009,1608) (71.69945595128011,1608) (71.69945595128011,1634) (72.69945595128014,1634) (72.69945595128014,1660) (73.69945595128017,1660) (73.69945595128017,1686) (74.6994559512802,1686) (74.6994559512802,1712) (75.69945595128023,1712) (75.69945595128023,1738) (76.69945595128017,1738) (76.69945595128017,1764) (77.69945595128011,1764) (77.69945595128011,1790) (78.69945595128006,1790) (78.69945595128006,1816) (79.69945595128,1816) (79.69945595128,1842) (80.69945595127994,1842) (80.69945595127994,1868) (81.69945595127999,1868) (81.69945595127999,1894) (82.69945595128,1894) (82.69945595128,1920) (83.69945595128002,1920) (83.69945595128002,1946) (84.69945595128003,1946) (84.69945595128003,1972) (85.69945595128004,1972) (85.69945595128004,1998) (86.69945595128006,1998) (86.69945595128006,2024) (87.69945595128007,2024) (87.69945595128007,2050) (88.69945595128009,2050) (88.69945595128009,2076) (89.6994559512801,2076) (89.6994559512801,2102) (90.69945595128011,2102) (90.69945595128011,2128) (91.69945595128013,2128) (91.69945595128013,2154) (92.69945595128014,2154) (92.69945595128014,2180) (93.69945595128016,2180) (93.69945595128016,2206) (94.69945595128017,2206) (94.69945595128017,2232) (95.69945595128019,2232) (95.69945595128019,2258) (96.6994559512802,2258) (96.6994559512802,2284) (97.69945595128016,2284) (97.69945595128016,2310) (98.69945595128009,2310) (98.69945595128009,2336) (99.69945595128002,2336) (99.69945595128002,2362) (100.6994559512799,2362) (100.6994559512799,2388) (101.6994559512799,2388) (101.6994559512799,2414) (102.6994559512798,2414) (102.6994559512798,2440) (103.6994559512797,2440) (103.6994559512797,2466) (104.6994559512797,2466) (104.6994559512797,2492) (105.6994559512796,2492) (105.6994559512796,2518) (106.6994559512795,2518) (106.6994559512795,2544) (107.6994559512794,2544) (107.6994559512794,2570) (108.6994559512794,2570) (108.6994559512794,2596) (109.6994559512793,2596) (109.6994559512793,2622) (110.6994559512792,2622) (110.6994559512792,2648) (111.6994559512792,2648) (111.6994559512792,2674) (112.6994559512791,2674) (112.6994559512791,2700) (113.699455951279,2700) (113.699455951279,2726) (114.6994559512789,2726) (114.6994559512789,2752) (115.6994559512789,2752) (115.6994559512789,2778) (116.6994559512788,2778) (116.6994559512788,2804) (117.6994559512788,2804) (117.6994559512788,2830) (118.6994559512787,2830) (118.6994559512787,2856) (119.6994559512786,2856) (119.6994559512786,2882) (120.6994559512786,2882) (120.6994559512786,2908) (121.6994559512785,2908) (121.6994559512785,2934) (122.6994559512784,2934) (122.6994559512784,2960) (123.6994559512784,2960) (123.6994559512784,2986) (124.6994559512783,2986) (124.6994559512783,3012) (125.6994559512782,3012) (125.6994559512782,3038) (126.6994559512782,3038) (126.6994559512782,3062.5) (127.6994559512781,3062.5) (127.6994559512781,3088.5) (128.6994559512781,3088.5) (128.6994559512781,3114.5) (129.6994559512782,3114.5) (129.6994559512782,3140.5) (130.6994559512783,3140.5) (130.6994559512783,3166.5) (131.6994559512784,3166.5) (131.6994559512784,3192.5) (132.6994559512785,3192.5) (132.6994559512785,3218.5) (133.6994559512785,3218.5) (133.6994559512785,3244.5) (134.6994559512786,3244.5) (134.6994559512786,3270.5) (135.6994559512787,3270.5) (135.6994559512787,3296.5) (136.6994559512788,3296.5) (136.6994559512788,3322.5) (137.6994559512789,3322.5) (137.6994559512789,3348.5) (138.699455951279,3348.5) (138.699455951279,3374.5) (139.699455951279,3374.5) (139.699455951279,3400.5) (140.6994559512791,3400.5) (140.6994559512791,3426.5) (141.6994559512792,3426.5) (141.6994559512792,3452.5) (142.6994559512793,3452.5) (142.6994559512793,3478.5) (143.6994559512794,3478.5) (143.6994559512794,3504.5) (144.6994559512795,3504.5) (144.6994559512795,3530.5) (145.6994559512796,3530.5) (145.6994559512796,3556.5) (146.6994559512796,3556.5) (146.6994559512796,3582.5) (147.6994559512797,3582.5) (147.6994559512797,3608.5) (148.6994559512797,3608.5) (148.6994559512797,3634.5) (149.6994559512798,3634.5) (149.6994559512798,3660.5) (150.6994559512798,3660.5) (150.6994559512798,3686.5) (151.6994559512799,3686.5) (151.6994559512799,3712.5) (152.69945595128,3712.5) (152.69945595128,3738.5) (153.69945595128,3738.5) (153.69945595128,3764.5) (154.6994559512801,3764.5) (154.6994559512801,3790.5) (155.6994559512801,3790.5) (155.6994559512801,3816.5) (156.6994559512802,3816.5) (156.6994559512802,3842.5) (157.6994559512802,3842.5) (157.6994559512802,3868.5) (158.6994559512803,3868.5) (158.6994559512803,3894.5) (159.6994559512804,3894.5) (159.6994559512804,3920.5) (160.6994559512804,3920.5) (160.6994559512804,3946.5) (161.6994559512805,3946.5) (161.6994559512805,3972.5) (162.6994559512805,3972.5) (162.6994559512805,3998.5) (163.6994559512806,3998.5) (163.6994559512806,4024.5) (164.6994559512806,4024.5) (164.6994559512806,4050.5) (165.6994559512807,4050.5) (165.6994559512807,4076.5) (166.6994559512808,4076.5) (166.6994559512808,4102.5) (167.6994559512809,4102.5) (167.6994559512809,4128.5) (168.699455951281,4128.5) (168.699455951281,4154.5) (169.699455951281,4154.5) (169.699455951281,4180.5) (170.6994559512811,4180.5) (170.6994559512811,4206.5) (171.6994559512812,4206.5) (171.6994559512812,4232.5) (172.6994559512813,4232.5) (172.6994559512813,4258.5) (173.6994559512814,4258.5) (173.6994559512814,4284.5) (174.6994559512815,4284.5) (174.6994559512815,4310.5) (175.6994559512815,4310.5) (175.6994559512815,4336.5) (176.6994559512816,4336.5) (176.6994559512816,4362.5) (177.6994559512817,4362.5) (177.6994559512817,4388.5) (178.6994559512818,4388.5) (178.6994559512818,4417) (181.2985074330236,4417) (181.2985074330236,4416.265463717128) (182.2985074330236,4416.265463717128) (182.2985074330236,4415.530927434256) (183.2985074330237,4415.530927434256) (183.2985074330237,4414.796391151384) (184.2985074330238,4414.796391151384) (184.2985074330238,4414.061854868512) (185.2985074330239,4414.061854868512) (185.2985074330239,4413.327318585641) (186.298507433024,4413.327318585641) (186.298507433024,4412.592782302769) (187.2985074330241,4412.592782302769) (187.2985074330241,4411.858246019897) (188.2985074330242,4411.858246019897) (188.2985074330242,4411.123709737025) (189.2985074330242,4411.123709737025) (189.2985074330242,4410.389173454153) (190.2985074330243,4410.389173454153) (190.2985074330243,4409.654637171281) (191.2985074330244,4409.654637171281) (191.2985074330244,4408.920100888409) (192.2985074330245,4408.920100888409) (192.2985074330245,4408.185564605537) (193.2985074330246,4408.185564605537) (193.2985074330246,4407.451028322665) (194.2985074330247,4407.451028322665) (194.2985074330247,4406.716492039794) (195.2985074330248,4406.716492039794) (195.2985074330248,4405.981955756922) (196.2985074330248,4405.981955756922) (196.2985074330248,4405.24741947405) (197.2985074330249,4405.24741947405) (197.2985074330249,4404.512883191178) (198.298507433025,4404.512883191178) (198.298507433025,4403.778346908306) (199.2985074330251,4403.778346908306) (199.2985074330251,4403.043810625434) (200.2985074330252,4403.043810625434) (200.2985074330252,4402.309274342562) (201.2985074330253,4402.309274342562) (201.2985074330253,4401.57473805969) (202.2985074330253,4401.57473805969) (202.2985074330253,4400.840201776819) (700,4400.840201776819)
robPositionY[0]:
[0]: (0,0) (0,163.5) (2,163.5) (2,188.9679078844919) (13.68065248879588,188.9679078844919) (13.68065248879588,188.479046668909) (14.69945595127912,188.479046668909) (14.69945595127912,187.9901854533261) (15.69945595127912,187.9901854533261) (15.69945595127912,187.5013242377432) (16.69945595127912,187.5013242377432) (16.69945595127912,187.0124630221603) (17.69945595127912,187.0124630221603) (17.69945595127912,186.5236018065774) (18.69945595127912,186.5236018065774) (18.69945595127912,186.0347405909945) (19.69945595127912,186.0347405909945) (19.69945595127912,185.5458793754117) (20.69945595127912,185.5458793754117) (20.69945595127912,185.0570181598288) (21.69945595127912,185.0570181598288) (21.69945595127912,184.5681569442459) (22.69945595127912,184.5681569442459) (22.69945595127912,184.079295728663) (23.69945595127912,184.079295728663) (23.69945595127912,183.5904345130801) (24.69945595127912,183.5904345130801) (24.69945595127912,183.1015732974972) (25.69945595127912,183.1015732974972) (25.69945595127912,182.6127120819143) (26.69945595127912,182.6127120819143) (26.69945595127912,182.1238508663315) (27.69945595127912,182.1238508663315) (27.69945595127912,181.6349896507486) (28.69945595127912,181.6349896507486) (28.69945595127912,181.1461284351657) (29.69945595127912,181.1461284351657) (29.69945595127912,180.6572672195828) (30.69945595127912,180.6572672195828) (30.69945595127912,180.1684060039999) (31.69945595127912,180.1684060039999) (31.69945595127912,179.679544788417) (32.69945595127914,179.679544788417) (32.69945595127914,179.1906835728341) (33.69945595127917,179.1906835728341) (33.69945595127917,178.7018223572512) (34.6994559512792,178.7018223572512) (34.6994559512792,178.2129611416684) (35.69945595127923,178.2129611416684) (35.69945595127923,177.7240999260855) (36.69945595127925,177.7240999260855) (36.69945595127925,177.2352387105026) (37.69945595127928,177.2352387105026) (37.69945595127928,176.7463774949197) (38.69945595127931,176.7463774949197) (38.69945595127931,176.2575162793368) (39.69945595127934,176.2575162793368) (39.69945595127934,175.7686550637539) (40.69945595127937,175.7686550637539) (40.69945595127937,175.279793848171) (41.6994559512794,175.279793848171) (41.6994559512794,174.7909326325882) (42.69945595127943,174.7909326325882) (42.69945595127943,174.3020714170053) (43.69945595127945,174.3020714170053) (43.69945595127945,173.8132102014224) (44.69945595127948,173.8132102014224) (44.69945595127948,173.3243489858395) (45.69945595127951,173.3243489858395) (45.69945595127951,172.8354877702566) (46.69945595127953,172.8354877702566) (46.69945595127953,172.3466265546737) (47.69945595127955,172.3466265546737) (47.69945595127955,171.8577653390908) (48.69945595127957,171.8577653390908) (48.69945595127957,171.3689041235079) (49.6994559512796,171.3689041235079) (49.6994559512796,170.8800429079251) (50.69945595127962,170.8800429079251) (50.69945595127962,170.3911816923422) (51.69945595127964,170.3911816923422) (51.69945595127964,169.9023204767593) (52.69945595127966,169.9023204767593) (52.69945595127966,169.4134592611764) (53.69945595127968,169.4134592611764) (53.69945595127968,168.9245980455935) (54.6994559512797,168.9245980455935) (54.6994559512797,168.4357368300106) (55.69945595127972,168.4357368300106) (55.69945595127972,167.9468756144277) (56.69945595127975,167.9468756144277) (56.69945595127975,167.4580143988449) (57.69945595127977,167.4580143988449) (57.69945595127977,166.969153183262) (58.69945595127979,166.969153183262) (58.69945595127979,166.4802919676791) (59.69945595127981,166.4802919676791) (59.69945595127981,165.9914307520962) (60.69945595127983,165.9914307520962) (60.69945595127983,165.5025695365133) (61.69945595127985,165.5025695365133) (61.69945595127985,165.0137083209304) (62.69945595127987,165.0137083209304) (62.69945595127987,164.5248471053475) (63.69945595127989,164.5248471053475) (63.69945595127989,164.0359858897646) (64.69945595127992,164.0359858897646) (64.69945595127992,163.5) (181.2985074330236,163.5) (181.2985074330236,189.4896220913107) (182.2985074330236,189.4896220913107) (182.2985074330236,215.4792441826214) (183.2985074330237,215.4792441826214) (183.2985074330237,241.4688662739321) (184.2985074330238,241.4688662739321) (184.2985074330238,267.4584883652428) (185.2985074330239,267.4584883652428) (185.2985074330239,293.4481104565535) (186.298507433024,293.4481104565535) (186.298507433024,319.4377325478642) (187.2985074330241,319.4377325478642) (187.2985074330241,345.427354639175) (188.2985074330242,345.427354639175) (188.2985074330242,371.4169767304857) (189.2985074330242,371.4169767304857) (189.2985074330242,397.4065988217964) (190.2985074330243,397.4065988217964) (190.2985074330243,423.3962209131071) (191.2985074330244,423.3962209131071) (191.2985074330244,449.3858430044178) (192.2985074330245,449.3858430044178) (192.2985074330245,475.3754650957285) (193.2985074330246,475.3754650957285) (193.2985074330246,501.3650871870392) (194.2985074330247,501.3650871870392) (194.2985074330247,527.3547092783499) (195.2985074330248,527.3547092783499) (195.2985074330248,553.3443313696606) (196.2985074330248,553.3443313696606) (196.2985074330248,579.3339534609713) (197.2985074330249,579.3339534609713) (197.2985074330249,605.323575552282) (198.298507433025,605.323575552282) (198.298507433025,631.3131976435927) (199.2985074330251,631.3131976435927) (199.2985074330251,657.3028197349034) (200.2985074330252,657.3028197349034) (200.2985074330252,683.2924418262141) (201.2985074330253,683.2924418262141) (201.2985074330253,709.2820639175249) (202.2985074330253,709.2820639175249) (202.2985074330253,735.2716860088356) (700,735.2716860088356)
batteryCharge[0]:
[0]: (0,100) (700,100)
user_guided_transport.end:
[0]: (0,0) (204.2985074330245,0) (204.2985074330245,1) (700,1)
[2K
Verifying formula 5 at /nta/queries/query[5]/formula
 -- Formula: simulate[<=700]{robot_inventory[0][0], user_guided_transport.end*2}
[2K -- Formula is satisfied.
robot_inventory[0][0]:
[0]: (0,0) (9.481486123810132,0) (9.481486123810132,1) (700,1)
user_guided_transport.end * 2:
[0]: (0,0) (202.0993410680283,0) (202.0993410680283,2) (700,2)
[2K
Verifying formula 6 at /nta/queries/query[6]/formula
 -- Formula: simulate[<=700]{bedroom[0], bedroom[1], kitchen[0], kitchen[1]}
[2K -- Formula is satisfied.
bedroom[0]:
[0]: (0,100) (700,100)
bedroom[1]:
[0]: (0,200) (700,200)
kitchen[0]:
[0]: (0,4400) (700,4400)
kitchen[1]:
[0]: (0,765) (700,765)
[2K
Verifying formula 7 at /nta/queries/query[7]/formula
 -- Formula: simulate[<=700]{rm_1.idle, rf_1.idle, rp_1.idle, rd_1.idle}
[2K -- Formula is satisfied.
rm_1.idle:
[0]: (0,0) (0,1) (0,0) (3,0) (3,1) (11.73846943659253,1) (11.73846943659253,0) (203.3563243808211,0) (203.3563243808211,1) (700,1)
rf_1.idle:
[0]: (0,0) (0,1) (700,1)
rp_1.idle:
[0]: (0,0) (0,1) (2,1) (2,0) (11.73846943659253,0) (11.73846943659253,1) (700,1)
rd_1.idle:
[0]: (0,0) (0,1) (700,1)
[2K
Verifying formula 8 at /nta/queries/query[8]/formula
 -- Formula: Pr[<=700](<>!rm_1.idle || !rf_1.idle || !rp_1.idle || !rd_1.idle)
[2K -- Formula is satisfied.
(72/72 runs) Pr(<> …) in [0.950056,1] (95% CI)
Values in [0,0] mean=0 steps=2.22045e-16: 72
[2K
Verifying formula 9 at /nta/queries/query[9]/formula
 -- Formula: Pr[<=700]([] (user_guided_transport.end imply (rm_1.idle && rf_1.idle && rp_1.idle && rd_1.idle)))
 -- Throughput: 674680 runs/sec, Load: 325 runs[K
[2K -- Formula is satisfied.
(72/72 runs) Pr([] …) in [0.950056,1] (95% CI)
[2K
Verifying formula 10 at /nta/queries/query[10]/formula
 -- Formula: Pr[<=700] (<> pow(humanPositionX[0] - kitchen[0], 2) + pow(humanPositionY[0] - kitchen[1], 2) <= 900 )
[2K -- Formula is satisfied.
(72/72 runs) Pr(<> …) in [0.950056,1] (95% CI)
Values in [192.012,196.895] mean=194.566 steps=0.542596: 10 11 4 5 6 5 10 11 10
[2K
Verifying formula 11 at /nta/queries/query[11]/formula
 -- Formula: Pr[<=700] (<> pow(humanPositionX[0] - bedroom[0], 2) + pow(humanPositionY[0] - bedroom[1], 2) <= 900 )
[2K -- Formula is satisfied.
(72/72 runs) Pr(<> …) in [0.950056,1] (95% CI)
Values in [1,1] mean=1 steps=2.22045e-16: 72
[2K
Verifying formula 12 at /nta/queries/query[12]/formula
 -- Formula: Pr[<=700] (<> pow(robPositionX[0] - kitchen[0], 2) + pow(robPositionY[0] - kitchen[1], 2) <= 900 )
[2K -- Formula is satisfied.
(72/72 runs) Pr(<> …) in [0.950056,1] (95% CI)
Values in [197.691,202.58] mean=200.251 steps=0.543193: 4 8 13 7 7 8 7 6 12
[2K
Verifying formula 13 at /nta/queries/query[13]/formula
 -- Formula: Pr[<=700] (<> pow(robPositionX[0] - bedroom[0], 2) + pow(robPositionY[0] - bedroom[1], 2) <= 900 )
[2K -- Formula is satisfied.
(72/72 runs) Pr(<> …) in [0.950056,1] (95% CI)
Values in [2,2] mean=2 steps=2.22045e-16: 72
[2K
Verifying formula 14 at /nta/queries/query[14]/formula
 -- Formula: Pr[<=700] (<> !isValidPosition(humanPositionX[0], humanPositionY[0]))
[2K -- Formula is satisfied.
(72/72 runs) Pr(<> …) in [0.950056,1] (95% CI)
Values in [0,0] mean=0 steps=2.22045e-16: 72
[2K
Verifying formula 15 at /nta/queries/query[15]/formula
 -- Formula: Pr[<=700] (<> !isValidPosition(robPositionX[0], robPositionY[0]))
[2K -- Formula is satisfied.
(72/72 runs) Pr(<> …) in [0.950056,1] (95% CI)
Values in [0,0] mean=0 steps=2.22045e-16: 72
[2K
Verifying formula 16 at /nta/queries/query[16]/formula
 -- Formula: Pr[<=700] (<> currP > 2)
 -- Throughput: 681047 runs/sec, Load: 325 runs[K
[2K -- Formula is satisfied.
(0/72 runs) Pr(<> …) in [0,0.0499441] (95% CI)
