Options for the verification:
  Generating no trace
  Search order is breadth first
  Using conservative space optimisation
  Seed is 1784947687
  State space representation uses minimal constraint systems with future testing
  Using HashMap + Compress integers for discrete state storage
[2K
Verifying formula 1 at /nta/queries/query[1]/formula
 -- Formula: simulate[<=700]{user_guided_transport_human_def.s1_start, user_guided_transport_human_def.s1_end, user_guided_transport_human_def.s2_start, user_guided_transport_human_def.s2_idle, user_guided_transport_human_def.s3_start, user_guided_transport_human_def.s3_end, user_guided_transport.end}
[2K -- Formula is satisfied.
user_guided_transport_human_def.s1_start:
[0]: (0,0) (0,1) (0,0) (700,0)
user_guided_transport_human_def.s1_end:
[0]: (0,0) (1,0) (1,1) (2,1) (2,0) (700,0)
user_guided_transport_human_def.s2_start:
[0]: (0,0) (2,0) (2,1) (2,0) (700,0)
user_guided_transport_human_def.s2_idle:
[0]: (0,0) (2,0) (2,1) (9.117356272617769,1) (9.117356272617769,0) (700,0)
user_guided_transport_human_def.s3_start:
[0]: (0,0) (9.117356272617769,0) (9.117356272617769,1) (9.117356272617769,0) (14.11735627261775,0) (14.11735627261775,1) (14.11735627261775,0) (19.11735627261777,0) (19.11735627261777,1) (19.11735627261777,0) (24.11735627261782,0) (24.11735627261782,1) (24.11735627261782,0) (29.11735627261788,0) (29.11735627261788,1) (29.11735627261788,0) (34.11735627261792,0) (34.11735627261792,1) (34.11735627261792,0) (39.11735627261795,0) (39.11735627261795,1) (39.11735627261795,0) (44.11735627261797,0) (44.11735627261797,1) (44.11735627261797,0) (49.11735627261786,0) (49.11735627261786,1) (49.11735627261786,0) (54.11735627261776,0) (54.11735627261776,1) (54.11735627261776,0) (59.11735627261765,0) (59.11735627261765,1) (59.11735627261765,0) (64.11735627261754,0) (64.11735627261754,1) (64.11735627261754,0) (69.11735627261747,0) (69.11735627261747,1) (69.11735627261747,0) (74.11735627261746,0) (74.11735627261746,1) (74.11735627261746,0) (79.11735627261767,0) (79.11735627261767,1) (79.11735627261767,0) (84.11735627261781,0) (84.11735627261781,1) (84.11735627261781,0) (89.11735627261795,0) (89.11735627261795,1) (89.11735627261795,0) (94.1173562726181,0) (94.1173562726181,1) (94.1173562726181,0) (99.11735627261783,0) (99.11735627261783,1) (99.11735627261783,0) (104.1173562726175,0) (104.1173562726175,1) (104.1173562726175,0) (109.1173562726173,0) (109.1173562726173,1) (109.1173562726173,0) (114.117356272617,0) (114.117356272617,1) (114.117356272617,0) (119.1173562726167,0) (119.1173562726167,1) (119.1173562726167,0) (124.1173562726164,0) (124.1173562726164,1) (124.1173562726164,0) (129.1173562726163,0) (129.1173562726163,1) (129.1173562726163,0) (134.1173562726167,0) (134.1173562726167,1) (134.1173562726167,0) (139.1173562726171,0) (139.1173562726171,1) (139.1173562726171,0) (144.1173562726175,0) (144.1173562726175,1) (144.1173562726175,0) (149.117356272618,0) (149.117356272618,1) (149.117356272618,0) (154.1173562726184,0) (154.1173562726184,1) (154.1173562726184,0) (159.1173562726188,0) (159.1173562726188,1) (159.1173562726188,0) (164.1173562726192,0) (164.1173562726192,1) (164.1173562726192,0) (169.1173562726197,0) (169.1173562726197,1) (169.1173562726197,0) (174.1173562726201,0) (174.1173562726201,1) (174.1173562726201,0) (179.1173562726205,0) (179.1173562726205,1) (179.1173562726205,0) (184.117356272621,0) (184.117356272621,1) (184.117356272621,0) (189.1173562726214,0) (189.1173562726214,1) (189.1173562726214,0) (194.1173562726218,0) (194.1173562726218,1) (194.1173562726218,0) (700,0)
user_guided_transport_human_def.s3_end:
[0]: (0,0) (194.1173562726218,0) (194.1173562726218,1) (199.7352112168471,1) (199.7352112168471,0) (700,0)
user_guided_transport.end:
[0]: (0,0) (201.7352112168462,0) (201.7352112168462,1) (700,1)
[2K
Verifying formula 2 at /nta/queries/query[2]/formula
 -- Formula: simulate[<=700]{user_guided_transport_robot_def.s1_start, user_guided_transport_robot_def.s1_end, user_guided_transport_robot_def.s2_start, user_guided_transport_robot_def.s2_end, user_guided_transport_robot_def.s3_start, user_guided_transport_robot_def.s3_end, user_guided_transport.end}
[2K -- Formula is satisfied.
user_guided_transport_robot_def.s1_start:
[0]: (0,0) (0,1) (0,0) (700,0)
user_guided_transport_robot_def.s1_end:
[0]: (0,0) (2,0) (2,1) (2,0) (700,0)
user_guided_transport_robot_def.s2_start:
[0]: (0,0) (2,0) (2,1) (2,0) (700,0)
user_guided_transport_robot_def.s2_end:
[0]: (0,0) (10.16083378538627,0) (10.16083378538627,1) (10.16083378538627,0) (700,0)
user_guided_transport_robot_def.s3_start:
[0]: (0,0) (10.16083378538627,0) (10.16083378538627,1) (10.16083378538627,0) (700,0)
user_guided_transport_robot_def.s3_end:
[0]: (0,0) (200.7786887296153,0) (200.7786887296153,1) (200.7786887296153,0) (700,0)
user_guided_transport.end:
[0]: (0,0) (202.7786887296144,0) (202.7786887296144,1) (700,1)
[2K
Verifying formula 3 at /nta/queries/query[3]/formula
 -- Formula: Pr[<=700] (<> user_guided_transport.end)
[2K -- Formula is satisfied.
(72/72 runs) Pr(<> …) in [0.950056,1] (95% CI)
Values in [199.657,204.587] mean=202.103 steps=0.547839: 4 9 15 5 10 6 8 5 10
[2K
Verifying formula 4 at /nta/queries/query[4]/formula
 -- Formula: simulate[<=700]{humanPositionX[0], humanPositionY[0], robPositionX[0], robPositionY[0], batteryCharge[0], user_guided_transport.end}
[2K -- Formula is satisfied.
humanPositionX[0]:
[0]: (0,0) (0,92.5) (1,92.5) (1,97.73313175708738) (11.56371477051194,97.73313175708738) (11.56371477051194,123.7285354798977) (12.56371477051194,123.7285354798977) (12.56371477051194,149.723939202708) (13.56371477051194,149.723939202708) (13.56371477051194,175.7193429255182) (14.56371477051194,175.7193429255182) (14.56371477051194,201.7147466483285) (15.56371477051193,201.7147466483285) (15.56371477051193,227.7101503711388) (16.56371477051193,227.7101503711388) (16.56371477051193,253.7055540939491) (17.56371477051193,253.7055540939491) (17.56371477051193,279.7009578167594) (18.56371477051193,279.7009578167594) (18.56371477051193,305.6963615395697) (19.56371477051193,305.6963615395697) (19.56371477051193,331.69176526238) (20.56371477051193,331.69176526238) (20.56371477051193,357.6871689851903) (21.56371477051194,357.6871689851903) (21.56371477051194,383.6825727080006) (22.56371477051195,383.6825727080006) (22.56371477051195,409.6779764308109) (23.56371477051196,409.6779764308109) (23.56371477051196,435.6733801536212) (24.56371477051197,435.6733801536212) (24.56371477051197,461.6687838764315) (25.56371477051198,461.6687838764315) (25.56371477051198,487.6641875992418) (26.56371477051199,487.6641875992418) (26.56371477051199,513.6595913220521) (27.563714770512,513.6595913220521) (27.563714770512,539.6549950448623) (28.56371477051201,539.6549950448623) (28.56371477051201,565.6503987676725) (29.56371477051201,565.6503987676725) (29.56371477051201,591.6458024904828) (30.563714770512,591.6458024904828) (30.563714770512,617.641206213293) (31.56371477051199,617.641206213293) (31.56371477051199,643.6366099361032) (32.563714770512,643.6366099361032) (32.563714770512,669.6320136589135) (33.56371477051203,669.6320136589135) (33.56371477051203,695.6274173817237) (34.56371477051206,695.6274173817237) (34.56371477051206,721.622821104534) (35.56371477051209,721.622821104534) (35.56371477051209,747.6182248273442) (36.56371477051211,747.6182248273442) (36.56371477051211,773.6136285501544) (37.56371477051214,773.6136285501544) (37.56371477051214,799.6090322729647) (38.56371477051217,799.6090322729647) (38.56371477051217,825.6044359957749) (39.5637147705122,825.6044359957749) (39.5637147705122,851.5998397185851) (40.56371477051222,851.5998397185851) (40.56371477051222,877.5952434413954) (41.56371477051225,877.5952434413954) (41.56371477051225,903.5906471642056) (42.56371477051228,903.5906471642056) (42.56371477051228,929.5860508870159) (43.56371477051231,929.5860508870159) (43.56371477051231,955.5814546098261) (44.56371477051233,955.5814546098261) (44.56371477051233,981.5768583326363) (45.56371477051231,981.5768583326363) (45.56371477051231,1007.572262055447) (46.56371477051233,1007.572262055447) (46.56371477051233,1033.567665778257) (47.56371477051235,1033.567665778257) (47.56371477051235,1059.563069501067) (48.56371477051236,1059.563069501067) (48.56371477051236,1085.558473223878) (49.56371477051238,1085.558473223878) (49.56371477051238,1111.553876946688) (50.56371477051238,1111.553876946688) (50.56371477051238,1137.549280669498) (51.56371477051239,1137.549280669498) (51.56371477051239,1163.544684392309) (52.56371477051239,1163.544684392309) (52.56371477051239,1189.540088115119) (53.56371477051239,1189.540088115119) (53.56371477051239,1215.535491837929) (54.56371477051239,1215.535491837929) (54.56371477051239,1241.53089556074) (55.56371477051239,1241.53089556074) (55.56371477051239,1267.52629928355) (56.56371477051239,1267.52629928355) (56.56371477051239,1293.52170300636) (57.56371477051239,1293.52170300636) (57.56371477051239,1319.517106729171) (58.56371477051239,1319.517106729171) (58.56371477051239,1345.512510451981) (59.56371477051239,1345.512510451981) (59.56371477051239,1371.507914174791) (60.56371477051239,1371.507914174791) (60.56371477051239,1397.503317897602) (61.56371477051239,1397.503317897602) (61.56371477051239,1423.498721620412) (62.56371477051239,1423.498721620412) (62.56371477051239,1478) (63.56371477051239,1478) (63.56371477051239,1504) (64.56371477051242,1504) (64.56371477051242,1530) (65.56371477051249,1530) (65.56371477051249,1556) (66.56371477051256,1556) (66.56371477051256,1582) (67.56371477051263,1582) (67.56371477051263,1608) (68.5637147705127,1608) (68.5637147705127,1634) (69.56371477051277,1634) (69.56371477051277,1660) (70.56371477051285,1660) (70.56371477051285,1686) (71.56371477051292,1686) (71.56371477051292,1712) (72.56371477051299,1712) (72.56371477051299,1738) (73.56371477051306,1738) (73.56371477051306,1764) (74.56371477051313,1764) (74.56371477051313,1790) (75.5637147705132,1790) (75.5637147705132,1816) (76.56371477051327,1816) (76.56371477051327,1842) (77.56371477051334,1842) (77.56371477051334,1868) (78.56371477051341,1868) (78.56371477051341,1894) (79.56371477051349,1894) (79.56371477051349,1920) (80.56371477051356,1920) (80.56371477051356,1946) (81.56371477051363,1946) (81.56371477051363,1972) (82.5637147705137,1972) (82.5637147705137,1998) (83.56371477051377,1998) (83.56371477051377,2024) (84.56371477051384,2024) (84.56371477051384,2050) (85.56371477051391,2050) (85.56371477051391,2076) (86.56371477051398,2076) (86.56371477051398,2102) (87.56371477051405,2102) (87.56371477051405,2128) (88.56371477051412,2128) (88.56371477051412,2154) (89.5637147705142,2154) (89.5637147705142,2180) (90.56371477051427,2180) (90.56371477051427,2206) (91.56371477051434,2206) (91.56371477051434,2232) (92.56371477051441,2232) (92.56371477051441,2258) (93.56371477051448,2258) (93.56371477051448,2284) (94.56371477051455,2284) (94.56371477051455,2310) (95.56371477051462,2310) (95.56371477051462,2336) (96.56371477051469,2336) (96.56371477051469,2362) (97.56371477051476,2362) (97.56371477051476,2388) (98.56371477051484,2388) (98.56371477051484,2414) (99.56371477051491,2414) (99.56371477051491,2440) (100.563714770515,2440) (100.563714770515,2466) (101.563714770515,2466) (101.563714770515,2492) (102.5637147705151,2492) (102.5637147705151,2518) (103.5637147705152,2518) (103.5637147705152,2544) (104.5637147705153,2544) (104.5637147705153,2570) (105.5637147705153,2570) (105.5637147705153,2596) (106.5637147705154,2596) (106.5637147705154,2622) (107.5637147705155,2622) (107.5637147705155,2648) (108.5637147705155,2648) (108.5637147705155,2674) (109.5637147705156,2674) (109.5637147705156,2700) (110.5637147705157,2700) (110.5637147705157,2726) (111.5637147705158,2726) (111.5637147705158,2752) (112.5637147705158,2752) (112.5637147705158,2778) (113.5637147705159,2778) (113.5637147705159,2804) (114.563714770516,2804) (114.563714770516,2830) (115.563714770516,2830) (115.563714770516,2856) (116.5637147705161,2856) (116.5637147705161,2882) (117.5637147705162,2882) (117.5637147705162,2908) (118.5637147705163,2908) (118.5637147705163,2934) (119.5637147705163,2934) (119.5637147705163,2960) (120.5637147705164,2960) (120.5637147705164,2986) (121.5637147705165,2986) (121.5637147705165,3012) (122.5637147705165,3012) (122.5637147705165,3038) (123.5637147705166,3038) (123.5637147705166,3088.5) (124.5637147705167,3088.5) (124.5637147705167,3114.5) (125.5637147705168,3114.5) (125.5637147705168,3140.5) (126.5637147705168,3140.5) (126.5637147705168,3166.5) (127.5637147705169,3166.5) (127.5637147705169,3192.5) (128.563714770517,3192.5) (128.563714770517,3218.5) (129.563714770517,3218.5) (129.563714770517,3244.5) (130.5637147705171,3244.5) (130.5637147705171,3270.5) (131.5637147705171,3270.5) (131.5637147705171,3296.5) (132.5637147705172,3296.5) (132.5637147705172,3322.5) (133.5637147705172,3322.5) (133.5637147705172,3348.5) (134.5637147705173,3348.5) (134.5637147705173,3374.5) (135.5637147705174,3374.5) (135.5637147705174,3400.5) (136.5637147705174,3400.5) (136.5637147705174,3426.5) (137.5637147705175,3426.5) (137.5637147705175,3452.5) (138.5637147705175,3452.5) (138.5637147705175,3478.5) (139.5637147705176,3478.5) (139.5637147705176,3504.5) (140.5637147705176,3504.5) (140.5637147705176,3530.5) (141.5637147705177,3530.5) (141.5637147705177,3556.5) (142.5637147705177,3556.5) (142.5637147705177,3582.5) (143.5637147705178,3582.5) (143.5637147705178,3608.5) (144.5637147705179,3608.5) (144.5637147705179,3634.5) (145.5637147705179,3634.5) (145.5637147705179,3660.5) (146.563714770518,3660.5) (146.563714770518,3686.5) (147.563714770518,3686.5) (147.563714770518,3712.5) (148.5637147705181,3712.5) (148.5637147705181,3738.5) (149.5637147705181,3738.5) (149.5637147705181,3764.5) (150.5637147705182,3764.5) (150.5637147705182,3790.5) (151.5637147705183,3790.5) (151.5637147705183,3816.5) (152.5637147705183,3816.5) (152.5637147705183,3842.5) (153.5637147705184,3842.5) (153.5637147705184,3868.5) (154.5637147705184,3868.5) (154.5637147705184,3894.5) (155.5637147705185,3894.5) (155.5637147705185,3920.5) (156.5637147705185,3920.5) (156.5637147705185,3946.5) (157.5637147705186,3946.5) (157.5637147705186,3972.5) (158.5637147705187,3972.5) (158.5637147705187,3998.5) (159.5637147705187,3998.5) (159.5637147705187,4024.5) (160.5637147705188,4024.5) (160.5637147705188,4050.5) (161.5637147705188,4050.5) (161.5637147705188,4076.5) (162.5637147705189,4076.5) (162.5637147705189,4102.5) (163.5637147705189,4102.5) (163.5637147705189,4128.5) (164.563714770519,4128.5) (164.563714770519,4154.5) (165.5637147705191,4154.5) (165.5637147705191,4180.5) (166.5637147705191,4180.5) (166.5637147705191,4206.5) (167.5637147705192,4206.5) (167.5637147705192,4232.5) (168.5637147705192,4232.5) (168.5637147705192,4258.5) (169.5637147705193,4258.5) (169.5637147705193,4284.5) (170.5637147705193,4284.5) (170.5637147705193,4310.5) (171.5637147705194,4310.5) (171.5637147705194,4336.5) (172.5637147705195,4336.5) (172.5637147705195,4362.5) (173.5637147705195,4362.5) (173.5637147705195,4388.5) (174.5637147705196,4388.5) (174.5637147705196,4416.265463717128) (175.5637147705196,4416.265463717128) (175.5637147705196,4415.530927434256) (176.5637147705197,4415.530927434256) (176.5637147705197,4414.796391151384) (177.5637147705197,4414.796391151384) (177.5637147705197,4414.061854868512) (178.5637147705198,4414.061854868512) (178.5637147705198,4413.327318585641) (179.5637147705199,4413.327318585641) (179.5637147705199,4412.592782302769) (180.56371477052,4412.592782302769) (180.56371477052,4411.858246019897) (181.5637147705201,4411.858246019897) (181.5637147705201,4411.123709737025) (182.5637147705201,4411.123709737025) (182.5637147705201,4410.389173454153) (183.5637147705202,4410.389173454153) (183.5637147705202,4409.654637171281) (184.5637147705203,4409.654637171281) (184.5637147705203,4408.920100888409) (185.5637147705204,4408.920100888409) (185.5637147705204,4408.185564605537) (186.5637147705205,4408.185564605537) (186.5637147705205,4407.451028322665) (187.5637147705206,4407.451028322665) (187.5637147705206,4406.716492039794) (188.5637147705206,4406.716492039794) (188.5637147705206,4405.981955756922) (189.5637147705207,4405.981955756922) (189.5637147705207,4405.24741947405) (190.5637147705208,4405.24741947405) (190.5637147705208,4404.512883191178) (191.5637147705209,4404.512883191178) (191.5637147705209,4403.778346908306) (192.563714770521,4403.778346908306) (192.563714770521,4403.043810625434) (193.5637147705211,4403.043810625434) (193.5637147705211,4402.309274342562) (194.5637147705212,4402.309274342562) (194.5637147705212,4401.57473805969) (195.5637147705212,4401.57473805969) (195.5637147705212,4400.840201776819) (700,4400.840201776819)
humanPositionY[0]:
[0]: (0,0) (0,163.5) (1,163.5) (1,188.9679078844919) (11.56371477051194,188.9679078844919) (11.56371477051194,188.479046668909) (12.56371477051194,188.479046668909) (12.56371477051194,187.9901854533261) (13.56371477051194,187.9901854533261) (13.56371477051194,187.5013242377432) (14.56371477051194,187.5013242377432) (14.56371477051194,187.0124630221603) (15.56371477051193,187.0124630221603) (15.56371477051193,186.5236018065774) (16.56371477051193,186.5236018065774) (16.56371477051193,186.0347405909945) (17.56371477051193,186.0347405909945) (17.56371477051193,185.5458793754117) (18.56371477051193,185.5458793754117) (18.56371477051193,185.0570181598288) (19.56371477051193,185.0570181598288) (19.56371477051193,184.5681569442459) (20.56371477051193,184.5681569442459) (20.56371477051193,184.079295728663) (21.56371477051194,184.079295728663) (21.56371477051194,183.5904345130801) (22.56371477051195,183.5904345130801) (22.56371477051195,183.1015732974972) (23.56371477051196,183.1015732974972) (23.56371477051196,182.6127120819143) (24.56371477051197,182.6127120819143) (24.56371477051197,182.1238508663315) (25.56371477051198,182.1238508663315) (25.56371477051198,181.6349896507486) (26.56371477051199,181.6349896507486) (26.56371477051199,181.1461284351657) (27.563714770512,181.1461284351657) (27.563714770512,180.6572672195828) (28.56371477051201,180.6572672195828) (28.56371477051201,180.1684060039999) (29.56371477051201,180.1684060039999) (29.56371477051201,179.679544788417) (30.563714770512,179.679544788417) (30.563714770512,179.1906835728341) (31.56371477051199,179.1906835728341) (31.56371477051199,178.7018223572512) (32.563714770512,178.7018223572512) (32.563714770512,178.2129611416684) (33.56371477051203,178.2129611416684) (33.56371477051203,177.7240999260855) (34.56371477051206,177.7240999260855) (34.56371477051206,177.2352387105026) (35.56371477051209,177.2352387105026) (35.56371477051209,176.7463774949197) (36.56371477051211,176.7463774949197) (36.56371477051211,176.2575162793368) (37.56371477051214,176.2575162793368) (37.56371477051214,175.7686550637539) (38.56371477051217,175.7686550637539) (38.56371477051217,175.279793848171) (39.5637147705122,175.279793848171) (39.5637147705122,174.7909326325882) (40.56371477051222,174.7909326325882) (40.56371477051222,174.3020714170053) (41.56371477051225,174.3020714170053) (41.56371477051225,173.8132102014224) (42.56371477051228,173.8132102014224) (42.56371477051228,173.3243489858395) (43.56371477051231,173.3243489858395) (43.56371477051231,172.8354877702566) (44.56371477051233,172.8354877702566) (44.56371477051233,172.3466265546737) (45.56371477051231,172.3466265546737) (45.56371477051231,171.8577653390908) (46.56371477051233,171.8577653390908) (46.56371477051233,171.3689041235079) (47.56371477051235,171.3689041235079) (47.56371477051235,170.8800429079251) (48.56371477051236,170.8800429079251) (48.56371477051236,170.3911816923422) (49.56371477051238,170.3911816923422) (49.56371477051238,169.9023204767593) (50.56371477051238,169.9023204767593) (50.56371477051238,169.4134592611764) (51.56371477051239,169.4134592611764) (51.56371477051239,168.9245980455935) (52.56371477051239,168.9245980455935) (52.56371477051239,168.4357368300106) (53.56371477051239,168.4357368300106) (53.56371477051239,167.9468756144277) (54.56371477051239,167.9468756144277) (54.56371477051239,167.4580143988449) (55.56371477051239,167.4580143988449) (55.56371477051239,166.969153183262) (56.56371477051239,166.969153183262) (56.56371477051239,166.4802919676791) (57.56371477051239,166.4802919676791) (57.56371477051239,165.9914307520962) (58.56371477051239,165.9914307520962) (58.56371477051239,165.5025695365133) (59.56371477051239,165.5025695365133) (59.56371477051239,165.0137083209304) (60.56371477051239,165.0137083209304) (60.56371477051239,164.5248471053475) (61.56371477051239,164.5248471053475) (61.56371477051239,164.0359858897646) (62.56371477051239,164.0359858897646) (62.56371477051239,163.5) (174.5637147705196,163.5) (174.5637147705196,189.4896220913107) (175.5637147705196,189.4896220913107) (175.5637147705196,215.4792441826214) (176.5637147705197,215.4792441826214) (176.5637147705197,241.4688662739321) (177.5637147705197,241.4688662739321) (177.5637147705197,267.4584883652428) (178.5637147705198,267.4584883652428) (178.5637147705198,293.4481104565535) (179.5637147705199,293.4481104565535) (179.5637147705199,319.4377325478642) (180.56371477052,319.4377325478642) (180.56371477052,345.427354639175) (181.5637147705201,345.427354639175) (181.5637147705201,371.4169767304857) (182.5637147705201,371.4169767304857) (182.5637147705201,397.4065988217964) (183.5637147705202,397.4065988217964) (183.5637147705202,423.3962209131071) (184.5637147705203,423.3962209131071) (184.5637147705203,449.3858430044178) (185.5637147705204,449.3858430044178) (185.5637147705204,475.3754650957285) (186.5637147705205,475.3754650957285) (186.5637147705205,501.3650871870392) (187.5637147705206,501.3650871870392) (187.5637147705206,527.3547092783499) (188.5637147705206,527.3547092783499) (188.5637147705206,553.3443313696606) (189.5637147705207,553.3443313696606) (189.5637147705207,579.3339534609713) (190.5637147705208,579.3339534609713) (190.5637147705208,605.323575552282) (191.5637147705209,605.323575552282) (191.5637147705209,631.3131976435927) (192.563714770521,631.3131976435927) (192.563714770521,657.3028197349034) (193.5637147705211,657.3028197349034) (193.5637147705211,683.2924418262141) (194.5637147705212,683.2924418262141) (194.5637147705212,709.2820639175249) (195.5637147705212,709.2820639175249) (195.5637147705212,735.2716860088356) (700,735.2716860088356)
robPositionX[0]:
[0]: (0,0) (0,92.5) (2,92.5) (2,97.73313175708738) (12.56371477051194,97.73313175708738) (12.56371477051194,123.7285354798977) (13.58251823299518,123.7285354798977) (13.58251823299518,149.723939202708) (14.58251823299518,149.723939202708) (14.58251823299518,175.7193429255182) (15.58251823299518,175.7193429255182) (15.58251823299518,201.7147466483285) (16.58251823299517,201.7147466483285) (16.58251823299517,227.7101503711388) (17.58251823299517,227.7101503711388) (17.58251823299517,253.7055540939491) (18.58251823299517,253.7055540939491) (18.58251823299517,279.7009578167594) (19.58251823299517,279.7009578167594) (19.58251823299517,305.6963615395697) (20.58251823299517,305.6963615395697) (20.58251823299517,331.69176526238) (21.58251823299518,331.69176526238) (21.58251823299518,357.6871689851903) (22.5825182329952,357.6871689851903) (22.5825182329952,383.6825727080006) (23.58251823299521,383.6825727080006) (23.58251823299521,409.6779764308109) (24.58251823299522,409.6779764308109) (24.58251823299522,435.6733801536212) (25.58251823299523,435.6733801536212) (25.58251823299523,461.6687838764315) (26.58251823299524,461.6687838764315) (26.58251823299524,487.6641875992418) (27.58251823299525,487.6641875992418) (27.58251823299525,513.6595913220521) (28.58251823299526,513.6595913220521) (28.58251823299526,539.6549950448623) (29.58251823299525,539.6549950448623) (29.58251823299525,565.6503987676725) (30.58251823299524,565.6503987676725) (30.58251823299524,591.6458024904828) (31.58251823299524,591.6458024904828) (31.58251823299524,617.641206213293) (32.58251823299525,617.641206213293) (32.58251823299525,643.6366099361032) (33.58251823299528,643.6366099361032) (33.58251823299528,669.6320136589135) (34.58251823299531,669.6320136589135) (34.58251823299531,695.6274173817237) (35.58251823299533,695.6274173817237) (35.58251823299533,721.622821104534) (36.58251823299536,721.622821104534) (36.58251823299536,747.6182248273442) (37.58251823299539,747.6182248273442) (37.58251823299539,773.6136285501544) (38.58251823299542,773.6136285501544) (38.58251823299542,799.6090322729647) (39.58251823299545,799.6090322729647) (39.58251823299545,825.6044359957749) (40.58251823299548,825.6044359957749) (40.58251823299548,851.5998397185851) (41.5825182329955,851.5998397185851) (41.5825182329955,877.5952434413954) (42.58251823299553,877.5952434413954) (42.58251823299553,903.5906471642056) (43.58251823299556,903.5906471642056) (43.58251823299556,929.5860508870159) (44.58251823299559,929.5860508870159) (44.58251823299559,955.5814546098261) (45.58251823299557,955.5814546098261) (45.58251823299557,981.5768583326363) (46.58251823299559,981.5768583326363) (46.58251823299559,1007.572262055447) (47.5825182329956,1007.572262055447) (47.5825182329956,1033.567665778257) (48.58251823299562,1033.567665778257) (48.58251823299562,1059.563069501067) (49.58251823299563,1059.563069501067) (49.58251823299563,1085.558473223878) (50.58251823299564,1085.558473223878) (50.58251823299564,1111.553876946688) (51.58251823299565,1111.553876946688) (51.58251823299565,1137.549280669498) (52.58251823299565,1137.549280669498) (52.58251823299565,1163.544684392309) (53.58251823299565,1163.544684392309) (53.58251823299565,1189.540088115119) (54.58251823299565,1189.540088115119) (54.58251823299565,1215.535491837929) (55.58251823299565,1215.535491837929) (55.58251823299565,1241.53089556074) (56.58251823299565,1241.53089556074) (56.58251823299565,1267.52629928355) (57.58251823299565,1267.52629928355) (57.58251823299565,1293.52170300636) (58.58251823299565,1293.52170300636) (58.58251823299565,1319.517106729171) (59.58251823299565,1319.517106729171) (59.58251823299565,1345.512510451981) (60.58251823299565,1345.512510451981) (60.58251823299565,1371.507914174791) (61.58251823299565,1371.507914174791) (61.58251823299565,1397.503317897602) (62.58251823299565,1397.503317897602) (62.58251823299565,1423.498721620412) (63.58251823299565,1423.498721620412) (63.58251823299565,1452) (64.58251823299568,1452) (64.58251823299568,1478) (65.58251823299575,1478) (65.58251823299575,1504) (66.58251823299582,1504) (66.58251823299582,1530) (67.58251823299589,1530) (67.58251823299589,1556) (68.58251823299597,1556) (68.58251823299597,1582) (69.58251823299604,1582) (69.58251823299604,1608) (70.58251823299611,1608) (70.58251823299611,1634) (71.58251823299618,1634) (71.58251823299618,1660) (72.58251823299625,1660) (72.58251823299625,1686) (73.58251823299632,1686) (73.58251823299632,1712) (74.58251823299639,1712) (74.58251823299639,1738) (75.58251823299646,1738) (75.58251823299646,1764) (76.58251823299653,1764) (76.58251823299653,1790) (77.58251823299661,1790) (77.58251823299661,1816) (78.58251823299668,1816) (78.58251823299668,1842) (79.58251823299675,1842) (79.58251823299675,1868) (80.58251823299682,1868) (80.58251823299682,1894) (81.58251823299689,1894) (81.58251823299689,1920) (82.58251823299696,1920) (82.58251823299696,1946) (83.58251823299703,1946) (83.58251823299703,1972) (84.5825182329971,1972) (84.5825182329971,1998) (85.58251823299717,1998) (85.58251823299717,2024) (86.58251823299724,2024) (86.58251823299724,2050) (87.58251823299732,2050) (87.58251823299732,2076) (88.58251823299739,2076) (88.58251823299739,2102) (89.58251823299746,2102) (89.58251823299746,2128) (90.58251823299753,2128) (90.58251823299753,2154) (91.5825182329976,2154) (91.5825182329976,2180) (92.58251823299767,2180) (92.58251823299767,2206) (93.58251823299774,2206) (93.58251823299774,2232) (94.58251823299781,2232) (94.58251823299781,2258) (95.58251823299788,2258) (95.58251823299788,2284) (96.58251823299796,2284) (96.58251823299796,2310) (97.58251823299803,2310) (97.58251823299803,2336) (98.5825182329981,2336) (98.5825182329981,2362) (99.58251823299817,2362) (99.58251823299817,2388) (100.5825182329982,2388) (100.5825182329982,2414) (101.5825182329983,2414) (101.5825182329983,2440) (102.5825182329984,2440) (102.5825182329984,2466) (103.5825182329985,2466) (103.5825182329985,2492) (104.5825182329985,2492) (104.5825182329985,2518) (105.5825182329986,2518) (105.5825182329986,2544) (106.5825182329987,2544) (106.5825182329987,2570) (107.5825182329987,2570) (107.5825182329987,2596) (108.5825182329988,2596) (108.5825182329988,2622) (109.5825182329989,2622) (109.5825182329989,2648) (110.582518232999,2648) (110.582518232999,2674) (111.582518232999,2674) (111.582518232999,2700) (112.5825182329991,2700) (112.5825182329991,2726) (113.5825182329992,2726) (113.5825182329992,2752) (114.5825182329992,2752) (114.5825182329992,2778) (115.5825182329993,2778) (115.5825182329993,2804) (116.5825182329994,2804) (116.5825182329994,2830) (117.5825182329994,2830) (117.5825182329994,2856) (118.5825182329995,2856) (118.5825182329995,2882) (119.5825182329996,2882) (119.5825182329996,2908) (120.5825182329997,2908) (120.5825182329997,2934) (121.5825182329997,2934) (121.5825182329997,2960) (122.5825182329998,2960) (122.5825182329998,2986) (123.5825182329999,2986) (123.5825182329999,3012) (124.5825182329999,3012) (124.5825182329999,3038) (125.582518233,3038) (125.582518233,3062.5) (126.5825182330001,3062.5) (126.5825182330001,3088.5) (127.5825182330002,3088.5) (127.5825182330002,3114.5) (128.5825182330002,3114.5) (128.5825182330002,3140.5) (129.5825182330003,3140.5) (129.5825182330003,3166.5) (130.5825182330003,3166.5) (130.5825182330003,3192.5) (131.5825182330004,3192.5) (131.5825182330004,3218.5) (132.5825182330004,3218.5) (132.5825182330004,3244.5) (133.5825182330005,3244.5) (133.5825182330005,3270.5) (134.5825182330005,3270.5) (134.5825182330005,3296.5) (135.5825182330006,3296.5) (135.5825182330006,3322.5) (136.5825182330007,3322.5) (136.5825182330007,3348.5) (137.5825182330007,3348.5) (137.5825182330007,3374.5) (138.5825182330008,3374.5) (138.5825182330008,3400.5) (139.5825182330008,3400.5) (139.5825182330008,3426.5) (140.5825182330009,3426.5) (140.5825182330009,3452.5) (141.5825182330009,3452.5) (141.5825182330009,3478.5) (142.582518233001,3478.5) (142.582518233001,3504.5) (143.5825182330011,3504.5) (143.5825182330011,3530.5) (144.5825182330011,3530.5) (144.5825182330011,3556.5) (145.5825182330012,3556.5) (145.5825182330012,3582.5) (146.5825182330012,3582.5) (146.5825182330012,3608.5) (147.5825182330013,3608.5) (147.5825182330013,3634.5) (148.5825182330013,3634.5) (148.5825182330013,3660.5) (149.5825182330014,3660.5) (149.5825182330014,3686.5) (150.5825182330015,3686.5) (150.5825182330015,3712.5) (151.5825182330015,3712.5) (151.5825182330015,3738.5) (152.5825182330016,3738.5) (152.5825182330016,3764.5) (153.5825182330016,3764.5) (153.5825182330016,3790.5) (154.5825182330017,3790.5) (154.5825182330017,3816.5) (155.5825182330017,3816.5) (155.5825182330017,3842.5) (156.5825182330018,3842.5) (156.5825182330018,3868.5) (157.5825182330018,3868.5) (157.5825182330018,3894.5) (158.5825182330019,3894.5) (158.5825182330019,3920.5) (159.582518233002,3920.5) (159.582518233002,3946.5) (160.582518233002,3946.5) (160.582518233002,3972.5) (161.5825182330021,3972.5) (161.5825182330021,3998.5) (162.5825182330021,3998.5) (162.5825182330021,4024.5) (163.5825182330022,4024.5) (163.5825182330022,4050.5) (164.5825182330022,4050.5) (164.5825182330022,4076.5) (165.5825182330023,4076.5) (165.5825182330023,4102.5) (166.5825182330024,4102.5) (166.5825182330024,4128.5) (167.5825182330024,4128.5) (167.5825182330024,4154.5) (168.5825182330025,4154.5) (168.5825182330025,4180.5) (169.5825182330025,4180.5) (169.5825182330025,4206.5) (170.5825182330026,4206.5) (170.5825182330026,4232.5) (171.5825182330026,4232.5) (171.5825182330026,4258.5) (172.5825182330027,4258.5) (172.5825182330027,4284.5) (173.5825182330028,4284.5) (173.5825182330028,4310.5) (174.5825182330028,4310.5) (174.5825182330028,4336.5) (175.5825182330029,4336.5) (175.5825182330029,4362.5) (176.5825182330029,4362.5) (176.5825182330029,4388.5) (177.582518233003,4388.5) (177.582518233003,4417) (180.1815697147447,4417) (180.1815697147447,4416.265463717128) (181.1815697147448,4416.265463717128) (181.1815697147448,4415.530927434256) (182.1815697147449,4415.530927434256) (182.1815697147449,4414.796391151384) (183.181569714745,4414.796391151384) (183.181569714745,4414.061854868512) (184.1815697147451,4414.061854868512) (184.1815697147451,4413.327318585641) (185.1815697147451,4413.327318585641) (185.1815697147451,4412.592782302769) (186.1815697147452,4412.592782302769) (186.1815697147452,4411.858246019897) (187.1815697147453,4411.858246019897) (187.1815697147453,4411.123709737025) (188.1815697147454,4411.123709737025) (188.1815697147454,4410.389173454153) (189.1815697147455,4410.389173454153) (189.1815697147455,4409.654637171281) (190.1815697147456,4409.654637171281) (190.1815697147456,4408.920100888409) (191.1815697147456,4408.920100888409) (191.1815697147456,4408.185564605537) (192.1815697147457,4408.185564605537) (192.1815697147457,4407.451028322665) (193.1815697147458,4407.451028322665) (193.1815697147458,4406.716492039794) (194.1815697147459,4406.716492039794) (194.1815697147459,4405.981955756922) (195.181569714746,4405.981955756922) (195.181569714746,4405.24741947405) (196.1815697147461,4405.24741947405) (196.1815697147461,4404.512883191178) (197.1815697147462,4404.512883191178) (197.1815697147462,4403.778346908306) (198.1815697147462,4403.778346908306) (198.1815697147462,4403.043810625434) (199.1815697147463,4403.043810625434) (199.1815697147463,4402.309274342562) (200.1815697147464,4402.309274342562) (200.1815697147464,4401.57473805969) (201.1815697147465,4401.57473805969) (201.1815697147465,4400.840201776819) (700,4400.840201776819)
robPositionY[0]:
[0]: (0,0) (0,163.5) (2,163.5) (2,188.9679078844919) (12.56371477051194,188.9679078844919) (12.56371477051194,188.479046668909) (13.58251823299518,188.479046668909) (13.58251823299518,187.9901854533261) (14.58251823299518,187.9901854533261) (14.58251823299518,187.5013242377432) (15.58251823299518,187.5013242377432) (15.58251823299518,187.0124630221603) (16.58251823299517,187.0124630221603) (16.58251823299517,186.5236018065774) (17.58251823299517,186.5236018065774) (17.58251823299517,186.0347405909945) (18.58251823299517,186.0347405909945) (18.58251823299517,185.5458793754117) (19.58251823299517,185.5458793754117) (19.58251823299517,185.0570181598288) (20.58251823299517,185.0570181598288) (20.58251823299517,184.5681569442459) (21.58251823299518,184.5681569442459) (21.58251823299518,184.079295728663) (22.5825182329952,184.079295728663) (22.5825182329952,183.5904345130801) (23.58251823299521,183.5904345130801) (23.58251823299521,183.1015732974972) (24.58251823299522,183.1015732974972) (24.58251823299522,182.6127120819143) (25.58251823299523,182.6127120819143) (25.58251823299523,182.1238508663315) (26.58251823299524,182.1238508663315) (26.58251823299524,181.6349896507486) (27.58251823299525,181.6349896507486) (27.58251823299525,181.1461284351657) (28.58251823299526,181.1461284351657) (28.58251823299526,180.6572672195828) (29.58251823299525,180.6572672195828) (29.58251823299525,180.1684060039999) (30.58251823299524,180.1684060039999) (30.58251823299524,179.679544788417) (31.58251823299524,179.679544788417) (31.58251823299524,179.1906835728341) (32.58251823299525,179.1906835728341) (32.58251823299525,178.7018223572512) (33.58251823299528,178.7018223572512) (33.58251823299528,178.2129611416684) (34.58251823299531,178.2129611416684) (34.58251823299531,177.7240999260855) (35.58251823299533,177.7240999260855) (35.58251823299533,177.2352387105026) (36.58251823299536,177.2352387105026) (36.58251823299536,176.7463774949197) (37.58251823299539,176.7463774949197) (37.58251823299539,176.2575162793368) (38.58251823299542,176.2575162793368) (38.58251823299542,175.7686550637539) (39.58251823299545,175.7686550637539) (39.58251823299545,175.279793848171) (40.58251823299548,175.279793848171) (40.58251823299548,174.7909326325882) (41.5825182329955,174.7909326325882) (41.5825182329955,174.3020714170053) (42.58251823299553,174.3020714170053) (42.58251823299553,173.8132102014224) (43.58251823299556,173.8132102014224) (43.58251823299556,173.3243489858395) (44.58251823299559,173.3243489858395) (44.58251823299559,172.8354877702566) (45.58251823299557,172.8354877702566) (45.58251823299557,172.3466265546737) (46.58251823299559,172.3466265546737) (46.58251823299559,171.8577653390908) (47.5825182329956,171.8577653390908) (47.5825182329956,171.3689041235079) (48.58251823299562,171.3689041235079) (48.58251823299562,170.8800429079251) (49.58251823299563,170.8800429079251) (49.58251823299563,170.3911816923422) (50.58251823299564,170.3911816923422) (50.58251823299564,169.9023204767593) (51.58251823299565,169.9023204767593) (51.58251823299565,169.4134592611764) (52.58251823299565,169.4134592611764) (52.58251823299565,168.9245980455935) (53.58251823299565,168.9245980455935) (53.58251823299565,168.4357368300106) (54.58251823299565,168.4357368300106) (54.58251823299565,167.9468756144277) (55.58251823299565,167.9468756144277) (55.58251823299565,167.4580143988449) (56.58251823299565,167.4580143988449) (56.58251823299565,166.969153183262) (57.58251823299565,166.969153183262) (57.58251823299565,166.4802919676791) (58.58251823299565,166.4802919676791) (58.58251823299565,165.9914307520962) (59.58251823299565,165.9914307520962) (59.58251823299565,165.5025695365133) (60.58251823299565,165.5025695365133) (60.58251823299565,165.0137083209304) (61.58251823299565,165.0137083209304) (61.58251823299565,164.5248471053475) (62.58251823299565,164.5248471053475) (62.58251823299565,164.0359858897646) (63.58251823299565,164.0359858897646) (63.58251823299565,163.5) (180.1815697147447,163.5) (180.1815697147447,189.4896220913107) (181.1815697147448,189.4896220913107) (181.1815697147448,215.4792441826214) (182.1815697147449,215.4792441826214) (182.1815697147449,241.4688662739321) (183.181569714745,241.4688662739321) (183.181569714745,267.4584883652428) (184.1815697147451,267.4584883652428) (184.1815697147451,293.4481104565535) (185.1815697147451,293.4481104565535) (185.1815697147451,319.4377325478642) (186.1815697147452,319.4377325478642) (186.1815697147452,345.427354639175) (187.1815697147453,345.427354639175) (187.1815697147453,371.4169767304857) (188.1815697147454,371.4169767304857) (188.1815697147454,397.4065988217964) (189.1815697147455,397.4065988217964) (189.1815697147455,423.3962209131071) (190.1815697147456,423.3962209131071) (190.1815697147456,449.3858430044178) (191.1815697147456,449.3858430044178) (191.1815697147456,475.3754650957285) (192.1815697147457,475.3754650957285) (192.1815697147457,501.3650871870392) (193.1815697147458,501.3650871870392) (193.1815697147458,527.3547092783499) (194.1815697147459,527.3547092783499) (194.1815697147459,553.3443313696606) (195.181569714746,553.3443313696606) (195.181569714746,579.3339534609713) (196.1815697147461,579.3339534609713) (196.1815697147461,605.323575552282) (197.1815697147462,605.323575552282) (197.1815697147462,631.3131976435927) (198.1815697147462,631.3131976435927) (198.1815697147462,657.3028197349034) (199.1815697147463,657.3028197349034) (199.1815697147463,683.2924418262141) (200.1815697147464,683.2924418262141) (200.1815697147464,709.2820639175249) (201.1815697147465,709.2820639175249) (201.1815697147465,735.2716860088356) (700,735.2716860088356)
batteryCharge[0]:
[0]: (0,100) (700,100)
user_guided_transport.end:
[0]: (0,0) (203.1815697147456,0) (203.1815697147456,1) (700,1)
[2K
Verifying formula 5 at /nta/queries/query[5]/formula
 -- Formula: simulate[<=700]{robot_inventory[0][0], user_guided_transport.end*2}
[2K -- Formula is satisfied.
robot_inventory[0][0]:
[0]: (0,0) (9.978397530105378,0) (9.978397530105378,1) (700,1)
user_guided_transport.end * 2:
[0]: (0,0) (202.5962524743387,0) (202.5962524743387,2) (700,2)
[2K
Verifying formula 6 at /nta/queries/query[6]/formula
 -- Formula: simulate[<=700]{bedroom[0], bedroom[1], kitchen[0], kitchen[1]}
[2K -- Formula is satisfied.
bedroom[0]:
[0]: (0,100) (700,100)
bedroom[1]:
[0]: (0,200) (700,200)
kitchen[0]:
[0]: (0,4400) (700,4400)
kitchen[1]:
[0]: (0,765) (700,765)
[2K
Verifying formula 7 at /nta/queries/query[7]/formula
 -- Formula: simulate[<=700]{rm_1.idle, rf_1.idle, rp_1.idle, rd_1.idle}
[2K -- Formula is satisfied.
rm_1.idle:
[0]: (0,0) (0,1) (0,0) (3,0) (3,1) (11.83458590440882,1) (11.83458590440882,0) (203.4524408486376,0) (203.4524408486376,1) (700,1)
rf_1.idle:
[0]: (0,0) (0,1) (700,1)
rp_1.idle:
[0]: (0,0) (0,1) (2,1) (2,0) (11.83458590440882,0) (11.83458590440882,1) (700,1)
rd_1.idle:
[0]: (0,0) (0,1) (700,1)
[2K
Verifying formula 8 at /nta/queries/query[8]/formula
 -- Formula: Pr[<=700](<>!rm_1.idle || !rf_1.idle || !rp_1.idle || !rd_1.idle)
[2K -- Formula is satisfied.
(72/72 runs) Pr(<> …) in [0.950056,1] (95% CI)
Values in [0,0] mean=0 steps=2.22045e-16: 72
[2K
Verifying formula 9 at /nta/queries/query[9]/formula
 -- Formula: Pr[<=700]([] (user_guided_transport.end imply (rm_1.idle && rf_1.idle && rp_1.idle && rd_1.idle)))
 -- Throughput: 680598 runs/sec, Load: 325 runs[K
[2K -- Formula is satisfied.
(72/72 runs) Pr([] …) in [0.950056,1] (95% CI)
[2K
Verifying formula 10 at /nta/queries/query[10]/formula
 -- Formula: Pr[<=700] (<> pow(humanPositionX[0] - kitchen[0], 2) + pow(humanPositionY[0] - kitchen[1], 2) <= 900 )
[2K -- Formula is satisfied.
(72/72 runs) Pr(<> …) in [0.950056,1] (95% CI)
Values in [192.005,196.953] mean=194.594 steps=0.549832: 10 8 6 3 6 12 7 10 10
[2K
Verifying formula 11 at /nta/queries/query[11]/formula
 -- Formula: Pr[<=700] (<> pow(humanPositionX[0] - bedroom[0], 2) + pow(humanPositionY[0] - bedroom[1], 2) <= 900 )
[2K -- Formula is satisfied.
(72/72 runs) Pr(<> …) in [0.950056,1] (95% CI)
Values in [1,1] mean=1 steps=2.22045e-16: 72
[2K
Verifying formula 12 at /nta/queries/query[12]/formula
 -- Formula: Pr[<=700] (<> pow(robPositionX[0] - kitchen[0], 2) + pow(robPositionY[0] - kitchen[1], 2) <= 900 )
[2K -- Formula is satisfied.
(72/72 runs) Pr(<> …) in [0.950056,1] (95% CI)
Values in [197.743,202.557] mean=200.034 steps=0.534945: 13 3 6 16 7 7 4 6 10
[2K
Verifying formula 13 at /nta/queries/query[13]/formula
 -- Formula: Pr[<=700] (<> pow(robPositionX[0] - bedroom[0], 2) + pow(robPositionY[0] - bedroom[1], 2) <= 900 )
[2K -- Formula is satisfied.
(72/72 runs) Pr(<> …) in [0.950056,1] (95% CI)
Values in [2,2] mean=2 steps=2.22045e-16: 72
[2K
Verifying formula 14 at /nta/queries/query[14]/formula
 -- Formula: Pr[<=700] (<> !isValidPosition(humanPositionX[0], humanPositionY[0]))
[2K -- Formula is satisfied.
(72/72 runs) Pr(<> …) in [0.950056,1] (95% CI)
Values in [0,0] mean=0 steps=2.22045e-16: 72
[2K
Verifying formula 15 at /nta/queries/query[15]/formula
 -- Formula: Pr[<=700] (<> !isValidPosition(robPositionX[0], robPositionY[0]))
[2K -- Formula is satisfied.
(72/72 runs) Pr(<> …) in [0.950056,1] (95% CI)
Values in [0,0] mean=0 steps=2.22045e-16: 72
[2K
Verifying formula 16 at /nta/queries/query[16]/formula
 -- Formula: Pr[<=700] (<> currP > 2)
 -- Throughput: 682100 runs/sec, Load: 325 runs[K
[2K -- Formula is satisfied.
(0/72 runs) Pr(<> …) in [0,0.0499441] (95% CI)
