Options for the verification:
  Generating no trace
  Search order is breadth first
  Using conservative space optimisation
  Seed is 1784918057
  State space representation uses minimal constraint systems with future testing
  Using HashMap + Compress integers for discrete state storage
[2K
Verifying formula 1 at /nta/queries/query[1]/formula
 -- Formula: simulate[<=700]{user_guided_transport_robot_def.s1_start, user_guided_transport_robot_def.s1_end, user_guided_transport_robot_def.s2_start, user_guided_transport_robot_def.s2_end, user_guided_transport_robot_def.s3_start, user_guided_transport_robot_def.s3_end, user_guided_transport.end}
[2K -- Formula is satisfied.
user_guided_transport_robot_def.s1_start:
[0]: (0,0) (0,1) (0,0) (700,0)
user_guided_transport_robot_def.s1_end:
[0]: (0,0) (2,0) (2,1) (2,0) (700,0)
user_guided_transport_robot_def.s2_start:
[0]: (0,0) (2,0) (2,1) (2,0) (700,0)
user_guided_transport_robot_def.s2_end:
[0]: (0,0) (8.07695034891367,0) (8.07695034891367,1) (8.07695034891367,0) (700,0)
user_guided_transport_robot_def.s3_start:
[0]: (0,0) (8.07695034891367,0) (8.07695034891367,1) (8.07695034891367,0) (700,0)
user_guided_transport_robot_def.s3_end:
[0]: (0,0) (198.6948052931421,0) (198.6948052931421,1) (198.6948052931421,0) (700,0)
user_guided_transport.end:
[0]: (0,0) (200.6948052931412,0) (200.6948052931412,1) (700,1)
[2K
Verifying formula 2 at /nta/queries/query[2]/formula
 -- Formula: simulate[<=700]{user_guided_transport_human_def.s1_start, user_guided_transport_human_def.s1_end, user_guided_transport_human_def.s2_start, user_guided_transport_human_def.s2_idle, user_guided_transport_human_def.s3_start, user_guided_transport_human_def.s3_end, user_guided_transport.end}
[2K -- Formula is satisfied.
user_guided_transport_human_def.s1_start:
[0]: (0,0) (0,1) (0,0) (700,0)
user_guided_transport_human_def.s1_end:
[0]: (0,0) (1,0) (1,1) (2,1) (2,0) (700,0)
user_guided_transport_human_def.s2_start:
[0]: (0,0) (2,0) (2,1) (2,0) (700,0)
user_guided_transport_human_def.s2_idle:
[0]: (0,0) (2,0) (2,1) (11.73934990268126,1) (11.73934990268126,0) (700,0)
user_guided_transport_human_def.s3_start:
[0]: (0,0) (11.73934990268126,0) (11.73934990268126,1) (11.73934990268126,0) (16.73934990268124,0) (16.73934990268124,1) (16.73934990268124,0) (21.73934990268124,0) (21.73934990268124,1) (21.73934990268124,0) (26.73934990268122,0) (26.73934990268122,1) (26.73934990268122,0) (31.73934990268121,0) (31.73934990268121,1) (31.73934990268121,0) (36.73934990268134,0) (36.73934990268134,1) (36.73934990268134,0) (41.73934990268148,0) (41.73934990268148,1) (41.73934990268148,0) (46.73934990268162,0) (46.73934990268162,1) (46.73934990268162,0) (51.73934990268172,0) (51.73934990268172,1) (51.73934990268172,0) (56.73934990268183,0) (56.73934990268183,1) (56.73934990268183,0) (61.73934990268194,0) (61.73934990268194,1) (61.73934990268194,0) (66.73934990268205,0) (66.73934990268205,1) (66.73934990268205,0) (71.73934990268219,0) (71.73934990268219,1) (71.73934990268219,0) (76.73934990268225,0) (76.73934990268225,1) (76.73934990268225,0) (81.73934990268206,0) (81.73934990268206,1) (81.73934990268206,0) (86.73934990268214,0) (86.73934990268214,1) (86.73934990268214,0) (91.73934990268221,0) (91.73934990268221,1) (91.73934990268221,0) (96.73934990268228,0) (96.73934990268228,1) (96.73934990268228,0) (101.739349902682,0) (101.739349902682,1) (101.739349902682,0) (106.7393499026816,0) (106.7393499026816,1) (106.7393499026816,0) (111.7393499026812,0) (111.7393499026812,1) (111.7393499026812,0) (116.7393499026809,0) (116.7393499026809,1) (116.7393499026809,0) (121.7393499026806,0) (121.7393499026806,1) (121.7393499026806,0) (126.7393499026802,0) (126.7393499026802,1) (126.7393499026802,0) (131.7393499026805,0) (131.7393499026805,1) (131.7393499026805,0) (136.7393499026809,0) (136.7393499026809,1) (136.7393499026809,0) (141.7393499026813,0) (141.7393499026813,1) (141.7393499026813,0) (146.7393499026817,0) (146.7393499026817,1) (146.7393499026817,0) (151.739349902682,0) (151.739349902682,1) (151.739349902682,0) (156.7393499026823,0) (156.7393499026823,1) (156.7393499026823,0) (161.7393499026826,0) (161.7393499026826,1) (161.7393499026826,0) (166.7393499026829,0) (166.7393499026829,1) (166.7393499026829,0) (171.7393499026833,0) (171.7393499026833,1) (171.7393499026833,0) (176.7393499026837,0) (176.7393499026837,1) (176.7393499026837,0) (181.7393499026842,0) (181.7393499026842,1) (181.7393499026842,0) (186.7393499026846,0) (186.7393499026846,1) (186.7393499026846,0) (191.739349902685,0) (191.739349902685,1) (191.739349902685,0) (196.7393499026854,0) (196.7393499026854,1) (196.7393499026854,0) (700,0)
user_guided_transport_human_def.s3_end:
[0]: (0,0) (196.7393499026854,0) (196.7393499026854,1) (202.3572048469107,1) (202.3572048469107,0) (700,0)
user_guided_transport.end:
[0]: (0,0) (204.3572048469099,0) (204.3572048469099,1) (700,1)
[2K
Verifying formula 3 at /nta/queries/query[3]/formula
 -- Formula: Pr[<=700] (<> user_guided_transport.end)
[2K -- Formula is satisfied.
(72/72 runs) Pr(<> …) in [0.950056,1] (95% CI)
Values in [199.653,204.542] mean=202.038 steps=0.543216: 11 7 10 8 6 5 5 11 9
[2K
Verifying formula 4 at /nta/queries/query[4]/formula
 -- Formula: simulate[<=700]{humanPositionX[0], humanPositionY[0], robPositionX[0], robPositionY[0], batteryCharge[0], user_guided_transport.end}
[2K -- Formula is satisfied.
humanPositionX[0]:
[0]: (0,0) (0,92.5) (1,92.5) (1,97.73313175708738) (10.99224458407546,97.73313175708738) (10.99224458407546,123.7285354798977) (11.99224458407546,123.7285354798977) (11.99224458407546,149.723939202708) (12.99224458407546,149.723939202708) (12.99224458407546,175.7193429255182) (13.99224458407546,175.7193429255182) (13.99224458407546,201.7147466483285) (14.99224458407545,201.7147466483285) (14.99224458407545,227.7101503711388) (15.99224458407545,227.7101503711388) (15.99224458407545,253.7055540939491) (16.99224458407545,253.7055540939491) (16.99224458407545,279.7009578167594) (17.99224458407546,279.7009578167594) (17.99224458407546,305.6963615395697) (18.99224458407546,305.6963615395697) (18.99224458407546,331.69176526238) (19.99224458407546,331.69176526238) (19.99224458407546,357.6871689851903) (20.99224458407547,357.6871689851903) (20.99224458407547,383.6825727080006) (21.99224458407548,383.6825727080006) (21.99224458407548,409.6779764308109) (22.99224458407549,409.6779764308109) (22.99224458407549,435.6733801536212) (23.99224458407549,435.6733801536212) (23.99224458407549,461.6687838764315) (24.9922445840755,461.6687838764315) (24.9922445840755,487.6641875992418) (25.99224458407551,487.6641875992418) (25.99224458407551,513.6595913220521) (26.99224458407551,513.6595913220521) (26.99224458407551,539.6549950448623) (27.99224458407552,539.6549950448623) (27.99224458407552,565.6503987676725) (28.99224458407553,565.6503987676725) (28.99224458407553,591.6458024904828) (29.99224458407554,591.6458024904828) (29.99224458407554,617.641206213293) (30.99224458407554,617.641206213293) (30.99224458407554,643.6366099361032) (31.99224458407555,643.6366099361032) (31.99224458407555,669.6320136589135) (32.99224458407551,669.6320136589135) (32.99224458407551,695.6274173817237) (33.99224458407548,695.6274173817237) (33.99224458407548,721.622821104534) (34.99224458407544,721.622821104534) (34.99224458407544,747.6182248273442) (35.99224458407541,747.6182248273442) (35.99224458407541,773.6136285501544) (36.99224458407537,773.6136285501544) (36.99224458407537,799.6090322729647) (37.99224458407534,799.6090322729647) (37.99224458407534,825.6044359957749) (38.9922445840753,825.6044359957749) (38.9922445840753,851.5998397185851) (39.99224458407527,851.5998397185851) (39.99224458407527,877.5952434413954) (40.99224458407523,877.5952434413954) (40.99224458407523,903.5906471642056) (41.99224458407519,903.5906471642056) (41.99224458407519,929.5860508870159) (42.99224458407516,929.5860508870159) (42.99224458407516,955.5814546098261) (43.99224458407512,955.5814546098261) (43.99224458407512,981.5768583326363) (44.99224458407511,981.5768583326363) (44.99224458407511,1007.572262055447) (45.99224458407511,1007.572262055447) (45.99224458407511,1033.567665778257) (46.99224458407511,1033.567665778257) (46.99224458407511,1059.563069501067) (47.99224458407511,1059.563069501067) (47.99224458407511,1085.558473223878) (48.99224458407511,1085.558473223878) (48.99224458407511,1111.553876946688) (49.9922445840751,1111.553876946688) (49.9922445840751,1137.549280669498) (50.9922445840751,1137.549280669498) (50.9922445840751,1163.544684392309) (51.99224458407509,1163.544684392309) (51.99224458407509,1189.540088115119) (52.99224458407508,1189.540088115119) (52.99224458407508,1215.535491837929) (53.99224458407507,1215.535491837929) (53.99224458407507,1241.53089556074) (54.99224458407507,1241.53089556074) (54.99224458407507,1267.52629928355) (55.99224458407507,1267.52629928355) (55.99224458407507,1293.52170300636) (56.99224458407507,1293.52170300636) (56.99224458407507,1319.517106729171) (57.99224458407507,1319.517106729171) (57.99224458407507,1345.512510451981) (58.99224458407507,1345.512510451981) (58.99224458407507,1371.507914174791) (59.99224458407506,1371.507914174791) (59.99224458407506,1397.503317897602) (60.99224458407505,1397.503317897602) (60.99224458407505,1423.498721620412) (61.99224458407505,1423.498721620412) (61.99224458407505,1478) (62.99224458407504,1478) (62.99224458407504,1504) (63.99224458407503,1504) (63.99224458407503,1530) (64.99224458407502,1530) (64.99224458407502,1556) (65.99224458407502,1556) (65.99224458407502,1582) (66.99224458407502,1582) (66.99224458407502,1608) (67.99224458407502,1608) (67.99224458407502,1634) (68.99224458407502,1634) (68.99224458407502,1660) (69.99224458407502,1660) (69.99224458407502,1686) (70.99224458407502,1686) (70.99224458407502,1712) (71.99224458407502,1712) (71.99224458407502,1738) (72.99224458407502,1738) (72.99224458407502,1764) (73.99224458407502,1764) (73.99224458407502,1790) (74.992244584075,1790) (74.992244584075,1816) (75.992244584075,1816) (75.992244584075,1842) (76.992244584075,1842) (76.992244584075,1868) (77.992244584075,1868) (77.992244584075,1894) (78.992244584075,1894) (78.992244584075,1920) (79.992244584075,1920) (79.992244584075,1946) (80.992244584075,1946) (80.992244584075,1972) (81.992244584075,1972) (81.992244584075,1998) (82.992244584075,1998) (82.992244584075,2024) (83.992244584075,2024) (83.992244584075,2050) (84.992244584075,2050) (84.992244584075,2076) (85.992244584075,2076) (85.992244584075,2102) (86.992244584075,2102) (86.992244584075,2128) (87.992244584075,2128) (87.992244584075,2154) (88.992244584075,2154) (88.992244584075,2180) (89.992244584075,2180) (89.992244584075,2206) (90.992244584075,2206) (90.992244584075,2232) (91.992244584075,2232) (91.992244584075,2258) (92.992244584075,2258) (92.992244584075,2284) (93.992244584075,2284) (93.992244584075,2310) (94.992244584075,2310) (94.992244584075,2336) (95.99224458407495,2336) (95.99224458407495,2362) (96.9922445840749,2362) (96.9922445840749,2388) (97.99224458407484,2388) (97.99224458407484,2414) (98.99224458407478,2414) (98.99224458407478,2440) (99.99224458407471,2440) (99.99224458407471,2466) (100.9922445840746,2466) (100.9922445840746,2492) (101.9922445840746,2492) (101.9922445840746,2518) (102.9922445840745,2518) (102.9922445840745,2544) (103.9922445840744,2544) (103.9922445840744,2570) (104.9922445840744,2570) (104.9922445840744,2596) (105.9922445840743,2596) (105.9922445840743,2622) (106.9922445840742,2622) (106.9922445840742,2648) (107.9922445840741,2648) (107.9922445840741,2674) (108.9922445840741,2674) (108.9922445840741,2700) (109.992244584074,2700) (109.992244584074,2726) (110.9922445840739,2726) (110.9922445840739,2752) (111.9922445840739,2752) (111.9922445840739,2778) (112.9922445840738,2778) (112.9922445840738,2804) (113.9922445840737,2804) (113.9922445840737,2830) (114.9922445840736,2830) (114.9922445840736,2856) (115.9922445840736,2856) (115.9922445840736,2882) (116.9922445840735,2882) (116.9922445840735,2908) (117.9922445840734,2908) (117.9922445840734,2934) (118.9922445840734,2934) (118.9922445840734,2960) (119.9922445840733,2960) (119.9922445840733,2986) (120.9922445840732,2986) (120.9922445840732,3012) (121.9922445840731,3012) (121.9922445840731,3038) (122.9922445840731,3038) (122.9922445840731,3088.5) (123.992244584073,3088.5) (123.992244584073,3114.5) (124.9922445840729,3114.5) (124.9922445840729,3140.5) (125.9922445840729,3140.5) (125.9922445840729,3166.5) (126.9922445840728,3166.5) (126.9922445840728,3192.5) (127.9922445840727,3192.5) (127.9922445840727,3218.5) (128.9922445840728,3218.5) (128.9922445840728,3244.5) (129.9922445840729,3244.5) (129.9922445840729,3270.5) (130.992244584073,3270.5) (130.992244584073,3296.5) (131.9922445840731,3296.5) (131.9922445840731,3322.5) (132.9922445840731,3322.5) (132.9922445840731,3348.5) (133.9922445840732,3348.5) (133.9922445840732,3374.5) (134.9922445840733,3374.5) (134.9922445840733,3400.5) (135.9922445840734,3400.5) (135.9922445840734,3426.5) (136.9922445840735,3426.5) (136.9922445840735,3452.5) (137.9922445840736,3452.5) (137.9922445840736,3478.5) (138.9922445840737,3478.5) (138.9922445840737,3504.5) (139.9922445840737,3504.5) (139.9922445840737,3530.5) (140.9922445840738,3530.5) (140.9922445840738,3556.5) (141.9922445840739,3556.5) (141.9922445840739,3582.5) (142.992244584074,3582.5) (142.992244584074,3608.5) (143.9922445840741,3608.5) (143.9922445840741,3634.5) (144.9922445840742,3634.5) (144.9922445840742,3660.5) (145.9922445840743,3660.5) (145.9922445840743,3686.5) (146.9922445840743,3686.5) (146.9922445840743,3712.5) (147.9922445840744,3712.5) (147.9922445840744,3738.5) (148.9922445840745,3738.5) (148.9922445840745,3764.5) (149.9922445840746,3764.5) (149.9922445840746,3790.5) (150.9922445840747,3790.5) (150.9922445840747,3816.5) (151.9922445840748,3816.5) (151.9922445840748,3842.5) (152.9922445840749,3842.5) (152.9922445840749,3868.5) (153.9922445840749,3868.5) (153.9922445840749,3894.5) (154.992244584075,3894.5) (154.992244584075,3920.5) (155.9922445840751,3920.5) (155.9922445840751,3946.5) (156.9922445840752,3946.5) (156.9922445840752,3972.5) (157.9922445840753,3972.5) (157.9922445840753,3998.5) (158.9922445840754,3998.5) (158.9922445840754,4024.5) (159.9922445840755,4024.5) (159.9922445840755,4050.5) (160.9922445840755,4050.5) (160.9922445840755,4076.5) (161.9922445840756,4076.5) (161.9922445840756,4102.5) (162.9922445840757,4102.5) (162.9922445840757,4128.5) (163.9922445840758,4128.5) (163.9922445840758,4154.5) (164.9922445840759,4154.5) (164.9922445840759,4180.5) (165.992244584076,4180.5) (165.992244584076,4206.5) (166.992244584076,4206.5) (166.992244584076,4232.5) (167.9922445840761,4232.5) (167.9922445840761,4258.5) (168.9922445840762,4258.5) (168.9922445840762,4284.5) (169.9922445840763,4284.5) (169.9922445840763,4310.5) (170.9922445840764,4310.5) (170.9922445840764,4336.5) (171.9922445840765,4336.5) (171.9922445840765,4362.5) (172.9922445840766,4362.5) (172.9922445840766,4388.5) (173.9922445840766,4388.5) (173.9922445840766,4416.265463717128) (174.9922445840767,4416.265463717128) (174.9922445840767,4415.530927434256) (175.9922445840768,4415.530927434256) (175.9922445840768,4414.796391151384) (176.9922445840769,4414.796391151384) (176.9922445840769,4414.061854868512) (177.992244584077,4414.061854868512) (177.992244584077,4413.327318585641) (178.992244584077,4413.327318585641) (178.992244584077,4412.592782302769) (179.9922445840771,4412.592782302769) (179.9922445840771,4411.858246019897) (180.9922445840772,4411.858246019897) (180.9922445840772,4411.123709737025) (181.9922445840772,4411.123709737025) (181.9922445840772,4410.389173454153) (182.9922445840773,4410.389173454153) (182.9922445840773,4409.654637171281) (183.9922445840773,4409.654637171281) (183.9922445840773,4408.920100888409) (184.9922445840774,4408.920100888409) (184.9922445840774,4408.185564605537) (185.9922445840774,4408.185564605537) (185.9922445840774,4407.451028322665) (186.9922445840775,4407.451028322665) (186.9922445840775,4406.716492039794) (187.9922445840776,4406.716492039794) (187.9922445840776,4405.981955756922) (188.9922445840776,4405.981955756922) (188.9922445840776,4405.24741947405) (189.9922445840777,4405.24741947405) (189.9922445840777,4404.512883191178) (190.9922445840777,4404.512883191178) (190.9922445840777,4403.778346908306) (191.9922445840778,4403.778346908306) (191.9922445840778,4403.043810625434) (192.9922445840778,4403.043810625434) (192.9922445840778,4402.309274342562) (193.9922445840779,4402.309274342562) (193.9922445840779,4401.57473805969) (194.992244584078,4401.57473805969) (194.992244584078,4400.840201776819) (700,4400.840201776819)
humanPositionY[0]:
[0]: (0,0) (0,163.5) (1,163.5) (1,188.9679078844919) (10.99224458407546,188.9679078844919) (10.99224458407546,188.479046668909) (11.99224458407546,188.479046668909) (11.99224458407546,187.9901854533261) (12.99224458407546,187.9901854533261) (12.99224458407546,187.5013242377432) (13.99224458407546,187.5013242377432) (13.99224458407546,187.0124630221603) (14.99224458407545,187.0124630221603) (14.99224458407545,186.5236018065774) (15.99224458407545,186.5236018065774) (15.99224458407545,186.0347405909945) (16.99224458407545,186.0347405909945) (16.99224458407545,185.5458793754117) (17.99224458407546,185.5458793754117) (17.99224458407546,185.0570181598288) (18.99224458407546,185.0570181598288) (18.99224458407546,184.5681569442459) (19.99224458407546,184.5681569442459) (19.99224458407546,184.079295728663) (20.99224458407547,184.079295728663) (20.99224458407547,183.5904345130801) (21.99224458407548,183.5904345130801) (21.99224458407548,183.1015732974972) (22.99224458407549,183.1015732974972) (22.99224458407549,182.6127120819143) (23.99224458407549,182.6127120819143) (23.99224458407549,182.1238508663315) (24.9922445840755,182.1238508663315) (24.9922445840755,181.6349896507486) (25.99224458407551,181.6349896507486) (25.99224458407551,181.1461284351657) (26.99224458407551,181.1461284351657) (26.99224458407551,180.6572672195828) (27.99224458407552,180.6572672195828) (27.99224458407552,180.1684060039999) (28.99224458407553,180.1684060039999) (28.99224458407553,179.679544788417) (29.99224458407554,179.679544788417) (29.99224458407554,179.1906835728341) (30.99224458407554,179.1906835728341) (30.99224458407554,178.7018223572512) (31.99224458407555,178.7018223572512) (31.99224458407555,178.2129611416684) (32.99224458407551,178.2129611416684) (32.99224458407551,177.7240999260855) (33.99224458407548,177.7240999260855) (33.99224458407548,177.2352387105026) (34.99224458407544,177.2352387105026) (34.99224458407544,176.7463774949197) (35.99224458407541,176.7463774949197) (35.99224458407541,176.2575162793368) (36.99224458407537,176.2575162793368) (36.99224458407537,175.7686550637539) (37.99224458407534,175.7686550637539) (37.99224458407534,175.279793848171) (38.9922445840753,175.279793848171) (38.9922445840753,174.7909326325882) (39.99224458407527,174.7909326325882) (39.99224458407527,174.3020714170053) (40.99224458407523,174.3020714170053) (40.99224458407523,173.8132102014224) (41.99224458407519,173.8132102014224) (41.99224458407519,173.3243489858395) (42.99224458407516,173.3243489858395) (42.99224458407516,172.8354877702566) (43.99224458407512,172.8354877702566) (43.99224458407512,172.3466265546737) (44.99224458407511,172.3466265546737) (44.99224458407511,171.8577653390908) (45.99224458407511,171.8577653390908) (45.99224458407511,171.3689041235079) (46.99224458407511,171.3689041235079) (46.99224458407511,170.8800429079251) (47.99224458407511,170.8800429079251) (47.99224458407511,170.3911816923422) (48.99224458407511,170.3911816923422) (48.99224458407511,169.9023204767593) (49.9922445840751,169.9023204767593) (49.9922445840751,169.4134592611764) (50.9922445840751,169.4134592611764) (50.9922445840751,168.9245980455935) (51.99224458407509,168.9245980455935) (51.99224458407509,168.4357368300106) (52.99224458407508,168.4357368300106) (52.99224458407508,167.9468756144277) (53.99224458407507,167.9468756144277) (53.99224458407507,167.4580143988449) (54.99224458407507,167.4580143988449) (54.99224458407507,166.969153183262) (55.99224458407507,166.969153183262) (55.99224458407507,166.4802919676791) (56.99224458407507,166.4802919676791) (56.99224458407507,165.9914307520962) (57.99224458407507,165.9914307520962) (57.99224458407507,165.5025695365133) (58.99224458407507,165.5025695365133) (58.99224458407507,165.0137083209304) (59.99224458407506,165.0137083209304) (59.99224458407506,164.5248471053475) (60.99224458407505,164.5248471053475) (60.99224458407505,164.0359858897646) (61.99224458407505,164.0359858897646) (61.99224458407505,163.5) (173.9922445840766,163.5) (173.9922445840766,189.4896220913107) (174.9922445840767,189.4896220913107) (174.9922445840767,215.4792441826214) (175.9922445840768,215.4792441826214) (175.9922445840768,241.4688662739321) (176.9922445840769,241.4688662739321) (176.9922445840769,267.4584883652428) (177.992244584077,267.4584883652428) (177.992244584077,293.4481104565535) (178.992244584077,293.4481104565535) (178.992244584077,319.4377325478642) (179.9922445840771,319.4377325478642) (179.9922445840771,345.427354639175) (180.9922445840772,345.427354639175) (180.9922445840772,371.4169767304857) (181.9922445840772,371.4169767304857) (181.9922445840772,397.4065988217964) (182.9922445840773,397.4065988217964) (182.9922445840773,423.3962209131071) (183.9922445840773,423.3962209131071) (183.9922445840773,449.3858430044178) (184.9922445840774,449.3858430044178) (184.9922445840774,475.3754650957285) (185.9922445840774,475.3754650957285) (185.9922445840774,501.3650871870392) (186.9922445840775,501.3650871870392) (186.9922445840775,527.3547092783499) (187.9922445840776,527.3547092783499) (187.9922445840776,553.3443313696606) (188.9922445840776,553.3443313696606) (188.9922445840776,579.3339534609713) (189.9922445840777,579.3339534609713) (189.9922445840777,605.323575552282) (190.9922445840777,605.323575552282) (190.9922445840777,631.3131976435927) (191.9922445840778,631.3131976435927) (191.9922445840778,657.3028197349034) (192.9922445840778,657.3028197349034) (192.9922445840778,683.2924418262141) (193.9922445840779,683.2924418262141) (193.9922445840779,709.2820639175249) (194.992244584078,709.2820639175249) (194.992244584078,735.2716860088356) (700,735.2716860088356)
robPositionX[0]:
[0]: (0,0) (0,92.5) (2,92.5) (2,97.73313175708738) (11.99224458407546,97.73313175708738) (11.99224458407546,123.7285354798977) (13.0110480465587,123.7285354798977) (13.0110480465587,149.723939202708) (14.0110480465587,149.723939202708) (14.0110480465587,175.7193429255182) (15.0110480465587,175.7193429255182) (15.0110480465587,201.7147466483285) (16.0110480465587,201.7147466483285) (16.0110480465587,227.7101503711388) (17.0110480465587,227.7101503711388) (17.0110480465587,253.7055540939491) (18.0110480465587,253.7055540939491) (18.0110480465587,279.7009578167594) (19.0110480465587,279.7009578167594) (19.0110480465587,305.6963615395697) (20.01104804655871,305.6963615395697) (20.01104804655871,331.69176526238) (21.01104804655872,331.69176526238) (21.01104804655872,357.6871689851903) (22.01104804655872,357.6871689851903) (22.01104804655872,383.6825727080006) (23.01104804655873,383.6825727080006) (23.01104804655873,409.6779764308109) (24.01104804655874,409.6779764308109) (24.01104804655874,435.6733801536212) (25.01104804655875,435.6733801536212) (25.01104804655875,461.6687838764315) (26.01104804655875,461.6687838764315) (26.01104804655875,487.6641875992418) (27.01104804655876,487.6641875992418) (27.01104804655876,513.6595913220521) (28.01104804655877,513.6595913220521) (28.01104804655877,539.6549950448623) (29.01104804655877,539.6549950448623) (29.01104804655877,565.6503987676725) (30.01104804655878,565.6503987676725) (30.01104804655878,591.6458024904828) (31.01104804655879,591.6458024904828) (31.01104804655879,617.641206213293) (32.01104804655879,617.641206213293) (32.01104804655879,643.6366099361032) (33.01104804655876,643.6366099361032) (33.01104804655876,669.6320136589135) (34.01104804655872,669.6320136589135) (34.01104804655872,695.6274173817237) (35.01104804655868,695.6274173817237) (35.01104804655868,721.622821104534) (36.01104804655865,721.622821104534) (36.01104804655865,747.6182248273442) (37.01104804655861,747.6182248273442) (37.01104804655861,773.6136285501544) (38.01104804655858,773.6136285501544) (38.01104804655858,799.6090322729647) (39.01104804655854,799.6090322729647) (39.01104804655854,825.6044359957749) (40.01104804655851,825.6044359957749) (40.01104804655851,851.5998397185851) (41.01104804655847,851.5998397185851) (41.01104804655847,877.5952434413954) (42.01104804655844,877.5952434413954) (42.01104804655844,903.5906471642056) (43.0110480465584,903.5906471642056) (43.0110480465584,929.5860508870159) (44.01104804655836,929.5860508870159) (44.01104804655836,955.5814546098261) (45.01104804655836,955.5814546098261) (45.01104804655836,981.5768583326363) (46.01104804655836,981.5768583326363) (46.01104804655836,1007.572262055447) (47.01104804655836,1007.572262055447) (47.01104804655836,1033.567665778257) (48.01104804655836,1033.567665778257) (48.01104804655836,1059.563069501067) (49.01104804655836,1059.563069501067) (49.01104804655836,1085.558473223878) (50.01104804655835,1085.558473223878) (50.01104804655835,1111.553876946688) (51.01104804655834,1111.553876946688) (51.01104804655834,1137.549280669498) (52.01104804655834,1137.549280669498) (52.01104804655834,1163.544684392309) (53.01104804655833,1163.544684392309) (53.01104804655833,1189.540088115119) (54.01104804655832,1189.540088115119) (54.01104804655832,1215.535491837929) (55.01104804655832,1215.535491837929) (55.01104804655832,1241.53089556074) (56.01104804655832,1241.53089556074) (56.01104804655832,1267.52629928355) (57.01104804655832,1267.52629928355) (57.01104804655832,1293.52170300636) (58.01104804655832,1293.52170300636) (58.01104804655832,1319.517106729171) (59.01104804655832,1319.517106729171) (59.01104804655832,1345.512510451981) (60.01104804655832,1345.512510451981) (60.01104804655832,1371.507914174791) (61.01104804655831,1371.507914174791) (61.01104804655831,1397.503317897602) (62.0110480465583,1397.503317897602) (62.0110480465583,1423.498721620412) (63.01104804655829,1423.498721620412) (63.01104804655829,1452) (64.01104804655829,1452) (64.01104804655829,1478) (65.01104804655829,1478) (65.01104804655829,1504) (66.01104804655829,1504) (66.01104804655829,1530) (67.01104804655829,1530) (67.01104804655829,1556) (68.01104804655829,1556) (68.01104804655829,1582) (69.01104804655829,1582) (69.01104804655829,1608) (70.01104804655829,1608) (70.01104804655829,1634) (71.01104804655829,1634) (71.01104804655829,1660) (72.01104804655829,1660) (72.01104804655829,1686) (73.01104804655829,1686) (73.01104804655829,1712) (74.01104804655829,1712) (74.01104804655829,1738) (75.01104804655826,1738) (75.01104804655826,1764) (76.01104804655826,1764) (76.01104804655826,1790) (77.01104804655826,1790) (77.01104804655826,1816) (78.01104804655826,1816) (78.01104804655826,1842) (79.01104804655826,1842) (79.01104804655826,1868) (80.01104804655826,1868) (80.01104804655826,1894) (81.01104804655826,1894) (81.01104804655826,1920) (82.01104804655826,1920) (82.01104804655826,1946) (83.01104804655826,1946) (83.01104804655826,1972) (84.01104804655826,1972) (84.01104804655826,1998) (85.01104804655826,1998) (85.01104804655826,2024) (86.01104804655826,2024) (86.01104804655826,2050) (87.01104804655826,2050) (87.01104804655826,2076) (88.01104804655826,2076) (88.01104804655826,2102) (89.01104804655826,2102) (89.01104804655826,2128) (90.01104804655826,2128) (90.01104804655826,2154) (91.01104804655826,2154) (91.01104804655826,2180) (92.01104804655826,2180) (92.01104804655826,2206) (93.01104804655826,2206) (93.01104804655826,2232) (94.01104804655826,2232) (94.01104804655826,2258) (95.01104804655826,2258) (95.01104804655826,2284) (96.01104804655822,2284) (96.01104804655822,2310) (97.01104804655816,2310) (97.01104804655816,2336) (98.0110480465581,2336) (98.0110480465581,2362) (99.01104804655805,2362) (99.01104804655805,2388) (100.011048046558,2388) (100.011048046558,2414) (101.0110480465579,2414) (101.0110480465579,2440) (102.0110480465578,2440) (102.0110480465578,2466) (103.0110480465578,2466) (103.0110480465578,2492) (104.0110480465577,2492) (104.0110480465577,2518) (105.0110480465576,2518) (105.0110480465576,2544) (106.0110480465575,2544) (106.0110480465575,2570) (107.0110480465575,2570) (107.0110480465575,2596) (108.0110480465574,2596) (108.0110480465574,2622) (109.0110480465573,2622) (109.0110480465573,2648) (110.0110480465573,2648) (110.0110480465573,2674) (111.0110480465572,2674) (111.0110480465572,2700) (112.0110480465571,2700) (112.0110480465571,2726) (113.0110480465571,2726) (113.0110480465571,2752) (114.011048046557,2752) (114.011048046557,2778) (115.0110480465569,2778) (115.0110480465569,2804) (116.0110480465568,2804) (116.0110480465568,2830) (117.0110480465568,2830) (117.0110480465568,2856) (118.0110480465567,2856) (118.0110480465567,2882) (119.0110480465566,2882) (119.0110480465566,2908) (120.0110480465566,2908) (120.0110480465566,2934) (121.0110480465565,2934) (121.0110480465565,2960) (122.0110480465564,2960) (122.0110480465564,2986) (123.0110480465563,2986) (123.0110480465563,3012) (124.0110480465563,3012) (124.0110480465563,3038) (125.0110480465562,3038) (125.0110480465562,3062.5) (126.0110480465561,3062.5) (126.0110480465561,3088.5) (127.0110480465561,3088.5) (127.0110480465561,3114.5) (128.011048046556,3114.5) (128.011048046556,3140.5) (129.0110480465561,3140.5) (129.0110480465561,3166.5) (130.0110480465562,3166.5) (130.0110480465562,3192.5) (131.0110480465563,3192.5) (131.0110480465563,3218.5) (132.0110480465563,3218.5) (132.0110480465563,3244.5) (133.0110480465564,3244.5) (133.0110480465564,3270.5) (134.0110480465565,3270.5) (134.0110480465565,3296.5) (135.0110480465566,3296.5) (135.0110480465566,3322.5) (136.0110480465567,3322.5) (136.0110480465567,3348.5) (137.0110480465568,3348.5) (137.0110480465568,3374.5) (138.0110480465569,3374.5) (138.0110480465569,3400.5) (139.0110480465569,3400.5) (139.0110480465569,3426.5) (140.011048046557,3426.5) (140.011048046557,3452.5) (141.0110480465571,3452.5) (141.0110480465571,3478.5) (142.0110480465572,3478.5) (142.0110480465572,3504.5) (143.0110480465573,3504.5) (143.0110480465573,3530.5) (144.0110480465574,3530.5) (144.0110480465574,3556.5) (145.0110480465574,3556.5) (145.0110480465574,3582.5) (146.0110480465575,3582.5) (146.0110480465575,3608.5) (147.0110480465576,3608.5) (147.0110480465576,3634.5) (148.0110480465577,3634.5) (148.0110480465577,3660.5) (149.0110480465578,3660.5) (149.0110480465578,3686.5) (150.0110480465579,3686.5) (150.0110480465579,3712.5) (151.011048046558,3712.5) (151.011048046558,3738.5) (152.011048046558,3738.5) (152.011048046558,3764.5) (153.0110480465581,3764.5) (153.0110480465581,3790.5) (154.0110480465582,3790.5) (154.0110480465582,3816.5) (155.0110480465583,3816.5) (155.0110480465583,3842.5) (156.0110480465584,3842.5) (156.0110480465584,3868.5) (157.0110480465585,3868.5) (157.0110480465585,3894.5) (158.0110480465586,3894.5) (158.0110480465586,3920.5) (159.0110480465586,3920.5) (159.0110480465586,3946.5) (160.0110480465587,3946.5) (160.0110480465587,3972.5) (161.0110480465588,3972.5) (161.0110480465588,3998.5) (162.0110480465589,3998.5) (162.0110480465589,4024.5) (163.011048046559,4024.5) (163.011048046559,4050.5) (164.0110480465591,4050.5) (164.0110480465591,4076.5) (165.0110480465592,4076.5) (165.0110480465592,4102.5) (166.0110480465592,4102.5) (166.0110480465592,4128.5) (167.0110480465593,4128.5) (167.0110480465593,4154.5) (168.0110480465594,4154.5) (168.0110480465594,4180.5) (169.0110480465595,4180.5) (169.0110480465595,4206.5) (170.0110480465596,4206.5) (170.0110480465596,4232.5) (171.0110480465597,4232.5) (171.0110480465597,4258.5) (172.0110480465598,4258.5) (172.0110480465598,4284.5) (173.0110480465598,4284.5) (173.0110480465598,4310.5) (174.0110480465599,4310.5) (174.0110480465599,4336.5) (175.01104804656,4336.5) (175.01104804656,4362.5) (176.0110480465601,4362.5) (176.0110480465601,4388.5) (177.0110480465602,4388.5) (177.0110480465602,4417) (179.6100995283019,4417) (179.6100995283019,4416.265463717128) (180.6100995283019,4416.265463717128) (180.6100995283019,4415.530927434256) (181.610099528302,4415.530927434256) (181.610099528302,4414.796391151384) (182.610099528302,4414.796391151384) (182.610099528302,4414.061854868512) (183.6100995283021,4414.061854868512) (183.6100995283021,4413.327318585641) (184.6100995283022,4413.327318585641) (184.6100995283022,4412.592782302769) (185.6100995283022,4412.592782302769) (185.6100995283022,4411.858246019897) (186.6100995283023,4411.858246019897) (186.6100995283023,4411.123709737025) (187.6100995283023,4411.123709737025) (187.6100995283023,4410.389173454153) (188.6100995283024,4410.389173454153) (188.6100995283024,4409.654637171281) (189.6100995283024,4409.654637171281) (189.6100995283024,4408.920100888409) (190.6100995283025,4408.920100888409) (190.6100995283025,4408.185564605537) (191.6100995283026,4408.185564605537) (191.6100995283026,4407.451028322665) (192.6100995283026,4407.451028322665) (192.6100995283026,4406.716492039794) (193.6100995283027,4406.716492039794) (193.6100995283027,4405.981955756922) (194.6100995283027,4405.981955756922) (194.6100995283027,4405.24741947405) (195.6100995283028,4405.24741947405) (195.6100995283028,4404.512883191178) (196.6100995283028,4404.512883191178) (196.6100995283028,4403.778346908306) (197.6100995283029,4403.778346908306) (197.6100995283029,4403.043810625434) (198.610099528303,4403.043810625434) (198.610099528303,4402.309274342562) (199.610099528303,4402.309274342562) (199.610099528303,4401.57473805969) (200.6100995283031,4401.57473805969) (200.6100995283031,4400.840201776819) (700,4400.840201776819)
robPositionY[0]:
[0]: (0,0) (0,163.5) (2,163.5) (2,188.9679078844919) (11.99224458407546,188.9679078844919) (11.99224458407546,188.479046668909) (13.0110480465587,188.479046668909) (13.0110480465587,187.9901854533261) (14.0110480465587,187.9901854533261) (14.0110480465587,187.5013242377432) (15.0110480465587,187.5013242377432) (15.0110480465587,187.0124630221603) (16.0110480465587,187.0124630221603) (16.0110480465587,186.5236018065774) (17.0110480465587,186.5236018065774) (17.0110480465587,186.0347405909945) (18.0110480465587,186.0347405909945) (18.0110480465587,185.5458793754117) (19.0110480465587,185.5458793754117) (19.0110480465587,185.0570181598288) (20.01104804655871,185.0570181598288) (20.01104804655871,184.5681569442459) (21.01104804655872,184.5681569442459) (21.01104804655872,184.079295728663) (22.01104804655872,184.079295728663) (22.01104804655872,183.5904345130801) (23.01104804655873,183.5904345130801) (23.01104804655873,183.1015732974972) (24.01104804655874,183.1015732974972) (24.01104804655874,182.6127120819143) (25.01104804655875,182.6127120819143) (25.01104804655875,182.1238508663315) (26.01104804655875,182.1238508663315) (26.01104804655875,181.6349896507486) (27.01104804655876,181.6349896507486) (27.01104804655876,181.1461284351657) (28.01104804655877,181.1461284351657) (28.01104804655877,180.6572672195828) (29.01104804655877,180.6572672195828) (29.01104804655877,180.1684060039999) (30.01104804655878,180.1684060039999) (30.01104804655878,179.679544788417) (31.01104804655879,179.679544788417) (31.01104804655879,179.1906835728341) (32.01104804655879,179.1906835728341) (32.01104804655879,178.7018223572512) (33.01104804655876,178.7018223572512) (33.01104804655876,178.2129611416684) (34.01104804655872,178.2129611416684) (34.01104804655872,177.7240999260855) (35.01104804655868,177.7240999260855) (35.01104804655868,177.2352387105026) (36.01104804655865,177.2352387105026) (36.01104804655865,176.7463774949197) (37.01104804655861,176.7463774949197) (37.01104804655861,176.2575162793368) (38.01104804655858,176.2575162793368) (38.01104804655858,175.7686550637539) (39.01104804655854,175.7686550637539) (39.01104804655854,175.279793848171) (40.01104804655851,175.279793848171) (40.01104804655851,174.7909326325882) (41.01104804655847,174.7909326325882) (41.01104804655847,174.3020714170053) (42.01104804655844,174.3020714170053) (42.01104804655844,173.8132102014224) (43.0110480465584,173.8132102014224) (43.0110480465584,173.3243489858395) (44.01104804655836,173.3243489858395) (44.01104804655836,172.8354877702566) (45.01104804655836,172.8354877702566) (45.01104804655836,172.3466265546737) (46.01104804655836,172.3466265546737) (46.01104804655836,171.8577653390908) (47.01104804655836,171.8577653390908) (47.01104804655836,171.3689041235079) (48.01104804655836,171.3689041235079) (48.01104804655836,170.8800429079251) (49.01104804655836,170.8800429079251) (49.01104804655836,170.3911816923422) (50.01104804655835,170.3911816923422) (50.01104804655835,169.9023204767593) (51.01104804655834,169.9023204767593) (51.01104804655834,169.4134592611764) (52.01104804655834,169.4134592611764) (52.01104804655834,168.9245980455935) (53.01104804655833,168.9245980455935) (53.01104804655833,168.4357368300106) (54.01104804655832,168.4357368300106) (54.01104804655832,167.9468756144277) (55.01104804655832,167.9468756144277) (55.01104804655832,167.4580143988449) (56.01104804655832,167.4580143988449) (56.01104804655832,166.969153183262) (57.01104804655832,166.969153183262) (57.01104804655832,166.4802919676791) (58.01104804655832,166.4802919676791) (58.01104804655832,165.9914307520962) (59.01104804655832,165.9914307520962) (59.01104804655832,165.5025695365133) (60.01104804655832,165.5025695365133) (60.01104804655832,165.0137083209304) (61.01104804655831,165.0137083209304) (61.01104804655831,164.5248471053475) (62.0110480465583,164.5248471053475) (62.0110480465583,164.0359858897646) (63.01104804655829,164.0359858897646) (63.01104804655829,163.5) (179.6100995283019,163.5) (179.6100995283019,189.4896220913107) (180.6100995283019,189.4896220913107) (180.6100995283019,215.4792441826214) (181.610099528302,215.4792441826214) (181.610099528302,241.4688662739321) (182.610099528302,241.4688662739321) (182.610099528302,267.4584883652428) (183.6100995283021,267.4584883652428) (183.6100995283021,293.4481104565535) (184.6100995283022,293.4481104565535) (184.6100995283022,319.4377325478642) (185.6100995283022,319.4377325478642) (185.6100995283022,345.427354639175) (186.6100995283023,345.427354639175) (186.6100995283023,371.4169767304857) (187.6100995283023,371.4169767304857) (187.6100995283023,397.4065988217964) (188.6100995283024,397.4065988217964) (188.6100995283024,423.3962209131071) (189.6100995283024,423.3962209131071) (189.6100995283024,449.3858430044178) (190.6100995283025,449.3858430044178) (190.6100995283025,475.3754650957285) (191.6100995283026,475.3754650957285) (191.6100995283026,501.3650871870392) (192.6100995283026,501.3650871870392) (192.6100995283026,527.3547092783499) (193.6100995283027,527.3547092783499) (193.6100995283027,553.3443313696606) (194.6100995283027,553.3443313696606) (194.6100995283027,579.3339534609713) (195.6100995283028,579.3339534609713) (195.6100995283028,605.323575552282) (196.6100995283028,605.323575552282) (196.6100995283028,631.3131976435927) (197.6100995283029,631.3131976435927) (197.6100995283029,657.3028197349034) (198.610099528303,657.3028197349034) (198.610099528303,683.2924418262141) (199.610099528303,683.2924418262141) (199.610099528303,709.2820639175249) (200.6100995283031,709.2820639175249) (200.6100995283031,735.2716860088356) (700,735.2716860088356)
batteryCharge[0]:
[0]: (0,100) (700,100)
user_guided_transport.end:
[0]: (0,0) (202.6100995283022,0) (202.6100995283022,1) (700,1)
[2K
Verifying formula 5 at /nta/queries/query[5]/formula
 -- Formula: simulate[<=700]{robot_inventory[0][0], user_guided_transport.end*2}
[2K -- Formula is satisfied.
robot_inventory[0][0]:
[0]: (0,0) (7.777385208019005,0) (7.777385208019005,1) (700,1)
user_guided_transport.end * 2:
[0]: (0,0) (200.3952401522463,0) (200.3952401522463,2) (700,2)
[2K
Verifying formula 6 at /nta/queries/query[6]/formula
 -- Formula: simulate[<=700]{bedroom[0], bedroom[1], kitchen[0], kitchen[1]}
[2K -- Formula is satisfied.
bedroom[0]:
[0]: (0,100) (700,100)
bedroom[1]:
[0]: (0,200) (700,200)
kitchen[0]:
[0]: (0,4400) (700,4400)
kitchen[1]:
[0]: (0,765) (700,765)
[2K
Verifying formula 7 at /nta/queries/query[7]/formula
 -- Formula: simulate[<=700]{rm_1.idle, rf_1.idle, rp_1.idle, rd_1.idle}
[2K -- Formula is satisfied.
rm_1.idle:
[0]: (0,0) (0,1) (0,0) (3,0) (3,1) (10.76192420721112,1) (10.76192420721112,0) (202.3797791514383,0) (202.3797791514383,1) (700,1)
rf_1.idle:
[0]: (0,0) (0,1) (700,1)
rp_1.idle:
[0]: (0,0) (0,1) (2,1) (2,0) (10.76192420721112,0) (10.76192420721112,1) (700,1)
rd_1.idle:
[0]: (0,0) (0,1) (700,1)
[2K
Verifying formula 8 at /nta/queries/query[8]/formula
 -- Formula: Pr[<=700](<>!rm_1.idle || !rf_1.idle || !rp_1.idle || !rd_1.idle)
[2K -- Formula is satisfied.
(72/72 runs) Pr(<> …) in [0.950056,1] (95% CI)
Values in [0,0] mean=0 steps=2.22045e-16: 72
[2K
Verifying formula 9 at /nta/queries/query[9]/formula
 -- Formula: Pr[<=700]([] (user_guided_transport.end imply (rm_1.idle && rf_1.idle && rp_1.idle && rd_1.idle)))
 -- Throughput: 672690 runs/sec, Load: 325 runs[K
[2K -- Formula is satisfied.
(72/72 runs) Pr([] …) in [0.950056,1] (95% CI)
[2K
Verifying formula 10 at /nta/queries/query[10]/formula
 -- Formula: Pr[<=700] (<> pow(robPositionX[0] - kitchen[0], 2) + pow(robPositionY[0] - kitchen[1], 2) <= 900 )
[2K -- Formula is satisfied.
(72/72 runs) Pr(<> …) in [0.950056,1] (95% CI)
Values in [197.91,202.577] mean=200.677 steps=0.518612: 5 6 7 5 3 12 7 14 13
[2K
Verifying formula 11 at /nta/queries/query[11]/formula
 -- Formula: Pr[<=700] (<> pow(robPositionX[0] - bedroom[0], 2) + pow(robPositionY[0] - bedroom[1], 2) <= 900 )
[2K -- Formula is satisfied.
(72/72 runs) Pr(<> …) in [0.950056,1] (95% CI)
Values in [2,2] mean=2 steps=2.22045e-16: 72
[2K
Verifying formula 12 at /nta/queries/query[12]/formula
 -- Formula: Pr[<=700] (<> pow(humanPositionX[0] - kitchen[0], 2) + pow(humanPositionY[0] - kitchen[1], 2) <= 900 )
[2K -- Formula is satisfied.
(72/72 runs) Pr(<> …) in [0.950056,1] (95% CI)
Values in [192.012,196.839] mean=194.538 steps=0.536275: 9 6 10 6 8 6 5 11 11
[2K
Verifying formula 13 at /nta/queries/query[13]/formula
 -- Formula: Pr[<=700] (<> pow(humanPositionX[0] - bedroom[0], 2) + pow(humanPositionY[0] - bedroom[1], 2) <= 900 )
[2K -- Formula is satisfied.
(72/72 runs) Pr(<> …) in [0.950056,1] (95% CI)
Values in [1,1] mean=1 steps=2.22045e-16: 72
[2K
Verifying formula 14 at /nta/queries/query[14]/formula
 -- Formula: Pr[<=700] (<> !isValidPosition(humanPositionX[0], humanPositionY[0]))
[2K -- Formula is satisfied.
(72/72 runs) Pr(<> …) in [0.950056,1] (95% CI)
Values in [0,0] mean=0 steps=2.22045e-16: 72
[2K
Verifying formula 15 at /nta/queries/query[15]/formula
 -- Formula: Pr[<=700] (<> !isValidPosition(robPositionX[0], robPositionY[0]))
[2K -- Formula is satisfied.
(72/72 runs) Pr(<> …) in [0.950056,1] (95% CI)
Values in [0,0] mean=0 steps=2.22045e-16: 72
[2K
Verifying formula 16 at /nta/queries/query[16]/formula
 -- Formula: Pr[<=700] (<> currP > 2)
 -- Throughput: 686438 runs/sec, Load: 324 runs[K
[2K -- Formula is satisfied.
(0/72 runs) Pr(<> …) in [0,0.0499441] (95% CI)
