Options for the verification:
  Generating no trace
  Search order is breadth first
  Using conservative space optimisation
  Seed is 1784899972
  State space representation uses minimal constraint systems with future testing
  Using HashMap + Compress integers for discrete state storage
[2K
Verifying formula 1 at /nta/queries/query[1]/formula
 -- Formula: simulate[<=700]{user_guided_transport_human_def.s1_start, user_guided_transport_human_def.s1_end, user_guided_transport_human_def.s2_start, user_guided_transport_human_def.s2_idle, user_guided_transport_human_def.s3_start, user_guided_transport_human_def.s3_end, user_guided_transport.end}
[2K -- Formula is satisfied.
user_guided_transport_human_def.s1_start:
[0]: (0,0) (0,1) (0,0) (700,0)
user_guided_transport_human_def.s1_end:
[0]: (0,0) (1,0) (1,1) (2,1) (2,0) (700,0)
user_guided_transport_human_def.s2_start:
[0]: (0,0) (2,0) (2,1) (2,0) (700,0)
user_guided_transport_human_def.s2_idle:
[0]: (0,0) (2,0) (2,1) (9.080875396030024,1) (9.080875396030024,0) (700,0)
user_guided_transport_human_def.s3_start:
[0]: (0,0) (9.080875396030024,0) (9.080875396030024,1) (9.080875396030024,0) (14.08087539603,0) (14.08087539603,1) (14.08087539603,0) (19.08087539603001,0) (19.08087539603001,1) (19.08087539603001,0) (24.08087539603008,0) (24.08087539603008,1) (24.08087539603008,0) (29.08087539603015,0) (29.08087539603015,1) (29.08087539603015,0) (34.08087539603015,0) (34.08087539603015,1) (34.08087539603015,0) (39.08087539603005,0) (39.08087539603005,1) (39.08087539603005,0) (44.08087539602994,0) (44.08087539602994,1) (44.08087539602994,0) (49.08087539602985,0) (49.08087539602985,1) (49.08087539602985,0) (54.08087539602978,0) (54.08087539602978,1) (54.08087539602978,0) (59.08087539602971,0) (59.08087539602971,1) (59.08087539602971,0) (64.08087539602965,0) (64.08087539602965,1) (64.08087539602965,0) (69.08087539602964,0) (69.08087539602964,1) (69.08087539602964,0) (74.08087539602961,0) (74.08087539602961,1) (74.08087539602961,0) (79.08087539602941,0) (79.08087539602941,1) (79.08087539602941,0) (84.08087539602913,0) (84.08087539602913,1) (84.08087539602913,0) (89.0808753960288,0) (89.0808753960288,1) (89.0808753960288,0) (94.08087539602849,0) (94.08087539602849,1) (94.08087539602849,0) (99.0808753960282,0) (99.0808753960282,1) (99.0808753960282,0) (104.0808753960279,0) (104.0808753960279,1) (104.0808753960279,0) (109.0808753960276,0) (109.0808753960276,1) (109.0808753960276,0) (114.0808753960274,0) (114.0808753960274,1) (114.0808753960274,0) (119.0808753960271,0) (119.0808753960271,1) (119.0808753960271,0) (124.0808753960268,0) (124.0808753960268,1) (124.0808753960268,0) (129.0808753960266,0) (129.0808753960266,1) (129.0808753960266,0) (134.0808753960269,0) (134.0808753960269,1) (134.0808753960269,0) (139.0808753960272,0) (139.0808753960272,1) (139.0808753960272,0) (144.0808753960275,0) (144.0808753960275,1) (144.0808753960275,0) (149.0808753960277,0) (149.0808753960277,1) (149.0808753960277,0) (154.080875396028,0) (154.080875396028,1) (154.080875396028,0) (159.0808753960283,0) (159.0808753960283,1) (159.0808753960283,0) (164.0808753960286,0) (164.0808753960286,1) (164.0808753960286,0) (169.0808753960289,0) (169.0808753960289,1) (169.0808753960289,0) (174.0808753960292,0) (174.0808753960292,1) (174.0808753960292,0) (179.0808753960295,0) (179.0808753960295,1) (179.0808753960295,0) (184.0808753960299,0) (184.0808753960299,1) (184.0808753960299,0) (189.0808753960303,0) (189.0808753960303,1) (189.0808753960303,0) (194.0808753960307,0) (194.0808753960307,1) (194.0808753960307,0) (700,0)
user_guided_transport_human_def.s3_end:
[0]: (0,0) (194.0808753960307,0) (194.0808753960307,1) (230.2897420747692,1) (230.2897420747692,0) (700,0)
user_guided_transport.end:
[0]: (0,0) (232.2897420747683,0) (232.2897420747683,1) (700,1)
[2K
Verifying formula 2 at /nta/queries/query[2]/formula
 -- Formula: simulate[<=700]{user_guided_transport_robot_def.s1_start, user_guided_transport_robot_def.s1_end, user_guided_transport_robot_def.s2_start, user_guided_transport_robot_def.s2_end, user_guided_transport_robot_def.s3_start, user_guided_transport_robot_def.s3_end, user_guided_transport.end}
[2K -- Formula is satisfied.
user_guided_transport_robot_def.s1_start:
[0]: (0,0) (0,1) (0,0) (700,0)
user_guided_transport_robot_def.s1_end:
[0]: (0,0) (2,0) (2,1) (2,0) (700,0)
user_guided_transport_robot_def.s2_start:
[0]: (0,0) (2,0) (2,1) (2,0) (700,0)
user_guided_transport_robot_def.s2_end:
[0]: (0,0) (10.01494407607242,0) (10.01494407607242,1) (10.01494407607242,0) (700,0)
user_guided_transport_robot_def.s3_start:
[0]: (0,0) (10.01494407607242,0) (10.01494407607242,1) (10.01494407607242,0) (700,0)
user_guided_transport_robot_def.s3_end:
[0]: (0,0) (231.2238107548142,0) (231.2238107548142,1) (231.2238107548142,0) (700,0)
user_guided_transport.end:
[0]: (0,0) (233.2238107548133,0) (233.2238107548133,1) (700,1)
[2K
Verifying formula 3 at /nta/queries/query[3]/formula
 -- Formula: Pr[<=700] (<> user_guided_transport.end)
[2K -- Formula is satisfied.
(72/72 runs) Pr(<> …) in [0.950056,1] (95% CI)
Values in [230.268,235.077] mean=232.744 steps=0.534376: 10 6 9 4 7 10 9 7 10
[2K
Verifying formula 4 at /nta/queries/query[4]/formula
 -- Formula: simulate[<=700]{humanPositionX[0], humanPositionY[0], robPositionX[0], robPositionY[0], batteryCharge[0], user_guided_transport.end}
[2K -- Formula is satisfied.
humanPositionX[0]:
[0]: (0,0) (0,92.5) (1,92.5) (1,97.73313175708738) (10.6839201787627,97.73313175708738) (10.6839201787627,123.7285354798977) (11.6839201787627,123.7285354798977) (11.6839201787627,149.723939202708) (12.6839201787627,149.723939202708) (12.6839201787627,175.7193429255182) (13.6839201787627,175.7193429255182) (13.6839201787627,201.7147466483285) (14.6839201787627,201.7147466483285) (14.6839201787627,227.7101503711388) (15.6839201787627,227.7101503711388) (15.6839201787627,253.7055540939491) (16.68392017876269,253.7055540939491) (16.68392017876269,279.7009578167594) (17.68392017876269,279.7009578167594) (17.68392017876269,305.6963615395697) (18.68392017876269,305.6963615395697) (18.68392017876269,331.69176526238) (19.68392017876269,331.69176526238) (19.68392017876269,357.6871689851903) (20.6839201787627,357.6871689851903) (20.6839201787627,383.6825727080006) (21.68392017876271,383.6825727080006) (21.68392017876271,409.6779764308109) (22.68392017876272,409.6779764308109) (22.68392017876272,435.6733801536212) (23.68392017876272,435.6733801536212) (23.68392017876272,461.6687838764315) (24.68392017876273,461.6687838764315) (24.68392017876273,487.6641875992418) (25.68392017876274,487.6641875992418) (25.68392017876274,513.6595913220521) (26.68392017876274,513.6595913220521) (26.68392017876274,539.6549950448623) (27.68392017876275,539.6549950448623) (27.68392017876275,565.6503987676725) (28.68392017876276,565.6503987676725) (28.68392017876276,591.6458024904828) (29.68392017876277,591.6458024904828) (29.68392017876277,617.641206213293) (30.68392017876277,617.641206213293) (30.68392017876277,643.6366099361032) (31.68392017876278,643.6366099361032) (31.68392017876278,669.6320136589135) (32.68392017876277,669.6320136589135) (32.68392017876277,695.6274173817237) (33.68392017876274,695.6274173817237) (33.68392017876274,721.622821104534) (34.68392017876271,721.622821104534) (34.68392017876271,747.6182248273442) (35.68392017876268,747.6182248273442) (35.68392017876268,773.6136285501544) (36.68392017876265,773.6136285501544) (36.68392017876265,799.6090322729647) (37.68392017876263,799.6090322729647) (37.68392017876263,825.6044359957749) (38.6839201787626,825.6044359957749) (38.6839201787626,851.5998397185851) (39.68392017876257,851.5998397185851) (39.68392017876257,877.5952434413954) (40.68392017876254,877.5952434413954) (40.68392017876254,903.5906471642056) (41.68392017876251,903.5906471642056) (41.68392017876251,929.5860508870159) (42.68392017876248,929.5860508870159) (42.68392017876248,955.5814546098261) (43.68392017876246,955.5814546098261) (43.68392017876246,981.5768583326363) (44.68392017876243,981.5768583326363) (44.68392017876243,1007.572262055447) (45.6839201787624,1007.572262055447) (45.6839201787624,1033.567665778257) (46.68392017876243,1033.567665778257) (46.68392017876243,1059.563069501067) (47.68392017876246,1059.563069501067) (47.68392017876246,1085.558473223878) (48.68392017876248,1085.558473223878) (48.68392017876248,1111.553876946688) (49.68392017876251,1111.553876946688) (49.68392017876251,1137.549280669498) (50.68392017876253,1137.549280669498) (50.68392017876253,1163.544684392309) (51.68392017876256,1163.544684392309) (51.68392017876256,1189.540088115119) (52.68392017876259,1189.540088115119) (52.68392017876259,1215.535491837929) (53.68392017876262,1215.535491837929) (53.68392017876262,1241.53089556074) (54.68392017876264,1241.53089556074) (54.68392017876264,1267.52629928355) (55.68392017876267,1267.52629928355) (55.68392017876267,1293.52170300636) (56.6839201787627,1293.52170300636) (56.6839201787627,1319.517106729171) (57.68392017876273,1319.517106729171) (57.68392017876273,1345.512510451981) (58.68392017876275,1345.512510451981) (58.68392017876275,1371.507914174791) (59.68392017876278,1371.507914174791) (59.68392017876278,1397.503317897602) (60.68392017876281,1397.503317897602) (60.68392017876281,1423.498721620412) (61.68392017876284,1423.498721620412) (61.68392017876284,1478) (62.68392017876288,1478) (62.68392017876288,1504) (63.6839201787629,1504) (63.6839201787629,1530) (64.68392017876293,1530) (64.68392017876293,1556) (65.68392017876296,1556) (65.68392017876296,1582) (66.68392017876299,1582) (66.68392017876299,1608) (67.68392017876302,1608) (67.68392017876302,1634) (68.68392017876305,1634) (68.68392017876305,1660) (69.68392017876307,1660) (69.68392017876307,1686) (70.6839201787631,1686) (70.6839201787631,1712) (71.68392017876312,1712) (71.68392017876312,1738) (72.68392017876313,1738) (72.68392017876313,1764) (73.68392017876317,1764) (73.68392017876317,1790) (74.68392017876317,1790) (74.68392017876317,1816) (75.68392017876313,1816) (75.68392017876313,1842) (76.68392017876307,1842) (76.68392017876307,1868) (77.68392017876302,1868) (77.68392017876302,1894) (78.68392017876296,1894) (78.68392017876296,1920) (79.6839201787629,1920) (79.6839201787629,1946) (80.68392017876285,1946) (80.68392017876285,1972) (81.68392017876279,1972) (81.68392017876279,1998) (82.68392017876273,1998) (82.68392017876273,2024) (83.68392017876268,2024) (83.68392017876268,2050) (84.68392017876262,2050) (84.68392017876262,2076) (85.68392017876255,2076) (85.68392017876255,2102) (86.68392017876249,2102) (86.68392017876249,2128) (87.68392017876245,2128) (87.68392017876245,2154) (88.68392017876238,2154) (88.68392017876238,2180) (89.68392017876234,2180) (89.68392017876234,2206) (90.68392017876228,2206) (90.68392017876228,2232) (91.68392017876222,2232) (91.68392017876222,2258) (92.68392017876216,2258) (92.68392017876216,2284) (93.68392017876209,2284) (93.68392017876209,2310) (94.68392017876204,2310) (94.68392017876204,2336) (95.68392017876198,2336) (95.68392017876198,2362) (96.68392017876192,2362) (96.68392017876192,2388) (97.68392017876187,2388) (97.68392017876187,2414) (98.68392017876181,2414) (98.68392017876181,2440) (99.68392017876175,2440) (99.68392017876175,2466) (100.6839201787617,2466) (100.6839201787617,2492) (101.6839201787616,2492) (101.6839201787616,2518) (102.6839201787616,2518) (102.6839201787616,2544) (103.6839201787615,2544) (103.6839201787615,2570) (104.6839201787615,2570) (104.6839201787615,2596) (105.6839201787614,2596) (105.6839201787614,2622) (106.6839201787614,2622) (106.6839201787614,2648) (107.6839201787613,2648) (107.6839201787613,2674) (108.6839201787612,2674) (108.6839201787612,2700) (109.6839201787612,2700) (109.6839201787612,2726) (110.6839201787611,2726) (110.6839201787611,2752) (111.6839201787611,2752) (111.6839201787611,2778) (112.683920178761,2778) (112.683920178761,2804) (113.683920178761,2804) (113.683920178761,2830) (114.6839201787609,2830) (114.6839201787609,2856) (115.6839201787608,2856) (115.6839201787608,2882) (116.6839201787608,2882) (116.6839201787608,2908) (117.6839201787607,2908) (117.6839201787607,2934) (118.6839201787607,2934) (118.6839201787607,2960) (119.6839201787606,2960) (119.6839201787606,2986) (120.6839201787606,2986) (120.6839201787606,3012) (121.6839201787605,3012) (121.6839201787605,3038) (122.6839201787604,3038) (122.6839201787604,3088.5) (123.6839201787604,3088.5) (123.6839201787604,3114.5) (124.6839201787603,3114.5) (124.6839201787603,3140.5) (125.6839201787603,3140.5) (125.6839201787603,3166.5) (126.6839201787602,3166.5) (126.6839201787602,3192.5) (127.6839201787602,3192.5) (127.6839201787602,3218.5) (128.6839201787602,3218.5) (128.6839201787602,3244.5) (129.6839201787602,3244.5) (129.6839201787602,3270.5) (130.6839201787603,3270.5) (130.6839201787603,3296.5) (131.6839201787604,3296.5) (131.6839201787604,3322.5) (132.6839201787604,3322.5) (132.6839201787604,3348.5) (133.6839201787605,3348.5) (133.6839201787605,3374.5) (134.6839201787605,3374.5) (134.6839201787605,3400.5) (135.6839201787606,3400.5) (135.6839201787606,3426.5) (136.6839201787606,3426.5) (136.6839201787606,3452.5) (137.6839201787607,3452.5) (137.6839201787607,3478.5) (138.6839201787608,3478.5) (138.6839201787608,3504.5) (139.6839201787609,3504.5) (139.6839201787609,3530.5) (140.683920178761,3530.5) (140.683920178761,3556.5) (141.683920178761,3556.5) (141.683920178761,3582.5) (142.6839201787611,3582.5) (142.6839201787611,3608.5) (143.6839201787612,3608.5) (143.6839201787612,3634.5) (144.6839201787613,3634.5) (144.6839201787613,3660.5) (145.6839201787614,3660.5) (145.6839201787614,3686.5) (146.6839201787615,3686.5) (146.6839201787615,3712.5) (147.6839201787616,3712.5) (147.6839201787616,3738.5) (148.6839201787616,3738.5) (148.6839201787616,3764.5) (149.6839201787617,3764.5) (149.6839201787617,3790.5) (150.6839201787618,3790.5) (150.6839201787618,3816.5) (151.6839201787619,3816.5) (151.6839201787619,3842.5) (152.683920178762,3842.5) (152.683920178762,3868.5) (153.6839201787621,3868.5) (153.6839201787621,3894.5) (154.6839201787622,3894.5) (154.6839201787622,3920.5) (155.6839201787622,3920.5) (155.6839201787622,3946.5) (156.6839201787623,3946.5) (156.6839201787623,3972.5) (157.6839201787624,3972.5) (157.6839201787624,3998.5) (158.6839201787625,3998.5) (158.6839201787625,4024.5) (159.6839201787626,4024.5) (159.6839201787626,4050.5) (160.6839201787627,4050.5) (160.6839201787627,4076.5) (161.6839201787627,4076.5) (161.6839201787627,4102.5) (162.6839201787628,4102.5) (162.6839201787628,4128.5) (163.6839201787629,4128.5) (163.6839201787629,4154.5) (164.683920178763,4154.5) (164.683920178763,4180.5) (165.6839201787631,4180.5) (165.6839201787631,4206.5) (166.6839201787632,4206.5) (166.6839201787632,4232.5) (167.6839201787633,4232.5) (167.6839201787633,4258.5) (168.6839201787633,4258.5) (168.6839201787633,4284.5) (169.6839201787634,4284.5) (169.6839201787634,4310.5) (170.6839201787635,4310.5) (170.6839201787635,4336.5) (171.6839201787636,4336.5) (171.6839201787636,4362.5) (172.6839201787637,4362.5) (172.6839201787637,4388.5) (173.6839201787638,4388.5) (173.6839201787638,4416.265463717128) (174.6839201787639,4416.265463717128) (174.6839201787639,4415.530927434256) (175.6839201787639,4415.530927434256) (175.6839201787639,4414.796391151384) (176.683920178764,4414.796391151384) (176.683920178764,4414.061854868512) (177.6839201787641,4414.061854868512) (177.6839201787641,4413.327318585641) (178.6839201787641,4413.327318585641) (178.6839201787641,4412.592782302769) (179.6839201787642,4412.592782302769) (179.6839201787642,4411.858246019897) (180.6839201787643,4411.858246019897) (180.6839201787643,4411.123709737025) (181.6839201787644,4411.123709737025) (181.6839201787644,4410.389173454153) (182.6839201787645,4410.389173454153) (182.6839201787645,4409.654637171281) (183.6839201787646,4409.654637171281) (183.6839201787646,4408.920100888409) (184.6839201787647,4408.920100888409) (184.6839201787647,4408.185564605537) (185.6839201787647,4408.185564605537) (185.6839201787647,4407.451028322665) (186.6839201787648,4407.451028322665) (186.6839201787648,4406.716492039794) (187.6839201787649,4406.716492039794) (187.6839201787649,4405.981955756922) (188.683920178765,4405.981955756922) (188.683920178765,4405.24741947405) (189.683920178765,4405.24741947405) (189.683920178765,4404.512883191178) (190.6839201787651,4404.512883191178) (190.6839201787651,4403.778346908306) (191.6839201787652,4403.778346908306) (191.6839201787652,4403.043810625434) (192.6839201787652,4403.043810625434) (192.6839201787652,4402.309274342562) (193.6839201787653,4402.309274342562) (193.6839201787653,4401.57473805969) (194.6839201787654,4401.57473805969) (194.6839201787654,4400.840201776819) (700,4400.840201776819)
humanPositionY[0]:
[0]: (0,0) (0,163.5) (1,163.5) (1,188.9679078844919) (10.6839201787627,188.9679078844919) (10.6839201787627,188.479046668909) (11.6839201787627,188.479046668909) (11.6839201787627,187.9901854533261) (12.6839201787627,187.9901854533261) (12.6839201787627,187.5013242377432) (13.6839201787627,187.5013242377432) (13.6839201787627,187.0124630221603) (14.6839201787627,187.0124630221603) (14.6839201787627,186.5236018065774) (15.6839201787627,186.5236018065774) (15.6839201787627,186.0347405909945) (16.68392017876269,186.0347405909945) (16.68392017876269,185.5458793754117) (17.68392017876269,185.5458793754117) (17.68392017876269,185.0570181598288) (18.68392017876269,185.0570181598288) (18.68392017876269,184.5681569442459) (19.68392017876269,184.5681569442459) (19.68392017876269,184.079295728663) (20.6839201787627,184.079295728663) (20.6839201787627,183.5904345130801) (21.68392017876271,183.5904345130801) (21.68392017876271,183.1015732974972) (22.68392017876272,183.1015732974972) (22.68392017876272,182.6127120819143) (23.68392017876272,182.6127120819143) (23.68392017876272,182.1238508663315) (24.68392017876273,182.1238508663315) (24.68392017876273,181.6349896507486) (25.68392017876274,181.6349896507486) (25.68392017876274,181.1461284351657) (26.68392017876274,181.1461284351657) (26.68392017876274,180.6572672195828) (27.68392017876275,180.6572672195828) (27.68392017876275,180.1684060039999) (28.68392017876276,180.1684060039999) (28.68392017876276,179.679544788417) (29.68392017876277,179.679544788417) (29.68392017876277,179.1906835728341) (30.68392017876277,179.1906835728341) (30.68392017876277,178.7018223572512) (31.68392017876278,178.7018223572512) (31.68392017876278,178.2129611416684) (32.68392017876277,178.2129611416684) (32.68392017876277,177.7240999260855) (33.68392017876274,177.7240999260855) (33.68392017876274,177.2352387105026) (34.68392017876271,177.2352387105026) (34.68392017876271,176.7463774949197) (35.68392017876268,176.7463774949197) (35.68392017876268,176.2575162793368) (36.68392017876265,176.2575162793368) (36.68392017876265,175.7686550637539) (37.68392017876263,175.7686550637539) (37.68392017876263,175.279793848171) (38.6839201787626,175.279793848171) (38.6839201787626,174.7909326325882) (39.68392017876257,174.7909326325882) (39.68392017876257,174.3020714170053) (40.68392017876254,174.3020714170053) (40.68392017876254,173.8132102014224) (41.68392017876251,173.8132102014224) (41.68392017876251,173.3243489858395) (42.68392017876248,173.3243489858395) (42.68392017876248,172.8354877702566) (43.68392017876246,172.8354877702566) (43.68392017876246,172.3466265546737) (44.68392017876243,172.3466265546737) (44.68392017876243,171.8577653390908) (45.6839201787624,171.8577653390908) (45.6839201787624,171.3689041235079) (46.68392017876243,171.3689041235079) (46.68392017876243,170.8800429079251) (47.68392017876246,170.8800429079251) (47.68392017876246,170.3911816923422) (48.68392017876248,170.3911816923422) (48.68392017876248,169.9023204767593) (49.68392017876251,169.9023204767593) (49.68392017876251,169.4134592611764) (50.68392017876253,169.4134592611764) (50.68392017876253,168.9245980455935) (51.68392017876256,168.9245980455935) (51.68392017876256,168.4357368300106) (52.68392017876259,168.4357368300106) (52.68392017876259,167.9468756144277) (53.68392017876262,167.9468756144277) (53.68392017876262,167.4580143988449) (54.68392017876264,167.4580143988449) (54.68392017876264,166.969153183262) (55.68392017876267,166.969153183262) (55.68392017876267,166.4802919676791) (56.6839201787627,166.4802919676791) (56.6839201787627,165.9914307520962) (57.68392017876273,165.9914307520962) (57.68392017876273,165.5025695365133) (58.68392017876275,165.5025695365133) (58.68392017876275,165.0137083209304) (59.68392017876278,165.0137083209304) (59.68392017876278,164.5248471053475) (60.68392017876281,164.5248471053475) (60.68392017876281,164.0359858897646) (61.68392017876284,164.0359858897646) (61.68392017876284,163.5) (173.6839201787638,163.5) (173.6839201787638,189.4896220913107) (174.6839201787639,189.4896220913107) (174.6839201787639,215.4792441826214) (175.6839201787639,215.4792441826214) (175.6839201787639,241.4688662739321) (176.683920178764,241.4688662739321) (176.683920178764,267.4584883652428) (177.6839201787641,267.4584883652428) (177.6839201787641,293.4481104565535) (178.6839201787641,293.4481104565535) (178.6839201787641,319.4377325478642) (179.6839201787642,319.4377325478642) (179.6839201787642,345.427354639175) (180.6839201787643,345.427354639175) (180.6839201787643,371.4169767304857) (181.6839201787644,371.4169767304857) (181.6839201787644,397.4065988217964) (182.6839201787645,397.4065988217964) (182.6839201787645,423.3962209131071) (183.6839201787646,423.3962209131071) (183.6839201787646,449.3858430044178) (184.6839201787647,449.3858430044178) (184.6839201787647,475.3754650957285) (185.6839201787647,475.3754650957285) (185.6839201787647,501.3650871870392) (186.6839201787648,501.3650871870392) (186.6839201787648,527.3547092783499) (187.6839201787649,527.3547092783499) (187.6839201787649,553.3443313696606) (188.683920178765,553.3443313696606) (188.683920178765,579.3339534609713) (189.683920178765,579.3339534609713) (189.683920178765,605.323575552282) (190.6839201787651,605.323575552282) (190.6839201787651,631.3131976435927) (191.6839201787652,631.3131976435927) (191.6839201787652,657.3028197349034) (192.6839201787652,657.3028197349034) (192.6839201787652,683.2924418262141) (193.6839201787653,683.2924418262141) (193.6839201787653,709.2820639175249) (194.6839201787654,709.2820639175249) (194.6839201787654,735.2716860088356) (700,735.2716860088356)
robPositionX[0]:
[0]: (0,0) (0,92.5) (2,92.5) (2,97.73313175708738) (12.6839201787627,97.73313175708738) (12.6839201787627,123.7285354798977) (13.6839201787627,123.7285354798977) (13.6839201787627,149.723939202708) (14.70272364124594,149.723939202708) (14.70272364124594,175.7193429255182) (15.70272364124594,175.7193429255182) (15.70272364124594,201.7147466483285) (16.70272364124594,201.7147466483285) (16.70272364124594,227.7101503711388) (17.70272364124593,227.7101503711388) (17.70272364124593,253.7055540939491) (18.70272364124593,253.7055540939491) (18.70272364124593,279.7009578167594) (19.70272364124594,279.7009578167594) (19.70272364124594,305.6963615395697) (20.70272364124595,305.6963615395697) (20.70272364124595,331.69176526238) (21.70272364124595,331.69176526238) (21.70272364124595,357.6871689851903) (22.70272364124596,357.6871689851903) (22.70272364124596,383.6825727080006) (23.70272364124597,383.6825727080006) (23.70272364124597,409.6779764308109) (24.70272364124597,409.6779764308109) (24.70272364124597,435.6733801536212) (25.70272364124598,435.6733801536212) (25.70272364124598,461.6687838764315) (26.70272364124599,461.6687838764315) (26.70272364124599,487.6641875992418) (27.702723641246,487.6641875992418) (27.702723641246,513.6595913220521) (28.702723641246,513.6595913220521) (28.702723641246,539.6549950448623) (29.70272364124601,539.6549950448623) (29.70272364124601,565.6503987676725) (30.70272364124602,565.6503987676725) (30.70272364124602,591.6458024904828) (31.70272364124602,591.6458024904828) (31.70272364124602,617.641206213293) (32.70272364124601,617.641206213293) (32.70272364124601,643.6366099361032) (33.70272364124598,643.6366099361032) (33.70272364124598,669.6320136589135) (34.70272364124595,669.6320136589135) (34.70272364124595,695.6274173817237) (35.70272364124592,695.6274173817237) (35.70272364124592,721.622821104534) (36.7027236412459,721.622821104534) (36.7027236412459,747.6182248273442) (37.70272364124587,747.6182248273442) (37.70272364124587,773.6136285501544) (38.70272364124584,773.6136285501544) (38.70272364124584,799.6090322729647) (39.70272364124581,799.6090322729647) (39.70272364124581,825.6044359957749) (40.70272364124578,825.6044359957749) (40.70272364124578,851.5998397185851) (41.70272364124575,851.5998397185851) (41.70272364124575,877.5952434413954) (42.70272364124573,877.5952434413954) (42.70272364124573,903.5906471642056) (43.7027236412457,903.5906471642056) (43.7027236412457,929.5860508870159) (44.70272364124567,929.5860508870159) (44.70272364124567,955.5814546098261) (45.70272364124564,955.5814546098261) (45.70272364124564,981.5768583326363) (46.70272364124567,981.5768583326363) (46.70272364124567,1007.572262055447) (47.7027236412457,1007.572262055447) (47.7027236412457,1033.567665778257) (48.70272364124573,1033.567665778257) (48.70272364124573,1059.563069501067) (49.70272364124575,1059.563069501067) (49.70272364124575,1085.558473223878) (50.70272364124578,1085.558473223878) (50.70272364124578,1111.553876946688) (51.7027236412458,1111.553876946688) (51.7027236412458,1137.549280669498) (52.70272364124583,1137.549280669498) (52.70272364124583,1163.544684392309) (53.70272364124586,1163.544684392309) (53.70272364124586,1189.540088115119) (54.70272364124589,1189.540088115119) (54.70272364124589,1215.535491837929) (55.70272364124592,1215.535491837929) (55.70272364124592,1241.53089556074) (56.70272364124595,1241.53089556074) (56.70272364124595,1267.52629928355) (57.70272364124597,1267.52629928355) (57.70272364124597,1293.52170300636) (58.702723641246,1293.52170300636) (58.702723641246,1319.517106729171) (59.70272364124603,1319.517106729171) (59.70272364124603,1345.512510451981) (60.70272364124606,1345.512510451981) (60.70272364124606,1371.507914174791) (61.70272364124609,1371.507914174791) (61.70272364124609,1397.503317897602) (62.71545449810527,1397.503317897602) (62.71545449810527,1423.501210954746) (63.72407371578448,1423.501210954746) (63.72407371578448,1449.500245178851) (64.72990915655241,1449.500245178851) (64.72990915655241,1475.499802499311) (65.73385988760072,1475.499802499311) (65.73385988760072,1501.499599591989) (66.73653462002088,1501.499599591989) (66.73653462002088,1527.499506587529) (67.73834547134314,1527.499506587529) (67.73834547134314,1553.499463958168) (68.73957145605137,1553.499463958168) (68.73957145605137,1579.49944441867) (69.74040147350135,1579.49944441867) (69.74040147350135,1605.499435462594) (70.74096341273111,1605.499435462594) (70.74096341273111,1631.49943135751) (71.74134385736443,1631.49943135751) (71.74134385736443,1657.499429475914) (72.74160142634764,1657.499429475914) (72.74160142634764,1683.499428613471) (73.74177580594129,1683.499428613471) (73.74177580594129,1709.499428218164) (74.74189386457553,1709.499428218164) (74.74189386457553,1735.499428036972) (75.7419737927429,1735.499428036972) (75.7419737927429,1761.499427953921) (76.74202790578398,1761.499427953921) (76.74202790578398,1787.499427915854) (77.74206454144561,1787.499427915854) (77.74206454144561,1813.499427898406) (78.74208934455706,1813.499427898406) (78.74208934455706,1839.499427890409) (79.74210613678392,1839.499427890409) (79.74210613678392,1865.499427886743) (80.74211750546168,1865.499427886743) (80.74211750546168,1891.499427885063) (81.74212520229725,1891.499427885063) (81.74212520229725,1917.499427884293) (82.74213041321003,1917.499427884293) (82.74213041321003,1943.499427883939) (83.74213394110512,1943.499427883939) (83.74213394110512,1969.499427883778) (84.7421363295711,1969.499427883778) (84.7421363295711,1995.499427883703) (85.74213794660452,1995.499427883703) (85.74213794660452,2021.499427883669) (86.7421390414089,2021.499427883669) (86.7421390414089,2047.499427883654) (87.74213978258248,2047.499427883654) (87.74213978258248,2073.499427883647) (88.74214028437778,2073.499427883647) (88.74214028437778,2099.499427883643) (89.74214062417649,2099.499427883643) (89.74214062417649,2125.499427883642) (90.7421408545428,2125.499427883642) (90.7421408545428,2151.499427883641) (91.74214100940014,2151.499427883641) (91.74214100940014,2177.499427883641) (92.74214111370821,2177.499427883641) (92.74214111370821,2203.499427883641) (93.74214118670864,2203.499427883641) (93.74214118670864,2229.499427883641) (94.74214123613014,2229.499427883641) (94.74214123613014,2255.499427883641) (95.74214126945009,2255.499427883641) (95.74214126945009,2281.499427883641) (96.74214129052345,2281.499427883641) (96.74214129052345,2307.499427883641) (97.74214129052339,2307.499427883641) (97.74214129052339,2333.499427883641) (98.74214129052334,2333.499427883641) (98.74214129052334,2359.499427883641) (99.74214129052328,2359.499427883641) (99.74214129052328,2385.499427883641) (100.7421412905232,2385.499427883641) (100.7421412905232,2411.499427883641) (101.7421412905232,2411.499427883641) (101.7421412905232,2437.499427883641) (102.7421412905231,2437.499427883641) (102.7421412905231,2463.499427883641) (103.7421412905231,2463.499427883641) (103.7421412905231,2489.499427883641) (104.742141290523,2489.499427883641) (104.742141290523,2515.499427883641) (105.7421412905229,2515.499427883641) (105.7421412905229,2541.499427883641) (106.7421412905229,2541.499427883641) (106.7421412905229,2567.499427883641) (107.7421412905228,2567.499427883641) (107.7421412905228,2593.499427883641) (108.7421412905228,2593.499427883641) (108.7421412905228,2619.499427883641) (109.7421412905227,2619.499427883641) (109.7421412905227,2645.499427883641) (110.7421412905227,2645.499427883641) (110.7421412905227,2671.499427883641) (111.7421412905226,2671.499427883641) (111.7421412905226,2697.499427883641) (112.7421412905225,2697.499427883641) (112.7421412905225,2723.499427883641) (113.7421412905225,2723.499427883641) (113.7421412905225,2749.499427883641) (114.7421412905224,2749.499427883641) (114.7421412905224,2775.499427883641) (115.7421412905224,2775.499427883641) (115.7421412905224,2801.499427883641) (116.7421412905223,2801.499427883641) (116.7421412905223,2827.499427883641) (117.7421412905223,2827.499427883641) (117.7421412905223,2853.499427883641) (118.7421412905222,2853.499427883641) (118.7421412905222,2879.499427883641) (119.7421412905221,2879.499427883641) (119.7421412905221,2905.499427883641) (120.7421412905221,2905.499427883641) (120.7421412905221,2931.499427883641) (121.742141290522,2931.499427883641) (121.742141290522,2957.499427883641) (122.742141290522,2957.499427883641) (122.742141290522,2983.499427883641) (123.7421412905219,2983.499427883641) (123.7421412905219,3009.499427883641) (124.7421412905219,3009.499427883641) (124.7421412905219,3035.499427883641) (125.7421412905218,3035.499427883641) (125.7421412905218,3061.499427883641) (126.7421412905217,3061.499427883641) (126.7421412905217,3087.499427883641) (127.7421412905217,3087.499427883641) (127.7421412905217,3113.499427883641) (128.7421412905217,3113.499427883641) (128.7421412905217,3139.499427883641) (129.7421412905218,3139.499427883641) (129.7421412905218,3165.499427883641) (130.7421412905218,3165.499427883641) (130.7421412905218,3191.499427883641) (131.7421412905219,3191.499427883641) (131.7421412905219,3217.499427883641) (132.7421412905219,3217.499427883641) (132.7421412905219,3243.499427883641) (133.742141290522,3243.499427883641) (133.742141290522,3269.499427883641) (134.7421412905221,3269.499427883641) (134.7421412905221,3295.499427883641) (135.7421412905221,3295.499427883641) (135.7421412905221,3321.499427883641) (136.7421412905222,3321.499427883641) (136.7421412905222,3347.499427883641) (137.7421412905222,3347.499427883641) (137.7421412905222,3373.499427883641) (138.7421412905223,3373.499427883641) (138.7421412905223,3399.499427883641) (139.7421412905224,3399.499427883641) (139.7421412905224,3425.499427883641) (140.7421412905225,3425.499427883641) (140.7421412905225,3451.499427883641) (141.7421412905226,3451.499427883641) (141.7421412905226,3477.499427883641) (142.7421412905227,3477.499427883641) (142.7421412905227,3503.499427883641) (143.7421412905227,3503.499427883641) (143.7421412905227,3529.499427883641) (144.7421412905228,3529.499427883641) (144.7421412905228,3555.499427883641) (145.7421412905229,3555.499427883641) (145.7421412905229,3581.499427883641) (146.742141290523,3581.499427883641) (146.742141290523,3607.499427883641) (147.7421412905231,3607.499427883641) (147.7421412905231,3633.499427883641) (148.7421412905232,3633.499427883641) (148.7421412905232,3659.499427883641) (149.7421412905233,3659.499427883641) (149.7421412905233,3685.499427883641) (150.7421412905233,3685.499427883641) (150.7421412905233,3711.499427883641) (151.7421412905234,3711.499427883641) (151.7421412905234,3737.499427883641) (152.7421412905235,3737.499427883641) (152.7421412905235,3763.499427883641) (153.7421412905236,3763.499427883641) (153.7421412905236,3789.499427883641) (154.7421412905237,3789.499427883641) (154.7421412905237,3815.499427883641) (155.7421412905238,3815.499427883641) (155.7421412905238,3841.499427883641) (156.7421412905238,3841.499427883641) (156.7421412905238,3867.499427883641) (157.7421412905239,3867.499427883641) (157.7421412905239,3893.499427883641) (158.742141290524,3893.499427883641) (158.742141290524,3919.499427883641) (159.7421412905241,3919.499427883641) (159.7421412905241,3945.499427883641) (160.7421412905242,3945.499427883641) (160.7421412905242,3971.499427883641) (161.7421412905243,3971.499427883641) (161.7421412905243,3997.499427883641) (162.7421412905244,3997.499427883641) (162.7421412905244,4023.499427883641) (163.7421412905244,4023.499427883641) (163.7421412905244,4049.499427883641) (164.7421412905245,4049.499427883641) (164.7421412905245,4075.499427883641) (165.7421412905246,4075.499427883641) (165.7421412905246,4101.49942788364) (166.7421412905247,4101.49942788364) (166.7421412905247,4127.49942788364) (167.7421412905248,4127.49942788364) (167.7421412905248,4153.49942788364) (168.7421412905249,4153.49942788364) (168.7421412905249,4179.49942788364) (169.742141290525,4179.49942788364) (169.742141290525,4205.49942788364) (170.742141290525,4205.49942788364) (170.742141290525,4231.49942788364) (171.7421412905251,4231.49942788364) (171.7421412905251,4257.49942788364) (172.7421412905252,4257.49942788364) (172.7421412905252,4283.49942788364) (173.7421412905253,4283.49942788364) (173.7421412905253,4309.49942788364) (174.9809230862803,4309.49942788364) (174.9809230862803,4334.761725317672) (176.4970391831937,4334.761725317672) (176.4970391831937,4357.375029374853) (178.2958963623671,4357.375029374853) (178.2958963623671,4371.80338971305) (180.4316040056607,4371.80338971305) (180.4316040056607,4380.472858151295) (182.7399024645653,4380.472858151295) (182.7399024645653,4385.010512952947) (185.1660425123117,4385.010512952947) (185.1660425123117,4388.172157803916) (187.6347437403344,4388.172157803916) (187.6347437403344,4390.428283375573) (190.1321107758623,4390.428283375573) (190.1321107758623,4391.835488330516) (192.656575938315,4391.835488330516) (192.656575938315,4392.871718959358) (195.1934137764368,4392.871718959358) (195.1934137764368,4393.515439372457) (197.743368996513,4393.515439372457) (197.743368996513,4394.057268921059) (200.2933242165892,4394.057268921059) (200.2933242165892,4394.599098469662) (202.8432794366655,4394.599098469662) (202.8432794366655,4395.140928018264) (205.3932346567417,4395.140928018264) (205.3932346567417,4395.682757566867) (207.9431898768179,4395.682757566867) (207.9431898768179,4396.224587115469) (210.4931450968941,4396.224587115469) (210.4931450968941,4396.766416664072) (213.0431003169704,4396.766416664072) (213.0431003169704,4397.308246212675) (215.5930555370466,4397.308246212675) (215.5930555370466,4397.850075761278) (218.1430107571227,4397.850075761278) (218.1430107571227,4398.391905309881) (220.692965977199,4398.391905309881) (220.692965977199,4398.933734858484) (223.2429211972751,4398.933734858484) (223.2429211972751,4399.475564407086) (225.7928764173514,4399.475564407086) (225.7928764173514,4400.01739395569) (228.3428316374276,4400.01739395569) (228.3428316374276,4400.559223504292) (230.8927868575038,4400.559223504292) (230.8927868575038,4400.840201776819) (700,4400.840201776819)
robPositionY[0]:
[0]: (0,0) (0,163.5) (2,163.5) (2,188.9679078844919) (12.6839201787627,188.9679078844919) (12.6839201787627,188.479046668909) (13.6839201787627,188.479046668909) (13.6839201787627,187.9901854533262) (14.70272364124594,187.9901854533262) (14.70272364124594,187.5013242377433) (15.70272364124594,187.5013242377433) (15.70272364124594,187.0124630221605) (16.70272364124594,187.0124630221605) (16.70272364124594,186.5236018065776) (17.70272364124593,186.5236018065776) (17.70272364124593,186.0347405909947) (18.70272364124593,186.0347405909947) (18.70272364124593,185.5458793754118) (19.70272364124594,185.5458793754118) (19.70272364124594,185.0570181598289) (20.70272364124595,185.0570181598289) (20.70272364124595,184.568156944246) (21.70272364124595,184.568156944246) (21.70272364124595,184.0792957286631) (22.70272364124596,184.0792957286631) (22.70272364124596,183.5904345130803) (23.70272364124597,183.5904345130803) (23.70272364124597,183.1015732974974) (24.70272364124597,183.1015732974974) (24.70272364124597,182.6127120819145) (25.70272364124598,182.6127120819145) (25.70272364124598,182.1238508663316) (26.70272364124599,182.1238508663316) (26.70272364124599,181.6349896507487) (27.702723641246,181.6349896507487) (27.702723641246,181.1461284351658) (28.702723641246,181.1461284351658) (28.702723641246,180.6572672195829) (29.70272364124601,180.6572672195829) (29.70272364124601,180.168406004) (30.70272364124602,180.168406004) (30.70272364124602,179.6795447884172) (31.70272364124602,179.6795447884172) (31.70272364124602,179.1906835728343) (32.70272364124601,179.1906835728343) (32.70272364124601,178.7018223572514) (33.70272364124598,178.7018223572514) (33.70272364124598,178.2129611416685) (34.70272364124595,178.2129611416685) (34.70272364124595,177.7240999260856) (35.70272364124592,177.7240999260856) (35.70272364124592,177.2352387105027) (36.7027236412459,177.2352387105027) (36.7027236412459,176.7463774949198) (37.70272364124587,176.7463774949198) (37.70272364124587,176.257516279337) (38.70272364124584,176.257516279337) (38.70272364124584,175.7686550637541) (39.70272364124581,175.7686550637541) (39.70272364124581,175.2797938481712) (40.70272364124578,175.2797938481712) (40.70272364124578,174.7909326325883) (41.70272364124575,174.7909326325883) (41.70272364124575,174.3020714170054) (42.70272364124573,174.3020714170054) (42.70272364124573,173.8132102014225) (43.7027236412457,173.8132102014225) (43.7027236412457,173.3243489858396) (44.70272364124567,173.3243489858396) (44.70272364124567,172.8354877702567) (45.70272364124564,172.8354877702567) (45.70272364124564,172.3466265546739) (46.70272364124567,172.3466265546739) (46.70272364124567,171.857765339091) (47.7027236412457,171.857765339091) (47.7027236412457,171.3689041235081) (48.70272364124573,171.3689041235081) (48.70272364124573,170.8800429079252) (49.70272364124575,170.8800429079252) (49.70272364124575,170.3911816923423) (50.70272364124578,170.3911816923423) (50.70272364124578,169.9023204767594) (51.7027236412458,169.9023204767594) (51.7027236412458,169.4134592611765) (52.70272364124583,169.4134592611765) (52.70272364124583,168.9245980455937) (53.70272364124586,168.9245980455937) (53.70272364124586,168.4357368300108) (54.70272364124589,168.4357368300108) (54.70272364124589,167.9468756144279) (55.70272364124592,167.9468756144279) (55.70272364124592,167.458014398845) (56.70272364124595,167.458014398845) (56.70272364124595,166.9691531832621) (57.70272364124597,166.9691531832621) (57.70272364124597,166.4802919676792) (58.702723641246,166.4802919676792) (58.702723641246,165.9914307520963) (59.70272364124603,165.9914307520963) (59.70272364124603,165.5025695365134) (60.70272364124606,165.5025695365134) (60.70272364124606,165.0137083209306) (61.70272364124609,165.0137083209306) (61.70272364124609,164.5248471053477) (62.71545449810527,164.5248471053477) (62.71545449810527,164.1938537681208) (63.72407371578448,164.1938537681208) (63.72407371578448,163.969756883213) (64.72990915655241,163.969756883213) (64.72990915655241,163.8180362843253) (65.73385988760072,163.8180362843253) (65.73385988760072,163.7153175442811) (66.73653462002088,163.7153175442811) (66.73653462002088,163.6457745842783) (67.73834547134314,163.6457745842783) (67.73834547134314,163.5986924756321) (68.73957145605137,163.5986924756321) (68.73957145605137,163.566816881204) (69.74040147350135,163.566816881204) (69.74040147350135,163.545236429983) (70.74096341273111,163.545236429983) (70.74096341273111,163.5306260107791) (71.74134385736443,163.5306260107791) (71.74134385736443,163.5207344505516) (72.74160142634764,163.5207344505516) (72.74160142634764,163.5140376570627) (73.74177580594129,163.5140376570627) (73.74177580594129,163.5095037876518) (74.74189386457553,163.5095037876518) (74.74189386457553,163.5064342631685) (75.7419737927429,163.5064342631685) (75.7419737927429,163.5043561308182) (76.74202790578398,163.5043561308182) (76.74202790578398,163.5029491917491) (77.74206454144561,163.5029491917491) (77.74206454144561,163.5019966645455) (78.74208934455706,163.5019966645455) (78.74208934455706,163.5013517836466) (79.74210613678392,163.5013517836466) (79.74210613678392,163.5009151857469) (80.74211750546168,163.5009151857469) (80.74211750546168,163.5006196001235) (81.74212520229725,163.5006196001235) (81.74212520229725,163.5004194823974) (82.74213041321003,163.5004194823974) (82.74213041321003,163.5002839986634) (83.74213394110512,163.5002839986634) (83.74213394110512,163.5001922733894) (84.7421363295711,163.5001922733894) (84.7421363295711,163.5001301732726) (85.74213794660452,163.5001301732726) (85.74213794660452,163.5000881304022) (86.7421390414089,163.5000881304022) (86.7421390414089,163.5000596654866) (87.74213978258248,163.5000596654866) (87.74213978258248,163.5000403949721) (88.74214028437778,163.5000403949721) (88.74214028437778,163.5000273482928) (89.74214062417649,163.5000273482928) (89.74214062417649,163.5000185135251) (90.7421408545428,163.5000185135251) (90.7421408545428,163.5000125239997) (91.74214100940014,163.5000125239997) (91.74214100940014,163.5000084977071) (92.74214111370821,163.5000084977071) (92.74214111370821,163.5000057856957) (93.74214118670864,163.5000057856957) (93.74214118670864,163.5000038876832) (94.74214123613014,163.5000038876832) (94.74214123613014,163.5000026027226) (95.74214126945009,163.5000026027226) (95.74214126945009,163.5000017364024) (96.74214129052345,163.5000017364024) (96.74214129052345,163.5000011884933) (97.74214129052339,163.5000011884933) (97.74214129052339,163.5000006405843) (174.9809230862803,163.5000006405843) (174.9809230862803,169.6494988603188) (176.4970391831937,169.6494988603188) (176.4970391831937,182.4806515605829) (178.2958963623671,182.4806515605829) (178.2958963623671,204.1098544573876) (180.4316040056607,204.1098544573876) (180.4316040056607,228.6218987825405) (182.7399024645653,228.6218987825405) (182.7399024645653,254.2228692504944) (185.1660425123117,254.2228692504944) (185.1660425123117,280.0299225855101) (187.6347437403344,280.0299225855101) (187.6347437403344,305.9318510350467) (190.1321107758623,305.9318510350467) (190.1321107758623,331.8937418408948) (192.656575938315,331.8937418408948) (192.656575938315,357.873084135954) (195.1934137764368,357.873084135954) (195.1934137764368,383.8651141457428) (197.743368996513,383.8651141457428) (197.743368996513,409.8594677776426) (200.2933242165892,409.8594677776426) (200.2933242165892,435.8538214095424) (202.8432794366655,435.8538214095424) (202.8432794366655,461.8481750414421) (205.3932346567417,461.8481750414421) (205.3932346567417,487.8425286733419) (207.9431898768179,487.8425286733419) (207.9431898768179,513.8368823052417) (210.4931450968941,513.8368823052417) (210.4931450968941,539.8312359371415) (213.0431003169704,539.8312359371415) (213.0431003169704,565.8255895690413) (215.5930555370466,565.8255895690413) (215.5930555370466,591.8199432009411) (218.1430107571227,591.8199432009411) (218.1430107571227,617.8142968328409) (220.692965977199,617.8142968328409) (220.692965977199,643.8086504647407) (223.2429211972751,643.8086504647407) (223.2429211972751,669.8030040966405) (225.7928764173514,669.8030040966405) (225.7928764173514,695.7973577285403) (228.3428316374276,695.7973577285403) (228.3428316374276,721.7917113604401) (230.8927868575038,721.7917113604401) (230.8927868575038,735.2716860088356) (700,735.2716860088356)
batteryCharge[0]:
[0]: (0,100) (700,100)
user_guided_transport.end:
[0]: (0,0) (232.8927868575029,0) (232.8927868575029,1) (700,1)
[2K
Verifying formula 5 at /nta/queries/query[5]/formula
 -- Formula: simulate[<=700]{robot_inventory[0][0], user_guided_transport.end*2}
[2K -- Formula is satisfied.
robot_inventory[0][0]:
[0]: (0,0) (7.7758020921764,0) (7.7758020921764,1) (700,1)
user_guided_transport.end * 2:
[0]: (0,0) (230.9846687709152,0) (230.9846687709152,2) (700,2)
[2K
Verifying formula 6 at /nta/queries/query[6]/formula
 -- Formula: simulate[<=700]{bedroom[0], bedroom[1], kitchen[0], kitchen[1]}
[2K -- Formula is satisfied.
bedroom[0]:
[0]: (0,100) (700,100)
bedroom[1]:
[0]: (0,200) (700,200)
kitchen[0]:
[0]: (0,4400) (700,4400)
kitchen[1]:
[0]: (0,765) (700,765)
[2K
Verifying formula 7 at /nta/queries/query[7]/formula
 -- Formula: simulate[<=700]{rm_1.idle, rf_1.idle, rp_1.idle, rd_1.idle}
[2K -- Formula is satisfied.
rm_1.idle:
[0]: (0,0) (0,1) (0,0) (3,0) (3,1) (700,1)
rf_1.idle:
[0]: (0,0) (0,1) (7.329301717608789,1) (7.329301717608789,0) (229.5750947156689,0) (229.5750947156689,1) (700,1)
rp_1.idle:
[0]: (0,0) (0,1) (2,1) (2,0) (7.329301717608789,0) (7.329301717608789,1) (700,1)
rd_1.idle:
[0]: (0,0) (0,1) (700,1)
[2K
Verifying formula 8 at /nta/queries/query[8]/formula
 -- Formula: Pr[<=700](<>!rm_1.idle || !rf_1.idle || !rp_1.idle || !rd_1.idle)
[2K -- Formula is satisfied.
(72/72 runs) Pr(<> …) in [0.950056,1] (95% CI)
Values in [0,0] mean=0 steps=2.22045e-16: 72
[2K
Verifying formula 9 at /nta/queries/query[9]/formula
 -- Formula: Pr[<=700]([] (user_guided_transport.end imply (rm_1.idle && rf_1.idle && rp_1.idle && rd_1.idle)))
 -- Throughput: 575459 runs/sec, Load: 334 runs[K
[2K -- Formula is satisfied.
(72/72 runs) Pr([] …) in [0.950056,1] (95% CI)
[2K
Verifying formula 10 at /nta/queries/query[10]/formula
 -- Formula: Pr[<=700] (<> pow(humanPositionX[0] - kitchen[0], 2) + pow(humanPositionY[0] - kitchen[1], 2) <= 900 )
[2K -- Formula is satisfied.
(72/72 runs) Pr(<> …) in [0.950056,1] (95% CI)
Values in [192.03,196.954] mean=194.706 steps=0.547168: 7 7 5 8 4 14 9 6 12
[2K
Verifying formula 11 at /nta/queries/query[11]/formula
 -- Formula: Pr[<=700] (<> pow(humanPositionX[0] - bedroom[0], 2) + pow(humanPositionY[0] - bedroom[1], 2) <= 900 )
[2K -- Formula is satisfied.
(72/72 runs) Pr(<> …) in [0.950056,1] (95% CI)
Values in [1,1] mean=1 steps=2.22045e-16: 72
[2K
Verifying formula 12 at /nta/queries/query[12]/formula
 -- Formula: Pr[<=700] (<> pow(robPositionX[0] - bedroom[0], 2) + pow(robPositionY[0] - bedroom[1], 2) <= 900 )
[2K -- Formula is satisfied.
(72/72 runs) Pr(<> …) in [0.950056,1] (95% CI)
Values in [2,2] mean=2 steps=2.22045e-16: 72
[2K
Verifying formula 13 at /nta/queries/query[13]/formula
 -- Formula: Pr[<=700] (<> !isValidPosition(humanPositionX[0], humanPositionY[0]))
[2K -- Formula is satisfied.
(72/72 runs) Pr(<> …) in [0.950056,1] (95% CI)
Values in [0,0] mean=0 steps=2.22045e-16: 72
[2K
Verifying formula 14 at /nta/queries/query[14]/formula
 -- Formula: Pr[<=700] (<> !isValidPosition(robPositionX[0], robPositionY[0]))
[2K -- Formula is satisfied.
(72/72 runs) Pr(<> …) in [0.950056,1] (95% CI)
Values in [0,0] mean=0 steps=2.22045e-16: 72
[2K
Verifying formula 15 at /nta/queries/query[15]/formula
 -- Formula: Pr[<=700] (<> currP > 2)
 -- Throughput: 587270 runs/sec, Load: 332 runs[K
[2K -- Formula is satisfied.
(0/72 runs) Pr(<> …) in [0,0.0499441] (95% CI)
