Options for the verification:
  Generating no trace
  Search order is breadth first
  Using conservative space optimisation
  Seed is 1784935774
  State space representation uses minimal constraint systems with future testing
  Using HashMap + Compress integers for discrete state storage
[2K
Verifying formula 1 at /nta/queries/query[1]/formula
 -- Formula: simulate[<=700]{user_guided_transport_human_def.s1_start, user_guided_transport_human_def.s1_end, user_guided_transport_human_def.s2_start, user_guided_transport_human_def.s2_idle, user_guided_transport_human_def.s3_start, user_guided_transport_human_def.s3_end, user_guided_transport.end}
[2K -- Formula is satisfied.
user_guided_transport_human_def.s1_start:
[0]: (0,0) (0,1) (0,0) (700,0)
user_guided_transport_human_def.s1_end:
[0]: (0,0) (1,0) (1,1) (2,1) (2,0) (700,0)
user_guided_transport_human_def.s2_start:
[0]: (0,0) (2,0) (2,1) (2,0) (700,0)
user_guided_transport_human_def.s2_idle:
[0]: (0,0) (2,0) (2,1) (10.4512649094818,1) (10.4512649094818,0) (700,0)
user_guided_transport_human_def.s3_start:
[0]: (0,0) (10.4512649094818,0) (10.4512649094818,1) (10.4512649094818,0) (15.45126490948177,0) (15.45126490948177,1) (15.45126490948177,0) (20.45126490948176,0) (20.45126490948176,1) (20.45126490948176,0) (25.4512649094817,0) (25.4512649094817,1) (25.4512649094817,0) (30.45126490948166,0) (30.45126490948166,1) (30.45126490948166,0) (35.45126490948174,0) (35.45126490948174,1) (35.45126490948174,0) (40.45126490948189,0) (40.45126490948189,1) (40.45126490948189,0) (45.45126490948202,0) (45.45126490948202,1) (45.45126490948202,0) (50.45126490948211,0) (50.45126490948211,1) (50.45126490948211,0) (55.45126490948213,0) (55.45126490948213,1) (55.45126490948213,0) (60.45126490948213,0) (60.45126490948213,1) (60.45126490948213,0) (65.45126490948203,0) (65.45126490948203,1) (65.45126490948203,0) (70.45126490948174,0) (70.45126490948174,1) (70.45126490948174,0) (75.45126490948144,0) (75.45126490948144,1) (75.45126490948144,0) (80.45126490948115,0) (80.45126490948115,1) (80.45126490948115,0) (85.45126490948086,0) (85.45126490948086,1) (85.45126490948086,0) (90.45126490948056,0) (90.45126490948056,1) (90.45126490948056,0) (95.45126490948024,0) (95.45126490948024,1) (95.45126490948024,0) (100.4512649094799,0) (100.4512649094799,1) (100.4512649094799,0) (105.4512649094796,0) (105.4512649094796,1) (105.4512649094796,0) (110.4512649094793,0) (110.4512649094793,1) (110.4512649094793,0) (115.4512649094789,0) (115.4512649094789,1) (115.4512649094789,0) (120.4512649094786,0) (120.4512649094786,1) (120.4512649094786,0) (125.4512649094784,0) (125.4512649094784,1) (125.4512649094784,0) (130.4512649094783,0) (130.4512649094783,1) (130.4512649094783,0) (135.4512649094786,0) (135.4512649094786,1) (135.4512649094786,0) (140.4512649094789,0) (140.4512649094789,1) (140.4512649094789,0) (145.4512649094792,0) (145.4512649094792,1) (145.4512649094792,0) (150.4512649094795,0) (150.4512649094795,1) (150.4512649094795,0) (155.4512649094798,0) (155.4512649094798,1) (155.4512649094798,0) (160.4512649094802,0) (160.4512649094802,1) (160.4512649094802,0) (165.4512649094806,0) (165.4512649094806,1) (165.4512649094806,0) (170.451264909481,0) (170.451264909481,1) (170.451264909481,0) (175.4512649094815,0) (175.4512649094815,1) (175.4512649094815,0) (180.4512649094818,0) (180.4512649094818,1) (180.4512649094818,0) (185.4512649094821,0) (185.4512649094821,1) (185.4512649094821,0) (190.4512649094825,0) (190.4512649094825,1) (190.4512649094825,0) (195.4512649094829,0) (195.4512649094829,1) (195.4512649094829,0) (700,0)
user_guided_transport_human_def.s3_end:
[0]: (0,0) (195.4512649094829,0) (195.4512649094829,1) (231.6789350507044,1) (231.6789350507044,0) (700,0)
user_guided_transport.end:
[0]: (0,0) (233.6789350507035,0) (233.6789350507035,1) (700,1)
[2K
Verifying formula 2 at /nta/queries/query[2]/formula
 -- Formula: simulate[<=700]{user_guided_transport_robot_def.s1_start, user_guided_transport_robot_def.s1_end, user_guided_transport_robot_def.s2_start, user_guided_transport_robot_def.s2_end, user_guided_transport_robot_def.s3_start, user_guided_transport_robot_def.s3_end, user_guided_transport.end}
[2K -- Formula is satisfied.
user_guided_transport_robot_def.s1_start:
[0]: (0,0) (0,1) (0,0) (700,0)
user_guided_transport_robot_def.s1_end:
[0]: (0,0) (2,0) (2,1) (2,0) (700,0)
user_guided_transport_robot_def.s2_start:
[0]: (0,0) (2,0) (2,1) (2,0) (700,0)
user_guided_transport_robot_def.s2_end:
[0]: (0,0) (9.890099287721148,0) (9.890099287721148,1) (9.890099287721148,0) (700,0)
user_guided_transport_robot_def.s3_start:
[0]: (0,0) (9.890099287721148,0) (9.890099287721148,1) (9.890099287721148,0) (700,0)
user_guided_transport_robot_def.s3_end:
[0]: (0,0) (231.09896596646,0) (231.09896596646,1) (231.09896596646,0) (700,0)
user_guided_transport.end:
[0]: (0,0) (233.0989659664591,0) (233.0989659664591,1) (700,1)
[2K
Verifying formula 3 at /nta/queries/query[3]/formula
 -- Formula: Pr[<=700] (<> user_guided_transport.end)
[2K -- Formula is satisfied.
(72/72 runs) Pr(<> …) in [0.950056,1] (95% CI)
Values in [230.236,235.176] mean=232.71 steps=0.548845: 6 2 10 11 14 10 9 5 5
[2K
Verifying formula 4 at /nta/queries/query[4]/formula
 -- Formula: simulate[<=700]{humanPositionX[0], humanPositionY[0], robPositionX[0], robPositionY[0], batteryCharge[0], user_guided_transport.end}
[2K -- Formula is satisfied.
humanPositionX[0]:
[0]: (0,0) (0,92.5) (1,92.5) (1,97.73313175708738) (12.55085849066224,97.73313175708738) (12.55085849066224,123.7285354798977) (13.55085849066224,123.7285354798977) (13.55085849066224,149.723939202708) (14.55085849066224,149.723939202708) (14.55085849066224,175.7193429255182) (15.55085849066224,175.7193429255182) (15.55085849066224,201.7147466483285) (16.55085849066224,201.7147466483285) (16.55085849066224,227.7101503711388) (17.55085849066225,227.7101503711388) (17.55085849066225,253.7055540939491) (18.55085849066225,253.7055540939491) (18.55085849066225,279.7009578167594) (19.55085849066225,279.7009578167594) (19.55085849066225,305.6963615395697) (20.55085849066225,305.6963615395697) (20.55085849066225,331.69176526238) (21.55085849066226,331.69176526238) (21.55085849066226,357.6871689851903) (22.55085849066226,357.6871689851903) (22.55085849066226,383.6825727080006) (23.55085849066227,383.6825727080006) (23.55085849066227,409.6779764308109) (24.55085849066228,409.6779764308109) (24.55085849066228,435.6733801536212) (25.55085849066229,435.6733801536212) (25.55085849066229,461.6687838764315) (26.55085849066229,461.6687838764315) (26.55085849066229,487.6641875992418) (27.5508584906623,487.6641875992418) (27.5508584906623,513.6595913220521) (28.55085849066231,513.6595913220521) (28.55085849066231,539.6549950448623) (29.55085849066231,539.6549950448623) (29.55085849066231,565.6503987676725) (30.55085849066232,565.6503987676725) (30.55085849066232,591.6458024904828) (31.55085849066233,591.6458024904828) (31.55085849066233,617.641206213293) (32.55085849066231,617.641206213293) (32.55085849066231,643.6366099361032) (33.55085849066229,643.6366099361032) (33.55085849066229,669.6320136589135) (34.55085849066226,669.6320136589135) (34.55085849066226,695.6274173817237) (35.55085849066223,695.6274173817237) (35.55085849066223,721.622821104534) (36.5508584906622,721.622821104534) (36.5508584906622,747.6182248273442) (37.55085849066217,747.6182248273442) (37.55085849066217,773.6136285501544) (38.55085849066214,773.6136285501544) (38.55085849066214,799.6090322729647) (39.55085849066212,799.6090322729647) (39.55085849066212,825.6044359957749) (40.55085849066209,825.6044359957749) (40.55085849066209,851.5998397185851) (41.55085849066206,851.5998397185851) (41.55085849066206,877.5952434413954) (42.55085849066203,877.5952434413954) (42.55085849066203,903.5906471642056) (43.550858490662,903.5906471642056) (43.550858490662,929.5860508870159) (44.55085849066197,929.5860508870159) (44.55085849066197,955.5814546098261) (45.55085849066194,955.5814546098261) (45.55085849066194,981.5768583326363) (46.55085849066192,981.5768583326363) (46.55085849066192,1007.572262055447) (47.55085849066189,1007.572262055447) (47.55085849066189,1033.567665778257) (48.55085849066192,1033.567665778257) (48.55085849066192,1059.563069501067) (49.55085849066194,1059.563069501067) (49.55085849066194,1085.558473223878) (50.55085849066197,1085.558473223878) (50.55085849066197,1111.553876946688) (51.550858490662,1111.553876946688) (51.550858490662,1137.549280669498) (52.55085849066203,1137.549280669498) (52.55085849066203,1163.544684392309) (53.55085849066206,1163.544684392309) (53.55085849066206,1189.540088115119) (54.55085849066209,1189.540088115119) (54.55085849066209,1215.535491837929) (55.55085849066212,1215.535491837929) (55.55085849066212,1241.53089556074) (56.55085849066214,1241.53089556074) (56.55085849066214,1267.52629928355) (57.55085849066217,1267.52629928355) (57.55085849066217,1293.52170300636) (58.5508584906622,1293.52170300636) (58.5508584906622,1319.517106729171) (59.55085849066223,1319.517106729171) (59.55085849066223,1345.512510451981) (60.55085849066226,1345.512510451981) (60.55085849066226,1371.507914174791) (61.55085849066229,1371.507914174791) (61.55085849066229,1397.503317897602) (62.55085849066231,1397.503317897602) (62.55085849066231,1423.498721620412) (63.55085849066234,1423.498721620412) (63.55085849066234,1478) (64.55085849066236,1478) (64.55085849066236,1504) (65.55085849066238,1504) (65.55085849066238,1530) (66.55085849066239,1530) (66.55085849066239,1556) (67.55085849066242,1556) (67.55085849066242,1582) (68.55085849066243,1582) (68.55085849066243,1608) (69.55085849066246,1608) (69.55085849066246,1634) (70.55085849066249,1634) (70.55085849066249,1660) (71.55085849066251,1660) (71.55085849066251,1686) (72.55085849066252,1686) (72.55085849066252,1712) (73.55085849066253,1712) (73.55085849066253,1738) (74.55085849066256,1738) (74.55085849066256,1764) (75.55085849066259,1764) (75.55085849066259,1790) (76.55085849066261,1790) (76.55085849066261,1816) (77.55085849066256,1816) (77.55085849066256,1842) (78.55085849066251,1842) (78.55085849066251,1868) (79.55085849066245,1868) (79.55085849066245,1894) (80.55085849066239,1894) (80.55085849066239,1920) (81.55085849066234,1920) (81.55085849066234,1946) (82.55085849066228,1946) (82.55085849066228,1972) (83.55085849066222,1972) (83.55085849066222,1998) (84.55085849066216,1998) (84.55085849066216,2024) (85.55085849066211,2024) (85.55085849066211,2050) (86.55085849066204,2050) (86.55085849066204,2076) (87.55085849066198,2076) (87.55085849066198,2102) (88.55085849066192,2102) (88.55085849066192,2128) (89.55085849066187,2128) (89.55085849066187,2154) (90.55085849066181,2154) (90.55085849066181,2180) (91.55085849066175,2180) (91.55085849066175,2206) (92.5508584906617,2206) (92.5508584906617,2232) (93.55085849066162,2232) (93.55085849066162,2258) (94.55085849066157,2258) (94.55085849066157,2284) (95.5508584906615,2284) (95.5508584906615,2310) (96.55085849066144,2310) (96.55085849066144,2336) (97.55085849066138,2336) (97.55085849066138,2362) (98.55085849066131,2362) (98.55085849066131,2388) (99.55085849066126,2388) (99.55085849066126,2414) (100.5508584906612,2414) (100.5508584906612,2440) (101.5508584906611,2440) (101.5508584906611,2466) (102.5508584906611,2466) (102.5508584906611,2492) (103.550858490661,2492) (103.550858490661,2518) (104.550858490661,2518) (104.550858490661,2544) (105.5508584906609,2544) (105.5508584906609,2570) (106.5508584906609,2570) (106.5508584906609,2596) (107.5508584906608,2596) (107.5508584906608,2622) (108.5508584906607,2622) (108.5508584906607,2648) (109.5508584906607,2648) (109.5508584906607,2674) (110.5508584906606,2674) (110.5508584906606,2700) (111.5508584906606,2700) (111.5508584906606,2726) (112.5508584906605,2726) (112.5508584906605,2752) (113.5508584906605,2752) (113.5508584906605,2778) (114.5508584906604,2778) (114.5508584906604,2804) (115.5508584906603,2804) (115.5508584906603,2830) (116.5508584906603,2830) (116.5508584906603,2856) (117.5508584906602,2856) (117.5508584906602,2882) (118.5508584906602,2882) (118.5508584906602,2908) (119.5508584906601,2908) (119.5508584906601,2934) (120.5508584906601,2934) (120.5508584906601,2960) (121.55085849066,2960) (121.55085849066,2986) (122.5508584906599,2986) (122.5508584906599,3012) (123.5508584906599,3012) (123.5508584906599,3038) (124.5508584906598,3038) (124.5508584906598,3088.5) (125.5508584906598,3088.5) (125.5508584906598,3114.5) (126.5508584906597,3114.5) (126.5508584906597,3140.5) (127.5508584906597,3140.5) (127.5508584906597,3166.5) (128.5508584906597,3166.5) (128.5508584906597,3192.5) (129.5508584906598,3192.5) (129.5508584906598,3218.5) (130.5508584906599,3218.5) (130.5508584906599,3244.5) (131.5508584906599,3244.5) (131.5508584906599,3270.5) (132.55085849066,3270.5) (132.55085849066,3296.5) (133.5508584906601,3296.5) (133.5508584906601,3322.5) (134.5508584906602,3322.5) (134.5508584906602,3348.5) (135.5508584906603,3348.5) (135.5508584906603,3374.5) (136.5508584906604,3374.5) (136.5508584906604,3400.5) (137.5508584906605,3400.5) (137.5508584906605,3426.5) (138.5508584906605,3426.5) (138.5508584906605,3452.5) (139.5508584906606,3452.5) (139.5508584906606,3478.5) (140.5508584906607,3478.5) (140.5508584906607,3504.5) (141.5508584906608,3504.5) (141.5508584906608,3530.5) (142.5508584906609,3530.5) (142.5508584906609,3556.5) (143.550858490661,3556.5) (143.550858490661,3582.5) (144.5508584906611,3582.5) (144.5508584906611,3608.5) (145.5508584906611,3608.5) (145.5508584906611,3634.5) (146.5508584906612,3634.5) (146.5508584906612,3660.5) (147.5508584906613,3660.5) (147.5508584906613,3686.5) (148.5508584906614,3686.5) (148.5508584906614,3712.5) (149.5508584906615,3712.5) (149.5508584906615,3738.5) (150.5508584906616,3738.5) (150.5508584906616,3764.5) (151.5508584906617,3764.5) (151.5508584906617,3790.5) (152.5508584906617,3790.5) (152.5508584906617,3816.5) (153.5508584906618,3816.5) (153.5508584906618,3842.5) (154.5508584906619,3842.5) (154.5508584906619,3868.5) (155.550858490662,3868.5) (155.550858490662,3894.5) (156.5508584906621,3894.5) (156.5508584906621,3920.5) (157.5508584906622,3920.5) (157.5508584906622,3946.5) (158.5508584906623,3946.5) (158.5508584906623,3972.5) (159.5508584906623,3972.5) (159.5508584906623,3998.5) (160.5508584906624,3998.5) (160.5508584906624,4024.5) (161.5508584906625,4024.5) (161.5508584906625,4050.5) (162.5508584906626,4050.5) (162.5508584906626,4076.5) (163.5508584906627,4076.5) (163.5508584906627,4102.5) (164.5508584906628,4102.5) (164.5508584906628,4128.5) (165.5508584906628,4128.5) (165.5508584906628,4154.5) (166.5508584906629,4154.5) (166.5508584906629,4180.5) (167.550858490663,4180.5) (167.550858490663,4206.5) (168.5508584906631,4206.5) (168.5508584906631,4232.5) (169.5508584906632,4232.5) (169.5508584906632,4258.5) (170.5508584906633,4258.5) (170.5508584906633,4284.5) (171.5508584906633,4284.5) (171.5508584906633,4310.5) (172.5508584906634,4310.5) (172.5508584906634,4336.5) (173.5508584906634,4336.5) (173.5508584906634,4362.5) (174.5508584906635,4362.5) (174.5508584906635,4388.5) (175.5508584906636,4388.5) (175.5508584906636,4416.265463717128) (176.5508584906636,4416.265463717128) (176.5508584906636,4415.530927434256) (177.5508584906637,4415.530927434256) (177.5508584906637,4414.796391151384) (178.5508584906638,4414.796391151384) (178.5508584906638,4414.061854868512) (179.5508584906639,4414.061854868512) (179.5508584906639,4413.327318585641) (180.550858490664,4413.327318585641) (180.550858490664,4412.592782302769) (181.550858490664,4412.592782302769) (181.550858490664,4411.858246019897) (182.5508584906641,4411.858246019897) (182.5508584906641,4411.123709737025) (183.5508584906642,4411.123709737025) (183.5508584906642,4410.389173454153) (184.5508584906643,4410.389173454153) (184.5508584906643,4409.654637171281) (185.5508584906643,4409.654637171281) (185.5508584906643,4408.920100888409) (186.5508584906644,4408.920100888409) (186.5508584906644,4408.185564605537) (187.5508584906644,4408.185564605537) (187.5508584906644,4407.451028322665) (188.5508584906645,4407.451028322665) (188.5508584906645,4406.716492039794) (189.5508584906646,4406.716492039794) (189.5508584906646,4405.981955756922) (190.5508584906647,4405.981955756922) (190.5508584906647,4405.24741947405) (191.5508584906648,4405.24741947405) (191.5508584906648,4404.512883191178) (192.5508584906649,4404.512883191178) (192.5508584906649,4403.778346908306) (193.550858490665,4403.778346908306) (193.550858490665,4403.043810625434) (194.550858490665,4403.043810625434) (194.550858490665,4402.309274342562) (195.5508584906651,4402.309274342562) (195.5508584906651,4401.57473805969) (196.5508584906652,4401.57473805969) (196.5508584906652,4400.840201776819) (700,4400.840201776819)
humanPositionY[0]:
[0]: (0,0) (0,163.5) (1,163.5) (1,188.9679078844919) (12.55085849066224,188.9679078844919) (12.55085849066224,188.479046668909) (13.55085849066224,188.479046668909) (13.55085849066224,187.9901854533261) (14.55085849066224,187.9901854533261) (14.55085849066224,187.5013242377432) (15.55085849066224,187.5013242377432) (15.55085849066224,187.0124630221603) (16.55085849066224,187.0124630221603) (16.55085849066224,186.5236018065774) (17.55085849066225,186.5236018065774) (17.55085849066225,186.0347405909945) (18.55085849066225,186.0347405909945) (18.55085849066225,185.5458793754117) (19.55085849066225,185.5458793754117) (19.55085849066225,185.0570181598288) (20.55085849066225,185.0570181598288) (20.55085849066225,184.5681569442459) (21.55085849066226,184.5681569442459) (21.55085849066226,184.079295728663) (22.55085849066226,184.079295728663) (22.55085849066226,183.5904345130801) (23.55085849066227,183.5904345130801) (23.55085849066227,183.1015732974972) (24.55085849066228,183.1015732974972) (24.55085849066228,182.6127120819143) (25.55085849066229,182.6127120819143) (25.55085849066229,182.1238508663315) (26.55085849066229,182.1238508663315) (26.55085849066229,181.6349896507486) (27.5508584906623,181.6349896507486) (27.5508584906623,181.1461284351657) (28.55085849066231,181.1461284351657) (28.55085849066231,180.6572672195828) (29.55085849066231,180.6572672195828) (29.55085849066231,180.1684060039999) (30.55085849066232,180.1684060039999) (30.55085849066232,179.679544788417) (31.55085849066233,179.679544788417) (31.55085849066233,179.1906835728341) (32.55085849066231,179.1906835728341) (32.55085849066231,178.7018223572512) (33.55085849066229,178.7018223572512) (33.55085849066229,178.2129611416684) (34.55085849066226,178.2129611416684) (34.55085849066226,177.7240999260855) (35.55085849066223,177.7240999260855) (35.55085849066223,177.2352387105026) (36.5508584906622,177.2352387105026) (36.5508584906622,176.7463774949197) (37.55085849066217,176.7463774949197) (37.55085849066217,176.2575162793368) (38.55085849066214,176.2575162793368) (38.55085849066214,175.7686550637539) (39.55085849066212,175.7686550637539) (39.55085849066212,175.279793848171) (40.55085849066209,175.279793848171) (40.55085849066209,174.7909326325882) (41.55085849066206,174.7909326325882) (41.55085849066206,174.3020714170053) (42.55085849066203,174.3020714170053) (42.55085849066203,173.8132102014224) (43.550858490662,173.8132102014224) (43.550858490662,173.3243489858395) (44.55085849066197,173.3243489858395) (44.55085849066197,172.8354877702566) (45.55085849066194,172.8354877702566) (45.55085849066194,172.3466265546737) (46.55085849066192,172.3466265546737) (46.55085849066192,171.8577653390908) (47.55085849066189,171.8577653390908) (47.55085849066189,171.3689041235079) (48.55085849066192,171.3689041235079) (48.55085849066192,170.8800429079251) (49.55085849066194,170.8800429079251) (49.55085849066194,170.3911816923422) (50.55085849066197,170.3911816923422) (50.55085849066197,169.9023204767593) (51.550858490662,169.9023204767593) (51.550858490662,169.4134592611764) (52.55085849066203,169.4134592611764) (52.55085849066203,168.9245980455935) (53.55085849066206,168.9245980455935) (53.55085849066206,168.4357368300106) (54.55085849066209,168.4357368300106) (54.55085849066209,167.9468756144277) (55.55085849066212,167.9468756144277) (55.55085849066212,167.4580143988449) (56.55085849066214,167.4580143988449) (56.55085849066214,166.969153183262) (57.55085849066217,166.969153183262) (57.55085849066217,166.4802919676791) (58.5508584906622,166.4802919676791) (58.5508584906622,165.9914307520962) (59.55085849066223,165.9914307520962) (59.55085849066223,165.5025695365133) (60.55085849066226,165.5025695365133) (60.55085849066226,165.0137083209304) (61.55085849066229,165.0137083209304) (61.55085849066229,164.5248471053475) (62.55085849066231,164.5248471053475) (62.55085849066231,164.0359858897646) (63.55085849066234,164.0359858897646) (63.55085849066234,163.5) (175.5508584906636,163.5) (175.5508584906636,189.4896220913107) (176.5508584906636,189.4896220913107) (176.5508584906636,215.4792441826214) (177.5508584906637,215.4792441826214) (177.5508584906637,241.4688662739321) (178.5508584906638,241.4688662739321) (178.5508584906638,267.4584883652428) (179.5508584906639,267.4584883652428) (179.5508584906639,293.4481104565535) (180.550858490664,293.4481104565535) (180.550858490664,319.4377325478642) (181.550858490664,319.4377325478642) (181.550858490664,345.427354639175) (182.5508584906641,345.427354639175) (182.5508584906641,371.4169767304857) (183.5508584906642,371.4169767304857) (183.5508584906642,397.4065988217964) (184.5508584906643,397.4065988217964) (184.5508584906643,423.3962209131071) (185.5508584906643,423.3962209131071) (185.5508584906643,449.3858430044178) (186.5508584906644,449.3858430044178) (186.5508584906644,475.3754650957285) (187.5508584906644,475.3754650957285) (187.5508584906644,501.3650871870392) (188.5508584906645,501.3650871870392) (188.5508584906645,527.3547092783499) (189.5508584906646,527.3547092783499) (189.5508584906646,553.3443313696606) (190.5508584906647,553.3443313696606) (190.5508584906647,579.3339534609713) (191.5508584906648,579.3339534609713) (191.5508584906648,605.323575552282) (192.5508584906649,605.323575552282) (192.5508584906649,631.3131976435927) (193.550858490665,631.3131976435927) (193.550858490665,657.3028197349034) (194.550858490665,657.3028197349034) (194.550858490665,683.2924418262141) (195.5508584906651,683.2924418262141) (195.5508584906651,709.2820639175249) (196.5508584906652,709.2820639175249) (196.5508584906652,735.2716860088356) (700,735.2716860088356)
robPositionX[0]:
[0]: (0,0) (0,92.5) (2,92.5) (2,97.73313175708738) (14.55085849066224,97.73313175708738) (14.55085849066224,123.7285354798977) (15.56966195314548,123.7285354798977) (15.56966195314548,149.723939202708) (16.58846541562873,149.723939202708) (16.58846541562873,175.7193429255182) (17.58846541562873,175.7193429255182) (17.58846541562873,201.7147466483285) (18.58846541562873,201.7147466483285) (18.58846541562873,227.7101503711388) (19.58846541562873,227.7101503711388) (19.58846541562873,253.7055540939491) (20.58846541562873,253.7055540939491) (20.58846541562873,279.7009578167594) (21.58846541562874,279.7009578167594) (21.58846541562874,305.6963615395697) (22.58846541562875,305.6963615395697) (22.58846541562875,331.69176526238) (23.58846541562875,331.69176526238) (23.58846541562875,357.6871689851903) (24.58846541562876,357.6871689851903) (24.58846541562876,383.6825727080006) (25.58846541562877,383.6825727080006) (25.58846541562877,409.6779764308109) (26.58846541562878,409.6779764308109) (26.58846541562878,435.6733801536212) (27.58846541562878,435.6733801536212) (27.58846541562878,461.6687838764315) (28.58846541562879,461.6687838764315) (28.58846541562879,487.6641875992418) (29.5884654156288,487.6641875992418) (29.5884654156288,513.6595913220521) (30.5884654156288,513.6595913220521) (30.5884654156288,539.6549950448623) (31.58846541562881,539.6549950448623) (31.58846541562881,565.6503987676725) (32.5884654156288,565.6503987676725) (32.5884654156288,591.6458024904828) (33.58846541562877,591.6458024904828) (33.58846541562877,617.641206213293) (34.58846541562874,617.641206213293) (34.58846541562874,643.6366099361032) (35.58846541562871,643.6366099361032) (35.58846541562871,669.6320136589135) (36.58846541562868,669.6320136589135) (36.58846541562868,695.6274173817237) (37.58846541562865,695.6274173817237) (37.58846541562865,721.622821104534) (38.58846541562863,721.622821104534) (38.58846541562863,747.6182248273442) (39.5884654156286,747.6182248273442) (39.5884654156286,773.6136285501544) (40.58846541562857,773.6136285501544) (40.58846541562857,799.6090322729647) (41.58846541562854,799.6090322729647) (41.58846541562854,825.6044359957749) (42.58846541562851,825.6044359957749) (42.58846541562851,851.5998397185851) (43.58846541562848,851.5998397185851) (43.58846541562848,877.5952434413954) (44.58846541562846,877.5952434413954) (44.58846541562846,903.5906471642056) (45.58846541562843,903.5906471642056) (45.58846541562843,929.5860508870159) (46.5884654156284,929.5860508870159) (46.5884654156284,955.5814546098261) (47.58846541562837,955.5814546098261) (47.58846541562837,981.5768583326363) (48.5884654156284,981.5768583326363) (48.5884654156284,1007.572262055447) (49.58846541562843,1007.572262055447) (49.58846541562843,1033.567665778257) (50.58846541562846,1033.567665778257) (50.58846541562846,1059.563069501067) (51.58846541562848,1059.563069501067) (51.58846541562848,1085.558473223878) (52.58846541562851,1085.558473223878) (52.58846541562851,1111.553876946688) (53.58846541562854,1111.553876946688) (53.58846541562854,1137.549280669498) (54.58846541562857,1137.549280669498) (54.58846541562857,1163.544684392309) (55.5884654156286,1163.544684392309) (55.5884654156286,1189.540088115119) (56.58846541562863,1189.540088115119) (56.58846541562863,1215.535491837929) (57.58846541562865,1215.535491837929) (57.58846541562865,1241.53089556074) (58.58846541562868,1241.53089556074) (58.58846541562868,1267.52629928355) (59.58846541562871,1267.52629928355) (59.58846541562871,1293.52170300636) (60.58846541562874,1293.52170300636) (60.58846541562874,1319.517106729171) (61.58846541562877,1319.517106729171) (61.58846541562877,1345.512510451981) (62.5884654156288,1345.512510451981) (62.5884654156288,1371.507914174791) (63.58846541562882,1371.507914174791) (63.58846541562882,1397.503317897602) (64.601196272488,1397.503317897602) (64.601196272488,1423.501210954746) (65.60981549016719,1423.501210954746) (65.60981549016719,1449.500245178851) (66.61565093093512,1449.500245178851) (66.61565093093512,1475.499802499311) (67.61960166198341,1475.499802499311) (67.61960166198341,1501.499599591989) (68.62227639440357,1501.499599591989) (68.62227639440357,1527.499506587529) (69.62408724572582,1527.499506587529) (69.62408724572582,1553.499463958168) (70.62531323043405,1553.499463958168) (70.62531323043405,1579.49944441867) (71.62614324788402,1579.49944441867) (71.62614324788402,1605.499435462594) (72.62670518711376,1605.499435462594) (72.62670518711376,1631.49943135751) (73.62708563174709,1631.49943135751) (73.62708563174709,1657.499429475914) (74.62734320073031,1657.499429475914) (74.62734320073031,1683.499428613471) (75.62751758032395,1683.499428613471) (75.62751758032395,1709.499428218164) (76.62763563895821,1709.499428218164) (76.62763563895821,1735.499428036972) (77.62771556712556,1735.499428036972) (77.62771556712556,1761.499427953921) (78.62776968016665,1761.499427953921) (78.62776968016665,1787.499427915854) (79.62780631582828,1787.499427915854) (79.62780631582828,1813.499427898406) (80.62783111893972,1813.499427898406) (80.62783111893972,1839.499427890409) (81.62784791116658,1839.499427890409) (81.62784791116658,1865.499427886743) (82.62785927984434,1865.499427886743) (82.62785927984434,1891.499427885063) (83.62786697667991,1891.499427885063) (83.62786697667991,1917.499427884293) (84.6278721875927,1917.499427884293) (84.6278721875927,1943.499427883939) (85.62787571548779,1943.499427883939) (85.62787571548779,1969.499427883778) (86.62787810395376,1969.499427883778) (86.62787810395376,1995.499427883703) (87.62787972098718,1995.499427883703) (87.62787972098718,2021.499427883669) (88.62788081579157,2021.499427883669) (88.62788081579157,2047.499427883654) (89.62788155696515,2047.499427883654) (89.62788155696515,2073.499427883647) (90.62788205876045,2073.499427883647) (90.62788205876045,2099.499427883643) (91.62788239855914,2099.499427883643) (91.62788239855914,2125.499427883642) (92.62788262892545,2125.499427883642) (92.62788262892545,2151.499427883641) (93.62788278378278,2151.499427883641) (93.62788278378278,2177.499427883641) (94.62788288809085,2177.499427883641) (94.62788288809085,2203.499427883641) (95.62788296109127,2203.499427883641) (95.62788296109127,2229.499427883641) (96.62788301051278,2229.499427883641) (96.62788301051278,2255.499427883641) (97.62788304383272,2255.499427883641) (97.62788304383272,2281.499427883641) (98.62788306490609,2281.499427883641) (98.62788306490609,2307.499427883641) (99.62788306490603,2307.499427883641) (99.62788306490603,2333.499427883641) (100.627883064906,2333.499427883641) (100.627883064906,2359.499427883641) (101.6278830649059,2359.499427883641) (101.6278830649059,2385.499427883641) (102.6278830649059,2385.499427883641) (102.6278830649059,2411.499427883641) (103.6278830649058,2411.499427883641) (103.6278830649058,2437.499427883641) (104.6278830649057,2437.499427883641) (104.6278830649057,2463.499427883641) (105.6278830649057,2463.499427883641) (105.6278830649057,2489.499427883641) (106.6278830649056,2489.499427883641) (106.6278830649056,2515.499427883641) (107.6278830649056,2515.499427883641) (107.6278830649056,2541.499427883641) (108.6278830649055,2541.499427883641) (108.6278830649055,2567.499427883641) (109.6278830649054,2567.499427883641) (109.6278830649054,2593.499427883641) (110.6278830649054,2593.499427883641) (110.6278830649054,2619.499427883641) (111.6278830649053,2619.499427883641) (111.6278830649053,2645.499427883641) (112.6278830649053,2645.499427883641) (112.6278830649053,2671.499427883641) (113.6278830649052,2671.499427883641) (113.6278830649052,2697.499427883641) (114.6278830649052,2697.499427883641) (114.6278830649052,2723.499427883641) (115.6278830649051,2723.499427883641) (115.6278830649051,2749.499427883641) (116.627883064905,2749.499427883641) (116.627883064905,2775.499427883641) (117.627883064905,2775.499427883641) (117.627883064905,2801.499427883641) (118.6278830649049,2801.499427883641) (118.6278830649049,2827.499427883641) (119.6278830649049,2827.499427883641) (119.6278830649049,2853.499427883641) (120.6278830649048,2853.499427883641) (120.6278830649048,2879.499427883641) (121.6278830649048,2879.499427883641) (121.6278830649048,2905.499427883641) (122.6278830649047,2905.499427883641) (122.6278830649047,2931.499427883641) (123.6278830649047,2931.499427883641) (123.6278830649047,2957.499427883641) (124.6278830649046,2957.499427883641) (124.6278830649046,2983.499427883641) (125.6278830649045,2983.499427883641) (125.6278830649045,3009.499427883641) (126.6278830649045,3009.499427883641) (126.6278830649045,3035.499427883641) (127.6278830649044,3035.499427883641) (127.6278830649044,3061.499427883641) (128.6278830649045,3061.499427883641) (128.6278830649045,3087.499427883641) (129.6278830649046,3087.499427883641) (129.6278830649046,3113.499427883641) (130.6278830649046,3113.499427883641) (130.6278830649046,3139.499427883641) (131.6278830649047,3139.499427883641) (131.6278830649047,3165.499427883641) (132.6278830649048,3165.499427883641) (132.6278830649048,3191.499427883641) (133.6278830649049,3191.499427883641) (133.6278830649049,3217.499427883641) (134.627883064905,3217.499427883641) (134.627883064905,3243.499427883641) (135.6278830649051,3243.499427883641) (135.6278830649051,3269.499427883641) (136.6278830649051,3269.499427883641) (136.6278830649051,3295.499427883641) (137.6278830649052,3295.499427883641) (137.6278830649052,3321.499427883641) (138.6278830649053,3321.499427883641) (138.6278830649053,3347.499427883641) (139.6278830649054,3347.499427883641) (139.6278830649054,3373.499427883641) (140.6278830649055,3373.499427883641) (140.6278830649055,3399.499427883641) (141.6278830649056,3399.499427883641) (141.6278830649056,3425.499427883641) (142.6278830649057,3425.499427883641) (142.6278830649057,3451.499427883641) (143.6278830649057,3451.499427883641) (143.6278830649057,3477.499427883641) (144.6278830649058,3477.499427883641) (144.6278830649058,3503.499427883641) (145.6278830649059,3503.499427883641) (145.6278830649059,3529.499427883641) (146.627883064906,3529.499427883641) (146.627883064906,3555.499427883641) (147.6278830649061,3555.499427883641) (147.6278830649061,3581.499427883641) (148.6278830649062,3581.499427883641) (148.6278830649062,3607.499427883641) (149.6278830649063,3607.499427883641) (149.6278830649063,3633.499427883641) (150.6278830649063,3633.499427883641) (150.6278830649063,3659.499427883641) (151.6278830649064,3659.499427883641) (151.6278830649064,3685.499427883641) (152.6278830649065,3685.499427883641) (152.6278830649065,3711.499427883641) (153.6278830649066,3711.499427883641) (153.6278830649066,3737.499427883641) (154.6278830649067,3737.499427883641) (154.6278830649067,3763.499427883641) (155.6278830649068,3763.499427883641) (155.6278830649068,3789.499427883641) (156.6278830649069,3789.499427883641) (156.6278830649069,3815.499427883641) (157.6278830649069,3815.499427883641) (157.6278830649069,3841.499427883641) (158.627883064907,3841.499427883641) (158.627883064907,3867.499427883641) (159.6278830649071,3867.499427883641) (159.6278830649071,3893.499427883641) (160.6278830649072,3893.499427883641) (160.6278830649072,3919.499427883641) (161.6278830649073,3919.499427883641) (161.6278830649073,3945.499427883641) (162.6278830649074,3945.499427883641) (162.6278830649074,3971.499427883641) (163.6278830649075,3971.499427883641) (163.6278830649075,3997.499427883641) (164.6278830649075,3997.499427883641) (164.6278830649075,4023.499427883641) (165.6278830649076,4023.499427883641) (165.6278830649076,4049.499427883641) (166.6278830649077,4049.499427883641) (166.6278830649077,4075.499427883641) (167.6278830649078,4075.499427883641) (167.6278830649078,4101.49942788364) (168.6278830649079,4101.49942788364) (168.6278830649079,4127.49942788364) (169.627883064908,4127.49942788364) (169.627883064908,4153.49942788364) (170.627883064908,4153.49942788364) (170.627883064908,4179.49942788364) (171.6278830649081,4179.49942788364) (171.6278830649081,4205.49942788364) (172.6278830649081,4205.49942788364) (172.6278830649081,4231.49942788364) (173.6278830649082,4231.49942788364) (173.6278830649082,4257.49942788364) (174.6278830649082,4257.49942788364) (174.6278830649082,4283.49942788364) (175.6278830649083,4283.49942788364) (175.6278830649083,4309.49942788364) (176.8666648606633,4309.49942788364) (176.8666648606633,4334.761725317672) (178.3827809575768,4334.761725317672) (178.3827809575768,4357.375029374853) (180.1816381367502,4357.375029374853) (180.1816381367502,4371.80338971305) (182.3173457800438,4371.80338971305) (182.3173457800438,4380.472858151295) (184.6256442389484,4380.472858151295) (184.6256442389484,4385.010512952947) (187.0517842866946,4385.010512952947) (187.0517842866946,4388.172157803916) (189.5204855147173,4388.172157803916) (189.5204855147173,4390.428283375573) (192.0178525502453,4390.428283375573) (192.0178525502453,4391.835488330516) (194.5423177126981,4391.835488330516) (194.5423177126981,4392.871718959358) (197.0791555508199,4392.871718959358) (197.0791555508199,4393.515439372457) (199.6291107708961,4393.515439372457) (199.6291107708961,4394.057268921059) (202.1790659909724,4394.057268921059) (202.1790659909724,4394.599098469662) (204.7290212110486,4394.599098469662) (204.7290212110486,4395.140928018264) (207.2789764311248,4395.140928018264) (207.2789764311248,4395.682757566867) (209.828931651201,4395.682757566867) (209.828931651201,4396.224587115469) (212.3788868712772,4396.224587115469) (212.3788868712772,4396.766416664072) (214.9288420913534,4396.766416664072) (214.9288420913534,4397.308246212675) (217.4787973114296,4397.308246212675) (217.4787973114296,4397.850075761278) (220.0287525315058,4397.850075761278) (220.0287525315058,4398.391905309881) (222.578707751582,4398.391905309881) (222.578707751582,4398.933734858484) (225.1286629716582,4398.933734858484) (225.1286629716582,4399.475564407086) (227.6786181917344,4399.475564407086) (227.6786181917344,4400.01739395569) (230.2285734118107,4400.01739395569) (230.2285734118107,4400.559223504292) (232.7785286318868,4400.559223504292) (232.7785286318868,4400.840201776819) (700,4400.840201776819)
robPositionY[0]:
[0]: (0,0) (0,163.5) (2,163.5) (2,188.9679078844919) (14.55085849066224,188.9679078844919) (14.55085849066224,188.479046668909) (15.56966195314548,188.479046668909) (15.56966195314548,187.9901854533262) (16.58846541562873,187.9901854533262) (16.58846541562873,187.5013242377433) (17.58846541562873,187.5013242377433) (17.58846541562873,187.0124630221605) (18.58846541562873,187.0124630221605) (18.58846541562873,186.5236018065776) (19.58846541562873,186.5236018065776) (19.58846541562873,186.0347405909947) (20.58846541562873,186.0347405909947) (20.58846541562873,185.5458793754118) (21.58846541562874,185.5458793754118) (21.58846541562874,185.0570181598289) (22.58846541562875,185.0570181598289) (22.58846541562875,184.568156944246) (23.58846541562875,184.568156944246) (23.58846541562875,184.0792957286631) (24.58846541562876,184.0792957286631) (24.58846541562876,183.5904345130803) (25.58846541562877,183.5904345130803) (25.58846541562877,183.1015732974974) (26.58846541562878,183.1015732974974) (26.58846541562878,182.6127120819145) (27.58846541562878,182.6127120819145) (27.58846541562878,182.1238508663316) (28.58846541562879,182.1238508663316) (28.58846541562879,181.6349896507487) (29.5884654156288,181.6349896507487) (29.5884654156288,181.1461284351658) (30.5884654156288,181.1461284351658) (30.5884654156288,180.6572672195829) (31.58846541562881,180.6572672195829) (31.58846541562881,180.168406004) (32.5884654156288,180.168406004) (32.5884654156288,179.6795447884172) (33.58846541562877,179.6795447884172) (33.58846541562877,179.1906835728343) (34.58846541562874,179.1906835728343) (34.58846541562874,178.7018223572514) (35.58846541562871,178.7018223572514) (35.58846541562871,178.2129611416685) (36.58846541562868,178.2129611416685) (36.58846541562868,177.7240999260856) (37.58846541562865,177.7240999260856) (37.58846541562865,177.2352387105027) (38.58846541562863,177.2352387105027) (38.58846541562863,176.7463774949198) (39.5884654156286,176.7463774949198) (39.5884654156286,176.257516279337) (40.58846541562857,176.257516279337) (40.58846541562857,175.7686550637541) (41.58846541562854,175.7686550637541) (41.58846541562854,175.2797938481712) (42.58846541562851,175.2797938481712) (42.58846541562851,174.7909326325883) (43.58846541562848,174.7909326325883) (43.58846541562848,174.3020714170054) (44.58846541562846,174.3020714170054) (44.58846541562846,173.8132102014225) (45.58846541562843,173.8132102014225) (45.58846541562843,173.3243489858396) (46.5884654156284,173.3243489858396) (46.5884654156284,172.8354877702567) (47.58846541562837,172.8354877702567) (47.58846541562837,172.3466265546739) (48.5884654156284,172.3466265546739) (48.5884654156284,171.857765339091) (49.58846541562843,171.857765339091) (49.58846541562843,171.3689041235081) (50.58846541562846,171.3689041235081) (50.58846541562846,170.8800429079252) (51.58846541562848,170.8800429079252) (51.58846541562848,170.3911816923423) (52.58846541562851,170.3911816923423) (52.58846541562851,169.9023204767594) (53.58846541562854,169.9023204767594) (53.58846541562854,169.4134592611765) (54.58846541562857,169.4134592611765) (54.58846541562857,168.9245980455937) (55.5884654156286,168.9245980455937) (55.5884654156286,168.4357368300108) (56.58846541562863,168.4357368300108) (56.58846541562863,167.9468756144279) (57.58846541562865,167.9468756144279) (57.58846541562865,167.458014398845) (58.58846541562868,167.458014398845) (58.58846541562868,166.9691531832621) (59.58846541562871,166.9691531832621) (59.58846541562871,166.4802919676792) (60.58846541562874,166.4802919676792) (60.58846541562874,165.9914307520963) (61.58846541562877,165.9914307520963) (61.58846541562877,165.5025695365134) (62.5884654156288,165.5025695365134) (62.5884654156288,165.0137083209306) (63.58846541562882,165.0137083209306) (63.58846541562882,164.5248471053477) (64.601196272488,164.5248471053477) (64.601196272488,164.1938537681208) (65.60981549016719,164.1938537681208) (65.60981549016719,163.969756883213) (66.61565093093512,163.969756883213) (66.61565093093512,163.8180362843253) (67.61960166198341,163.8180362843253) (67.61960166198341,163.7153175442811) (68.62227639440357,163.7153175442811) (68.62227639440357,163.6457745842783) (69.62408724572582,163.6457745842783) (69.62408724572582,163.5986924756321) (70.62531323043405,163.5986924756321) (70.62531323043405,163.566816881204) (71.62614324788402,163.566816881204) (71.62614324788402,163.545236429983) (72.62670518711376,163.545236429983) (72.62670518711376,163.5306260107791) (73.62708563174709,163.5306260107791) (73.62708563174709,163.5207344505516) (74.62734320073031,163.5207344505516) (74.62734320073031,163.5140376570627) (75.62751758032395,163.5140376570627) (75.62751758032395,163.5095037876518) (76.62763563895821,163.5095037876518) (76.62763563895821,163.5064342631685) (77.62771556712556,163.5064342631685) (77.62771556712556,163.5043561308182) (78.62776968016665,163.5043561308182) (78.62776968016665,163.5029491917491) (79.62780631582828,163.5029491917491) (79.62780631582828,163.5019966645455) (80.62783111893972,163.5019966645455) (80.62783111893972,163.5013517836466) (81.62784791116658,163.5013517836466) (81.62784791116658,163.5009151857469) (82.62785927984434,163.5009151857469) (82.62785927984434,163.5006196001235) (83.62786697667991,163.5006196001235) (83.62786697667991,163.5004194823974) (84.6278721875927,163.5004194823974) (84.6278721875927,163.5002839986634) (85.62787571548779,163.5002839986634) (85.62787571548779,163.5001922733894) (86.62787810395376,163.5001922733894) (86.62787810395376,163.5001301732726) (87.62787972098718,163.5001301732726) (87.62787972098718,163.5000881304022) (88.62788081579157,163.5000881304022) (88.62788081579157,163.5000596654866) (89.62788155696515,163.5000596654866) (89.62788155696515,163.5000403949721) (90.62788205876045,163.5000403949721) (90.62788205876045,163.5000273482928) (91.62788239855914,163.5000273482928) (91.62788239855914,163.5000185135251) (92.62788262892545,163.5000185135251) (92.62788262892545,163.5000125239997) (93.62788278378278,163.5000125239997) (93.62788278378278,163.5000084977071) (94.62788288809085,163.5000084977071) (94.62788288809085,163.5000057856957) (95.62788296109127,163.5000057856957) (95.62788296109127,163.5000038876832) (96.62788301051278,163.5000038876832) (96.62788301051278,163.5000026027226) (97.62788304383272,163.5000026027226) (97.62788304383272,163.5000017364024) (98.62788306490609,163.5000017364024) (98.62788306490609,163.5000011884933) (99.62788306490603,163.5000011884933) (99.62788306490603,163.5000006405843) (176.8666648606633,163.5000006405843) (176.8666648606633,169.6494988603188) (178.3827809575768,169.6494988603188) (178.3827809575768,182.4806515605829) (180.1816381367502,182.4806515605829) (180.1816381367502,204.1098544573876) (182.3173457800438,204.1098544573876) (182.3173457800438,228.6218987825405) (184.6256442389484,228.6218987825405) (184.6256442389484,254.2228692504944) (187.0517842866946,254.2228692504944) (187.0517842866946,280.0299225855101) (189.5204855147173,280.0299225855101) (189.5204855147173,305.9318510350467) (192.0178525502453,305.9318510350467) (192.0178525502453,331.8937418408948) (194.5423177126981,331.8937418408948) (194.5423177126981,357.873084135954) (197.0791555508199,357.873084135954) (197.0791555508199,383.8651141457428) (199.6291107708961,383.8651141457428) (199.6291107708961,409.8594677776426) (202.1790659909724,409.8594677776426) (202.1790659909724,435.8538214095424) (204.7290212110486,435.8538214095424) (204.7290212110486,461.8481750414421) (207.2789764311248,461.8481750414421) (207.2789764311248,487.8425286733419) (209.828931651201,487.8425286733419) (209.828931651201,513.8368823052417) (212.3788868712772,513.8368823052417) (212.3788868712772,539.8312359371415) (214.9288420913534,539.8312359371415) (214.9288420913534,565.8255895690413) (217.4787973114296,565.8255895690413) (217.4787973114296,591.8199432009411) (220.0287525315058,591.8199432009411) (220.0287525315058,617.8142968328409) (222.578707751582,617.8142968328409) (222.578707751582,643.8086504647407) (225.1286629716582,643.8086504647407) (225.1286629716582,669.8030040966405) (227.6786181917344,669.8030040966405) (227.6786181917344,695.7973577285403) (230.2285734118107,695.7973577285403) (230.2285734118107,721.7917113604401) (232.7785286318868,721.7917113604401) (232.7785286318868,735.2716860088356) (700,735.2716860088356)
batteryCharge[0]:
[0]: (0,100) (700,100)
user_guided_transport.end:
[0]: (0,0) (234.7785286318859,0) (234.7785286318859,1) (700,1)
[2K
Verifying formula 5 at /nta/queries/query[5]/formula
 -- Formula: simulate[<=700]{robot_inventory[0][0], user_guided_transport.end*2}
[2K -- Formula is satisfied.
robot_inventory[0][0]:
[0]: (0,0) (9.66139607997609,0) (9.66139607997609,1) (700,1)
user_guided_transport.end * 2:
[0]: (0,0) (232.8702627587162,0) (232.8702627587162,2) (700,2)
[2K
Verifying formula 6 at /nta/queries/query[6]/formula
 -- Formula: simulate[<=700]{bedroom[0], bedroom[1], kitchen[0], kitchen[1]}
[2K -- Formula is satisfied.
bedroom[0]:
[0]: (0,100) (700,100)
bedroom[1]:
[0]: (0,200) (700,200)
kitchen[0]:
[0]: (0,4400) (700,4400)
kitchen[1]:
[0]: (0,765) (700,765)
[2K
Verifying formula 7 at /nta/queries/query[7]/formula
 -- Formula: simulate[<=700]{rm_1.idle, rf_1.idle, rp_1.idle, rd_1.idle}
[2K -- Formula is satisfied.
rm_1.idle:
[0]: (0,0) (0,1) (0,0) (3,0) (3,1) (700,1)
rf_1.idle:
[0]: (0,0) (0,1) (8.902360943890605,1) (8.902360943890605,0) (231.11122762263,0) (231.11122762263,1) (700,1)
rp_1.idle:
[0]: (0,0) (0,1) (2,1) (2,0) (8.902360943890605,0) (8.902360943890605,1) (700,1)
rd_1.idle:
[0]: (0,0) (0,1) (700,1)
[2K
Verifying formula 8 at /nta/queries/query[8]/formula
 -- Formula: Pr[<=700](<>!rm_1.idle || !rf_1.idle || !rp_1.idle || !rd_1.idle)
[2K -- Formula is satisfied.
(72/72 runs) Pr(<> …) in [0.950056,1] (95% CI)
Values in [0,0] mean=0 steps=2.22045e-16: 72
[2K
Verifying formula 9 at /nta/queries/query[9]/formula
 -- Formula: Pr[<=700]([] (user_guided_transport.end imply (rm_1.idle && rf_1.idle && rp_1.idle && rd_1.idle)))
 -- Throughput: 598761 runs/sec, Load: 332 runs[K
[2K -- Formula is satisfied.
(72/72 runs) Pr([] …) in [0.950056,1] (95% CI)
[2K
Verifying formula 10 at /nta/queries/query[10]/formula
 -- Formula: Pr[<=700] (<> pow(humanPositionX[0] - kitchen[0], 2) + pow(humanPositionY[0] - kitchen[1], 2) <= 900 )
[2K -- Formula is satisfied.
(72/72 runs) Pr(<> …) in [0.950056,1] (95% CI)
Values in [192.032,196.838] mean=194.541 steps=0.53403: 9 5 7 9 6 9 9 10 8
[2K
Verifying formula 11 at /nta/queries/query[11]/formula
 -- Formula: Pr[<=700] (<> pow(humanPositionX[0] - bedroom[0], 2) + pow(humanPositionY[0] - bedroom[1], 2) <= 900 )
[2K -- Formula is satisfied.
(72/72 runs) Pr(<> …) in [0.950056,1] (95% CI)
Values in [1,1] mean=1 steps=2.22045e-16: 72
[2K
Verifying formula 12 at /nta/queries/query[12]/formula
 -- Formula: Pr[<=700] (<> pow(robPositionX[0] - bedroom[0], 2) + pow(robPositionY[0] - bedroom[1], 2) <= 900 )
[2K -- Formula is satisfied.
(72/72 runs) Pr(<> …) in [0.950056,1] (95% CI)
Values in [2,2] mean=2 steps=2.22045e-16: 72
[2K
Verifying formula 13 at /nta/queries/query[13]/formula
 -- Formula: Pr[<=700] (<> !isValidPosition(humanPositionX[0], humanPositionY[0]))
[2K -- Formula is satisfied.
(72/72 runs) Pr(<> …) in [0.950056,1] (95% CI)
Values in [0,0] mean=0 steps=2.22045e-16: 72
[2K
Verifying formula 14 at /nta/queries/query[14]/formula
 -- Formula: Pr[<=700] (<> !isValidPosition(robPositionX[0], robPositionY[0]))
[2K -- Formula is satisfied.
(72/72 runs) Pr(<> …) in [0.950056,1] (95% CI)
Values in [0,0] mean=0 steps=2.22045e-16: 72
[2K
Verifying formula 15 at /nta/queries/query[15]/formula
 -- Formula: Pr[<=700] (<> currP > 2)
 -- Throughput: 609933 runs/sec, Load: 331 runs[K
[2K -- Formula is satisfied.
(0/72 runs) Pr(<> …) in [0,0.0499441] (95% CI)
