Options for the verification:
  Generating no trace
  Search order is breadth first
  Using conservative space optimisation
  Seed is 1783191186
  State space representation uses minimal constraint systems with future testing
  Using HashMap + Compress integers for discrete state storage
[2K
Verifying formula 1 at /nta/queries/query[1]/formula
 -- Formula: simulate[<=700]{Coffee_Delivery_robot1_def.s1_start, Coffee_Delivery_robot1_def.s1_end, Coffee_Delivery_robot1_def.s2_start, Coffee_Delivery_robot1_def.s2_end, Coffee_Delivery_robot1_def.s3_start, Coffee_Delivery_robot1_def.s3_end, Coffee_Delivery_robot1_def.s4_start, Coffee_Delivery_robot1_def.s4_end, Coffee_Delivery_robot1_def.s5_start, Coffee_Delivery_robot1_def.s5_end, Coffee_Delivery_robot1_def.s6_start, Coffee_Delivery_robot1_def.s6_end, Coffee_Delivery.end}
[2K -- Aborted.
Coffee_Delivery_robot1_def.s1_start:
[0]: (0,0) (0,1) (0,0) (174.2149700445395,0)
Coffee_Delivery_robot1_def.s1_end:
[0]: (0,0) (67.5767397931244,0) (67.5767397931244,1) (67.5767397931244,0) (174.2149700445395,0)
Coffee_Delivery_robot1_def.s2_start:
[0]: (0,0) (67.5767397931244,0) (67.5767397931244,1) (67.5767397931244,0) (174.2149700445395,0)
Coffee_Delivery_robot1_def.s2_end:
[0]: (0,0) (76.91793958909578,0) (76.91793958909578,1) (76.91793958909578,0) (174.2149700445395,0)
Coffee_Delivery_robot1_def.s3_start:
[0]: (0,0) (76.91793958909578,0) (76.91793958909578,1) (76.91793958909578,0) (174.2149700445395,0)
Coffee_Delivery_robot1_def.s3_end:
[0]: (0,0) (145.5973946176178,0) (145.5973946176178,1) (145.5973946176178,0) (174.2149700445395,0)
Coffee_Delivery_robot1_def.s4_start:
[0]: (0,0) (145.5973946176178,0) (145.5973946176178,1) (145.5973946176178,0) (174.2149700445395,0)
Coffee_Delivery_robot1_def.s4_end:
[0]: (0,0) (150.5973946176178,0) (150.5973946176178,1) (150.5973946176178,0) (174.2149700445395,0)
Coffee_Delivery_robot1_def.s5_start:
[0]: (0,0) (150.5973946176178,0) (150.5973946176178,1) (150.5973946176178,0) (174.2149700445395,0)
Coffee_Delivery_robot1_def.s5_end:
[0]: (0,0) (174.2149700445395,0) (174.2149700445395,1)
Coffee_Delivery_robot1_def.s6_start:
[0]: (0,0) (174.2149700445395,0) (174.2149700445395,1)
Coffee_Delivery_robot1_def.s6_end:
[0]: (0,0) (174.2149700445395,0)
Coffee_Delivery.end:
[0]: (0,0) (174.2149700445395,0)
[2K
Verifying formula 2 at /nta/queries/query[2]/formula
 -- Formula: Pr[<=700] (<> Coffee_Delivery.end)
[2K -- Aborted.
[2K
Verifying formula 3 at /nta/queries/query[3]/formula
 -- Formula: simulate[<=700]{humanPositionX[0], humanPositionY[0], humanPositionX[1], humanPositionY[1], robPositionX[0], robPositionY[0], batteryCharge[0], Coffee_Delivery.end}
[2K -- Aborted.
humanPositionX[0]:
[0]: (0,0) (0,92.5)
humanPositionY[0]:
[0]: (0,0) (0,163.5)
humanPositionX[1]:
[0]: (0,0) (0,92.5)
humanPositionY[1]:
[0]: (0,0) (0,761.2)
robPositionX[0]:
[0]: (0,0) (0,92.5) (2,92.5) (2,118.5) (3,118.5) (3,144.5) (4,144.5) (4,170.5) (5,170.5) (5,196.5) (6,196.5) (6,222.5) (7,222.5) (7,248.5) (8,248.5) (8,274.5) (9,274.5) (9,300.5) (10,300.5) (10,326.5) (11,326.5) (11,352.5) (12,352.5) (12,378.5) (13,378.5) (13,404.5) (14,404.5) (14,430.5) (15,430.5) (15,456.5) (16,456.5) (16,482.5) (17,482.5) (17,508.5) (18,508.5) (18,534.5) (19,534.5) (19,560.5) (20,560.5) (20,586.5) (21,586.5) (21,612.5) (22,612.5) (22,638.5) (23,638.5) (23,664.5) (24,664.5) (24,690.5) (25,690.5) (25,716.5) (26,716.5) (26,742.5) (27,742.5) (27,768.5) (28,768.5) (28,794.5) (29,794.5) (29,820.5) (30,820.5) (30,846.5) (31,846.5) (31,872.5) (32,872.5) (32,898.5) (33,898.5) (33,924.5) (34,924.5) (34,950.5) (35,950.5) (35,976.5) (36,976.5) (36,1002.5) (37,1002.5) (37,1028.5) (38,1028.5) (38,1054.5) (39,1054.5) (39,1080.5) (40,1080.5) (40,1106.5) (41,1106.5) (41,1132.5) (42,1132.5) (42,1158.5) (43,1158.5) (43,1184.5) (44,1184.5) (44,1210.5) (45,1210.5) (45,1236.5) (46,1236.5) (46,1262.5) (47,1262.5) (47,1288.5) (48,1288.5) (48,1314.5) (49,1314.5) (49,1340.5) (50,1340.5) (50,1366.5) (51,1366.5) (51,1392.5) (52,1392.5) (52,1418.5) (53,1418.5) (53,1444.5) (54,1444.5) (54,1452) (56.57673979312437,1452) (56.57673979312437,1451.845470785223) (57.57673979312437,1451.845470785223) (57.57673979312437,1451.690941570446) (58.57673979312437,1451.690941570446) (58.57673979312437,1451.536412355669) (59.57673979312437,1451.536412355669) (59.57673979312437,1451.381883140892) (60.57673979312437,1451.381883140892) (60.57673979312437,1451.227353926115) (61.57673979312437,1451.227353926115) (61.57673979312437,1451.072824711337) (62.57673979312437,1451.072824711337) (62.57673979312437,1450.91829549656) (63.57673979312437,1450.91829549656) (63.57673979312437,1450.763766281783) (64.5767397931244,1450.763766281783) (64.5767397931244,1450.609237067006) (65.5767397931244,1450.609237067006) (65.5767397931244,1450.454707852229) (66.5767397931244,1450.454707852229) (66.5767397931244,1450.300178637452) (67.5767397931244,1450.300178637452) (67.5767397931244,1450.145649422675) (79.05038895141871,1450.145649422675) (79.05038895141871,1450.300178637452) (81.61524181188415,1450.300178637452) (81.61524181188415,1450.454707852229) (82.61524181188413,1450.454707852229) (82.61524181188413,1450.609237067006) (83.61524181188415,1450.609237067006) (83.61524181188415,1450.763766281783) (84.61524181188413,1450.763766281783) (84.61524181188413,1450.91829549656) (85.61524181188415,1450.91829549656) (85.61524181188415,1451.072824711337) (86.61524181188418,1451.072824711337) (86.61524181188418,1451.227353926115) (87.61524181188418,1451.227353926115) (87.61524181188418,1451.381883140892) (88.61524181188418,1451.381883140892) (88.61524181188418,1451.536412355669) (89.61524181188418,1451.536412355669) (89.61524181188418,1451.690941570446) (90.61524181188418,1451.690941570446) (90.61524181188418,1451.845470785223) (91.61524181188418,1451.845470785223) (91.61524181188418,1452) (95.72984397994078,1452) (95.72984397994078,1426.009469747118) (96.72984397994078,1426.009469747118) (96.72984397994078,1400.018939494237) (97.72984397994078,1400.018939494237) (97.72984397994078,1374.028409241355) (98.72984397994078,1374.028409241355) (98.72984397994078,1348.037878988473) (99.72984397994078,1348.037878988473) (99.72984397994078,1322.047348735592) (100.7298439799408,1322.047348735592) (100.7298439799408,1296.05681848271) (101.7298439799408,1296.05681848271) (101.7298439799408,1270.066288229829) (102.7298439799408,1270.066288229829) (102.7298439799408,1244.075757976947) (103.7298439799408,1244.075757976947) (103.7298439799408,1218.085227724065) (104.7298439799408,1218.085227724065) (104.7298439799408,1192.094697471184) (105.7298439799408,1192.094697471184) (105.7298439799408,1166.104167218302) (106.7298439799408,1166.104167218302) (106.7298439799408,1140.11363696542) (107.7298439799408,1140.11363696542) (107.7298439799408,1114.123106712539) (108.7298439799408,1114.123106712539) (108.7298439799408,1088.132576459657) (109.7298439799408,1088.132576459657) (109.7298439799408,1062.142046206776) (110.7298439799408,1062.142046206776) (110.7298439799408,1036.151515953894) (111.7298439799408,1036.151515953894) (111.7298439799408,1010.160985701012) (112.7298439799408,1010.160985701012) (112.7298439799408,984.1704554481307) (113.7298439799408,984.1704554481307) (113.7298439799408,958.1799251952491) (114.7298439799408,958.1799251952491) (114.7298439799408,932.1893949423675) (115.7298439799408,932.1893949423675) (115.7298439799408,906.1988646894858) (116.7298439799408,906.1988646894858) (116.7298439799408,880.2083344366042) (117.7298439799408,880.2083344366042) (117.7298439799408,854.2178041837226) (118.7298439799408,854.2178041837226) (118.7298439799408,828.227273930841) (119.7298439799408,828.227273930841) (119.7298439799408,802.2367436779593) (120.7298439799408,802.2367436779593) (120.7298439799408,776.2462134250777) (121.7298439799408,776.2462134250777) (121.7298439799408,750.2556831721961) (122.7298439799408,750.2556831721961) (122.7298439799408,724.2651529193145) (123.7298439799408,724.2651529193145) (123.7298439799408,698.2746226664328) (124.7298439799408,698.2746226664328) (124.7298439799408,672.2840924135512) (125.7298439799408,672.2840924135512) (125.7298439799408,646.2935621606696) (126.7298439799408,646.2935621606696) (126.7298439799408,620.303031907788) (127.7298439799408,620.303031907788) (127.7298439799408,594.3125016549063) (128.7298439799407,594.3125016549063) (128.7298439799407,568.3219714020247) (129.7298439799407,568.3219714020247) (129.7298439799407,542.3314411491431) (130.7298439799407,542.3314411491431) (130.7298439799407,516.3409108962614) (131.7298439799407,516.3409108962614) (131.7298439799407,490.3503806433799) (132.7298439799407,490.3503806433799) (132.7298439799407,464.3598503904983) (133.7298439799407,464.3598503904983) (133.7298439799407,438.3693201376167) (134.7298439799407,438.3693201376167) (134.7298439799407,412.3787898847352) (135.7298439799407,412.3787898847352) (135.7298439799407,386.3882596318536) (136.7298439799407,386.3882596318536) (136.7298439799407,360.397729378972) (137.7298439799407,360.397729378972) (137.7298439799407,334.4071991260905) (138.7298439799407,334.4071991260905) (138.7298439799407,308.4166688732089) (139.7298439799407,308.4166688732089) (139.7298439799407,282.4261386203273) (140.7298439799407,282.4261386203273) (140.7298439799407,256.4356083674458) (141.7298439799407,256.4356083674458) (141.7298439799407,230.4450781145642) (142.7298439799407,230.4450781145642) (142.7298439799407,204.4545478616826) (143.7298439799407,204.4545478616826) (143.7298439799407,178.464017608801) (144.7298439799407,178.464017608801) (144.7298439799407,152.4734873559195) (145.7298439799407,152.4734873559195) (145.7298439799407,126.4829571030379) (152.7298439799407,126.4829571030379) (152.7298439799407,125.267144037063) (155.3474194068624,125.267144037063) (155.3474194068624,124.0513309710882) (156.3474194068624,124.0513309710882) (156.3474194068624,122.8355179051133) (157.3474194068624,122.8355179051133) (157.3474194068624,121.6197048391384) (158.3474194068624,121.6197048391384) (158.3474194068624,120.4038917731636) (159.3474194068624,120.4038917731636) (159.3474194068624,119.1880787071887) (160.3474194068624,119.1880787071887) (160.3474194068624,117.9722656412138) (161.3474194068624,117.9722656412138) (161.3474194068624,116.7564525752389) (162.3474194068624,116.7564525752389) (162.3474194068624,115.5406395092641) (163.3474194068624,115.5406395092641) (163.3474194068624,114.3248264432892) (164.3474194068624,114.3248264432892) (164.3474194068624,113.1090133773143) (165.3474194068624,113.1090133773143) (165.3474194068624,111.8932003113395) (166.3474194068624,111.8932003113395) (166.3474194068624,110.6773872453646) (167.3474194068624,110.6773872453646) (167.3474194068624,109.4615741793897) (168.3474194068624,109.4615741793897) (168.3474194068624,108.2457611134148) (169.3474194068624,108.2457611134148) (169.3474194068624,107.02994804744) (170.3474194068624,107.02994804744) (170.3474194068624,105.8141349814651) (171.3474194068624,105.8141349814651) (171.3474194068624,104.5983219154902) (172.3474194068624,104.5983219154902) (172.3474194068624,103.3825088495154) (173.3474194068624,103.3825088495154) (173.3474194068624,102.1666957835405) (174.3474194068624,102.1666957835405) (174.3474194068624,100.9508827175656)
robPositionY[0]:
[0]: (0,0) (0,163.5) (56.57673979312437,163.5) (56.57673979312437,189.4995407790557) (57.57673979312437,189.4995407790557) (57.57673979312437,215.4990815581114) (58.57673979312437,215.4990815581114) (58.57673979312437,241.4986223371671) (59.57673979312437,241.4986223371671) (59.57673979312437,267.4981631162228) (60.57673979312437,267.4981631162228) (60.57673979312437,293.4977038952785) (61.57673979312437,293.4977038952785) (61.57673979312437,319.4972446743342) (62.57673979312437,319.4972446743342) (62.57673979312437,345.4967854533899) (63.57673979312437,345.4967854533899) (63.57673979312437,371.4963262324455) (64.5767397931244,371.4963262324455) (64.5767397931244,397.4958670115012) (65.5767397931244,397.4958670115012) (65.5767397931244,423.4954077905569) (66.5767397931244,423.4954077905569) (66.5767397931244,449.4949485696126) (67.5767397931244,449.4949485696126) (67.5767397931244,475.4944893486683) (79.05038895141871,475.4944893486683) (79.05038895141871,449.4949485696126) (81.61524181188415,449.4949485696126) (81.61524181188415,423.4954077905569) (82.61524181188413,423.4954077905569) (82.61524181188413,397.4958670115012) (83.61524181188415,397.4958670115012) (83.61524181188415,371.4963262324455) (84.61524181188413,371.4963262324455) (84.61524181188413,345.4967854533899) (85.61524181188415,345.4967854533899) (85.61524181188415,319.4972446743342) (86.61524181188418,319.4972446743342) (86.61524181188418,293.4977038952785) (87.61524181188418,293.4977038952785) (87.61524181188418,267.4981631162228) (88.61524181188418,267.4981631162228) (88.61524181188418,241.4986223371671) (89.61524181188418,241.4986223371671) (89.61524181188418,215.4990815581114) (90.61524181188418,215.4990815581114) (90.61524181188418,189.4995407790557) (91.61524181188418,189.4995407790557) (91.61524181188418,163.5) (95.72984397994078,163.5) (95.72984397994078,164.2016674241034) (96.72984397994078,164.2016674241034) (96.72984397994078,164.9033348482068) (97.72984397994078,164.9033348482068) (97.72984397994078,165.6050022723103) (98.72984397994078,165.6050022723103) (98.72984397994078,166.3066696964137) (99.72984397994078,166.3066696964137) (99.72984397994078,167.0083371205171) (100.7298439799408,167.0083371205171) (100.7298439799408,167.7100045446205) (101.7298439799408,167.7100045446205) (101.7298439799408,168.4116719687239) (102.7298439799408,168.4116719687239) (102.7298439799408,169.1133393928274) (103.7298439799408,169.1133393928274) (103.7298439799408,169.8150068169308) (104.7298439799408,169.8150068169308) (104.7298439799408,170.5166742410342) (105.7298439799408,170.5166742410342) (105.7298439799408,171.2183416651376) (106.7298439799408,171.2183416651376) (106.7298439799408,171.920009089241) (107.7298439799408,171.920009089241) (107.7298439799408,172.6216765133445) (108.7298439799408,172.6216765133445) (108.7298439799408,173.3233439374479) (109.7298439799408,173.3233439374479) (109.7298439799408,174.0250113615513) (110.7298439799408,174.0250113615513) (110.7298439799408,174.7266787856547) (111.7298439799408,174.7266787856547) (111.7298439799408,175.4283462097581) (112.7298439799408,175.4283462097581) (112.7298439799408,176.1300136338616) (113.7298439799408,176.1300136338616) (113.7298439799408,176.831681057965) (114.7298439799408,176.831681057965) (114.7298439799408,177.5333484820684) (115.7298439799408,177.5333484820684) (115.7298439799408,178.2350159061718) (116.7298439799408,178.2350159061718) (116.7298439799408,178.9366833302752) (117.7298439799408,178.9366833302752) (117.7298439799408,179.6383507543786) (118.7298439799408,179.6383507543786) (118.7298439799408,180.3400181784821) (119.7298439799408,180.3400181784821) (119.7298439799408,181.0416856025855) (120.7298439799408,181.0416856025855) (120.7298439799408,181.7433530266889) (121.7298439799408,181.7433530266889) (121.7298439799408,182.4450204507923) (122.7298439799408,182.4450204507923) (122.7298439799408,183.1466878748957) (123.7298439799408,183.1466878748957) (123.7298439799408,183.8483552989992) (124.7298439799408,183.8483552989992) (124.7298439799408,184.5500227231026) (125.7298439799408,184.5500227231026) (125.7298439799408,185.251690147206) (126.7298439799408,185.251690147206) (126.7298439799408,185.9533575713094) (127.7298439799408,185.9533575713094) (127.7298439799408,186.6550249954128) (128.7298439799407,186.6550249954128) (128.7298439799407,187.3566924195163) (129.7298439799407,187.3566924195163) (129.7298439799407,188.0583598436197) (130.7298439799407,188.0583598436197) (130.7298439799407,188.7600272677231) (131.7298439799407,188.7600272677231) (131.7298439799407,189.4616946918265) (132.7298439799407,189.4616946918265) (132.7298439799407,190.1633621159299) (133.7298439799407,190.1633621159299) (133.7298439799407,190.8650295400334) (134.7298439799407,190.8650295400334) (134.7298439799407,191.5666969641368) (135.7298439799407,191.5666969641368) (135.7298439799407,192.2683643882402) (136.7298439799407,192.2683643882402) (136.7298439799407,192.9700318123436) (137.7298439799407,192.9700318123436) (137.7298439799407,193.671699236447) (138.7298439799407,193.671699236447) (138.7298439799407,194.3733666605505) (139.7298439799407,194.3733666605505) (139.7298439799407,195.0750340846539) (140.7298439799407,195.0750340846539) (140.7298439799407,195.7767015087573) (141.7298439799407,195.7767015087573) (141.7298439799407,196.4783689328607) (142.7298439799407,196.4783689328607) (142.7298439799407,197.1800363569641) (143.7298439799407,197.1800363569641) (143.7298439799407,197.8817037810676) (144.7298439799407,197.8817037810676) (144.7298439799407,198.583371205171) (145.7298439799407,198.583371205171) (145.7298439799407,199.2850386292744) (152.7298439799407,199.2850386292744) (152.7298439799407,225.2565961218201) (155.3474194068624,225.2565961218201) (155.3474194068624,251.2281536143657) (156.3474194068624,251.2281536143657) (156.3474194068624,277.1997111069114) (157.3474194068624,277.1997111069114) (157.3474194068624,303.1712685994571) (158.3474194068624,303.1712685994571) (158.3474194068624,329.1428260920027) (159.3474194068624,329.1428260920027) (159.3474194068624,355.1143835845484) (160.3474194068624,355.1143835845484) (160.3474194068624,381.0859410770941) (161.3474194068624,381.0859410770941) (161.3474194068624,407.0574985696398) (162.3474194068624,407.0574985696398) (162.3474194068624,433.0290560621855) (163.3474194068624,433.0290560621855) (163.3474194068624,459.0006135547312) (164.3474194068624,459.0006135547312) (164.3474194068624,484.9721710472768) (165.3474194068624,484.9721710472768) (165.3474194068624,510.9437285398225) (166.3474194068624,510.9437285398225) (166.3474194068624,536.9152860323682) (167.3474194068624,536.9152860323682) (167.3474194068624,562.8868435249138) (168.3474194068624,562.8868435249138) (168.3474194068624,588.8584010174595) (169.3474194068624,588.8584010174595) (169.3474194068624,614.8299585100052) (170.3474194068624,614.8299585100052) (170.3474194068624,640.8015160025509) (171.3474194068624,640.8015160025509) (171.3474194068624,666.7730734950966) (172.3474194068624,666.7730734950966) (172.3474194068624,692.7446309876423) (173.3474194068624,692.7446309876423) (173.3474194068624,718.716188480188) (174.3474194068624,718.716188480188) (174.3474194068624,744.6877459727336)
batteryCharge[0]:
[0]: (0,100)
Coffee_Delivery.end:
[0]: (0,0) (174.3474194068624,0)
[2K
Verifying formula 4 at /nta/queries/query[4]/formula
 -- Formula: simulate[<=700]{robot_inventory[0][0], Coffee_Delivery.end*2}
[2K -- Aborted.
robot_inventory[0][0]:
[0]: (0,0) (73.01634342568464,0) (73.01634342568464,1) (146.6957984542067,1) (146.6957984542067,0)
Coffee_Delivery.end * 2:
[0]: (0,0) (170.3133738811283,0)
[2K
Verifying formula 5 at /nta/queries/query[5]/formula
 -- Formula: simulate[<=700]{coffee_room[0], coffee_room[1], office001[0], office001[1], office004[0], office004[1]}
[2K -- Aborted.
coffee_room[0]:
[0]: (0,1450)
coffee_room[1]:
[0]: (0,500)
office001[0]:
[0]: (0,100)
office001[1]:
[0]: (0,200)
office004[0]:
[0]: (0,100)
office004[1]:
[0]: (0,765)
[2K
Verifying formula 6 at /nta/queries/query[6]/formula
 -- Formula: simulate[<=700]{rm_1.idle, rf_1.idle, rp_1.idle, rd_1.idle}
[2K -- Aborted.
rm_1.idle:
[0]: (0,0) (0,1) (0,0) (68.57673979312466,0) (68.57673979312466,1) (76.55798877219769,1) (76.55798877219769,0) (146.2374438007195,0) (146.2374438007195,1) (150.2374438007197,1) (150.2374438007197,0) (174.8550192276406,0) (174.8550192276406,1)
rf_1.idle:
[0]: (0,0) (0,1)
rp_1.idle:
[0]: (0,0) (0,1) (67.5767397931244,1) (67.5767397931244,0) (76.55798877219769,0) (76.55798877219769,1)
rd_1.idle:
[0]: (0,0) (0,1) (145.2374438007197,1) (145.2374438007197,0) (150.2374438007197,0) (150.2374438007197,1) (173.8550192276413,1) (173.8550192276413,0)
[2K
Verifying formula 7 at /nta/queries/query[7]/formula
 -- Formula: Pr[<=700](<>!rm_1.idle || !rf_1.idle || !rp_1.idle || !rd_1.idle)
[2K -- Formula is satisfied.
(72/72 runs) Pr(<> …) in [0.950056,1] (95% CI)
Values in [0,0] mean=0 steps=2.22045e-16: 72
[2K
Verifying formula 8 at /nta/queries/query[8]/formula
 -- Formula: Pr[<=700]([] (Coffee_Delivery.end imply (rm_1.idle && rf_1.idle && rp_1.idle && rd_1.idle)))
[2K -- Aborted.
[2K
Verifying formula 9 at /nta/queries/query[9]/formula
 -- Formula: Pr[<=700] (<> pow(robPositionX[0] - office004[0], 2) + pow(robPositionY[0] - office004[1], 2) <= 900 )
[2K -- Formula is satisfied.
(72/72 runs) Pr(<> …) in [0.950056,1] (95% CI)
Values in [169.913,174.873] mean=172.191 steps=0.551099: 13 6 11 6 6 5 8 14 3
[2K
Verifying formula 10 at /nta/queries/query[10]/formula
 -- Formula: Pr[<=700] (<> pow(robPositionX[0] - coffee_room[0], 2) + pow(robPositionY[0] - coffee_room[1], 2) <= 900 )
[2K -- Formula is satisfied.
(72/72 runs) Pr(<> …) in [0.950056,1] (95% CI)
Values in [67.5767,67.5767] mean=67.5767 steps=2.22045e-16: 72
[2K
Verifying formula 11 at /nta/queries/query[11]/formula
 -- Formula: Pr[<=700] (<> pow(robPositionX[0] - office001[0], 2) + pow(robPositionY[0] - office001[1], 2) <= 900 )
[2K -- Formula is satisfied.
(72/72 runs) Pr(<> …) in [0.950056,1] (95% CI)
Values in [141.336,146.25] mean=143.819 steps=0.546037: 11 9 5 5 4 11 9 8 10
[2K
Verifying formula 12 at /nta/queries/query[12]/formula
 -- Formula: Pr[<=700] (<> !isValidPosition(humanPositionX[0], humanPositionY[0]))
[2K -- Formula is satisfied.
(72/72 runs) Pr(<> …) in [0.950056,1] (95% CI)
Values in [0,0] mean=0 steps=2.22045e-16: 72
[2K
Verifying formula 13 at /nta/queries/query[13]/formula
 -- Formula: Pr[<=700] (<> !isValidPosition(humanPositionX[1], humanPositionY[1]))
[2K -- Formula is satisfied.
(72/72 runs) Pr(<> …) in [0.950056,1] (95% CI)
Values in [0,0] mean=0 steps=2.22045e-16: 72
[2K
Verifying formula 14 at /nta/queries/query[14]/formula
 -- Formula: Pr[<=700] (<> !isValidPosition(robPositionX[0], robPositionY[0]))
[2K -- Formula is satisfied.
(72/72 runs) Pr(<> …) in [0.950056,1] (95% CI)
Values in [0,0] mean=0 steps=2.22045e-16: 72
[2K
Verifying formula 15 at /nta/queries/query[15]/formula
 -- Formula: Pr[<=700] (<> currP > 2)
[2K -- Aborted.
