Options for the verification:
  Generating no trace
  Search order is breadth first
  Using conservative space optimisation
  Seed is 1783334312
  State space representation uses minimal constraint systems with future testing
  Using HashMap + Compress integers for discrete state storage
[2K
Verifying formula 1 at /nta/queries/query[1]/formula
 -- Formula: simulate[<=700]{user_guided_transport_human_def.s1_start, user_guided_transport_human_def.s1_end, user_guided_transport_human_def.s2_start, user_guided_transport_human_def.s2_idle, user_guided_transport_human_def.s3_start, user_guided_transport_human_def.s3_end, user_guided_transport.end}
[2K -- Formula is satisfied.
user_guided_transport_human_def.s1_start:
[0]: (0,0) (0,1) (0,0) (700,0)
user_guided_transport_human_def.s1_end:
[0]: (0,0) (1,0) (1,1) (2,1) (2,0) (700,0)
user_guided_transport_human_def.s2_start:
[0]: (0,0) (2,0) (2,1) (2,0) (700,0)
user_guided_transport_human_def.s2_idle:
[0]: (0,0) (2,0) (2,1) (9.060838784091175,1) (9.060838784091175,0) (700,0)
user_guided_transport_human_def.s3_start:
[0]: (0,0) (9.060838784091175,0) (9.060838784091175,1) (9.060838784091175,0) (14.06083878409115,0) (14.06083878409115,1) (14.06083878409115,0) (19.06083878409115,0) (19.06083878409115,1) (19.06083878409115,0) (24.06083878409111,0) (24.06083878409111,1) (24.06083878409111,0) (29.06083878409108,0) (29.06083878409108,1) (29.06083878409108,0) (34.06083878409111,0) (34.06083878409111,1) (34.06083878409111,0) (39.06083878409125,0) (39.06083878409125,1) (39.06083878409125,0) (44.06083878409139,0) (44.06083878409139,1) (44.06083878409139,0) (49.06083878409149,0) (49.06083878409149,1) (49.06083878409149,0) (54.06083878409159,0) (54.06083878409159,1) (54.06083878409159,0) (59.06083878409169,0) (59.06083878409169,1) (59.06083878409169,0) (64.06083878409179,0) (64.06083878409179,1) (64.06083878409179,0) (69.06083878409186,0) (69.06083878409186,1) (69.06083878409186,0) (74.06083878409194,0) (74.06083878409194,1) (74.06083878409194,0) (79.06083878409194,0) (79.06083878409194,1) (79.06083878409194,0) (84.06083878409194,0) (84.06083878409194,1) (84.06083878409194,0) (89.06083878409194,0) (89.06083878409194,1) (89.06083878409194,0) (94.06083878409194,0) (94.06083878409194,1) (94.06083878409194,0) (99.06083878409162,0) (99.06083878409162,1) (99.06083878409162,0) (104.0608387840913,0) (104.0608387840913,1) (104.0608387840913,0) (109.060838784091,0) (109.060838784091,1) (109.060838784091,0) (114.0608387840906,0) (114.0608387840906,1) (114.0608387840906,0) (119.0608387840903,0) (119.0608387840903,1) (119.0608387840903,0) (124.06083878409,0) (124.06083878409,1) (124.06083878409,0) (129.0608387840897,0) (129.0608387840897,1) (129.0608387840897,0) (134.0608387840902,0) (134.0608387840902,1) (134.0608387840902,0) (139.0608387840906,0) (139.0608387840906,1) (139.0608387840906,0) (144.060838784091,0) (144.060838784091,1) (144.060838784091,0) (149.0608387840914,0) (149.0608387840914,1) (149.0608387840914,0) (154.0608387840918,0) (154.0608387840918,1) (154.0608387840918,0) (159.0608387840921,0) (159.0608387840921,1) (159.0608387840921,0) (164.0608387840924,0) (164.0608387840924,1) (164.0608387840924,0) (169.0608387840927,0) (169.0608387840927,1) (169.0608387840927,0) (174.0608387840931,0) (174.0608387840931,1) (174.0608387840931,0) (179.0608387840935,0) (179.0608387840935,1) (179.0608387840935,0) (184.0608387840938,0) (184.0608387840938,1) (184.0608387840938,0) (189.0608387840942,0) (189.0608387840942,1) (189.0608387840942,0) (194.0608387840946,0) (194.0608387840946,1) (194.0608387840946,0) (700,0)
user_guided_transport_human_def.s3_end:
[0]: (0,0) (194.0608387840946,0) (194.0608387840946,1) (199.67869372832,1) (199.67869372832,0) (700,0)
user_guided_transport.end:
[0]: (0,0) (201.6786937283191,0) (201.6786937283191,1) (700,1)
[2K
Verifying formula 2 at /nta/queries/query[2]/formula
 -- Formula: simulate[<=700]{user_guided_transport_robot_def.s1_start, user_guided_transport_robot_def.s1_end, user_guided_transport_robot_def.s2_start, user_guided_transport_robot_def.s2_end, user_guided_transport_robot_def.s3_start, user_guided_transport_robot_def.s3_end, user_guided_transport.end}
[2K -- Formula is satisfied.
user_guided_transport_robot_def.s1_start:
[0]: (0,0) (0,1) (0,0) (700,0)
user_guided_transport_robot_def.s1_end:
[0]: (0,0) (2,0) (2,1) (2,0) (700,0)
user_guided_transport_robot_def.s2_start:
[0]: (0,0) (2,0) (2,1) (2,0) (700,0)
user_guided_transport_robot_def.s2_end:
[0]: (0,0) (9.678574826397224,0) (9.678574826397224,1) (9.678574826397224,0) (700,0)
user_guided_transport_robot_def.s3_start:
[0]: (0,0) (9.678574826397224,0) (9.678574826397224,1) (9.678574826397224,0) (700,0)
user_guided_transport_robot_def.s3_end:
[0]: (0,0) (200.296429770625,0) (200.296429770625,1) (200.296429770625,0) (700,0)
user_guided_transport.end:
[0]: (0,0) (202.2964297706241,0) (202.2964297706241,1) (700,1)
[2K
Verifying formula 3 at /nta/queries/query[3]/formula
 -- Formula: Pr[<=700] (<> user_guided_transport.end)
[2K -- Formula is satisfied.
(72/72 runs) Pr(<> …) in [0.950056,1] (95% CI)
Values in [199.629,204.59] mean=201.871 steps=0.551297: 7 12 9 9 11 2 7 11 4
[2K
Verifying formula 4 at /nta/queries/query[4]/formula
 -- Formula: simulate[<=700]{humanPositionX[0], humanPositionY[0], robPositionX[0], robPositionY[0], batteryCharge[0], user_guided_transport.end}
[2K -- Formula is satisfied.
humanPositionX[0]:
[0]: (0,0) (0,92.5) (1,92.5) (1,97.73313175708738) (8.320392103652248,97.73313175708738) (8.320392103652248,123.7285354798977) (9.320392103652246,123.7285354798977) (9.320392103652246,149.723939202708) (10.32039210365225,149.723939202708) (10.32039210365225,175.7193429255182) (11.32039210365224,175.7193429255182) (11.32039210365224,201.7147466483285) (12.32039210365224,201.7147466483285) (12.32039210365224,227.7101503711388) (13.32039210365224,227.7101503711388) (13.32039210365224,253.7055540939491) (14.32039210365224,253.7055540939491) (14.32039210365224,279.7009578167594) (15.32039210365224,279.7009578167594) (15.32039210365224,305.6963615395697) (16.32039210365224,305.6963615395697) (16.32039210365224,331.69176526238) (17.32039210365223,331.69176526238) (17.32039210365223,357.6871689851903) (18.32039210365222,357.6871689851903) (18.32039210365222,383.6825727080006) (19.32039210365221,383.6825727080006) (19.32039210365221,409.6779764308109) (20.3203921036522,409.6779764308109) (20.3203921036522,435.6733801536212) (21.32039210365219,435.6733801536212) (21.32039210365219,461.6687838764315) (22.32039210365218,461.6687838764315) (22.32039210365218,487.6641875992418) (23.32039210365217,487.6641875992418) (23.32039210365217,513.6595913220521) (24.32039210365216,513.6595913220521) (24.32039210365216,539.6549950448623) (25.32039210365215,539.6549950448623) (25.32039210365215,565.6503987676725) (26.32039210365214,565.6503987676725) (26.32039210365214,591.6458024904828) (27.32039210365213,591.6458024904828) (27.32039210365213,617.641206213293) (28.32039210365211,617.641206213293) (28.32039210365211,643.6366099361032) (29.3203921036521,643.6366099361032) (29.3203921036521,669.6320136589135) (30.32039210365209,669.6320136589135) (30.32039210365209,695.6274173817237) (31.32039210365208,695.6274173817237) (31.32039210365208,721.622821104534) (32.32039210365208,721.622821104534) (32.32039210365208,747.6182248273442) (33.3203921036521,747.6182248273442) (33.3203921036521,773.6136285501544) (34.32039210365213,773.6136285501544) (34.32039210365213,799.6090322729647) (35.32039210365215,799.6090322729647) (35.32039210365215,825.6044359957749) (36.32039210365217,825.6044359957749) (36.32039210365217,851.5998397185851) (37.32039210365219,851.5998397185851) (37.32039210365219,877.5952434413954) (38.32039210365221,877.5952434413954) (38.32039210365221,903.5906471642056) (39.32039210365223,903.5906471642056) (39.32039210365223,929.5860508870159) (40.32039210365225,929.5860508870159) (40.32039210365225,955.5814546098261) (41.32039210365227,955.5814546098261) (41.32039210365227,981.5768583326363) (42.32039210365229,981.5768583326363) (42.32039210365229,1007.572262055447) (43.3203921036523,1007.572262055447) (43.3203921036523,1033.567665778257) (44.32039210365232,1033.567665778257) (44.32039210365232,1059.563069501067) (45.32039210365233,1059.563069501067) (45.32039210365233,1085.558473223878) (46.32039210365235,1085.558473223878) (46.32039210365235,1111.553876946688) (47.32039210365236,1111.553876946688) (47.32039210365236,1137.549280669498) (48.32039210365237,1137.549280669498) (48.32039210365237,1163.544684392309) (49.32039210365239,1163.544684392309) (49.32039210365239,1189.540088115119) (50.3203921036524,1189.540088115119) (50.3203921036524,1215.535491837929) (51.32039210365242,1215.535491837929) (51.32039210365242,1241.53089556074) (52.32039210365243,1241.53089556074) (52.32039210365243,1267.52629928355) (53.32039210365244,1267.52629928355) (53.32039210365244,1293.52170300636) (54.32039210365246,1293.52170300636) (54.32039210365246,1319.517106729171) (55.32039210365247,1319.517106729171) (55.32039210365247,1345.512510451981) (56.32039210365249,1345.512510451981) (56.32039210365249,1371.507914174791) (57.3203921036525,1371.507914174791) (57.3203921036525,1397.503317897602) (58.32039210365252,1397.503317897602) (58.32039210365252,1423.498721620412) (59.32039210365253,1423.498721620412) (59.32039210365253,1478) (60.32039210365254,1478) (60.32039210365254,1504) (61.32039210365256,1504) (61.32039210365256,1530) (62.32039210365257,1530) (62.32039210365257,1556) (63.32039210365259,1556) (63.32039210365259,1582) (64.32039210365261,1582) (64.32039210365261,1608) (65.32039210365264,1608) (65.32039210365264,1634) (66.32039210365267,1634) (66.32039210365267,1660) (67.32039210365269,1660) (67.32039210365269,1686) (68.32039210365272,1686) (68.32039210365272,1712) (69.32039210365275,1712) (69.32039210365275,1738) (70.32039210365278,1738) (70.32039210365278,1764) (71.32039210365281,1764) (71.32039210365281,1790) (72.32039210365284,1790) (72.32039210365284,1816) (73.32039210365285,1816) (73.32039210365285,1842) (74.32039210365286,1842) (74.32039210365286,1868) (75.32039210365288,1868) (75.32039210365288,1894) (76.32039210365289,1894) (76.32039210365289,1920) (77.32039210365291,1920) (77.32039210365291,1946) (78.32039210365291,1946) (78.32039210365291,1972) (79.32039210365291,1972) (79.32039210365291,1998) (80.32039210365291,1998) (80.32039210365291,2024) (81.32039210365291,2024) (81.32039210365291,2050) (82.32039210365291,2050) (82.32039210365291,2076) (83.32039210365291,2076) (83.32039210365291,2102) (84.32039210365291,2102) (84.32039210365291,2128) (85.32039210365291,2128) (85.32039210365291,2154) (86.32039210365291,2154) (86.32039210365291,2180) (87.32039210365291,2180) (87.32039210365291,2206) (88.32039210365291,2206) (88.32039210365291,2232) (89.32039210365291,2232) (89.32039210365291,2258) (90.32039210365291,2258) (90.32039210365291,2284) (91.32039210365291,2284) (91.32039210365291,2310) (92.32039210365289,2310) (92.32039210365289,2336) (93.32039210365284,2336) (93.32039210365284,2362) (94.32039210365276,2362) (94.32039210365276,2388) (95.32039210365269,2388) (95.32039210365269,2414) (96.32039210365262,2414) (96.32039210365262,2440) (97.32039210365255,2440) (97.32039210365255,2466) (98.32039210365248,2466) (98.32039210365248,2492) (99.32039210365241,2492) (99.32039210365241,2518) (100.3203921036523,2518) (100.3203921036523,2544) (101.3203921036523,2544) (101.3203921036523,2570) (102.3203921036522,2570) (102.3203921036522,2596) (103.3203921036521,2596) (103.3203921036521,2622) (104.3203921036521,2622) (104.3203921036521,2648) (105.320392103652,2648) (105.320392103652,2674) (106.3203921036519,2674) (106.3203921036519,2700) (107.3203921036518,2700) (107.3203921036518,2726) (108.3203921036518,2726) (108.3203921036518,2752) (109.3203921036517,2752) (109.3203921036517,2778) (110.3203921036516,2778) (110.3203921036516,2804) (111.3203921036516,2804) (111.3203921036516,2830) (112.3203921036515,2830) (112.3203921036515,2856) (113.3203921036514,2856) (113.3203921036514,2882) (114.3203921036513,2882) (114.3203921036513,2908) (115.3203921036513,2908) (115.3203921036513,2934) (116.3203921036512,2934) (116.3203921036512,2960) (117.3203921036511,2960) (117.3203921036511,2986) (118.3203921036511,2986) (118.3203921036511,3012) (119.320392103651,3012) (119.320392103651,3038) (120.3203921036509,3038) (120.3203921036509,3088.5) (121.3203921036508,3088.5) (121.3203921036508,3114.5) (122.3203921036508,3114.5) (122.3203921036508,3140.5) (123.3203921036507,3140.5) (123.3203921036507,3166.5) (124.3203921036506,3166.5) (124.3203921036506,3192.5) (125.3203921036506,3192.5) (125.3203921036506,3218.5) (126.3203921036505,3218.5) (126.3203921036505,3244.5) (127.3203921036504,3244.5) (127.3203921036504,3270.5) (128.3203921036504,3270.5) (128.3203921036504,3296.5) (129.3203921036505,3296.5) (129.3203921036505,3322.5) (130.3203921036506,3322.5) (130.3203921036506,3348.5) (131.3203921036507,3348.5) (131.3203921036507,3374.5) (132.3203921036508,3374.5) (132.3203921036508,3400.5) (133.3203921036508,3400.5) (133.3203921036508,3426.5) (134.3203921036509,3426.5) (134.3203921036509,3452.5) (135.320392103651,3452.5) (135.320392103651,3478.5) (136.3203921036511,3478.5) (136.3203921036511,3504.5) (137.3203921036512,3504.5) (137.3203921036512,3530.5) (138.3203921036513,3530.5) (138.3203921036513,3556.5) (139.3203921036514,3556.5) (139.3203921036514,3582.5) (140.3203921036514,3582.5) (140.3203921036514,3608.5) (141.3203921036515,3608.5) (141.3203921036515,3634.5) (142.3203921036516,3634.5) (142.3203921036516,3660.5) (143.3203921036517,3660.5) (143.3203921036517,3686.5) (144.3203921036518,3686.5) (144.3203921036518,3712.5) (145.3203921036519,3712.5) (145.3203921036519,3738.5) (146.320392103652,3738.5) (146.320392103652,3764.5) (147.320392103652,3764.5) (147.320392103652,3790.5) (148.3203921036521,3790.5) (148.3203921036521,3816.5) (149.3203921036522,3816.5) (149.3203921036522,3842.5) (150.3203921036523,3842.5) (150.3203921036523,3868.5) (151.3203921036524,3868.5) (151.3203921036524,3894.5) (152.3203921036525,3894.5) (152.3203921036525,3920.5) (153.3203921036526,3920.5) (153.3203921036526,3946.5) (154.3203921036526,3946.5) (154.3203921036526,3972.5) (155.3203921036527,3972.5) (155.3203921036527,3998.5) (156.3203921036528,3998.5) (156.3203921036528,4024.5) (157.3203921036529,4024.5) (157.3203921036529,4050.5) (158.320392103653,4050.5) (158.320392103653,4076.5) (159.3203921036531,4076.5) (159.3203921036531,4102.5) (160.3203921036531,4102.5) (160.3203921036531,4128.5) (161.3203921036532,4128.5) (161.3203921036532,4154.5) (162.3203921036533,4154.5) (162.3203921036533,4180.5) (163.3203921036534,4180.5) (163.3203921036534,4206.5) (164.3203921036535,4206.5) (164.3203921036535,4232.5) (165.3203921036536,4232.5) (165.3203921036536,4258.5) (166.3203921036537,4258.5) (166.3203921036537,4284.5) (167.3203921036537,4284.5) (167.3203921036537,4310.5) (168.3203921036538,4310.5) (168.3203921036538,4336.5) (169.3203921036539,4336.5) (169.3203921036539,4362.5) (170.320392103654,4362.5) (170.320392103654,4388.5) (171.3203921036541,4388.5) (171.3203921036541,4416.265463717128) (172.3203921036542,4416.265463717128) (172.3203921036542,4415.530927434256) (173.3203921036543,4415.530927434256) (173.3203921036543,4414.796391151384) (174.3203921036543,4414.796391151384) (174.3203921036543,4414.061854868512) (175.3203921036544,4414.061854868512) (175.3203921036544,4413.327318585641) (176.3203921036545,4413.327318585641) (176.3203921036545,4412.592782302769) (177.3203921036546,4412.592782302769) (177.3203921036546,4411.858246019897) (178.3203921036547,4411.858246019897) (178.3203921036547,4411.123709737025) (179.3203921036548,4411.123709737025) (179.3203921036548,4410.389173454153) (180.3203921036549,4410.389173454153) (180.3203921036549,4409.654637171281) (181.3203921036549,4409.654637171281) (181.3203921036549,4408.920100888409) (182.320392103655,4408.920100888409) (182.320392103655,4408.185564605537) (183.3203921036551,4408.185564605537) (183.3203921036551,4407.451028322665) (184.3203921036552,4407.451028322665) (184.3203921036552,4406.716492039794) (185.3203921036553,4406.716492039794) (185.3203921036553,4405.981955756922) (186.3203921036554,4405.981955756922) (186.3203921036554,4405.24741947405) (187.3203921036555,4405.24741947405) (187.3203921036555,4404.512883191178) (188.3203921036555,4404.512883191178) (188.3203921036555,4403.778346908306) (189.3203921036556,4403.778346908306) (189.3203921036556,4403.043810625434) (190.3203921036557,4403.043810625434) (190.3203921036557,4402.309274342562) (191.3203921036558,4402.309274342562) (191.3203921036558,4401.57473805969) (192.3203921036559,4401.57473805969) (192.3203921036559,4400.840201776819) (700,4400.840201776819)
humanPositionY[0]:
[0]: (0,0) (0,163.5) (1,163.5) (1,188.9679078844919) (8.320392103652248,188.9679078844919) (8.320392103652248,188.479046668909) (9.320392103652246,188.479046668909) (9.320392103652246,187.9901854533261) (10.32039210365225,187.9901854533261) (10.32039210365225,187.5013242377432) (11.32039210365224,187.5013242377432) (11.32039210365224,187.0124630221603) (12.32039210365224,187.0124630221603) (12.32039210365224,186.5236018065774) (13.32039210365224,186.5236018065774) (13.32039210365224,186.0347405909945) (14.32039210365224,186.0347405909945) (14.32039210365224,185.5458793754117) (15.32039210365224,185.5458793754117) (15.32039210365224,185.0570181598288) (16.32039210365224,185.0570181598288) (16.32039210365224,184.5681569442459) (17.32039210365223,184.5681569442459) (17.32039210365223,184.079295728663) (18.32039210365222,184.079295728663) (18.32039210365222,183.5904345130801) (19.32039210365221,183.5904345130801) (19.32039210365221,183.1015732974972) (20.3203921036522,183.1015732974972) (20.3203921036522,182.6127120819143) (21.32039210365219,182.6127120819143) (21.32039210365219,182.1238508663315) (22.32039210365218,182.1238508663315) (22.32039210365218,181.6349896507486) (23.32039210365217,181.6349896507486) (23.32039210365217,181.1461284351657) (24.32039210365216,181.1461284351657) (24.32039210365216,180.6572672195828) (25.32039210365215,180.6572672195828) (25.32039210365215,180.1684060039999) (26.32039210365214,180.1684060039999) (26.32039210365214,179.679544788417) (27.32039210365213,179.679544788417) (27.32039210365213,179.1906835728341) (28.32039210365211,179.1906835728341) (28.32039210365211,178.7018223572512) (29.3203921036521,178.7018223572512) (29.3203921036521,178.2129611416684) (30.32039210365209,178.2129611416684) (30.32039210365209,177.7240999260855) (31.32039210365208,177.7240999260855) (31.32039210365208,177.2352387105026) (32.32039210365208,177.2352387105026) (32.32039210365208,176.7463774949197) (33.3203921036521,176.7463774949197) (33.3203921036521,176.2575162793368) (34.32039210365213,176.2575162793368) (34.32039210365213,175.7686550637539) (35.32039210365215,175.7686550637539) (35.32039210365215,175.279793848171) (36.32039210365217,175.279793848171) (36.32039210365217,174.7909326325882) (37.32039210365219,174.7909326325882) (37.32039210365219,174.3020714170053) (38.32039210365221,174.3020714170053) (38.32039210365221,173.8132102014224) (39.32039210365223,173.8132102014224) (39.32039210365223,173.3243489858395) (40.32039210365225,173.3243489858395) (40.32039210365225,172.8354877702566) (41.32039210365227,172.8354877702566) (41.32039210365227,172.3466265546737) (42.32039210365229,172.3466265546737) (42.32039210365229,171.8577653390908) (43.3203921036523,171.8577653390908) (43.3203921036523,171.3689041235079) (44.32039210365232,171.3689041235079) (44.32039210365232,170.8800429079251) (45.32039210365233,170.8800429079251) (45.32039210365233,170.3911816923422) (46.32039210365235,170.3911816923422) (46.32039210365235,169.9023204767593) (47.32039210365236,169.9023204767593) (47.32039210365236,169.4134592611764) (48.32039210365237,169.4134592611764) (48.32039210365237,168.9245980455935) (49.32039210365239,168.9245980455935) (49.32039210365239,168.4357368300106) (50.3203921036524,168.4357368300106) (50.3203921036524,167.9468756144277) (51.32039210365242,167.9468756144277) (51.32039210365242,167.4580143988449) (52.32039210365243,167.4580143988449) (52.32039210365243,166.969153183262) (53.32039210365244,166.969153183262) (53.32039210365244,166.4802919676791) (54.32039210365246,166.4802919676791) (54.32039210365246,165.9914307520962) (55.32039210365247,165.9914307520962) (55.32039210365247,165.5025695365133) (56.32039210365249,165.5025695365133) (56.32039210365249,165.0137083209304) (57.3203921036525,165.0137083209304) (57.3203921036525,164.5248471053475) (58.32039210365252,164.5248471053475) (58.32039210365252,164.0359858897646) (59.32039210365253,164.0359858897646) (59.32039210365253,163.5) (171.3203921036541,163.5) (171.3203921036541,189.4896220913107) (172.3203921036542,189.4896220913107) (172.3203921036542,215.4792441826214) (173.3203921036543,215.4792441826214) (173.3203921036543,241.4688662739321) (174.3203921036543,241.4688662739321) (174.3203921036543,267.4584883652428) (175.3203921036544,267.4584883652428) (175.3203921036544,293.4481104565535) (176.3203921036545,293.4481104565535) (176.3203921036545,319.4377325478642) (177.3203921036546,319.4377325478642) (177.3203921036546,345.427354639175) (178.3203921036547,345.427354639175) (178.3203921036547,371.4169767304857) (179.3203921036548,371.4169767304857) (179.3203921036548,397.4065988217964) (180.3203921036549,397.4065988217964) (180.3203921036549,423.3962209131071) (181.3203921036549,423.3962209131071) (181.3203921036549,449.3858430044178) (182.320392103655,449.3858430044178) (182.320392103655,475.3754650957285) (183.3203921036551,475.3754650957285) (183.3203921036551,501.3650871870392) (184.3203921036552,501.3650871870392) (184.3203921036552,527.3547092783499) (185.3203921036553,527.3547092783499) (185.3203921036553,553.3443313696606) (186.3203921036554,553.3443313696606) (186.3203921036554,579.3339534609713) (187.3203921036555,579.3339534609713) (187.3203921036555,605.323575552282) (188.3203921036555,605.323575552282) (188.3203921036555,631.3131976435927) (189.3203921036556,631.3131976435927) (189.3203921036556,657.3028197349034) (190.3203921036557,657.3028197349034) (190.3203921036557,683.2924418262141) (191.3203921036558,683.2924418262141) (191.3203921036558,709.2820639175249) (192.3203921036559,709.2820639175249) (192.3203921036559,735.2716860088356) (700,735.2716860088356)
robPositionX[0]:
[0]: (0,0) (0,92.5) (2,92.5) (2,97.73313175708738) (9.320392103652246,97.73313175708738) (9.320392103652246,123.7285354798977) (10.33919556613549,123.7285354798977) (10.33919556613549,149.723939202708) (11.33919556613549,149.723939202708) (11.33919556613549,175.7193429255182) (12.33919556613548,175.7193429255182) (12.33919556613548,201.7147466483285) (13.33919556613548,201.7147466483285) (13.33919556613548,227.7101503711388) (14.33919556613549,227.7101503711388) (14.33919556613549,253.7055540939491) (15.33919556613549,253.7055540939491) (15.33919556613549,279.7009578167594) (16.33919556613549,279.7009578167594) (16.33919556613549,305.6963615395697) (17.33919556613548,305.6963615395697) (17.33919556613548,331.69176526238) (18.33919556613547,331.69176526238) (18.33919556613547,357.6871689851903) (19.33919556613546,357.6871689851903) (19.33919556613546,383.6825727080006) (20.33919556613544,383.6825727080006) (20.33919556613544,409.6779764308109) (21.33919556613543,409.6779764308109) (21.33919556613543,435.6733801536212) (22.33919556613542,435.6733801536212) (22.33919556613542,461.6687838764315) (23.33919556613541,461.6687838764315) (23.33919556613541,487.6641875992418) (24.3391955661354,487.6641875992418) (24.3391955661354,513.6595913220521) (25.33919556613539,513.6595913220521) (25.33919556613539,539.6549950448623) (26.33919556613538,539.6549950448623) (26.33919556613538,565.6503987676725) (27.33919556613537,565.6503987676725) (27.33919556613537,591.6458024904828) (28.33919556613536,591.6458024904828) (28.33919556613536,617.641206213293) (29.33919556613535,617.641206213293) (29.33919556613535,643.6366099361032) (30.33919556613534,643.6366099361032) (30.33919556613534,669.6320136589135) (31.33919556613533,669.6320136589135) (31.33919556613533,695.6274173817237) (32.33919556613532,695.6274173817237) (32.33919556613532,721.622821104534) (33.33919556613534,721.622821104534) (33.33919556613534,747.6182248273442) (34.33919556613537,747.6182248273442) (34.33919556613537,773.6136285501544) (35.33919556613539,773.6136285501544) (35.33919556613539,799.6090322729647) (36.33919556613541,799.6090322729647) (36.33919556613541,825.6044359957749) (37.33919556613543,825.6044359957749) (37.33919556613543,851.5998397185851) (38.33919556613545,851.5998397185851) (38.33919556613545,877.5952434413954) (39.33919556613547,877.5952434413954) (39.33919556613547,903.5906471642056) (40.33919556613549,903.5906471642056) (40.33919556613549,929.5860508870159) (41.33919556613552,929.5860508870159) (41.33919556613552,955.5814546098261) (42.33919556613553,955.5814546098261) (42.33919556613553,981.5768583326363) (43.33919556613554,981.5768583326363) (43.33919556613554,1007.572262055447) (44.33919556613556,1007.572262055447) (44.33919556613556,1033.567665778257) (45.33919556613557,1033.567665778257) (45.33919556613557,1059.563069501067) (46.33919556613559,1059.563069501067) (46.33919556613559,1085.558473223878) (47.3391955661356,1085.558473223878) (47.3391955661356,1111.553876946688) (48.33919556613561,1111.553876946688) (48.33919556613561,1137.549280669498) (49.33919556613563,1137.549280669498) (49.33919556613563,1163.544684392309) (50.33919556613564,1163.544684392309) (50.33919556613564,1189.540088115119) (51.33919556613566,1189.540088115119) (51.33919556613566,1215.535491837929) (52.33919556613567,1215.535491837929) (52.33919556613567,1241.53089556074) (53.33919556613569,1241.53089556074) (53.33919556613569,1267.52629928355) (54.3391955661357,1267.52629928355) (54.3391955661357,1293.52170300636) (55.33919556613571,1293.52170300636) (55.33919556613571,1319.517106729171) (56.33919556613573,1319.517106729171) (56.33919556613573,1345.512510451981) (57.33919556613574,1345.512510451981) (57.33919556613574,1371.507914174791) (58.33919556613576,1371.507914174791) (58.33919556613576,1397.503317897602) (59.33919556613577,1397.503317897602) (59.33919556613577,1423.498721620412) (60.33919556613579,1423.498721620412) (60.33919556613579,1452) (61.3391955661358,1452) (61.3391955661358,1478) (62.33919556613581,1478) (62.33919556613581,1504) (63.33919556613583,1504) (63.33919556613583,1530) (64.33919556613586,1530) (64.33919556613586,1556) (65.33919556613588,1556) (65.33919556613588,1582) (66.33919556613591,1582) (66.33919556613591,1608) (67.33919556613594,1608) (67.33919556613594,1634) (68.33919556613597,1634) (68.33919556613597,1660) (69.339195566136,1660) (69.339195566136,1686) (70.33919556613603,1686) (70.33919556613603,1712) (71.33919556613606,1712) (71.33919556613606,1738) (72.33919556613608,1738) (72.33919556613608,1764) (73.3391955661361,1764) (73.3391955661361,1790) (74.33919556613611,1790) (74.33919556613611,1816) (75.33919556613613,1816) (75.33919556613613,1842) (76.33919556613614,1842) (76.33919556613614,1868) (77.33919556613615,1868) (77.33919556613615,1894) (78.33919556613615,1894) (78.33919556613615,1920) (79.33919556613615,1920) (79.33919556613615,1946) (80.33919556613615,1946) (80.33919556613615,1972) (81.33919556613615,1972) (81.33919556613615,1998) (82.33919556613615,1998) (82.33919556613615,2024) (83.33919556613615,2024) (83.33919556613615,2050) (84.33919556613615,2050) (84.33919556613615,2076) (85.33919556613615,2076) (85.33919556613615,2102) (86.33919556613615,2102) (86.33919556613615,2128) (87.33919556613615,2128) (87.33919556613615,2154) (88.33919556613615,2154) (88.33919556613615,2180) (89.33919556613615,2180) (89.33919556613615,2206) (90.33919556613615,2206) (90.33919556613615,2232) (91.33919556613615,2232) (91.33919556613615,2258) (92.33919556613614,2258) (92.33919556613614,2284) (93.33919556613608,2284) (93.33919556613608,2310) (94.33919556613601,2310) (94.33919556613601,2336) (95.33919556613594,2336) (95.33919556613594,2362) (96.33919556613587,2362) (96.33919556613587,2388) (97.3391955661358,2388) (97.3391955661358,2414) (98.33919556613573,2414) (98.33919556613573,2440) (99.33919556613566,2440) (99.33919556613566,2466) (100.3391955661356,2466) (100.3391955661356,2492) (101.3391955661355,2492) (101.3391955661355,2518) (102.3391955661354,2518) (102.3391955661354,2544) (103.3391955661354,2544) (103.3391955661354,2570) (104.3391955661353,2570) (104.3391955661353,2596) (105.3391955661352,2596) (105.3391955661352,2622) (106.3391955661352,2622) (106.3391955661352,2648) (107.3391955661351,2648) (107.3391955661351,2674) (108.339195566135,2674) (108.339195566135,2700) (109.3391955661349,2700) (109.3391955661349,2726) (110.3391955661349,2726) (110.3391955661349,2752) (111.3391955661348,2752) (111.3391955661348,2778) (112.3391955661347,2778) (112.3391955661347,2804) (113.3391955661347,2804) (113.3391955661347,2830) (114.3391955661346,2830) (114.3391955661346,2856) (115.3391955661345,2856) (115.3391955661345,2882) (116.3391955661344,2882) (116.3391955661344,2908) (117.3391955661344,2908) (117.3391955661344,2934) (118.3391955661343,2934) (118.3391955661343,2960) (119.3391955661342,2960) (119.3391955661342,2986) (120.3391955661342,2986) (120.3391955661342,3012) (121.3391955661341,3012) (121.3391955661341,3038) (122.339195566134,3038) (122.339195566134,3062.5) (123.339195566134,3062.5) (123.339195566134,3088.5) (124.3391955661339,3088.5) (124.3391955661339,3114.5) (125.3391955661338,3114.5) (125.3391955661338,3140.5) (126.3391955661337,3140.5) (126.3391955661337,3166.5) (127.3391955661337,3166.5) (127.3391955661337,3192.5) (128.3391955661337,3192.5) (128.3391955661337,3218.5) (129.3391955661338,3218.5) (129.3391955661338,3244.5) (130.3391955661338,3244.5) (130.3391955661338,3270.5) (131.3391955661339,3270.5) (131.3391955661339,3296.5) (132.339195566134,3296.5) (132.339195566134,3322.5) (133.3391955661341,3322.5) (133.3391955661341,3348.5) (134.3391955661342,3348.5) (134.3391955661342,3374.5) (135.3391955661343,3374.5) (135.3391955661343,3400.5) (136.3391955661344,3400.5) (136.3391955661344,3426.5) (137.3391955661344,3426.5) (137.3391955661344,3452.5) (138.3391955661345,3452.5) (138.3391955661345,3478.5) (139.3391955661346,3478.5) (139.3391955661346,3504.5) (140.3391955661347,3504.5) (140.3391955661347,3530.5) (141.3391955661348,3530.5) (141.3391955661348,3556.5) (142.3391955661349,3556.5) (142.3391955661349,3582.5) (143.3391955661349,3582.5) (143.3391955661349,3608.5) (144.339195566135,3608.5) (144.339195566135,3634.5) (145.3391955661351,3634.5) (145.3391955661351,3660.5) (146.3391955661352,3660.5) (146.3391955661352,3686.5) (147.3391955661353,3686.5) (147.3391955661353,3712.5) (148.3391955661354,3712.5) (148.3391955661354,3738.5) (149.3391955661355,3738.5) (149.3391955661355,3764.5) (150.3391955661355,3764.5) (150.3391955661355,3790.5) (151.3391955661356,3790.5) (151.3391955661356,3816.5) (152.3391955661357,3816.5) (152.3391955661357,3842.5) (153.3391955661358,3842.5) (153.3391955661358,3868.5) (154.3391955661359,3868.5) (154.3391955661359,3894.5) (155.339195566136,3894.5) (155.339195566136,3920.5) (156.3391955661361,3920.5) (156.3391955661361,3946.5) (157.3391955661361,3946.5) (157.3391955661361,3972.5) (158.3391955661362,3972.5) (158.3391955661362,3998.5) (159.3391955661363,3998.5) (159.3391955661363,4024.5) (160.3391955661364,4024.5) (160.3391955661364,4050.5) (161.3391955661365,4050.5) (161.3391955661365,4076.5) (162.3391955661366,4076.5) (162.3391955661366,4102.5) (163.3391955661367,4102.5) (163.3391955661367,4128.5) (164.3391955661367,4128.5) (164.3391955661367,4154.5) (165.3391955661368,4154.5) (165.3391955661368,4180.5) (166.3391955661369,4180.5) (166.3391955661369,4206.5) (167.339195566137,4206.5) (167.339195566137,4232.5) (168.3391955661371,4232.5) (168.3391955661371,4258.5) (169.3391955661372,4258.5) (169.3391955661372,4284.5) (170.3391955661372,4284.5) (170.3391955661372,4310.5) (171.3391955661373,4310.5) (171.3391955661373,4336.5) (172.3391955661374,4336.5) (172.3391955661374,4362.5) (173.3391955661375,4362.5) (173.3391955661375,4388.5) (174.3391955661376,4388.5) (174.3391955661376,4417) (176.9382470478793,4417) (176.9382470478793,4416.265463717128) (177.9382470478794,4416.265463717128) (177.9382470478794,4415.530927434256) (178.9382470478795,4415.530927434256) (178.9382470478795,4414.796391151384) (179.9382470478796,4414.796391151384) (179.9382470478796,4414.061854868512) (180.9382470478797,4414.061854868512) (180.9382470478797,4413.327318585641) (181.9382470478798,4413.327318585641) (181.9382470478798,4412.592782302769) (182.9382470478799,4412.592782302769) (182.9382470478799,4411.858246019897) (183.9382470478799,4411.858246019897) (183.9382470478799,4411.123709737025) (184.93824704788,4411.123709737025) (184.93824704788,4410.389173454153) (185.9382470478801,4410.389173454153) (185.9382470478801,4409.654637171281) (186.9382470478802,4409.654637171281) (186.9382470478802,4408.920100888409) (187.9382470478803,4408.920100888409) (187.9382470478803,4408.185564605537) (188.9382470478804,4408.185564605537) (188.9382470478804,4407.451028322665) (189.9382470478805,4407.451028322665) (189.9382470478805,4406.716492039794) (190.9382470478805,4406.716492039794) (190.9382470478805,4405.981955756922) (191.9382470478806,4405.981955756922) (191.9382470478806,4405.24741947405) (192.9382470478807,4405.24741947405) (192.9382470478807,4404.512883191178) (193.9382470478808,4404.512883191178) (193.9382470478808,4403.778346908306) (194.9382470478809,4403.778346908306) (194.9382470478809,4403.043810625434) (195.938247047881,4403.043810625434) (195.938247047881,4402.309274342562) (196.938247047881,4402.309274342562) (196.938247047881,4401.57473805969) (197.9382470478811,4401.57473805969) (197.9382470478811,4400.840201776819) (700,4400.840201776819)
robPositionY[0]:
[0]: (0,0) (0,163.5) (2,163.5) (2,188.9679078844919) (9.320392103652246,188.9679078844919) (9.320392103652246,188.479046668909) (10.33919556613549,188.479046668909) (10.33919556613549,187.9901854533261) (11.33919556613549,187.9901854533261) (11.33919556613549,187.5013242377432) (12.33919556613548,187.5013242377432) (12.33919556613548,187.0124630221603) (13.33919556613548,187.0124630221603) (13.33919556613548,186.5236018065774) (14.33919556613549,186.5236018065774) (14.33919556613549,186.0347405909945) (15.33919556613549,186.0347405909945) (15.33919556613549,185.5458793754117) (16.33919556613549,185.5458793754117) (16.33919556613549,185.0570181598288) (17.33919556613548,185.0570181598288) (17.33919556613548,184.5681569442459) (18.33919556613547,184.5681569442459) (18.33919556613547,184.079295728663) (19.33919556613546,184.079295728663) (19.33919556613546,183.5904345130801) (20.33919556613544,183.5904345130801) (20.33919556613544,183.1015732974972) (21.33919556613543,183.1015732974972) (21.33919556613543,182.6127120819143) (22.33919556613542,182.6127120819143) (22.33919556613542,182.1238508663315) (23.33919556613541,182.1238508663315) (23.33919556613541,181.6349896507486) (24.3391955661354,181.6349896507486) (24.3391955661354,181.1461284351657) (25.33919556613539,181.1461284351657) (25.33919556613539,180.6572672195828) (26.33919556613538,180.6572672195828) (26.33919556613538,180.1684060039999) (27.33919556613537,180.1684060039999) (27.33919556613537,179.679544788417) (28.33919556613536,179.679544788417) (28.33919556613536,179.1906835728341) (29.33919556613535,179.1906835728341) (29.33919556613535,178.7018223572512) (30.33919556613534,178.7018223572512) (30.33919556613534,178.2129611416684) (31.33919556613533,178.2129611416684) (31.33919556613533,177.7240999260855) (32.33919556613532,177.7240999260855) (32.33919556613532,177.2352387105026) (33.33919556613534,177.2352387105026) (33.33919556613534,176.7463774949197) (34.33919556613537,176.7463774949197) (34.33919556613537,176.2575162793368) (35.33919556613539,176.2575162793368) (35.33919556613539,175.7686550637539) (36.33919556613541,175.7686550637539) (36.33919556613541,175.279793848171) (37.33919556613543,175.279793848171) (37.33919556613543,174.7909326325882) (38.33919556613545,174.7909326325882) (38.33919556613545,174.3020714170053) (39.33919556613547,174.3020714170053) (39.33919556613547,173.8132102014224) (40.33919556613549,173.8132102014224) (40.33919556613549,173.3243489858395) (41.33919556613552,173.3243489858395) (41.33919556613552,172.8354877702566) (42.33919556613553,172.8354877702566) (42.33919556613553,172.3466265546737) (43.33919556613554,172.3466265546737) (43.33919556613554,171.8577653390908) (44.33919556613556,171.8577653390908) (44.33919556613556,171.3689041235079) (45.33919556613557,171.3689041235079) (45.33919556613557,170.8800429079251) (46.33919556613559,170.8800429079251) (46.33919556613559,170.3911816923422) (47.3391955661356,170.3911816923422) (47.3391955661356,169.9023204767593) (48.33919556613561,169.9023204767593) (48.33919556613561,169.4134592611764) (49.33919556613563,169.4134592611764) (49.33919556613563,168.9245980455935) (50.33919556613564,168.9245980455935) (50.33919556613564,168.4357368300106) (51.33919556613566,168.4357368300106) (51.33919556613566,167.9468756144277) (52.33919556613567,167.9468756144277) (52.33919556613567,167.4580143988449) (53.33919556613569,167.4580143988449) (53.33919556613569,166.969153183262) (54.3391955661357,166.969153183262) (54.3391955661357,166.4802919676791) (55.33919556613571,166.4802919676791) (55.33919556613571,165.9914307520962) (56.33919556613573,165.9914307520962) (56.33919556613573,165.5025695365133) (57.33919556613574,165.5025695365133) (57.33919556613574,165.0137083209304) (58.33919556613576,165.0137083209304) (58.33919556613576,164.5248471053475) (59.33919556613577,164.5248471053475) (59.33919556613577,164.0359858897646) (60.33919556613579,164.0359858897646) (60.33919556613579,163.5) (176.9382470478793,163.5) (176.9382470478793,189.4896220913107) (177.9382470478794,189.4896220913107) (177.9382470478794,215.4792441826214) (178.9382470478795,215.4792441826214) (178.9382470478795,241.4688662739321) (179.9382470478796,241.4688662739321) (179.9382470478796,267.4584883652428) (180.9382470478797,267.4584883652428) (180.9382470478797,293.4481104565535) (181.9382470478798,293.4481104565535) (181.9382470478798,319.4377325478642) (182.9382470478799,319.4377325478642) (182.9382470478799,345.427354639175) (183.9382470478799,345.427354639175) (183.9382470478799,371.4169767304857) (184.93824704788,371.4169767304857) (184.93824704788,397.4065988217964) (185.9382470478801,397.4065988217964) (185.9382470478801,423.3962209131071) (186.9382470478802,423.3962209131071) (186.9382470478802,449.3858430044178) (187.9382470478803,449.3858430044178) (187.9382470478803,475.3754650957285) (188.9382470478804,475.3754650957285) (188.9382470478804,501.3650871870392) (189.9382470478805,501.3650871870392) (189.9382470478805,527.3547092783499) (190.9382470478805,527.3547092783499) (190.9382470478805,553.3443313696606) (191.9382470478806,553.3443313696606) (191.9382470478806,579.3339534609713) (192.9382470478807,579.3339534609713) (192.9382470478807,605.323575552282) (193.9382470478808,605.323575552282) (193.9382470478808,631.3131976435927) (194.9382470478809,631.3131976435927) (194.9382470478809,657.3028197349034) (195.938247047881,657.3028197349034) (195.938247047881,683.2924418262141) (196.938247047881,683.2924418262141) (196.938247047881,709.2820639175249) (197.9382470478811,709.2820639175249) (197.9382470478811,735.2716860088356) (700,735.2716860088356)
batteryCharge[0]:
[0]: (0,100) (700,100)
user_guided_transport.end:
[0]: (0,0) (199.9382470478803,0) (199.9382470478803,1) (700,1)
[2K
Verifying formula 5 at /nta/queries/query[5]/formula
 -- Formula: simulate[<=700]{robot_inventory[0][0], user_guided_transport.end*2}
[2K -- Formula is satisfied.
robot_inventory[0][0]:
[0]: (0,0) (9.270793085093345,0) (9.270793085093345,1) (700,1)
user_guided_transport.end * 2:
[0]: (0,0) (201.88864802932,0) (201.88864802932,2) (700,2)
[2K
Verifying formula 6 at /nta/queries/query[6]/formula
 -- Formula: simulate[<=700]{bedroom[0], bedroom[1], kitchen[0], kitchen[1]}
[2K -- Formula is satisfied.
bedroom[0]:
[0]: (0,100) (700,100)
bedroom[1]:
[0]: (0,200) (700,200)
kitchen[0]:
[0]: (0,4400) (700,4400)
kitchen[1]:
[0]: (0,765) (700,765)
[2K
Verifying formula 7 at /nta/queries/query[7]/formula
 -- Formula: simulate[<=700]{rm_1.idle, rf_1.idle, rp_1.idle, rd_1.idle}
[2K -- Formula is satisfied.
rm_1.idle:
[0]: (0,0) (0,1) (0,0) (3,0) (3,1) (11.42829132126893,1) (11.42829132126893,0) (203.0461462654969,0) (203.0461462654969,1) (700,1)
rf_1.idle:
[0]: (0,0) (0,1) (700,1)
rp_1.idle:
[0]: (0,0) (0,1) (2,1) (2,0) (11.42829132126893,0) (11.42829132126893,1) (700,1)
rd_1.idle:
[0]: (0,0) (0,1) (700,1)
[2K
Verifying formula 8 at /nta/queries/query[8]/formula
 -- Formula: Pr[<=700](<>!rm_1.idle || !rf_1.idle || !rp_1.idle || !rd_1.idle)
[2K -- Formula is satisfied.
(72/72 runs) Pr(<> …) in [0.950056,1] (95% CI)
Values in [0,0] mean=0 steps=2.22045e-16: 72
[2K
Verifying formula 9 at /nta/queries/query[9]/formula
 -- Formula: Pr[<=700]([] (user_guided_transport.end imply (rm_1.idle && rf_1.idle && rp_1.idle && rd_1.idle)))
 -- Throughput: 657485 runs/sec, Load: 327 runs[K
[2K -- Formula is satisfied.
(72/72 runs) Pr([] …) in [0.950056,1] (95% CI)
[2K
Verifying formula 10 at /nta/queries/query[10]/formula
 -- Formula: Pr[<=700] (<> pow(humanPositionX[0] - kitchen[0], 2) + pow(humanPositionY[0] - kitchen[1], 2) <= 900 )
[2K -- Formula is satisfied.
(72/72 runs) Pr(<> …) in [0.950056,1] (95% CI)
Values in [192.081,196.935] mean=194.479 steps=0.539345: 10 5 10 8 6 9 9 10 5
[2K
Verifying formula 11 at /nta/queries/query[11]/formula
 -- Formula: Pr[<=700] (<> pow(humanPositionX[0] - bedroom[0], 2) + pow(humanPositionY[0] - bedroom[1], 2) <= 900 )
[2K -- Formula is satisfied.
(72/72 runs) Pr(<> …) in [0.950056,1] (95% CI)
Values in [1,1] mean=1 steps=2.22045e-16: 72
[2K
Verifying formula 12 at /nta/queries/query[12]/formula
 -- Formula: Pr[<=700] (<> pow(robPositionX[0] - kitchen[0], 2) + pow(robPositionY[0] - kitchen[1], 2) <= 900 )
[2K -- Formula is satisfied.
(72/72 runs) Pr(<> …) in [0.950056,1] (95% CI)
Values in [197.785,202.386] mean=200.294 steps=0.511219: 8 4 5 8 8 12 12 5 10
[2K
Verifying formula 13 at /nta/queries/query[13]/formula
 -- Formula: Pr[<=700] (<> pow(robPositionX[0] - bedroom[0], 2) + pow(robPositionY[0] - bedroom[1], 2) <= 900 )
[2K -- Formula is satisfied.
(72/72 runs) Pr(<> …) in [0.950056,1] (95% CI)
Values in [2,2] mean=2 steps=2.22045e-16: 72
[2K
Verifying formula 14 at /nta/queries/query[14]/formula
 -- Formula: Pr[<=700] (<> !isValidPosition(humanPositionX[0], humanPositionY[0]))
[2K -- Formula is satisfied.
(72/72 runs) Pr(<> …) in [0.950056,1] (95% CI)
Values in [0,0] mean=0 steps=2.22045e-16: 72
[2K
Verifying formula 15 at /nta/queries/query[15]/formula
 -- Formula: Pr[<=700] (<> !isValidPosition(robPositionX[0], robPositionY[0]))
[2K -- Formula is satisfied.
(72/72 runs) Pr(<> …) in [0.950056,1] (95% CI)
Values in [0,0] mean=0 steps=2.22045e-16: 72
[2K
Verifying formula 16 at /nta/queries/query[16]/formula
 -- Formula: Pr[<=700] (<> currP > 2)
 -- Throughput: 660371 runs/sec, Load: 327 runs[K
[2K -- Formula is satisfied.
(0/72 runs) Pr(<> …) in [0,0.0499441] (95% CI)
