Options for the verification:
  Generating no trace
  Search order is breadth first
  Using conservative space optimisation
  Seed is 1784900768
  State space representation uses minimal constraint systems with future testing
  Using HashMap + Compress integers for discrete state storage
[2K
Verifying formula 1 at /nta/queries/query[1]/formula
 -- Formula: simulate[<=700]{user_guided_transport_robot_def.s1_start, user_guided_transport_robot_def.s1_end, user_guided_transport_robot_def.s2_start, user_guided_transport_robot_def.s2_end, user_guided_transport_robot_def.s3_start, user_guided_transport_robot_def.s3_end, user_guided_transport.end}
[2K -- Formula is satisfied.
user_guided_transport_robot_def.s1_start:
[0]: (0,0) (0,1) (0,0) (700,0)
user_guided_transport_robot_def.s1_end:
[0]: (0,0) (2,0) (2,1) (2,0) (700,0)
user_guided_transport_robot_def.s2_start:
[0]: (0,0) (2,0) (2,1) (2,0) (700,0)
user_guided_transport_robot_def.s2_end:
[0]: (0,0) (9.641924426385465,0) (9.641924426385465,1) (9.641924426385465,0) (700,0)
user_guided_transport_robot_def.s3_start:
[0]: (0,0) (9.641924426385465,0) (9.641924426385465,1) (9.641924426385465,0) (700,0)
user_guided_transport_robot_def.s3_end:
[0]: (0,0) (230.8695945676086,0) (230.8695945676086,1) (230.8695945676086,0) (700,0)
user_guided_transport.end:
[0]: (0,0) (232.8695945676077,0) (232.8695945676077,1) (700,1)
[2K
Verifying formula 2 at /nta/queries/query[2]/formula
 -- Formula: simulate[<=700]{user_guided_transport_human_def.s1_start, user_guided_transport_human_def.s1_end, user_guided_transport_human_def.s2_start, user_guided_transport_human_def.s2_idle, user_guided_transport_human_def.s3_start, user_guided_transport_human_def.s3_end, user_guided_transport.end}
[2K -- Formula is satisfied.
user_guided_transport_human_def.s1_start:
[0]: (0,0) (0,1) (0,0) (700,0)
user_guided_transport_human_def.s1_end:
[0]: (0,0) (1,0) (1,1) (2,1) (2,0) (700,0)
user_guided_transport_human_def.s2_start:
[0]: (0,0) (2,0) (2,1) (2,0) (700,0)
user_guided_transport_human_def.s2_idle:
[0]: (0,0) (2,0) (2,1) (8.969541641387073,1) (8.969541641387073,0) (700,0)
user_guided_transport_human_def.s3_start:
[0]: (0,0) (8.969541641387073,0) (8.969541641387073,1) (8.969541641387073,0) (13.96954164138705,0) (13.96954164138705,1) (13.96954164138705,0) (18.96954164138706,0) (18.96954164138706,1) (18.96954164138706,0) (23.96954164138702,0) (23.96954164138702,1) (23.96954164138702,0) (28.96954164138698,0) (28.96954164138698,1) (28.96954164138698,0) (33.96954164138702,0) (33.96954164138702,1) (33.96954164138702,0) (38.96954164138709,0) (38.96954164138709,1) (38.96954164138709,0) (43.96954164138715,0) (43.96954164138715,1) (43.96954164138715,0) (48.96954164138714,0) (48.96954164138714,1) (48.96954164138714,0) (53.96954164138715,0) (53.96954164138715,1) (53.96954164138715,0) (58.96954164138711,0) (58.96954164138711,1) (58.96954164138711,0) (63.96954164138705,0) (63.96954164138705,1) (63.96954164138705,0) (68.96954164138737,0) (68.96954164138737,1) (68.96954164138737,0) (73.96954164138764,0) (73.96954164138764,1) (73.96954164138764,0) (78.96954164138793,0) (78.96954164138793,1) (78.96954164138793,0) (83.9695416413882,0) (83.9695416413882,1) (83.9695416413882,0) (88.96954164138849,0) (88.96954164138849,1) (88.96954164138849,0) (93.96954164138876,0) (93.96954164138876,1) (93.96954164138876,0) (98.96954164138903,0) (98.96954164138903,1) (98.96954164138903,0) (103.9695416413893,0) (103.9695416413893,1) (103.9695416413893,0) (108.9695416413896,0) (108.9695416413896,1) (108.9695416413896,0) (113.9695416413899,0) (113.9695416413899,1) (113.9695416413899,0) (118.9695416413901,0) (118.9695416413901,1) (118.9695416413901,0) (123.9695416413904,0) (123.9695416413904,1) (123.9695416413904,0) (128.9695416413907,0) (128.9695416413907,1) (128.9695416413907,0) (133.969541641391,0) (133.969541641391,1) (133.969541641391,0) (138.9695416413913,0) (138.9695416413913,1) (138.9695416413913,0) (143.9695416413915,0) (143.9695416413915,1) (143.9695416413915,0) (148.9695416413918,0) (148.9695416413918,1) (148.9695416413918,0) (153.9695416413921,0) (153.9695416413921,1) (153.9695416413921,0) (158.9695416413924,0) (158.9695416413924,1) (158.9695416413924,0) (163.9695416413927,0) (163.9695416413927,1) (163.9695416413927,0) (168.969541641393,0) (168.969541641393,1) (168.969541641393,0) (173.9695416413932,0) (173.9695416413932,1) (173.9695416413932,0) (178.9695416413935,0) (178.9695416413935,1) (178.9695416413935,0) (183.9695416413938,0) (183.9695416413938,1) (183.9695416413938,0) (188.9695416413942,0) (188.9695416413942,1) (188.9695416413942,0) (193.9695416413944,0) (193.9695416413944,1) (193.9695416413944,0) (700,0)
user_guided_transport_human_def.s3_end:
[0]: (0,0) (193.9695416413944,0) (193.9695416413944,1) (230.1784083201323,1) (230.1784083201323,0) (700,0)
user_guided_transport.end:
[0]: (0,0) (232.1784083201314,0) (232.1784083201314,1) (700,1)
[2K
Verifying formula 3 at /nta/queries/query[3]/formula
 -- Formula: Pr[<=700] (<> user_guided_transport.end)
[2K -- Formula is satisfied.
(72/72 runs) Pr(<> …) in [0.950056,1] (95% CI)
Values in [230.267,235.072] mean=232.498 steps=0.533902: 11 11 11 5 6 6 6 5 11
[2K
Verifying formula 4 at /nta/queries/query[4]/formula
 -- Formula: simulate[<=700]{humanPositionX[0], humanPositionY[0], robPositionX[0], robPositionY[0], batteryCharge[0], user_guided_transport.end}
[2K -- Formula is satisfied.
humanPositionX[0]:
[0]: (0,0) (0,92.5) (1,92.5) (1,97.73313175708738) (11.17590759435994,97.73313175708738) (11.17590759435994,123.7285354798977) (12.17590759435994,123.7285354798977) (12.17590759435994,149.723939202708) (13.17590759435994,149.723939202708) (13.17590759435994,175.7193429255182) (14.17590759435994,175.7193429255182) (14.17590759435994,201.7147466483285) (15.17590759435994,201.7147466483285) (15.17590759435994,227.7101503711388) (16.17590759435994,227.7101503711388) (16.17590759435994,253.7055540939491) (17.17590759435993,253.7055540939491) (17.17590759435993,279.7009578167594) (18.17590759435993,279.7009578167594) (18.17590759435993,305.6963615395697) (19.17590759435993,305.6963615395697) (19.17590759435993,331.69176526238) (20.17590759435993,331.69176526238) (20.17590759435993,357.6871689851903) (21.17590759435993,357.6871689851903) (21.17590759435993,383.6825727080006) (22.17590759435993,383.6825727080006) (22.17590759435993,409.6779764308109) (23.17590759435994,409.6779764308109) (23.17590759435994,435.6733801536212) (24.17590759435994,435.6733801536212) (24.17590759435994,461.6687838764315) (25.17590759435994,461.6687838764315) (25.17590759435994,487.6641875992418) (26.17590759435994,487.6641875992418) (26.17590759435994,513.6595913220521) (27.17590759435994,513.6595913220521) (27.17590759435994,539.6549950448623) (28.17590759435994,539.6549950448623) (28.17590759435994,565.6503987676725) (29.17590759435994,565.6503987676725) (29.17590759435994,591.6458024904828) (30.17590759435994,591.6458024904828) (30.17590759435994,617.641206213293) (31.17590759435994,617.641206213293) (31.17590759435994,643.6366099361032) (32.17590759435993,643.6366099361032) (32.17590759435993,669.6320136589135) (33.1759075943599,669.6320136589135) (33.1759075943599,695.6274173817237) (34.17590759435986,695.6274173817237) (34.17590759435986,721.622821104534) (35.17590759435983,721.622821104534) (35.17590759435983,747.6182248273442) (36.17590759435979,747.6182248273442) (36.17590759435979,773.6136285501544) (37.17590759435976,773.6136285501544) (37.17590759435976,799.6090322729647) (38.17590759435972,799.6090322729647) (38.17590759435972,825.6044359957749) (39.17590759435969,825.6044359957749) (39.17590759435969,851.5998397185851) (40.17590759435965,851.5998397185851) (40.17590759435965,877.5952434413954) (41.17590759435962,877.5952434413954) (41.17590759435962,903.5906471642056) (42.17590759435959,903.5906471642056) (42.17590759435959,929.5860508870159) (43.17590759435955,929.5860508870159) (43.17590759435955,955.5814546098261) (44.17590759435951,955.5814546098261) (44.17590759435951,981.5768583326363) (45.17590759435948,981.5768583326363) (45.17590759435948,1007.572262055447) (46.17590759435945,1007.572262055447) (46.17590759435945,1033.567665778257) (47.17590759435944,1033.567665778257) (47.17590759435944,1059.563069501067) (48.17590759435943,1059.563069501067) (48.17590759435943,1085.558473223878) (49.17590759435942,1085.558473223878) (49.17590759435942,1111.553876946688) (50.1759075943594,1111.553876946688) (50.1759075943594,1137.549280669498) (51.17590759435939,1137.549280669498) (51.17590759435939,1163.544684392309) (52.17590759435937,1163.544684392309) (52.17590759435937,1189.540088115119) (53.17590759435936,1189.540088115119) (53.17590759435936,1215.535491837929) (54.17590759435934,1215.535491837929) (54.17590759435934,1241.53089556074) (55.17590759435932,1241.53089556074) (55.17590759435932,1267.52629928355) (56.1759075943593,1267.52629928355) (56.1759075943593,1293.52170300636) (57.17590759435929,1293.52170300636) (57.17590759435929,1319.517106729171) (58.17590759435927,1319.517106729171) (58.17590759435927,1345.512510451981) (59.17590759435926,1345.512510451981) (59.17590759435926,1371.507914174791) (60.17590759435924,1371.507914174791) (60.17590759435924,1397.503317897602) (61.17590759435923,1397.503317897602) (61.17590759435923,1423.498721620412) (62.17590759435922,1423.498721620412) (62.17590759435922,1478) (63.1759075943592,1478) (63.1759075943592,1504) (64.1759075943592,1504) (64.1759075943592,1530) (65.17590759435917,1530) (65.17590759435917,1556) (66.17590759435917,1556) (66.17590759435917,1582) (67.17590759435915,1582) (67.17590759435915,1608) (68.17590759435915,1608) (68.17590759435915,1634) (69.17590759435913,1634) (69.17590759435913,1660) (70.1759075943591,1660) (70.1759075943591,1686) (71.17590759435909,1686) (71.17590759435909,1712) (72.17590759435907,1712) (72.17590759435907,1738) (73.17590759435906,1738) (73.17590759435906,1764) (74.17590759435905,1764) (74.17590759435905,1790) (75.17590759435899,1790) (75.17590759435899,1816) (76.17590759435893,1816) (76.17590759435893,1842) (77.17590759435888,1842) (77.17590759435888,1868) (78.17590759435882,1868) (78.17590759435882,1894) (79.17590759435876,1894) (79.17590759435876,1920) (80.17590759435872,1920) (80.17590759435872,1946) (81.17590759435865,1946) (81.17590759435865,1972) (82.17590759435861,1972) (82.17590759435861,1998) (83.17590759435856,1998) (83.17590759435856,2024) (84.17590759435851,2024) (84.17590759435851,2050) (85.17590759435845,2050) (85.17590759435845,2076) (86.17590759435839,2076) (86.17590759435839,2102) (87.17590759435834,2102) (87.17590759435834,2128) (88.17590759435828,2128) (88.17590759435828,2154) (89.17590759435822,2154) (89.17590759435822,2180) (90.17590759435816,2180) (90.17590759435816,2206) (91.17590759435811,2206) (91.17590759435811,2232) (92.17590759435805,2232) (92.17590759435805,2258) (93.17590759435799,2258) (93.17590759435799,2284) (94.17590759435794,2284) (94.17590759435794,2310) (95.17590759435788,2310) (95.17590759435788,2336) (96.17590759435782,2336) (96.17590759435782,2362) (97.17590759435777,2362) (97.17590759435777,2388) (98.17590759435771,2388) (98.17590759435771,2414) (99.17590759435765,2414) (99.17590759435765,2440) (100.1759075943576,2440) (100.1759075943576,2466) (101.1759075943575,2466) (101.1759075943575,2492) (102.1759075943575,2492) (102.1759075943575,2518) (103.1759075943574,2518) (103.1759075943574,2544) (104.1759075943574,2544) (104.1759075943574,2570) (105.1759075943573,2570) (105.1759075943573,2596) (106.1759075943573,2596) (106.1759075943573,2622) (107.1759075943572,2622) (107.1759075943572,2648) (108.1759075943572,2648) (108.1759075943572,2674) (109.1759075943571,2674) (109.1759075943571,2700) (110.1759075943571,2700) (110.1759075943571,2726) (111.175907594357,2726) (111.175907594357,2752) (112.175907594357,2752) (112.175907594357,2778) (113.1759075943569,2778) (113.1759075943569,2804) (114.1759075943569,2804) (114.1759075943569,2830) (115.1759075943568,2830) (115.1759075943568,2856) (116.1759075943567,2856) (116.1759075943567,2882) (117.1759075943567,2882) (117.1759075943567,2908) (118.1759075943566,2908) (118.1759075943566,2934) (119.1759075943566,2934) (119.1759075943566,2960) (120.1759075943565,2960) (120.1759075943565,2986) (121.1759075943565,2986) (121.1759075943565,3012) (122.1759075943564,3012) (122.1759075943564,3038) (123.1759075943563,3038) (123.1759075943563,3088.5) (124.1759075943563,3088.5) (124.1759075943563,3114.5) (125.1759075943562,3114.5) (125.1759075943562,3140.5) (126.1759075943562,3140.5) (126.1759075943562,3166.5) (127.1759075943561,3166.5) (127.1759075943561,3192.5) (128.1759075943561,3192.5) (128.1759075943561,3218.5) (129.1759075943561,3218.5) (129.1759075943561,3244.5) (130.1759075943562,3244.5) (130.1759075943562,3270.5) (131.1759075943563,3270.5) (131.1759075943563,3296.5) (132.1759075943563,3296.5) (132.1759075943563,3322.5) (133.1759075943564,3322.5) (133.1759075943564,3348.5) (134.1759075943564,3348.5) (134.1759075943564,3374.5) (135.1759075943565,3374.5) (135.1759075943565,3400.5) (136.1759075943565,3400.5) (136.1759075943565,3426.5) (137.1759075943566,3426.5) (137.1759075943566,3452.5) (138.1759075943567,3452.5) (138.1759075943567,3478.5) (139.1759075943567,3478.5) (139.1759075943567,3504.5) (140.1759075943567,3504.5) (140.1759075943567,3530.5) (141.1759075943567,3530.5) (141.1759075943567,3556.5) (142.1759075943567,3556.5) (142.1759075943567,3582.5) (143.1759075943567,3582.5) (143.1759075943567,3608.5) (144.1759075943567,3608.5) (144.1759075943567,3634.5) (145.1759075943567,3634.5) (145.1759075943567,3660.5) (146.1759075943567,3660.5) (146.1759075943567,3686.5) (147.1759075943567,3686.5) (147.1759075943567,3712.5) (148.1759075943567,3712.5) (148.1759075943567,3738.5) (149.1759075943567,3738.5) (149.1759075943567,3764.5) (150.1759075943567,3764.5) (150.1759075943567,3790.5) (151.1759075943567,3790.5) (151.1759075943567,3816.5) (152.1759075943567,3816.5) (152.1759075943567,3842.5) (153.1759075943567,3842.5) (153.1759075943567,3868.5) (154.1759075943567,3868.5) (154.1759075943567,3894.5) (155.1759075943567,3894.5) (155.1759075943567,3920.5) (156.1759075943567,3920.5) (156.1759075943567,3946.5) (157.1759075943567,3946.5) (157.1759075943567,3972.5) (158.1759075943567,3972.5) (158.1759075943567,3998.5) (159.1759075943567,3998.5) (159.1759075943567,4024.5) (160.1759075943567,4024.5) (160.1759075943567,4050.5) (161.1759075943567,4050.5) (161.1759075943567,4076.5) (162.1759075943567,4076.5) (162.1759075943567,4102.5) (163.1759075943566,4102.5) (163.1759075943566,4128.5) (164.1759075943565,4128.5) (164.1759075943565,4154.5) (165.1759075943563,4154.5) (165.1759075943563,4180.5) (166.1759075943562,4180.5) (166.1759075943562,4206.5) (167.1759075943561,4206.5) (167.1759075943561,4232.5) (168.175907594356,4232.5) (168.175907594356,4258.5) (169.1759075943559,4258.5) (169.1759075943559,4284.5) (170.1759075943558,4284.5) (170.1759075943558,4310.5) (171.1759075943557,4310.5) (171.1759075943557,4336.5) (172.1759075943556,4336.5) (172.1759075943556,4362.5) (173.1759075943554,4362.5) (173.1759075943554,4388.5) (174.1759075943553,4388.5) (174.1759075943553,4416.265463717128) (175.1759075943552,4416.265463717128) (175.1759075943552,4415.530927434256) (176.1759075943551,4415.530927434256) (176.1759075943551,4414.796391151384) (177.175907594355,4414.796391151384) (177.175907594355,4414.061854868512) (178.175907594355,4414.061854868512) (178.175907594355,4413.327318585641) (179.1759075943549,4413.327318585641) (179.1759075943549,4412.592782302769) (180.1759075943548,4412.592782302769) (180.1759075943548,4411.858246019897) (181.1759075943547,4411.858246019897) (181.1759075943547,4411.123709737025) (182.1759075943546,4411.123709737025) (182.1759075943546,4410.389173454153) (183.1759075943544,4410.389173454153) (183.1759075943544,4409.654637171281) (184.1759075943543,4409.654637171281) (184.1759075943543,4408.920100888409) (185.1759075943542,4408.920100888409) (185.1759075943542,4408.185564605537) (186.1759075943541,4408.185564605537) (186.1759075943541,4407.451028322665) (187.175907594354,4407.451028322665) (187.175907594354,4406.716492039794) (188.1759075943539,4406.716492039794) (188.1759075943539,4405.981955756922) (189.1759075943538,4405.981955756922) (189.1759075943538,4405.24741947405) (190.1759075943536,4405.24741947405) (190.1759075943536,4404.512883191178) (191.1759075943535,4404.512883191178) (191.1759075943535,4403.778346908306) (192.1759075943534,4403.778346908306) (192.1759075943534,4403.043810625434) (193.1759075943533,4403.043810625434) (193.1759075943533,4402.309274342562) (194.1759075943532,4402.309274342562) (194.1759075943532,4401.57473805969) (195.1759075943531,4401.57473805969) (195.1759075943531,4400.840201776819) (700,4400.840201776819)
humanPositionY[0]:
[0]: (0,0) (0,163.5) (1,163.5) (1,188.9679078844919) (11.17590759435994,188.9679078844919) (11.17590759435994,188.479046668909) (12.17590759435994,188.479046668909) (12.17590759435994,187.9901854533261) (13.17590759435994,187.9901854533261) (13.17590759435994,187.5013242377432) (14.17590759435994,187.5013242377432) (14.17590759435994,187.0124630221603) (15.17590759435994,187.0124630221603) (15.17590759435994,186.5236018065774) (16.17590759435994,186.5236018065774) (16.17590759435994,186.0347405909945) (17.17590759435993,186.0347405909945) (17.17590759435993,185.5458793754117) (18.17590759435993,185.5458793754117) (18.17590759435993,185.0570181598288) (19.17590759435993,185.0570181598288) (19.17590759435993,184.5681569442459) (20.17590759435993,184.5681569442459) (20.17590759435993,184.079295728663) (21.17590759435993,184.079295728663) (21.17590759435993,183.5904345130801) (22.17590759435993,183.5904345130801) (22.17590759435993,183.1015732974972) (23.17590759435994,183.1015732974972) (23.17590759435994,182.6127120819143) (24.17590759435994,182.6127120819143) (24.17590759435994,182.1238508663315) (25.17590759435994,182.1238508663315) (25.17590759435994,181.6349896507486) (26.17590759435994,181.6349896507486) (26.17590759435994,181.1461284351657) (27.17590759435994,181.1461284351657) (27.17590759435994,180.6572672195828) (28.17590759435994,180.6572672195828) (28.17590759435994,180.1684060039999) (29.17590759435994,180.1684060039999) (29.17590759435994,179.679544788417) (30.17590759435994,179.679544788417) (30.17590759435994,179.1906835728341) (31.17590759435994,179.1906835728341) (31.17590759435994,178.7018223572512) (32.17590759435993,178.7018223572512) (32.17590759435993,178.2129611416684) (33.1759075943599,178.2129611416684) (33.1759075943599,177.7240999260855) (34.17590759435986,177.7240999260855) (34.17590759435986,177.2352387105026) (35.17590759435983,177.2352387105026) (35.17590759435983,176.7463774949197) (36.17590759435979,176.7463774949197) (36.17590759435979,176.2575162793368) (37.17590759435976,176.2575162793368) (37.17590759435976,175.7686550637539) (38.17590759435972,175.7686550637539) (38.17590759435972,175.279793848171) (39.17590759435969,175.279793848171) (39.17590759435969,174.7909326325882) (40.17590759435965,174.7909326325882) (40.17590759435965,174.3020714170053) (41.17590759435962,174.3020714170053) (41.17590759435962,173.8132102014224) (42.17590759435959,173.8132102014224) (42.17590759435959,173.3243489858395) (43.17590759435955,173.3243489858395) (43.17590759435955,172.8354877702566) (44.17590759435951,172.8354877702566) (44.17590759435951,172.3466265546737) (45.17590759435948,172.3466265546737) (45.17590759435948,171.8577653390908) (46.17590759435945,171.8577653390908) (46.17590759435945,171.3689041235079) (47.17590759435944,171.3689041235079) (47.17590759435944,170.8800429079251) (48.17590759435943,170.8800429079251) (48.17590759435943,170.3911816923422) (49.17590759435942,170.3911816923422) (49.17590759435942,169.9023204767593) (50.1759075943594,169.9023204767593) (50.1759075943594,169.4134592611764) (51.17590759435939,169.4134592611764) (51.17590759435939,168.9245980455935) (52.17590759435937,168.9245980455935) (52.17590759435937,168.4357368300106) (53.17590759435936,168.4357368300106) (53.17590759435936,167.9468756144277) (54.17590759435934,167.9468756144277) (54.17590759435934,167.4580143988449) (55.17590759435932,167.4580143988449) (55.17590759435932,166.969153183262) (56.1759075943593,166.969153183262) (56.1759075943593,166.4802919676791) (57.17590759435929,166.4802919676791) (57.17590759435929,165.9914307520962) (58.17590759435927,165.9914307520962) (58.17590759435927,165.5025695365133) (59.17590759435926,165.5025695365133) (59.17590759435926,165.0137083209304) (60.17590759435924,165.0137083209304) (60.17590759435924,164.5248471053475) (61.17590759435923,164.5248471053475) (61.17590759435923,164.0359858897646) (62.17590759435922,164.0359858897646) (62.17590759435922,163.5) (174.1759075943553,163.5) (174.1759075943553,189.4896220913107) (175.1759075943552,189.4896220913107) (175.1759075943552,215.4792441826214) (176.1759075943551,215.4792441826214) (176.1759075943551,241.4688662739321) (177.175907594355,241.4688662739321) (177.175907594355,267.4584883652428) (178.175907594355,267.4584883652428) (178.175907594355,293.4481104565535) (179.1759075943549,293.4481104565535) (179.1759075943549,319.4377325478642) (180.1759075943548,319.4377325478642) (180.1759075943548,345.427354639175) (181.1759075943547,345.427354639175) (181.1759075943547,371.4169767304857) (182.1759075943546,371.4169767304857) (182.1759075943546,397.4065988217964) (183.1759075943544,397.4065988217964) (183.1759075943544,423.3962209131071) (184.1759075943543,423.3962209131071) (184.1759075943543,449.3858430044178) (185.1759075943542,449.3858430044178) (185.1759075943542,475.3754650957285) (186.1759075943541,475.3754650957285) (186.1759075943541,501.3650871870392) (187.175907594354,501.3650871870392) (187.175907594354,527.3547092783499) (188.1759075943539,527.3547092783499) (188.1759075943539,553.3443313696606) (189.1759075943538,553.3443313696606) (189.1759075943538,579.3339534609713) (190.1759075943536,579.3339534609713) (190.1759075943536,605.323575552282) (191.1759075943535,605.323575552282) (191.1759075943535,631.3131976435927) (192.1759075943534,631.3131976435927) (192.1759075943534,657.3028197349034) (193.1759075943533,657.3028197349034) (193.1759075943533,683.2924418262141) (194.1759075943532,683.2924418262141) (194.1759075943532,709.2820639175249) (195.1759075943531,709.2820639175249) (195.1759075943531,735.2716860088356) (700,735.2716860088356)
robPositionX[0]:
[0]: (0,0) (0,92.5) (2,92.5) (2,97.73313175708738) (13.17590759435994,97.73313175708738) (13.17590759435994,123.7285354798977) (14.19471105684318,123.7285354798977) (14.19471105684318,149.723939202708) (15.21351451932642,149.723939202708) (15.21351451932642,175.7193429255182) (16.21351451932642,175.7193429255182) (16.21351451932642,201.7147466483285) (17.21351451932641,201.7147466483285) (17.21351451932641,227.7101503711388) (18.21351451932641,227.7101503711388) (18.21351451932641,253.7055540939491) (19.21351451932641,253.7055540939491) (19.21351451932641,279.7009578167594) (20.21351451932641,279.7009578167594) (20.21351451932641,305.6963615395697) (21.21351451932641,305.6963615395697) (21.21351451932641,331.69176526238) (22.21351451932642,331.69176526238) (22.21351451932642,357.6871689851903) (23.21351451932642,357.6871689851903) (23.21351451932642,383.6825727080006) (24.21351451932642,383.6825727080006) (24.21351451932642,409.6779764308109) (25.21351451932642,409.6779764308109) (25.21351451932642,435.6733801536212) (26.21351451932642,435.6733801536212) (26.21351451932642,461.6687838764315) (27.21351451932642,461.6687838764315) (27.21351451932642,487.6641875992418) (28.21351451932642,487.6641875992418) (28.21351451932642,513.6595913220521) (29.21351451932642,513.6595913220521) (29.21351451932642,539.6549950448623) (30.21351451932642,539.6549950448623) (30.21351451932642,565.6503987676725) (31.21351451932642,565.6503987676725) (31.21351451932642,591.6458024904828) (32.21351451932642,591.6458024904828) (32.21351451932642,617.641206213293) (33.21351451932638,617.641206213293) (33.21351451932638,643.6366099361032) (34.21351451932635,643.6366099361032) (34.21351451932635,669.6320136589135) (35.21351451932631,669.6320136589135) (35.21351451932631,695.6274173817237) (36.21351451932627,695.6274173817237) (36.21351451932627,721.622821104534) (37.21351451932624,721.622821104534) (37.21351451932624,747.6182248273442) (38.2135145193262,747.6182248273442) (38.2135145193262,773.6136285501544) (39.21351451932617,773.6136285501544) (39.21351451932617,799.6090322729647) (40.21351451932614,799.6090322729647) (40.21351451932614,825.6044359957749) (41.2135145193261,825.6044359957749) (41.2135145193261,851.5998397185851) (42.21351451932607,851.5998397185851) (42.21351451932607,877.5952434413954) (43.21351451932603,877.5952434413954) (43.21351451932603,903.5906471642056) (44.213514519326,903.5906471642056) (44.213514519326,929.5860508870159) (45.21351451932597,929.5860508870159) (45.21351451932597,955.5814546098261) (46.21351451932594,955.5814546098261) (46.21351451932594,981.5768583326363) (47.21351451932593,981.5768583326363) (47.21351451932593,1007.572262055447) (48.21351451932592,1007.572262055447) (48.21351451932592,1033.567665778257) (49.2135145193259,1033.567665778257) (49.2135145193259,1059.563069501067) (50.21351451932589,1059.563069501067) (50.21351451932589,1085.558473223878) (51.21351451932588,1085.558473223878) (51.21351451932588,1111.553876946688) (52.21351451932586,1111.553876946688) (52.21351451932586,1137.549280669498) (53.21351451932585,1137.549280669498) (53.21351451932585,1163.544684392309) (54.21351451932583,1163.544684392309) (54.21351451932583,1189.540088115119) (55.21351451932581,1189.540088115119) (55.21351451932581,1215.535491837929) (56.2135145193258,1215.535491837929) (56.2135145193258,1241.53089556074) (57.21351451932578,1241.53089556074) (57.21351451932578,1267.52629928355) (58.21351451932577,1267.52629928355) (58.21351451932577,1293.52170300636) (59.21351451932576,1293.52170300636) (59.21351451932576,1319.517106729171) (60.21351451932574,1319.517106729171) (60.21351451932574,1345.512510451981) (61.21351451932573,1345.512510451981) (61.21351451932573,1371.507914174791) (62.21351451932571,1371.507914174791) (62.21351451932571,1397.503317897602) (63.22624537618485,1397.503317897602) (63.22624537618485,1423.501210954746) (64.23486459386403,1423.501210954746) (64.23486459386403,1449.500245178851) (65.24070003463191,1449.500245178851) (65.24070003463191,1475.499802499311) (66.24465076568018,1475.499802499311) (66.24465076568018,1501.499599591989) (67.2473254981003,1501.499599591989) (67.2473254981003,1527.499506587529) (68.24913634942251,1527.499506587529) (68.24913634942251,1553.499463958168) (69.2503623341307,1553.499463958168) (69.2503623341307,1579.49944441867) (70.25119235158064,1579.49944441867) (70.25119235158064,1605.499435462594) (71.25175429081035,1605.499435462594) (71.25175429081035,1631.49943135751) (72.25213473544365,1631.49943135751) (72.25213473544365,1657.499429475914) (73.25239230442682,1657.499429475914) (73.25239230442682,1683.499428613471) (74.25256668402042,1683.499428613471) (74.25256668402042,1709.499428218164) (75.25268474265461,1709.499428218164) (75.25268474265461,1735.499428036972) (76.25276467082196,1735.499428036972) (76.25276467082196,1761.499427953921) (77.25281878386305,1761.499427953921) (77.25281878386305,1787.499427915854) (78.25285541952468,1787.499427915854) (78.25285541952468,1813.499427898406) (79.25288022263612,1813.499427898406) (79.25288022263612,1839.499427890409) (80.25289701486298,1839.499427890409) (80.25289701486298,1865.499427886743) (81.25290838354074,1865.499427886743) (81.25290838354074,1891.499427885063) (82.25291608037632,1891.499427885063) (82.25291608037632,1917.499427884293) (83.25292129128913,1917.499427884293) (83.25292129128913,1943.499427883939) (84.25292481918422,1943.499427883939) (84.25292481918422,1969.499427883778) (85.25292720765019,1969.499427883778) (85.25292720765019,1995.499427883703) (86.25292882468361,1995.499427883703) (86.25292882468361,2021.499427883669) (87.252929919488,2021.499427883669) (87.252929919488,2047.499427883654) (88.25293066066158,2047.499427883654) (88.25293066066158,2073.499427883647) (89.25293116245687,2073.499427883647) (89.25293116245687,2099.499427883643) (90.25293150225558,2099.499427883643) (90.25293150225558,2125.499427883642) (91.25293173262189,2125.499427883642) (91.25293173262189,2151.499427883641) (92.25293188747924,2151.499427883641) (92.25293188747924,2177.499427883641) (93.25293199178731,2177.499427883641) (93.25293199178731,2203.499427883641) (94.25293206478774,2203.499427883641) (94.25293206478774,2229.499427883641) (95.25293211420924,2229.499427883641) (95.25293211420924,2255.499427883641) (96.25293214752919,2255.499427883641) (96.25293214752919,2281.499427883641) (97.25293216860256,2281.499427883641) (97.25293216860256,2307.499427883641) (98.2529321686025,2307.499427883641) (98.2529321686025,2333.499427883641) (99.25293216860244,2333.499427883641) (99.25293216860244,2359.499427883641) (100.2529321686024,2359.499427883641) (100.2529321686024,2385.499427883641) (101.2529321686023,2385.499427883641) (101.2529321686023,2411.499427883641) (102.2529321686023,2411.499427883641) (102.2529321686023,2437.499427883641) (103.2529321686022,2437.499427883641) (103.2529321686022,2463.499427883641) (104.2529321686022,2463.499427883641) (104.2529321686022,2489.499427883641) (105.2529321686021,2489.499427883641) (105.2529321686021,2515.499427883641) (106.2529321686021,2515.499427883641) (106.2529321686021,2541.499427883641) (107.252932168602,2541.499427883641) (107.252932168602,2567.499427883641) (108.252932168602,2567.499427883641) (108.252932168602,2593.499427883641) (109.2529321686019,2593.499427883641) (109.2529321686019,2619.499427883641) (110.2529321686019,2619.499427883641) (110.2529321686019,2645.499427883641) (111.2529321686018,2645.499427883641) (111.2529321686018,2671.499427883641) (112.2529321686018,2671.499427883641) (112.2529321686018,2697.499427883641) (113.2529321686017,2697.499427883641) (113.2529321686017,2723.499427883641) (114.2529321686017,2723.499427883641) (114.2529321686017,2749.499427883641) (115.2529321686016,2749.499427883641) (115.2529321686016,2775.499427883641) (116.2529321686015,2775.499427883641) (116.2529321686015,2801.499427883641) (117.2529321686015,2801.499427883641) (117.2529321686015,2827.499427883641) (118.2529321686014,2827.499427883641) (118.2529321686014,2853.499427883641) (119.2529321686014,2853.499427883641) (119.2529321686014,2879.499427883641) (120.2529321686013,2879.499427883641) (120.2529321686013,2905.499427883641) (121.2529321686013,2905.499427883641) (121.2529321686013,2931.499427883641) (122.2529321686012,2931.499427883641) (122.2529321686012,2957.499427883641) (123.2529321686011,2957.499427883641) (123.2529321686011,2983.499427883641) (124.2529321686011,2983.499427883641) (124.2529321686011,3009.499427883641) (125.252932168601,3009.499427883641) (125.252932168601,3035.499427883641) (126.252932168601,3035.499427883641) (126.252932168601,3061.499427883641) (127.2529321686009,3061.499427883641) (127.2529321686009,3087.499427883641) (128.2529321686009,3087.499427883641) (128.2529321686009,3113.499427883641) (129.2529321686009,3113.499427883641) (129.2529321686009,3139.499427883641) (130.252932168601,3139.499427883641) (130.252932168601,3165.499427883641) (131.2529321686011,3165.499427883641) (131.2529321686011,3191.499427883641) (132.2529321686011,3191.499427883641) (132.2529321686011,3217.499427883641) (133.2529321686012,3217.499427883641) (133.2529321686012,3243.499427883641) (134.2529321686012,3243.499427883641) (134.2529321686012,3269.499427883641) (135.2529321686013,3269.499427883641) (135.2529321686013,3295.499427883641) (136.2529321686013,3295.499427883641) (136.2529321686013,3321.499427883641) (137.2529321686014,3321.499427883641) (137.2529321686014,3347.499427883641) (138.2529321686015,3347.499427883641) (138.2529321686015,3373.499427883641) (139.2529321686015,3373.499427883641) (139.2529321686015,3399.499427883641) (140.2529321686015,3399.499427883641) (140.2529321686015,3425.499427883641) (141.2529321686015,3425.499427883641) (141.2529321686015,3451.499427883641) (142.2529321686015,3451.499427883641) (142.2529321686015,3477.499427883641) (143.2529321686015,3477.499427883641) (143.2529321686015,3503.499427883641) (144.2529321686015,3503.499427883641) (144.2529321686015,3529.499427883641) (145.2529321686015,3529.499427883641) (145.2529321686015,3555.499427883641) (146.2529321686015,3555.499427883641) (146.2529321686015,3581.499427883641) (147.2529321686015,3581.499427883641) (147.2529321686015,3607.499427883641) (148.2529321686015,3607.499427883641) (148.2529321686015,3633.499427883641) (149.2529321686015,3633.499427883641) (149.2529321686015,3659.499427883641) (150.2529321686015,3659.499427883641) (150.2529321686015,3685.499427883641) (151.2529321686015,3685.499427883641) (151.2529321686015,3711.499427883641) (152.2529321686015,3711.499427883641) (152.2529321686015,3737.499427883641) (153.2529321686015,3737.499427883641) (153.2529321686015,3763.499427883641) (154.2529321686015,3763.499427883641) (154.2529321686015,3789.499427883641) (155.2529321686015,3789.499427883641) (155.2529321686015,3815.499427883641) (156.2529321686015,3815.499427883641) (156.2529321686015,3841.499427883641) (157.2529321686015,3841.499427883641) (157.2529321686015,3867.499427883641) (158.2529321686015,3867.499427883641) (158.2529321686015,3893.499427883641) (159.2529321686015,3893.499427883641) (159.2529321686015,3919.499427883641) (160.2529321686015,3919.499427883641) (160.2529321686015,3945.499427883641) (161.2529321686015,3945.499427883641) (161.2529321686015,3971.499427883641) (162.2529321686015,3971.499427883641) (162.2529321686015,3997.499427883641) (163.2529321686014,3997.499427883641) (163.2529321686014,4023.499427883641) (164.2529321686013,4023.499427883641) (164.2529321686013,4049.499427883641) (165.2529321686011,4049.499427883641) (165.2529321686011,4075.499427883641) (166.252932168601,4075.499427883641) (166.252932168601,4101.49942788364) (167.2529321686009,4101.49942788364) (167.2529321686009,4127.49942788364) (168.2529321686008,4127.49942788364) (168.2529321686008,4153.49942788364) (169.2529321686007,4153.49942788364) (169.2529321686007,4179.49942788364) (170.2529321686006,4179.49942788364) (170.2529321686006,4205.49942788364) (171.2529321686005,4205.49942788364) (171.2529321686005,4231.49942788364) (172.2529321686004,4231.49942788364) (172.2529321686004,4257.49942788364) (173.2529321686002,4257.49942788364) (173.2529321686002,4283.49942788364) (174.2529321686001,4283.49942788364) (174.2529321686001,4309.49942788364) (175.4917139643549,4309.49942788364) (175.4917139643549,4334.761725317672) (177.0078300612681,4334.761725317672) (177.0078300612681,4357.375029374853) (178.8066872404412,4357.375029374853) (178.8066872404412,4371.80338971305) (180.9423948837344,4371.80338971305) (180.9423948837344,4380.472858151295) (183.2506933426386,4380.472858151295) (183.2506933426386,4385.010512952947) (185.6768333903844,4385.010512952947) (185.6768333903844,4388.172157803916) (188.1455346184067,4388.172157803916) (188.1455346184067,4390.428283375573) (190.6429016539341,4390.428283375573) (190.6429016539341,4391.835488330516) (193.1673668163864,4391.835488330516) (193.1673668163864,4392.871718959358) (195.7042046545078,4392.871718959358) (195.7042046545078,4393.515439372457) (198.2541598745836,4393.515439372457) (198.2541598745836,4394.057268921059) (200.8041150946594,4394.057268921059) (200.8041150946594,4394.599098469662) (203.3540703147351,4394.599098469662) (203.3540703147351,4395.140928018264) (205.9040255348109,4395.140928018264) (205.9040255348109,4395.682757566867) (208.4539807548867,4395.682757566867) (208.4539807548867,4396.224587115469) (211.0039359749624,4396.224587115469) (211.0039359749624,4396.766416664072) (213.5538911950381,4396.766416664072) (213.5538911950381,4397.308246212675) (216.1038464151139,4397.308246212675) (216.1038464151139,4397.850075761278) (218.6538016351896,4397.850075761278) (218.6538016351896,4398.391905309881) (221.2037568552654,4398.391905309881) (221.2037568552654,4398.933734858484) (223.7537120753411,4398.933734858484) (223.7537120753411,4399.475564407086) (226.3036672954169,4399.475564407086) (226.3036672954169,4400.01739395569) (228.8536225154926,4400.01739395569) (228.8536225154926,4400.559223504292) (231.4035777355683,4400.559223504292) (231.4035777355683,4400.840201776819) (700,4400.840201776819)
robPositionY[0]:
[0]: (0,0) (0,163.5) (2,163.5) (2,188.9679078844919) (13.17590759435994,188.9679078844919) (13.17590759435994,188.479046668909) (14.19471105684318,188.479046668909) (14.19471105684318,187.9901854533262) (15.21351451932642,187.9901854533262) (15.21351451932642,187.5013242377433) (16.21351451932642,187.5013242377433) (16.21351451932642,187.0124630221605) (17.21351451932641,187.0124630221605) (17.21351451932641,186.5236018065776) (18.21351451932641,186.5236018065776) (18.21351451932641,186.0347405909947) (19.21351451932641,186.0347405909947) (19.21351451932641,185.5458793754118) (20.21351451932641,185.5458793754118) (20.21351451932641,185.0570181598289) (21.21351451932641,185.0570181598289) (21.21351451932641,184.568156944246) (22.21351451932642,184.568156944246) (22.21351451932642,184.0792957286631) (23.21351451932642,184.0792957286631) (23.21351451932642,183.5904345130803) (24.21351451932642,183.5904345130803) (24.21351451932642,183.1015732974974) (25.21351451932642,183.1015732974974) (25.21351451932642,182.6127120819145) (26.21351451932642,182.6127120819145) (26.21351451932642,182.1238508663316) (27.21351451932642,182.1238508663316) (27.21351451932642,181.6349896507487) (28.21351451932642,181.6349896507487) (28.21351451932642,181.1461284351658) (29.21351451932642,181.1461284351658) (29.21351451932642,180.6572672195829) (30.21351451932642,180.6572672195829) (30.21351451932642,180.168406004) (31.21351451932642,180.168406004) (31.21351451932642,179.6795447884172) (32.21351451932642,179.6795447884172) (32.21351451932642,179.1906835728343) (33.21351451932638,179.1906835728343) (33.21351451932638,178.7018223572514) (34.21351451932635,178.7018223572514) (34.21351451932635,178.2129611416685) (35.21351451932631,178.2129611416685) (35.21351451932631,177.7240999260856) (36.21351451932627,177.7240999260856) (36.21351451932627,177.2352387105027) (37.21351451932624,177.2352387105027) (37.21351451932624,176.7463774949198) (38.2135145193262,176.7463774949198) (38.2135145193262,176.257516279337) (39.21351451932617,176.257516279337) (39.21351451932617,175.7686550637541) (40.21351451932614,175.7686550637541) (40.21351451932614,175.2797938481712) (41.2135145193261,175.2797938481712) (41.2135145193261,174.7909326325883) (42.21351451932607,174.7909326325883) (42.21351451932607,174.3020714170054) (43.21351451932603,174.3020714170054) (43.21351451932603,173.8132102014225) (44.213514519326,173.8132102014225) (44.213514519326,173.3243489858396) (45.21351451932597,173.3243489858396) (45.21351451932597,172.8354877702567) (46.21351451932594,172.8354877702567) (46.21351451932594,172.3466265546739) (47.21351451932593,172.3466265546739) (47.21351451932593,171.857765339091) (48.21351451932592,171.857765339091) (48.21351451932592,171.3689041235081) (49.2135145193259,171.3689041235081) (49.2135145193259,170.8800429079252) (50.21351451932589,170.8800429079252) (50.21351451932589,170.3911816923423) (51.21351451932588,170.3911816923423) (51.21351451932588,169.9023204767594) (52.21351451932586,169.9023204767594) (52.21351451932586,169.4134592611765) (53.21351451932585,169.4134592611765) (53.21351451932585,168.9245980455937) (54.21351451932583,168.9245980455937) (54.21351451932583,168.4357368300108) (55.21351451932581,168.4357368300108) (55.21351451932581,167.9468756144279) (56.2135145193258,167.9468756144279) (56.2135145193258,167.458014398845) (57.21351451932578,167.458014398845) (57.21351451932578,166.9691531832621) (58.21351451932577,166.9691531832621) (58.21351451932577,166.4802919676792) (59.21351451932576,166.4802919676792) (59.21351451932576,165.9914307520963) (60.21351451932574,165.9914307520963) (60.21351451932574,165.5025695365134) (61.21351451932573,165.5025695365134) (61.21351451932573,165.0137083209306) (62.21351451932571,165.0137083209306) (62.21351451932571,164.5248471053477) (63.22624537618485,164.5248471053477) (63.22624537618485,164.1938537681208) (64.23486459386403,164.1938537681208) (64.23486459386403,163.969756883213) (65.24070003463191,163.969756883213) (65.24070003463191,163.8180362843253) (66.24465076568018,163.8180362843253) (66.24465076568018,163.7153175442811) (67.2473254981003,163.7153175442811) (67.2473254981003,163.6457745842783) (68.24913634942251,163.6457745842783) (68.24913634942251,163.5986924756321) (69.2503623341307,163.5986924756321) (69.2503623341307,163.566816881204) (70.25119235158064,163.566816881204) (70.25119235158064,163.545236429983) (71.25175429081035,163.545236429983) (71.25175429081035,163.5306260107791) (72.25213473544365,163.5306260107791) (72.25213473544365,163.5207344505516) (73.25239230442682,163.5207344505516) (73.25239230442682,163.5140376570627) (74.25256668402042,163.5140376570627) (74.25256668402042,163.5095037876518) (75.25268474265461,163.5095037876518) (75.25268474265461,163.5064342631685) (76.25276467082196,163.5064342631685) (76.25276467082196,163.5043561308182) (77.25281878386305,163.5043561308182) (77.25281878386305,163.5029491917491) (78.25285541952468,163.5029491917491) (78.25285541952468,163.5019966645455) (79.25288022263612,163.5019966645455) (79.25288022263612,163.5013517836466) (80.25289701486298,163.5013517836466) (80.25289701486298,163.5009151857469) (81.25290838354074,163.5009151857469) (81.25290838354074,163.5006196001235) (82.25291608037632,163.5006196001235) (82.25291608037632,163.5004194823974) (83.25292129128913,163.5004194823974) (83.25292129128913,163.5002839986634) (84.25292481918422,163.5002839986634) (84.25292481918422,163.5001922733894) (85.25292720765019,163.5001922733894) (85.25292720765019,163.5001301732726) (86.25292882468361,163.5001301732726) (86.25292882468361,163.5000881304022) (87.252929919488,163.5000881304022) (87.252929919488,163.5000596654866) (88.25293066066158,163.5000596654866) (88.25293066066158,163.5000403949721) (89.25293116245687,163.5000403949721) (89.25293116245687,163.5000273482928) (90.25293150225558,163.5000273482928) (90.25293150225558,163.5000185135251) (91.25293173262189,163.5000185135251) (91.25293173262189,163.5000125239997) (92.25293188747924,163.5000125239997) (92.25293188747924,163.5000084977071) (93.25293199178731,163.5000084977071) (93.25293199178731,163.5000057856957) (94.25293206478774,163.5000057856957) (94.25293206478774,163.5000038876832) (95.25293211420924,163.5000038876832) (95.25293211420924,163.5000026027226) (96.25293214752919,163.5000026027226) (96.25293214752919,163.5000017364024) (97.25293216860256,163.5000017364024) (97.25293216860256,163.5000011884933) (98.2529321686025,163.5000011884933) (98.2529321686025,163.5000006405843) (175.4917139643549,163.5000006405843) (175.4917139643549,169.6494988603188) (177.0078300612681,169.6494988603188) (177.0078300612681,182.4806515605829) (178.8066872404412,182.4806515605829) (178.8066872404412,204.1098544573876) (180.9423948837344,204.1098544573876) (180.9423948837344,228.6218987825405) (183.2506933426386,228.6218987825405) (183.2506933426386,254.2228692504944) (185.6768333903844,254.2228692504944) (185.6768333903844,280.0299225855101) (188.1455346184067,280.0299225855101) (188.1455346184067,305.9318510350467) (190.6429016539341,305.9318510350467) (190.6429016539341,331.8937418408948) (193.1673668163864,331.8937418408948) (193.1673668163864,357.873084135954) (195.7042046545078,357.873084135954) (195.7042046545078,383.8651141457428) (198.2541598745836,383.8651141457428) (198.2541598745836,409.8594677776426) (200.8041150946594,409.8594677776426) (200.8041150946594,435.8538214095424) (203.3540703147351,435.8538214095424) (203.3540703147351,461.8481750414421) (205.9040255348109,461.8481750414421) (205.9040255348109,487.8425286733419) (208.4539807548867,487.8425286733419) (208.4539807548867,513.8368823052417) (211.0039359749624,513.8368823052417) (211.0039359749624,539.8312359371415) (213.5538911950381,539.8312359371415) (213.5538911950381,565.8255895690413) (216.1038464151139,565.8255895690413) (216.1038464151139,591.8199432009411) (218.6538016351896,591.8199432009411) (218.6538016351896,617.8142968328409) (221.2037568552654,617.8142968328409) (221.2037568552654,643.8086504647407) (223.7537120753411,643.8086504647407) (223.7537120753411,669.8030040966405) (226.3036672954169,669.8030040966405) (226.3036672954169,695.7973577285403) (228.8536225154926,695.7973577285403) (228.8536225154926,721.7917113604401) (231.4035777355683,721.7917113604401) (231.4035777355683,735.2716860088356) (700,735.2716860088356)
batteryCharge[0]:
[0]: (0,100) (700,100)
user_guided_transport.end:
[0]: (0,0) (233.4035777355674,0) (233.4035777355674,1) (700,1)
[2K
Verifying formula 5 at /nta/queries/query[5]/formula
 -- Formula: simulate[<=700]{robot_inventory[0][0], user_guided_transport.end*2}
[2K -- Formula is satisfied.
robot_inventory[0][0]:
[0]: (0,0) (9.7414819705404,0) (9.7414819705404,1) (700,1)
user_guided_transport.end * 2:
[0]: (0,0) (232.9503486492801,0) (232.9503486492801,2) (700,2)
[2K
Verifying formula 6 at /nta/queries/query[6]/formula
 -- Formula: simulate[<=700]{bedroom[0], bedroom[1], kitchen[0], kitchen[1]}
[2K -- Formula is satisfied.
bedroom[0]:
[0]: (0,100) (700,100)
bedroom[1]:
[0]: (0,200) (700,200)
kitchen[0]:
[0]: (0,4400) (700,4400)
kitchen[1]:
[0]: (0,765) (700,765)
[2K
Verifying formula 7 at /nta/queries/query[7]/formula
 -- Formula: simulate[<=700]{rm_1.idle, rf_1.idle, rp_1.idle, rd_1.idle}
[2K -- Formula is satisfied.
rm_1.idle:
[0]: (0,0) (0,1) (0,0) (3,0) (3,1) (700,1)
rf_1.idle:
[0]: (0,0) (0,1) (9.431123480351365,1) (9.431123480351365,0) (231.6399901590918,0) (231.6399901590918,1) (700,1)
rp_1.idle:
[0]: (0,0) (0,1) (2,1) (2,0) (9.431123480351365,0) (9.431123480351365,1) (700,1)
rd_1.idle:
[0]: (0,0) (0,1) (700,1)
[2K
Verifying formula 8 at /nta/queries/query[8]/formula
 -- Formula: Pr[<=700](<>!rm_1.idle || !rf_1.idle || !rp_1.idle || !rd_1.idle)
[2K -- Formula is satisfied.
(72/72 runs) Pr(<> …) in [0.950056,1] (95% CI)
Values in [0,0] mean=0 steps=2.22045e-16: 72
[2K
Verifying formula 9 at /nta/queries/query[9]/formula
 -- Formula: Pr[<=700]([] (user_guided_transport.end imply (rm_1.idle && rf_1.idle && rp_1.idle && rd_1.idle)))
 -- Throughput: 594626 runs/sec, Load: 331 runs[K
[2K -- Formula is satisfied.
(72/72 runs) Pr([] …) in [0.950056,1] (95% CI)
[2K
Verifying formula 10 at /nta/queries/query[10]/formula
 -- Formula: Pr[<=700] (<> pow(robPositionX[0] - bedroom[0], 2) + pow(robPositionY[0] - bedroom[1], 2) <= 900 )
[2K -- Formula is satisfied.
(72/72 runs) Pr(<> …) in [0.950056,1] (95% CI)
Values in [2,2] mean=2 steps=2.22045e-16: 72
[2K
Verifying formula 11 at /nta/queries/query[11]/formula
 -- Formula: Pr[<=700] (<> pow(humanPositionX[0] - kitchen[0], 2) + pow(humanPositionY[0] - kitchen[1], 2) <= 900 )
[2K -- Formula is satisfied.
(72/72 runs) Pr(<> …) in [0.950056,1] (95% CI)
Values in [192.137,196.996] mean=194.597 steps=0.53996: 9 8 11 5 7 6 8 7 11
[2K
Verifying formula 12 at /nta/queries/query[12]/formula
 -- Formula: Pr[<=700] (<> pow(humanPositionX[0] - bedroom[0], 2) + pow(humanPositionY[0] - bedroom[1], 2) <= 900 )
[2K -- Formula is satisfied.
(72/72 runs) Pr(<> …) in [0.950056,1] (95% CI)
Values in [1,1] mean=1 steps=2.22045e-16: 72
[2K
Verifying formula 13 at /nta/queries/query[13]/formula
 -- Formula: Pr[<=700] (<> !isValidPosition(humanPositionX[0], humanPositionY[0]))
[2K -- Formula is satisfied.
(72/72 runs) Pr(<> …) in [0.950056,1] (95% CI)
Values in [0,0] mean=0 steps=2.22045e-16: 72
[2K
Verifying formula 14 at /nta/queries/query[14]/formula
 -- Formula: Pr[<=700] (<> !isValidPosition(robPositionX[0], robPositionY[0]))
[2K -- Formula is satisfied.
(72/72 runs) Pr(<> …) in [0.950056,1] (95% CI)
Values in [0,0] mean=0 steps=2.22045e-16: 72
[2K
Verifying formula 15 at /nta/queries/query[15]/formula
 -- Formula: Pr[<=700] (<> currP > 2)
 -- Throughput: 604626 runs/sec, Load: 331 runs[K
[2K -- Formula is satisfied.
(0/72 runs) Pr(<> …) in [0,0.0499441] (95% CI)
