Options for the verification:
  Generating no trace
  Search order is breadth first
  Using conservative space optimisation
  Seed is 1783191021
  State space representation uses minimal constraint systems with future testing
  Using HashMap + Compress integers for discrete state storage
[2K
Verifying formula 1 at /nta/queries/query[1]/formula
 -- Formula: simulate[<=700]{Coffee_Delivery_robot1_def.s1_start, Coffee_Delivery_robot1_def.s1_end, Coffee_Delivery_robot1_def.s2_start, Coffee_Delivery_robot1_def.s2_end, Coffee_Delivery_robot1_def.s3_start, Coffee_Delivery_robot1_def.s3_end, Coffee_Delivery_robot1_def.s4_start, Coffee_Delivery_robot1_def.s4_end, Coffee_Delivery_robot1_def.s5_start, Coffee_Delivery_robot1_def.s5_end, Coffee_Delivery_robot1_def.s6_start, Coffee_Delivery_robot1_def.s6_end, Coffee_Delivery.end}
[2K -- Aborted.
Coffee_Delivery_robot1_def.s1_start:
[0]: (0,0) (0,1) (0,0) (174.3481868958586,0)
Coffee_Delivery_robot1_def.s1_end:
[0]: (0,0) (67.5767397931244,0) (67.5767397931244,1) (67.5767397931244,0) (174.3481868958586,0)
Coffee_Delivery_robot1_def.s2_start:
[0]: (0,0) (67.5767397931244,0) (67.5767397931244,1) (67.5767397931244,0) (174.3481868958586,0)
Coffee_Delivery_robot1_def.s2_end:
[0]: (0,0) (77.05115644041496,0) (77.05115644041496,1) (77.05115644041496,0) (174.3481868958586,0)
Coffee_Delivery_robot1_def.s3_start:
[0]: (0,0) (77.05115644041496,0) (77.05115644041496,1) (77.05115644041496,0) (174.3481868958586,0)
Coffee_Delivery_robot1_def.s3_end:
[0]: (0,0) (145.730611468937,0) (145.730611468937,1) (145.730611468937,0) (174.3481868958586,0)
Coffee_Delivery_robot1_def.s4_start:
[0]: (0,0) (145.730611468937,0) (145.730611468937,1) (145.730611468937,0) (174.3481868958586,0)
Coffee_Delivery_robot1_def.s4_end:
[0]: (0,0) (150.730611468937,0) (150.730611468937,1) (150.730611468937,0) (174.3481868958586,0)
Coffee_Delivery_robot1_def.s5_start:
[0]: (0,0) (150.730611468937,0) (150.730611468937,1) (150.730611468937,0) (174.3481868958586,0)
Coffee_Delivery_robot1_def.s5_end:
[0]: (0,0) (174.3481868958586,0) (174.3481868958586,1)
Coffee_Delivery_robot1_def.s6_start:
[0]: (0,0) (174.3481868958586,0) (174.3481868958586,1)
Coffee_Delivery_robot1_def.s6_end:
[0]: (0,0) (174.3481868958586,0)
Coffee_Delivery.end:
[0]: (0,0) (174.3481868958586,0)
[2K
Verifying formula 2 at /nta/queries/query[2]/formula
 -- Formula: Pr[<=700] (<> Coffee_Delivery.end)
[2K -- Aborted.
[2K
Verifying formula 3 at /nta/queries/query[3]/formula
 -- Formula: simulate[<=700]{humanPositionX[0], humanPositionY[0], humanPositionX[1], humanPositionY[1], robPositionX[0], robPositionY[0], batteryCharge[0], Coffee_Delivery.end}
[2K -- Aborted.
humanPositionX[0]:
[0]: (0,0) (0,92.5)
humanPositionY[0]:
[0]: (0,0) (0,163.5)
humanPositionX[1]:
[0]: (0,0) (0,92.5)
humanPositionY[1]:
[0]: (0,0) (0,761.2)
robPositionX[0]:
[0]: (0,0) (0,92.5) (2,92.5) (2,118.5) (3,118.5) (3,144.5) (4,144.5) (4,170.5) (5,170.5) (5,196.5) (6,196.5) (6,222.5) (7,222.5) (7,248.5) (8,248.5) (8,274.5) (9,274.5) (9,300.5) (10,300.5) (10,326.5) (11,326.5) (11,352.5) (12,352.5) (12,378.5) (13,378.5) (13,404.5) (14,404.5) (14,430.5) (15,430.5) (15,456.5) (16,456.5) (16,482.5) (17,482.5) (17,508.5) (18,508.5) (18,534.5) (19,534.5) (19,560.5) (20,560.5) (20,586.5) (21,586.5) (21,612.5) (22,612.5) (22,638.5) (23,638.5) (23,664.5) (24,664.5) (24,690.5) (25,690.5) (25,716.5) (26,716.5) (26,742.5) (27,742.5) (27,768.5) (28,768.5) (28,794.5) (29,794.5) (29,820.5) (30,820.5) (30,846.5) (31,846.5) (31,872.5) (32,872.5) (32,898.5) (33,898.5) (33,924.5) (34,924.5) (34,950.5) (35,950.5) (35,976.5) (36,976.5) (36,1002.5) (37,1002.5) (37,1028.5) (38,1028.5) (38,1054.5) (39,1054.5) (39,1080.5) (40,1080.5) (40,1106.5) (41,1106.5) (41,1132.5) (42,1132.5) (42,1158.5) (43,1158.5) (43,1184.5) (44,1184.5) (44,1210.5) (45,1210.5) (45,1236.5) (46,1236.5) (46,1262.5) (47,1262.5) (47,1288.5) (48,1288.5) (48,1314.5) (49,1314.5) (49,1340.5) (50,1340.5) (50,1366.5) (51,1366.5) (51,1392.5) (52,1392.5) (52,1418.5) (53,1418.5) (53,1444.5) (54,1444.5) (54,1452) (56.57673979312437,1452) (56.57673979312437,1451.845470785223) (57.57673979312437,1451.845470785223) (57.57673979312437,1451.690941570446) (58.57673979312437,1451.690941570446) (58.57673979312437,1451.536412355669) (59.57673979312437,1451.536412355669) (59.57673979312437,1451.381883140892) (60.57673979312437,1451.381883140892) (60.57673979312437,1451.227353926115) (61.57673979312437,1451.227353926115) (61.57673979312437,1451.072824711337) (62.57673979312437,1451.072824711337) (62.57673979312437,1450.91829549656) (63.57673979312437,1450.91829549656) (63.57673979312437,1450.763766281783) (64.5767397931244,1450.763766281783) (64.5767397931244,1450.609237067006) (65.5767397931244,1450.609237067006) (65.5767397931244,1450.454707852229) (66.5767397931244,1450.454707852229) (66.5767397931244,1450.300178637452) (67.5767397931244,1450.300178637452) (67.5767397931244,1450.145649422675) (76.03337413609422,1450.145649422675) (76.03337413609422,1450.300178637452) (78.59822699655966,1450.300178637452) (78.59822699655966,1450.454707852229) (79.59822699655965,1450.454707852229) (79.59822699655965,1450.609237067006) (80.59822699655966,1450.609237067006) (80.59822699655966,1450.763766281783) (81.59822699655966,1450.763766281783) (81.59822699655966,1450.91829549656) (82.59822699655965,1450.91829549656) (82.59822699655965,1451.072824711337) (83.59822699655965,1451.072824711337) (83.59822699655965,1451.227353926115) (84.59822699655965,1451.227353926115) (84.59822699655965,1451.381883140892) (85.59822699655965,1451.381883140892) (85.59822699655965,1451.536412355669) (86.59822699655965,1451.536412355669) (86.59822699655965,1451.690941570446) (87.59822699655965,1451.690941570446) (87.59822699655965,1451.845470785223) (88.59822699655965,1451.845470785223) (88.59822699655965,1452) (92.71282916461624,1452) (92.71282916461624,1426.009469747118) (93.71282916461624,1426.009469747118) (93.71282916461624,1400.018939494237) (94.71282916461624,1400.018939494237) (94.71282916461624,1374.028409241355) (95.71282916461624,1374.028409241355) (95.71282916461624,1348.037878988473) (96.71282916461624,1348.037878988473) (96.71282916461624,1322.047348735592) (97.71282916461624,1322.047348735592) (97.71282916461624,1296.05681848271) (98.71282916461624,1296.05681848271) (98.71282916461624,1270.066288229829) (99.71282916461624,1270.066288229829) (99.71282916461624,1244.075757976947) (100.7128291646162,1244.075757976947) (100.7128291646162,1218.085227724065) (101.7128291646162,1218.085227724065) (101.7128291646162,1192.094697471184) (102.7128291646162,1192.094697471184) (102.7128291646162,1166.104167218302) (103.7128291646162,1166.104167218302) (103.7128291646162,1140.11363696542) (104.7128291646162,1140.11363696542) (104.7128291646162,1114.123106712539) (105.7128291646162,1114.123106712539) (105.7128291646162,1088.132576459657) (106.7128291646162,1088.132576459657) (106.7128291646162,1062.142046206776) (107.7128291646162,1062.142046206776) (107.7128291646162,1036.151515953894) (108.7128291646162,1036.151515953894) (108.7128291646162,1010.160985701012) (109.7128291646162,1010.160985701012) (109.7128291646162,984.1704554481307) (110.7128291646162,984.1704554481307) (110.7128291646162,958.1799251952491) (111.7128291646162,958.1799251952491) (111.7128291646162,932.1893949423675) (112.7128291646162,932.1893949423675) (112.7128291646162,906.1988646894858) (113.7128291646162,906.1988646894858) (113.7128291646162,880.2083344366042) (114.7128291646162,880.2083344366042) (114.7128291646162,854.2178041837226) (115.7128291646162,854.2178041837226) (115.7128291646162,828.227273930841) (116.7128291646162,828.227273930841) (116.7128291646162,802.2367436779593) (117.7128291646162,802.2367436779593) (117.7128291646162,776.2462134250777) (118.7128291646162,776.2462134250777) (118.7128291646162,750.2556831721961) (119.7128291646162,750.2556831721961) (119.7128291646162,724.2651529193145) (120.7128291646162,724.2651529193145) (120.7128291646162,698.2746226664328) (121.7128291646162,698.2746226664328) (121.7128291646162,672.2840924135512) (122.7128291646162,672.2840924135512) (122.7128291646162,646.2935621606696) (123.7128291646162,646.2935621606696) (123.7128291646162,620.303031907788) (124.7128291646162,620.303031907788) (124.7128291646162,594.3125016549063) (125.7128291646162,594.3125016549063) (125.7128291646162,568.3219714020247) (126.7128291646162,568.3219714020247) (126.7128291646162,542.3314411491431) (127.7128291646162,542.3314411491431) (127.7128291646162,516.3409108962614) (128.7128291646162,516.3409108962614) (128.7128291646162,490.3503806433799) (129.7128291646162,490.3503806433799) (129.7128291646162,464.3598503904983) (130.7128291646162,464.3598503904983) (130.7128291646162,438.3693201376167) (131.7128291646162,438.3693201376167) (131.7128291646162,412.3787898847352) (132.7128291646162,412.3787898847352) (132.7128291646162,386.3882596318536) (133.7128291646162,386.3882596318536) (133.7128291646162,360.397729378972) (134.7128291646162,360.397729378972) (134.7128291646162,334.4071991260905) (135.7128291646162,334.4071991260905) (135.7128291646162,308.4166688732089) (136.7128291646162,308.4166688732089) (136.7128291646162,282.4261386203273) (137.7128291646162,282.4261386203273) (137.7128291646162,256.4356083674458) (138.7128291646162,256.4356083674458) (138.7128291646162,230.4450781145642) (139.7128291646162,230.4450781145642) (139.7128291646162,204.4545478616826) (140.7128291646162,204.4545478616826) (140.7128291646162,178.464017608801) (141.7128291646162,178.464017608801) (141.7128291646162,152.4734873559195) (142.7128291646162,152.4734873559195) (142.7128291646162,126.4829571030379) (149.7128291646162,126.4829571030379) (149.7128291646162,125.267144037063) (152.3304045915379,125.267144037063) (152.3304045915379,124.0513309710882) (153.3304045915379,124.0513309710882) (153.3304045915379,122.8355179051133) (154.3304045915379,122.8355179051133) (154.3304045915379,121.6197048391384) (155.3304045915379,121.6197048391384) (155.3304045915379,120.4038917731636) (156.330404591538,120.4038917731636) (156.330404591538,119.1880787071887) (157.330404591538,119.1880787071887) (157.330404591538,117.9722656412138) (158.330404591538,117.9722656412138) (158.330404591538,116.7564525752389) (159.330404591538,116.7564525752389) (159.330404591538,115.5406395092641) (160.330404591538,115.5406395092641) (160.330404591538,114.3248264432892) (161.330404591538,114.3248264432892) (161.330404591538,113.1090133773143) (162.330404591538,113.1090133773143) (162.330404591538,111.8932003113395) (163.330404591538,111.8932003113395) (163.330404591538,110.6773872453646) (164.330404591538,110.6773872453646) (164.330404591538,109.4615741793897) (165.330404591538,109.4615741793897) (165.330404591538,108.2457611134148) (166.330404591538,108.2457611134148) (166.330404591538,107.02994804744) (167.330404591538,107.02994804744) (167.330404591538,105.8141349814651) (168.330404591538,105.8141349814651) (168.330404591538,104.5983219154902) (169.330404591538,104.5983219154902) (169.330404591538,103.3825088495154) (170.330404591538,103.3825088495154) (170.330404591538,102.1666957835405) (171.330404591538,102.1666957835405) (171.330404591538,100.9508827175656)
robPositionY[0]:
[0]: (0,0) (0,163.5) (56.57673979312437,163.5) (56.57673979312437,189.4995407790557) (57.57673979312437,189.4995407790557) (57.57673979312437,215.4990815581114) (58.57673979312437,215.4990815581114) (58.57673979312437,241.4986223371671) (59.57673979312437,241.4986223371671) (59.57673979312437,267.4981631162228) (60.57673979312437,267.4981631162228) (60.57673979312437,293.4977038952785) (61.57673979312437,293.4977038952785) (61.57673979312437,319.4972446743342) (62.57673979312437,319.4972446743342) (62.57673979312437,345.4967854533899) (63.57673979312437,345.4967854533899) (63.57673979312437,371.4963262324455) (64.5767397931244,371.4963262324455) (64.5767397931244,397.4958670115012) (65.5767397931244,397.4958670115012) (65.5767397931244,423.4954077905569) (66.5767397931244,423.4954077905569) (66.5767397931244,449.4949485696126) (67.5767397931244,449.4949485696126) (67.5767397931244,475.4944893486683) (76.03337413609422,475.4944893486683) (76.03337413609422,449.4949485696126) (78.59822699655966,449.4949485696126) (78.59822699655966,423.4954077905569) (79.59822699655965,423.4954077905569) (79.59822699655965,397.4958670115012) (80.59822699655966,397.4958670115012) (80.59822699655966,371.4963262324455) (81.59822699655966,371.4963262324455) (81.59822699655966,345.4967854533899) (82.59822699655965,345.4967854533899) (82.59822699655965,319.4972446743342) (83.59822699655965,319.4972446743342) (83.59822699655965,293.4977038952785) (84.59822699655965,293.4977038952785) (84.59822699655965,267.4981631162228) (85.59822699655965,267.4981631162228) (85.59822699655965,241.4986223371671) (86.59822699655965,241.4986223371671) (86.59822699655965,215.4990815581114) (87.59822699655965,215.4990815581114) (87.59822699655965,189.4995407790557) (88.59822699655965,189.4995407790557) (88.59822699655965,163.5) (92.71282916461624,163.5) (92.71282916461624,164.2016674241034) (93.71282916461624,164.2016674241034) (93.71282916461624,164.9033348482068) (94.71282916461624,164.9033348482068) (94.71282916461624,165.6050022723103) (95.71282916461624,165.6050022723103) (95.71282916461624,166.3066696964137) (96.71282916461624,166.3066696964137) (96.71282916461624,167.0083371205171) (97.71282916461624,167.0083371205171) (97.71282916461624,167.7100045446205) (98.71282916461624,167.7100045446205) (98.71282916461624,168.4116719687239) (99.71282916461624,168.4116719687239) (99.71282916461624,169.1133393928274) (100.7128291646162,169.1133393928274) (100.7128291646162,169.8150068169308) (101.7128291646162,169.8150068169308) (101.7128291646162,170.5166742410342) (102.7128291646162,170.5166742410342) (102.7128291646162,171.2183416651376) (103.7128291646162,171.2183416651376) (103.7128291646162,171.920009089241) (104.7128291646162,171.920009089241) (104.7128291646162,172.6216765133445) (105.7128291646162,172.6216765133445) (105.7128291646162,173.3233439374479) (106.7128291646162,173.3233439374479) (106.7128291646162,174.0250113615513) (107.7128291646162,174.0250113615513) (107.7128291646162,174.7266787856547) (108.7128291646162,174.7266787856547) (108.7128291646162,175.4283462097581) (109.7128291646162,175.4283462097581) (109.7128291646162,176.1300136338616) (110.7128291646162,176.1300136338616) (110.7128291646162,176.831681057965) (111.7128291646162,176.831681057965) (111.7128291646162,177.5333484820684) (112.7128291646162,177.5333484820684) (112.7128291646162,178.2350159061718) (113.7128291646162,178.2350159061718) (113.7128291646162,178.9366833302752) (114.7128291646162,178.9366833302752) (114.7128291646162,179.6383507543786) (115.7128291646162,179.6383507543786) (115.7128291646162,180.3400181784821) (116.7128291646162,180.3400181784821) (116.7128291646162,181.0416856025855) (117.7128291646162,181.0416856025855) (117.7128291646162,181.7433530266889) (118.7128291646162,181.7433530266889) (118.7128291646162,182.4450204507923) (119.7128291646162,182.4450204507923) (119.7128291646162,183.1466878748957) (120.7128291646162,183.1466878748957) (120.7128291646162,183.8483552989992) (121.7128291646162,183.8483552989992) (121.7128291646162,184.5500227231026) (122.7128291646162,184.5500227231026) (122.7128291646162,185.251690147206) (123.7128291646162,185.251690147206) (123.7128291646162,185.9533575713094) (124.7128291646162,185.9533575713094) (124.7128291646162,186.6550249954128) (125.7128291646162,186.6550249954128) (125.7128291646162,187.3566924195163) (126.7128291646162,187.3566924195163) (126.7128291646162,188.0583598436197) (127.7128291646162,188.0583598436197) (127.7128291646162,188.7600272677231) (128.7128291646162,188.7600272677231) (128.7128291646162,189.4616946918265) (129.7128291646162,189.4616946918265) (129.7128291646162,190.1633621159299) (130.7128291646162,190.1633621159299) (130.7128291646162,190.8650295400334) (131.7128291646162,190.8650295400334) (131.7128291646162,191.5666969641368) (132.7128291646162,191.5666969641368) (132.7128291646162,192.2683643882402) (133.7128291646162,192.2683643882402) (133.7128291646162,192.9700318123436) (134.7128291646162,192.9700318123436) (134.7128291646162,193.671699236447) (135.7128291646162,193.671699236447) (135.7128291646162,194.3733666605505) (136.7128291646162,194.3733666605505) (136.7128291646162,195.0750340846539) (137.7128291646162,195.0750340846539) (137.7128291646162,195.7767015087573) (138.7128291646162,195.7767015087573) (138.7128291646162,196.4783689328607) (139.7128291646162,196.4783689328607) (139.7128291646162,197.1800363569641) (140.7128291646162,197.1800363569641) (140.7128291646162,197.8817037810676) (141.7128291646162,197.8817037810676) (141.7128291646162,198.583371205171) (142.7128291646162,198.583371205171) (142.7128291646162,199.2850386292744) (149.7128291646162,199.2850386292744) (149.7128291646162,225.2565961218201) (152.3304045915379,225.2565961218201) (152.3304045915379,251.2281536143657) (153.3304045915379,251.2281536143657) (153.3304045915379,277.1997111069114) (154.3304045915379,277.1997111069114) (154.3304045915379,303.1712685994571) (155.3304045915379,303.1712685994571) (155.3304045915379,329.1428260920027) (156.330404591538,329.1428260920027) (156.330404591538,355.1143835845484) (157.330404591538,355.1143835845484) (157.330404591538,381.0859410770941) (158.330404591538,381.0859410770941) (158.330404591538,407.0574985696398) (159.330404591538,407.0574985696398) (159.330404591538,433.0290560621855) (160.330404591538,433.0290560621855) (160.330404591538,459.0006135547312) (161.330404591538,459.0006135547312) (161.330404591538,484.9721710472768) (162.330404591538,484.9721710472768) (162.330404591538,510.9437285398225) (163.330404591538,510.9437285398225) (163.330404591538,536.9152860323682) (164.330404591538,536.9152860323682) (164.330404591538,562.8868435249138) (165.330404591538,562.8868435249138) (165.330404591538,588.8584010174595) (166.330404591538,588.8584010174595) (166.330404591538,614.8299585100052) (167.330404591538,614.8299585100052) (167.330404591538,640.8015160025509) (168.330404591538,640.8015160025509) (168.330404591538,666.7730734950966) (169.330404591538,666.7730734950966) (169.330404591538,692.7446309876423) (170.330404591538,692.7446309876423) (170.330404591538,718.716188480188) (171.330404591538,718.716188480188) (171.330404591538,744.6877459727336)
batteryCharge[0]:
[0]: (0,100)
Coffee_Delivery.end:
[0]: (0,0) (171.330404591538,0)
[2K
Verifying formula 4 at /nta/queries/query[4]/formula
 -- Formula: simulate[<=700]{robot_inventory[0][0], Coffee_Delivery.end*2}
[2K -- Aborted.
robot_inventory[0][0]:
[0]: (0,0) (77.00490709408287,0) (77.00490709408287,1) (150.6843621226049,1) (150.6843621226049,0)
Coffee_Delivery.end * 2:
[0]: (0,0) (174.3019375495265,0)
[2K
Verifying formula 5 at /nta/queries/query[5]/formula
 -- Formula: simulate[<=700]{coffee_room[0], coffee_room[1], office001[0], office001[1], office004[0], office004[1]}
[2K -- Aborted.
coffee_room[0]:
[0]: (0,1450)
coffee_room[1]:
[0]: (0,500)
office001[0]:
[0]: (0,100)
office001[1]:
[0]: (0,200)
office004[0]:
[0]: (0,100)
office004[1]:
[0]: (0,765)
[2K
Verifying formula 6 at /nta/queries/query[6]/formula
 -- Formula: simulate[<=700]{rm_1.idle, rf_1.idle, rp_1.idle, rd_1.idle}
[2K -- Aborted.
rm_1.idle:
[0]: (0,0) (0,1) (0,0) (68.57673979312466,0) (68.57673979312466,1) (77.3683944522445,1) (77.3683944522445,0) (147.0478494807664,0) (147.0478494807664,1) (151.0478494807665,1) (151.0478494807665,0) (175.6654249076876,0) (175.6654249076876,1)
rf_1.idle:
[0]: (0,0) (0,1)
rp_1.idle:
[0]: (0,0) (0,1) (67.5767397931244,1) (67.5767397931244,0) (77.3683944522445,0) (77.3683944522445,1)
rd_1.idle:
[0]: (0,0) (0,1) (146.0478494807665,1) (146.0478494807665,0) (151.0478494807665,0) (151.0478494807665,1) (174.6654249076881,1) (174.6654249076881,0)
[2K
Verifying formula 7 at /nta/queries/query[7]/formula
 -- Formula: Pr[<=700](<>!rm_1.idle || !rf_1.idle || !rp_1.idle || !rd_1.idle)
[2K -- Formula is satisfied.
(72/72 runs) Pr(<> …) in [0.950056,1] (95% CI)
Values in [0,0] mean=0 steps=2.22045e-16: 72
[2K
Verifying formula 8 at /nta/queries/query[8]/formula
 -- Formula: Pr[<=700]([] (Coffee_Delivery.end imply (rm_1.idle && rf_1.idle && rp_1.idle && rd_1.idle)))
[2K -- Aborted.
[2K
Verifying formula 9 at /nta/queries/query[9]/formula
 -- Formula: Pr[<=700] (<> pow(robPositionX[0] - office004[0], 2) + pow(robPositionY[0] - office004[1], 2) <= 900 )
[2K -- Formula is satisfied.
(72/72 runs) Pr(<> …) in [0.950056,1] (95% CI)
Values in [170.122,174.801] mean=172.49 steps=0.519884: 12 1 8 9 12 6 8 6 10
[2K
Verifying formula 10 at /nta/queries/query[10]/formula
 -- Formula: Pr[<=700] (<> pow(robPositionX[0] - coffee_room[0], 2) + pow(robPositionY[0] - coffee_room[1], 2) <= 900 )
[2K -- Formula is satisfied.
(72/72 runs) Pr(<> …) in [0.950056,1] (95% CI)
Values in [67.5767,67.5767] mean=67.5767 steps=2.22045e-16: 72
[2K
Verifying formula 11 at /nta/queries/query[11]/formula
 -- Formula: Pr[<=700] (<> pow(robPositionX[0] - office001[0], 2) + pow(robPositionY[0] - office001[1], 2) <= 900 )
[2K -- Formula is satisfied.
(72/72 runs) Pr(<> …) in [0.950056,1] (95% CI)
Values in [141.287,146.253] mean=143.944 steps=0.551749: 3 9 9 9 10 4 7 13 8
[2K
Verifying formula 12 at /nta/queries/query[12]/formula
 -- Formula: Pr[<=700] (<> !isValidPosition(humanPositionX[0], humanPositionY[0]))
[2K -- Formula is satisfied.
(72/72 runs) Pr(<> …) in [0.950056,1] (95% CI)
Values in [0,0] mean=0 steps=2.22045e-16: 72
[2K
Verifying formula 13 at /nta/queries/query[13]/formula
 -- Formula: Pr[<=700] (<> !isValidPosition(humanPositionX[1], humanPositionY[1]))
[2K -- Formula is satisfied.
(72/72 runs) Pr(<> …) in [0.950056,1] (95% CI)
Values in [0,0] mean=0 steps=2.22045e-16: 72
[2K
Verifying formula 14 at /nta/queries/query[14]/formula
 -- Formula: Pr[<=700] (<> !isValidPosition(robPositionX[0], robPositionY[0]))
[2K -- Formula is satisfied.
(72/72 runs) Pr(<> …) in [0.950056,1] (95% CI)
Values in [0,0] mean=0 steps=2.22045e-16: 72
[2K
Verifying formula 15 at /nta/queries/query[15]/formula
 -- Formula: Pr[<=700] (<> currP > 2)
[2K -- Aborted.
