Options for the verification:
  Generating no trace
  Search order is breadth first
  Using conservative space optimisation
  Seed is 1784973366
  State space representation uses minimal constraint systems with future testing
  Using HashMap + Compress integers for discrete state storage
[2K
Verifying formula 1 at /nta/queries/query[1]/formula
 -- Formula: simulate[<=700]{user_guided_transport_human_def.s1_start, user_guided_transport_human_def.s1_end, user_guided_transport_human_def.s2_start, user_guided_transport_human_def.s2_idle, user_guided_transport_human_def.s3_start, user_guided_transport_human_def.s3_end, user_guided_transport.end}
[2K -- Formula is satisfied.
user_guided_transport_human_def.s1_start:
[0]: (0,0) (0,1) (0,0) (700,0)
user_guided_transport_human_def.s1_end:
[0]: (0,0) (1,0) (1,1) (2,1) (2,0) (700,0)
user_guided_transport_human_def.s2_start:
[0]: (0,0) (2,0) (2,1) (2,0) (700,0)
user_guided_transport_human_def.s2_idle:
[0]: (0,0) (2,0) (2,1) (10.32072614762953,1) (10.32072614762953,0) (700,0)
user_guided_transport_human_def.s3_start:
[0]: (0,0) (10.32072614762953,0) (10.32072614762953,1) (10.32072614762953,0) (15.3207261476295,0) (15.3207261476295,1) (15.3207261476295,0) (20.32072614762949,0) (20.32072614762949,1) (20.32072614762949,0) (25.32072614762946,0) (25.32072614762946,1) (25.32072614762946,0) (30.32072614762943,0) (30.32072614762943,1) (30.32072614762943,0) (35.32072614762949,0) (35.32072614762949,1) (35.32072614762949,0) (40.32072614762956,0) (40.32072614762956,1) (40.32072614762956,0) (45.32072614762964,0) (45.32072614762964,1) (45.32072614762964,0) (50.32072614762971,0) (50.32072614762971,1) (50.32072614762971,0) (55.32072614762978,0) (55.32072614762978,1) (55.32072614762978,0) (60.3207261476298,0) (60.3207261476298,1) (60.3207261476298,0) (65.3207261476299,0) (65.3207261476299,1) (65.3207261476299,0) (70.32072614763021,0) (70.32072614763021,1) (70.32072614763021,0) (75.32072614763052,0) (75.32072614763052,1) (75.32072614763052,0) (80.32072614763084,0) (80.32072614763084,1) (80.32072614763084,0) (85.32072614763112,0) (85.32072614763112,1) (85.32072614763112,0) (90.32072614763146,0) (90.32072614763146,1) (90.32072614763146,0) (95.32072614763177,0) (95.32072614763177,1) (95.32072614763177,0) (100.3207261476321,0) (100.3207261476321,1) (100.3207261476321,0) (105.3207261476323,0) (105.3207261476323,1) (105.3207261476323,0) (110.3207261476326,0) (110.3207261476326,1) (110.3207261476326,0) (115.3207261476329,0) (115.3207261476329,1) (115.3207261476329,0) (120.3207261476332,0) (120.3207261476332,1) (120.3207261476332,0) (125.3207261476335,0) (125.3207261476335,1) (125.3207261476335,0) (130.3207261476338,0) (130.3207261476338,1) (130.3207261476338,0) (135.3207261476341,0) (135.3207261476341,1) (135.3207261476341,0) (140.3207261476344,0) (140.3207261476344,1) (140.3207261476344,0) (145.3207261476347,0) (145.3207261476347,1) (145.3207261476347,0) (150.320726147635,0) (150.320726147635,1) (150.320726147635,0) (155.3207261476352,0) (155.3207261476352,1) (155.3207261476352,0) (160.3207261476355,0) (160.3207261476355,1) (160.3207261476355,0) (165.3207261476358,0) (165.3207261476358,1) (165.3207261476358,0) (170.3207261476361,0) (170.3207261476361,1) (170.3207261476361,0) (175.3207261476364,0) (175.3207261476364,1) (175.3207261476364,0) (180.3207261476367,0) (180.3207261476367,1) (180.3207261476367,0) (185.320726147637,0) (185.320726147637,1) (185.320726147637,0) (190.3207261476373,0) (190.3207261476373,1) (190.3207261476373,0) (195.3207261476377,0) (195.3207261476377,1) (195.3207261476377,0) (700,0)
user_guided_transport_human_def.s3_end:
[0]: (0,0) (195.3207261476377,0) (195.3207261476377,1) (231.548396288859,1) (231.548396288859,0) (700,0)
user_guided_transport.end:
[0]: (0,0) (233.5483962888581,0) (233.5483962888581,1) (700,1)
[2K
Verifying formula 2 at /nta/queries/query[2]/formula
 -- Formula: simulate[<=700]{user_guided_transport_robot_def.s1_start, user_guided_transport_robot_def.s1_end, user_guided_transport_robot_def.s2_start, user_guided_transport_robot_def.s2_end, user_guided_transport_robot_def.s3_start, user_guided_transport_robot_def.s3_end, user_guided_transport.end}
[2K -- Formula is satisfied.
user_guided_transport_robot_def.s1_start:
[0]: (0,0) (0,1) (0,0) (700,0)
user_guided_transport_robot_def.s1_end:
[0]: (0,0) (2,0) (2,1) (2,0) (700,0)
user_guided_transport_robot_def.s2_start:
[0]: (0,0) (2,0) (2,1) (2,0) (700,0)
user_guided_transport_robot_def.s2_end:
[0]: (0,0) (10.02709614858031,0) (10.02709614858031,1) (10.02709614858031,0) (700,0)
user_guided_transport_robot_def.s3_start:
[0]: (0,0) (10.02709614858031,0) (10.02709614858031,1) (10.02709614858031,0) (700,0)
user_guided_transport_robot_def.s3_end:
[0]: (0,0) (231.2359628273201,0) (231.2359628273201,1) (231.2359628273201,0) (700,0)
user_guided_transport.end:
[0]: (0,0) (233.2359628273192,0) (233.2359628273192,1) (700,1)
[2K
Verifying formula 3 at /nta/queries/query[3]/formula
 -- Formula: Pr[<=700] (<> user_guided_transport.end)
[2K -- Formula is satisfied.
(72/72 runs) Pr(<> …) in [0.950056,1] (95% CI)
Values in [230.252,235.069] mean=232.805 steps=0.535132: 11 9 8 4 3 2 10 11 14
[2K
Verifying formula 4 at /nta/queries/query[4]/formula
 -- Formula: simulate[<=700]{humanPositionX[0], humanPositionY[0], robPositionX[0], robPositionY[0], batteryCharge[0], user_guided_transport.end}
[2K -- Formula is satisfied.
humanPositionX[0]:
[0]: (0,0) (0,92.5) (1,92.5) (1,97.73313175708738) (10.12576871479461,97.73313175708738) (10.12576871479461,123.7285354798977) (11.12576871479461,123.7285354798977) (11.12576871479461,149.723939202708) (12.12576871479461,149.723939202708) (12.12576871479461,175.7193429255182) (13.12576871479461,175.7193429255182) (13.12576871479461,201.7147466483285) (14.12576871479461,201.7147466483285) (14.12576871479461,227.7101503711388) (15.12576871479461,227.7101503711388) (15.12576871479461,253.7055540939491) (16.12576871479461,253.7055540939491) (16.12576871479461,279.7009578167594) (17.12576871479461,279.7009578167594) (17.12576871479461,305.6963615395697) (18.12576871479462,305.6963615395697) (18.12576871479462,331.69176526238) (19.12576871479462,331.69176526238) (19.12576871479462,357.6871689851903) (20.12576871479463,357.6871689851903) (20.12576871479463,383.6825727080006) (21.12576871479463,383.6825727080006) (21.12576871479463,409.6779764308109) (22.12576871479464,409.6779764308109) (22.12576871479464,435.6733801536212) (23.12576871479465,435.6733801536212) (23.12576871479465,461.6687838764315) (24.12576871479466,461.6687838764315) (24.12576871479466,487.6641875992418) (25.12576871479466,487.6641875992418) (25.12576871479466,513.6595913220521) (26.12576871479467,513.6595913220521) (26.12576871479467,539.6549950448623) (27.12576871479468,539.6549950448623) (27.12576871479468,565.6503987676725) (28.12576871479468,565.6503987676725) (28.12576871479468,591.6458024904828) (29.12576871479469,591.6458024904828) (29.12576871479469,617.641206213293) (30.1257687147947,617.641206213293) (30.1257687147947,643.6366099361032) (31.12576871479471,643.6366099361032) (31.12576871479471,669.6320136589135) (32.12576871479472,669.6320136589135) (32.12576871479472,695.6274173817237) (33.12576871479472,695.6274173817237) (33.12576871479472,721.622821104534) (34.12576871479473,721.622821104534) (34.12576871479473,747.6182248273442) (35.12576871479474,747.6182248273442) (35.12576871479474,773.6136285501544) (36.12576871479475,773.6136285501544) (36.12576871479475,799.6090322729647) (37.12576871479475,799.6090322729647) (37.12576871479475,825.6044359957749) (38.12576871479476,825.6044359957749) (38.12576871479476,851.5998397185851) (39.12576871479477,851.5998397185851) (39.12576871479477,877.5952434413954) (40.12576871479477,877.5952434413954) (40.12576871479477,903.5906471642056) (41.12576871479478,903.5906471642056) (41.12576871479478,929.5860508870159) (42.12576871479479,929.5860508870159) (42.12576871479479,955.5814546098261) (43.12576871479479,955.5814546098261) (43.12576871479479,981.5768583326363) (44.1257687147948,981.5768583326363) (44.1257687147948,1007.572262055447) (45.12576871479481,1007.572262055447) (45.12576871479481,1033.567665778257) (46.12576871479482,1033.567665778257) (46.12576871479482,1059.563069501067) (47.12576871479482,1059.563069501067) (47.12576871479482,1085.558473223878) (48.12576871479483,1085.558473223878) (48.12576871479483,1111.553876946688) (49.12576871479484,1111.553876946688) (49.12576871479484,1137.549280669498) (50.12576871479484,1137.549280669498) (50.12576871479484,1163.544684392309) (51.12576871479485,1163.544684392309) (51.12576871479485,1189.540088115119) (52.12576871479486,1189.540088115119) (52.12576871479486,1215.535491837929) (53.12576871479487,1215.535491837929) (53.12576871479487,1241.53089556074) (54.12576871479487,1241.53089556074) (54.12576871479487,1267.52629928355) (55.12576871479488,1267.52629928355) (55.12576871479488,1293.52170300636) (56.12576871479489,1293.52170300636) (56.12576871479489,1319.517106729171) (57.12576871479489,1319.517106729171) (57.12576871479489,1345.512510451981) (58.1257687147949,1345.512510451981) (58.1257687147949,1371.507914174791) (59.12576871479491,1371.507914174791) (59.12576871479491,1397.503317897602) (60.12576871479492,1397.503317897602) (60.12576871479492,1423.498721620412) (61.12576871479492,1423.498721620412) (61.12576871479492,1478) (62.12576871479493,1478) (62.12576871479493,1504) (63.12576871479494,1504) (63.12576871479494,1530) (64.12576871479493,1530) (64.12576871479493,1556) (65.12576871479494,1556) (65.12576871479494,1582) (66.12576871479494,1582) (66.12576871479494,1608) (67.12576871479496,1608) (67.12576871479496,1634) (68.12576871479497,1634) (68.12576871479497,1660) (69.12576871479499,1660) (69.12576871479499,1686) (70.12576871479499,1686) (70.12576871479499,1712) (71.12576871479499,1712) (71.12576871479499,1738) (72.12576871479499,1738) (72.12576871479499,1764) (73.12576871479499,1764) (73.12576871479499,1790) (74.125768714795,1790) (74.125768714795,1816) (75.12576871479496,1816) (75.12576871479496,1842) (76.1257687147949,1842) (76.1257687147949,1868) (77.12576871479484,1868) (77.12576871479484,1894) (78.12576871479479,1894) (78.12576871479479,1920) (79.12576871479473,1920) (79.12576871479473,1946) (80.12576871479466,1946) (80.12576871479466,1972) (81.1257687147946,1972) (81.1257687147946,1998) (82.12576871479455,1998) (82.12576871479455,2024) (83.12576871479449,2024) (83.12576871479449,2050) (84.12576871479443,2050) (84.12576871479443,2076) (85.12576871479438,2076) (85.12576871479438,2102) (86.12576871479432,2102) (86.12576871479432,2128) (87.12576871479426,2128) (87.12576871479426,2154) (88.12576871479421,2154) (88.12576871479421,2180) (89.12576871479415,2180) (89.12576871479415,2206) (90.12576871479409,2206) (90.12576871479409,2232) (91.12576871479403,2232) (91.12576871479403,2258) (92.12576871479398,2258) (92.12576871479398,2284) (93.12576871479392,2284) (93.12576871479392,2310) (94.12576871479385,2310) (94.12576871479385,2336) (95.12576871479378,2336) (95.12576871479378,2362) (96.12576871479372,2362) (96.12576871479372,2388) (97.12576871479367,2388) (97.12576871479367,2414) (98.12576871479361,2414) (98.12576871479361,2440) (99.12576871479355,2440) (99.12576871479355,2466) (100.1257687147935,2466) (100.1257687147935,2492) (101.1257687147934,2492) (101.1257687147934,2518) (102.1257687147934,2518) (102.1257687147934,2544) (103.1257687147933,2544) (103.1257687147933,2570) (104.1257687147933,2570) (104.1257687147933,2596) (105.1257687147932,2596) (105.1257687147932,2622) (106.1257687147932,2622) (106.1257687147932,2648) (107.1257687147931,2648) (107.1257687147931,2674) (108.125768714793,2674) (108.125768714793,2700) (109.125768714793,2700) (109.125768714793,2726) (110.1257687147929,2726) (110.1257687147929,2752) (111.1257687147929,2752) (111.1257687147929,2778) (112.1257687147928,2778) (112.1257687147928,2804) (113.1257687147928,2804) (113.1257687147928,2830) (114.1257687147927,2830) (114.1257687147927,2856) (115.1257687147926,2856) (115.1257687147926,2882) (116.1257687147926,2882) (116.1257687147926,2908) (117.1257687147925,2908) (117.1257687147925,2934) (118.1257687147925,2934) (118.1257687147925,2960) (119.1257687147924,2960) (119.1257687147924,2986) (120.1257687147924,2986) (120.1257687147924,3012) (121.1257687147923,3012) (121.1257687147923,3038) (122.1257687147922,3038) (122.1257687147922,3088.5) (123.1257687147922,3088.5) (123.1257687147922,3114.5) (124.1257687147921,3114.5) (124.1257687147921,3140.5) (125.1257687147921,3140.5) (125.1257687147921,3166.5) (126.125768714792,3166.5) (126.125768714792,3192.5) (127.125768714792,3192.5) (127.125768714792,3218.5) (128.1257687147919,3218.5) (128.1257687147919,3244.5) (129.1257687147919,3244.5) (129.1257687147919,3270.5) (130.125768714792,3270.5) (130.125768714792,3296.5) (131.1257687147921,3296.5) (131.1257687147921,3322.5) (132.1257687147921,3322.5) (132.1257687147921,3348.5) (133.1257687147922,3348.5) (133.1257687147922,3374.5) (134.1257687147922,3374.5) (134.1257687147922,3400.5) (135.1257687147923,3400.5) (135.1257687147923,3426.5) (136.1257687147923,3426.5) (136.1257687147923,3452.5) (137.1257687147924,3452.5) (137.1257687147924,3478.5) (138.1257687147925,3478.5) (138.1257687147925,3504.5) (139.1257687147925,3504.5) (139.1257687147925,3530.5) (140.1257687147926,3530.5) (140.1257687147926,3556.5) (141.1257687147926,3556.5) (141.1257687147926,3582.5) (142.1257687147927,3582.5) (142.1257687147927,3608.5) (143.1257687147927,3608.5) (143.1257687147927,3634.5) (144.1257687147928,3634.5) (144.1257687147928,3660.5) (145.1257687147929,3660.5) (145.1257687147929,3686.5) (146.1257687147929,3686.5) (146.1257687147929,3712.5) (147.125768714793,3712.5) (147.125768714793,3738.5) (148.125768714793,3738.5) (148.125768714793,3764.5) (149.1257687147931,3764.5) (149.1257687147931,3790.5) (150.1257687147931,3790.5) (150.1257687147931,3816.5) (151.1257687147932,3816.5) (151.1257687147932,3842.5) (152.1257687147933,3842.5) (152.1257687147933,3868.5) (153.1257687147933,3868.5) (153.1257687147933,3894.5) (154.1257687147934,3894.5) (154.1257687147934,3920.5) (155.1257687147934,3920.5) (155.1257687147934,3946.5) (156.1257687147935,3946.5) (156.1257687147935,3972.5) (157.1257687147935,3972.5) (157.1257687147935,3998.5) (158.1257687147936,3998.5) (158.1257687147936,4024.5) (159.1257687147937,4024.5) (159.1257687147937,4050.5) (160.1257687147937,4050.5) (160.1257687147937,4076.5) (161.1257687147938,4076.5) (161.1257687147938,4102.5) (162.1257687147938,4102.5) (162.1257687147938,4128.5) (163.1257687147939,4128.5) (163.1257687147939,4154.5) (164.1257687147939,4154.5) (164.1257687147939,4180.5) (165.125768714794,4180.5) (165.125768714794,4206.5) (166.125768714794,4206.5) (166.125768714794,4232.5) (167.1257687147941,4232.5) (167.1257687147941,4258.5) (168.1257687147942,4258.5) (168.1257687147942,4284.5) (169.1257687147942,4284.5) (169.1257687147942,4310.5) (170.1257687147943,4310.5) (170.1257687147943,4336.5) (171.1257687147943,4336.5) (171.1257687147943,4362.5) (172.1257687147944,4362.5) (172.1257687147944,4388.5) (173.1257687147944,4388.5) (173.1257687147944,4416.265463717128) (174.1257687147945,4416.265463717128) (174.1257687147945,4415.530927434256) (175.1257687147946,4415.530927434256) (175.1257687147946,4414.796391151384) (176.1257687147946,4414.796391151384) (176.1257687147946,4414.061854868512) (177.1257687147947,4414.061854868512) (177.1257687147947,4413.327318585641) (178.1257687147948,4413.327318585641) (178.1257687147948,4412.592782302769) (179.1257687147949,4412.592782302769) (179.1257687147949,4411.858246019897) (180.125768714795,4411.858246019897) (180.125768714795,4411.123709737025) (181.1257687147951,4411.123709737025) (181.1257687147951,4410.389173454153) (182.1257687147952,4410.389173454153) (182.1257687147952,4409.654637171281) (183.1257687147952,4409.654637171281) (183.1257687147952,4408.920100888409) (184.1257687147953,4408.920100888409) (184.1257687147953,4408.185564605537) (185.1257687147954,4408.185564605537) (185.1257687147954,4407.451028322665) (186.1257687147955,4407.451028322665) (186.1257687147955,4406.716492039794) (187.1257687147956,4406.716492039794) (187.1257687147956,4405.981955756922) (188.1257687147957,4405.981955756922) (188.1257687147957,4405.24741947405) (189.1257687147957,4405.24741947405) (189.1257687147957,4404.512883191178) (190.1257687147958,4404.512883191178) (190.1257687147958,4403.778346908306) (191.1257687147959,4403.778346908306) (191.1257687147959,4403.043810625434) (192.125768714796,4403.043810625434) (192.125768714796,4402.309274342562) (193.125768714796,4402.309274342562) (193.125768714796,4401.57473805969) (194.1257687147961,4401.57473805969) (194.1257687147961,4400.840201776819) (700,4400.840201776819)
humanPositionY[0]:
[0]: (0,0) (0,163.5) (1,163.5) (1,188.9679078844919) (10.12576871479461,188.9679078844919) (10.12576871479461,188.479046668909) (11.12576871479461,188.479046668909) (11.12576871479461,187.9901854533261) (12.12576871479461,187.9901854533261) (12.12576871479461,187.5013242377432) (13.12576871479461,187.5013242377432) (13.12576871479461,187.0124630221603) (14.12576871479461,187.0124630221603) (14.12576871479461,186.5236018065774) (15.12576871479461,186.5236018065774) (15.12576871479461,186.0347405909945) (16.12576871479461,186.0347405909945) (16.12576871479461,185.5458793754117) (17.12576871479461,185.5458793754117) (17.12576871479461,185.0570181598288) (18.12576871479462,185.0570181598288) (18.12576871479462,184.5681569442459) (19.12576871479462,184.5681569442459) (19.12576871479462,184.079295728663) (20.12576871479463,184.079295728663) (20.12576871479463,183.5904345130801) (21.12576871479463,183.5904345130801) (21.12576871479463,183.1015732974972) (22.12576871479464,183.1015732974972) (22.12576871479464,182.6127120819143) (23.12576871479465,182.6127120819143) (23.12576871479465,182.1238508663315) (24.12576871479466,182.1238508663315) (24.12576871479466,181.6349896507486) (25.12576871479466,181.6349896507486) (25.12576871479466,181.1461284351657) (26.12576871479467,181.1461284351657) (26.12576871479467,180.6572672195828) (27.12576871479468,180.6572672195828) (27.12576871479468,180.1684060039999) (28.12576871479468,180.1684060039999) (28.12576871479468,179.679544788417) (29.12576871479469,179.679544788417) (29.12576871479469,179.1906835728341) (30.1257687147947,179.1906835728341) (30.1257687147947,178.7018223572512) (31.12576871479471,178.7018223572512) (31.12576871479471,178.2129611416684) (32.12576871479472,178.2129611416684) (32.12576871479472,177.7240999260855) (33.12576871479472,177.7240999260855) (33.12576871479472,177.2352387105026) (34.12576871479473,177.2352387105026) (34.12576871479473,176.7463774949197) (35.12576871479474,176.7463774949197) (35.12576871479474,176.2575162793368) (36.12576871479475,176.2575162793368) (36.12576871479475,175.7686550637539) (37.12576871479475,175.7686550637539) (37.12576871479475,175.279793848171) (38.12576871479476,175.279793848171) (38.12576871479476,174.7909326325882) (39.12576871479477,174.7909326325882) (39.12576871479477,174.3020714170053) (40.12576871479477,174.3020714170053) (40.12576871479477,173.8132102014224) (41.12576871479478,173.8132102014224) (41.12576871479478,173.3243489858395) (42.12576871479479,173.3243489858395) (42.12576871479479,172.8354877702566) (43.12576871479479,172.8354877702566) (43.12576871479479,172.3466265546737) (44.1257687147948,172.3466265546737) (44.1257687147948,171.8577653390908) (45.12576871479481,171.8577653390908) (45.12576871479481,171.3689041235079) (46.12576871479482,171.3689041235079) (46.12576871479482,170.8800429079251) (47.12576871479482,170.8800429079251) (47.12576871479482,170.3911816923422) (48.12576871479483,170.3911816923422) (48.12576871479483,169.9023204767593) (49.12576871479484,169.9023204767593) (49.12576871479484,169.4134592611764) (50.12576871479484,169.4134592611764) (50.12576871479484,168.9245980455935) (51.12576871479485,168.9245980455935) (51.12576871479485,168.4357368300106) (52.12576871479486,168.4357368300106) (52.12576871479486,167.9468756144277) (53.12576871479487,167.9468756144277) (53.12576871479487,167.4580143988449) (54.12576871479487,167.4580143988449) (54.12576871479487,166.969153183262) (55.12576871479488,166.969153183262) (55.12576871479488,166.4802919676791) (56.12576871479489,166.4802919676791) (56.12576871479489,165.9914307520962) (57.12576871479489,165.9914307520962) (57.12576871479489,165.5025695365133) (58.1257687147949,165.5025695365133) (58.1257687147949,165.0137083209304) (59.12576871479491,165.0137083209304) (59.12576871479491,164.5248471053475) (60.12576871479492,164.5248471053475) (60.12576871479492,164.0359858897646) (61.12576871479492,164.0359858897646) (61.12576871479492,163.5) (173.1257687147944,163.5) (173.1257687147944,189.4896220913107) (174.1257687147945,189.4896220913107) (174.1257687147945,215.4792441826214) (175.1257687147946,215.4792441826214) (175.1257687147946,241.4688662739321) (176.1257687147946,241.4688662739321) (176.1257687147946,267.4584883652428) (177.1257687147947,267.4584883652428) (177.1257687147947,293.4481104565535) (178.1257687147948,293.4481104565535) (178.1257687147948,319.4377325478642) (179.1257687147949,319.4377325478642) (179.1257687147949,345.427354639175) (180.125768714795,345.427354639175) (180.125768714795,371.4169767304857) (181.1257687147951,371.4169767304857) (181.1257687147951,397.4065988217964) (182.1257687147952,397.4065988217964) (182.1257687147952,423.3962209131071) (183.1257687147952,423.3962209131071) (183.1257687147952,449.3858430044178) (184.1257687147953,449.3858430044178) (184.1257687147953,475.3754650957285) (185.1257687147954,475.3754650957285) (185.1257687147954,501.3650871870392) (186.1257687147955,501.3650871870392) (186.1257687147955,527.3547092783499) (187.1257687147956,527.3547092783499) (187.1257687147956,553.3443313696606) (188.1257687147957,553.3443313696606) (188.1257687147957,579.3339534609713) (189.1257687147957,579.3339534609713) (189.1257687147957,605.323575552282) (190.1257687147958,605.323575552282) (190.1257687147958,631.3131976435927) (191.1257687147959,631.3131976435927) (191.1257687147959,657.3028197349034) (192.125768714796,657.3028197349034) (192.125768714796,683.2924418262141) (193.125768714796,683.2924418262141) (193.125768714796,709.2820639175249) (194.1257687147961,709.2820639175249) (194.1257687147961,735.2716860088356) (700,735.2716860088356)
robPositionX[0]:
[0]: (0,0) (0,92.5) (2,92.5) (2,97.73313175708738) (12.12576871479461,97.73313175708738) (12.12576871479461,123.7285354798977) (13.12576871479461,123.7285354798977) (13.12576871479461,149.723939202708) (14.14457217727785,149.723939202708) (14.14457217727785,175.7193429255182) (15.14457217727785,175.7193429255182) (15.14457217727785,201.7147466483285) (16.14457217727785,201.7147466483285) (16.14457217727785,227.7101503711388) (17.14457217727786,227.7101503711388) (17.14457217727786,253.7055540939491) (18.14457217727786,253.7055540939491) (18.14457217727786,279.7009578167594) (19.14457217727787,279.7009578167594) (19.14457217727787,305.6963615395697) (20.14457217727787,305.6963615395697) (20.14457217727787,331.69176526238) (21.14457217727788,331.69176526238) (21.14457217727788,357.6871689851903) (22.14457217727789,357.6871689851903) (22.14457217727789,383.6825727080006) (23.14457217727789,383.6825727080006) (23.14457217727789,409.6779764308109) (24.1445721772779,409.6779764308109) (24.1445721772779,435.6733801536212) (25.14457217727791,435.6733801536212) (25.14457217727791,461.6687838764315) (26.14457217727792,461.6687838764315) (26.14457217727792,487.6641875992418) (27.14457217727792,487.6641875992418) (27.14457217727792,513.6595913220521) (28.14457217727793,513.6595913220521) (28.14457217727793,539.6549950448623) (29.14457217727794,539.6549950448623) (29.14457217727794,565.6503987676725) (30.14457217727794,565.6503987676725) (30.14457217727794,591.6458024904828) (31.14457217727795,591.6458024904828) (31.14457217727795,617.641206213293) (32.14457217727796,617.641206213293) (32.14457217727796,643.6366099361032) (33.14457217727796,643.6366099361032) (33.14457217727796,669.6320136589135) (34.14457217727797,669.6320136589135) (34.14457217727797,695.6274173817237) (35.14457217727798,695.6274173817237) (35.14457217727798,721.622821104534) (36.14457217727799,721.622821104534) (36.14457217727799,747.6182248273442) (37.14457217727799,747.6182248273442) (37.14457217727799,773.6136285501544) (38.144572177278,773.6136285501544) (38.144572177278,799.6090322729647) (39.14457217727801,799.6090322729647) (39.14457217727801,825.6044359957749) (40.14457217727801,825.6044359957749) (40.14457217727801,851.5998397185851) (41.14457217727802,851.5998397185851) (41.14457217727802,877.5952434413954) (42.14457217727803,877.5952434413954) (42.14457217727803,903.5906471642056) (43.14457217727804,903.5906471642056) (43.14457217727804,929.5860508870159) (44.14457217727804,929.5860508870159) (44.14457217727804,955.5814546098261) (45.14457217727805,955.5814546098261) (45.14457217727805,981.5768583326363) (46.14457217727806,981.5768583326363) (46.14457217727806,1007.572262055447) (47.14457217727806,1007.572262055447) (47.14457217727806,1033.567665778257) (48.14457217727807,1033.567665778257) (48.14457217727807,1059.563069501067) (49.14457217727808,1059.563069501067) (49.14457217727808,1085.558473223878) (50.14457217727809,1085.558473223878) (50.14457217727809,1111.553876946688) (51.14457217727809,1111.553876946688) (51.14457217727809,1137.549280669498) (52.1445721772781,1137.549280669498) (52.1445721772781,1163.544684392309) (53.14457217727811,1163.544684392309) (53.14457217727811,1189.540088115119) (54.14457217727811,1189.540088115119) (54.14457217727811,1215.535491837929) (55.14457217727812,1215.535491837929) (55.14457217727812,1241.53089556074) (56.14457217727813,1241.53089556074) (56.14457217727813,1267.52629928355) (57.14457217727814,1267.52629928355) (57.14457217727814,1293.52170300636) (58.14457217727814,1293.52170300636) (58.14457217727814,1319.517106729171) (59.14457217727815,1319.517106729171) (59.14457217727815,1345.512510451981) (60.14457217727816,1345.512510451981) (60.14457217727816,1371.507914174791) (61.14457217727816,1371.507914174791) (61.14457217727816,1397.503317897602) (62.15730303413732,1397.503317897602) (62.15730303413732,1423.501210954746) (63.16592225181652,1423.501210954746) (63.16592225181652,1449.500245178851) (64.17175769258441,1449.500245178851) (64.17175769258441,1475.499802499311) (65.1757084236327,1475.499802499311) (65.1757084236327,1501.499599591989) (66.17838315605283,1501.499599591989) (66.17838315605283,1527.499506587529) (67.18019400737508,1527.499506587529) (67.18019400737508,1553.499463958168) (68.18141999208329,1553.499463958168) (68.18141999208329,1579.49944441867) (69.18225000953326,1579.49944441867) (69.18225000953326,1605.499435462594) (70.18281194876299,1605.499435462594) (70.18281194876299,1631.49943135751) (71.1831923933963,1631.49943135751) (71.1831923933963,1657.499429475914) (72.18344996237948,1657.499429475914) (72.18344996237948,1683.499428613471) (73.1836243419731,1683.499428613471) (73.1836243419731,1709.499428218164) (74.18374240060736,1709.499428218164) (74.18374240060736,1735.499428036972) (75.18382232877472,1735.499428036972) (75.18382232877472,1761.499427953921) (76.18387644181581,1761.499427953921) (76.18387644181581,1787.499427915854) (77.18391307747744,1787.499427915854) (77.18391307747744,1813.499427898406) (78.18393788058889,1813.499427898406) (78.18393788058889,1839.499427890409) (79.18395467281573,1839.499427890409) (79.18395467281573,1865.499427886743) (80.18396604149349,1865.499427886743) (80.18396604149349,1891.499427885063) (81.18397373832906,1891.499427885063) (81.18397373832906,1917.499427884293) (82.18397894924185,1917.499427884293) (82.18397894924185,1943.499427883939) (83.18398247713694,1943.499427883939) (83.18398247713694,1969.499427883778) (84.18398486560291,1969.499427883778) (84.18398486560291,1995.499427883703) (85.18398648263633,1995.499427883703) (85.18398648263633,2021.499427883669) (86.18398757744072,2021.499427883669) (86.18398757744072,2047.499427883654) (87.1839883186143,2047.499427883654) (87.1839883186143,2073.499427883647) (88.1839888204096,2073.499427883647) (88.1839888204096,2099.499427883643) (89.1839891602083,2099.499427883643) (89.1839891602083,2125.499427883642) (90.18398939057461,2125.499427883642) (90.18398939057461,2151.499427883641) (91.18398954543196,2151.499427883641) (91.18398954543196,2177.499427883641) (92.18398964974003,2177.499427883641) (92.18398964974003,2203.499427883641) (93.18398972274045,2203.499427883641) (93.18398972274045,2229.499427883641) (94.18398977216194,2229.499427883641) (94.18398977216194,2255.499427883641) (95.18398980548189,2255.499427883641) (95.18398980548189,2281.499427883641) (96.18398982655525,2281.499427883641) (96.18398982655525,2307.499427883641) (97.18398982655519,2307.499427883641) (97.18398982655519,2333.499427883641) (98.18398982655513,2333.499427883641) (98.18398982655513,2359.499427883641) (99.18398982655508,2359.499427883641) (99.18398982655508,2385.499427883641) (100.183989826555,2385.499427883641) (100.183989826555,2411.499427883641) (101.183989826555,2411.499427883641) (101.183989826555,2437.499427883641) (102.1839898265549,2437.499427883641) (102.1839898265549,2463.499427883641) (103.1839898265548,2463.499427883641) (103.1839898265548,2489.499427883641) (104.1839898265548,2489.499427883641) (104.1839898265548,2515.499427883641) (105.1839898265547,2515.499427883641) (105.1839898265547,2541.499427883641) (106.1839898265547,2541.499427883641) (106.1839898265547,2567.499427883641) (107.1839898265546,2567.499427883641) (107.1839898265546,2593.499427883641) (108.1839898265546,2593.499427883641) (108.1839898265546,2619.499427883641) (109.1839898265545,2619.499427883641) (109.1839898265545,2645.499427883641) (110.1839898265545,2645.499427883641) (110.1839898265545,2671.499427883641) (111.1839898265544,2671.499427883641) (111.1839898265544,2697.499427883641) (112.1839898265543,2697.499427883641) (112.1839898265543,2723.499427883641) (113.1839898265543,2723.499427883641) (113.1839898265543,2749.499427883641) (114.1839898265542,2749.499427883641) (114.1839898265542,2775.499427883641) (115.1839898265542,2775.499427883641) (115.1839898265542,2801.499427883641) (116.1839898265541,2801.499427883641) (116.1839898265541,2827.499427883641) (117.1839898265541,2827.499427883641) (117.1839898265541,2853.499427883641) (118.183989826554,2853.499427883641) (118.183989826554,2879.499427883641) (119.1839898265539,2879.499427883641) (119.1839898265539,2905.499427883641) (120.1839898265539,2905.499427883641) (120.1839898265539,2931.499427883641) (121.1839898265538,2931.499427883641) (121.1839898265538,2957.499427883641) (122.1839898265538,2957.499427883641) (122.1839898265538,2983.499427883641) (123.1839898265537,2983.499427883641) (123.1839898265537,3009.499427883641) (124.1839898265537,3009.499427883641) (124.1839898265537,3035.499427883641) (125.1839898265536,3035.499427883641) (125.1839898265536,3061.499427883641) (126.1839898265535,3061.499427883641) (126.1839898265535,3087.499427883641) (127.1839898265535,3087.499427883641) (127.1839898265535,3113.499427883641) (128.1839898265534,3113.499427883641) (128.1839898265534,3139.499427883641) (129.1839898265535,3139.499427883641) (129.1839898265535,3165.499427883641) (130.1839898265535,3165.499427883641) (130.1839898265535,3191.499427883641) (131.1839898265536,3191.499427883641) (131.1839898265536,3217.499427883641) (132.1839898265536,3217.499427883641) (132.1839898265536,3243.499427883641) (133.1839898265537,3243.499427883641) (133.1839898265537,3269.499427883641) (134.1839898265538,3269.499427883641) (134.1839898265538,3295.499427883641) (135.1839898265538,3295.499427883641) (135.1839898265538,3321.499427883641) (136.1839898265539,3321.499427883641) (136.1839898265539,3347.499427883641) (137.1839898265539,3347.499427883641) (137.1839898265539,3373.499427883641) (138.183989826554,3373.499427883641) (138.183989826554,3399.499427883641) (139.183989826554,3399.499427883641) (139.183989826554,3425.499427883641) (140.1839898265541,3425.499427883641) (140.1839898265541,3451.499427883641) (141.1839898265542,3451.499427883641) (141.1839898265542,3477.499427883641) (142.1839898265542,3477.499427883641) (142.1839898265542,3503.499427883641) (143.1839898265543,3503.499427883641) (143.1839898265543,3529.499427883641) (144.1839898265543,3529.499427883641) (144.1839898265543,3555.499427883641) (145.1839898265544,3555.499427883641) (145.1839898265544,3581.499427883641) (146.1839898265544,3581.499427883641) (146.1839898265544,3607.499427883641) (147.1839898265545,3607.499427883641) (147.1839898265545,3633.499427883641) (148.1839898265546,3633.499427883641) (148.1839898265546,3659.499427883641) (149.1839898265546,3659.499427883641) (149.1839898265546,3685.499427883641) (150.1839898265547,3685.499427883641) (150.1839898265547,3711.499427883641) (151.1839898265547,3711.499427883641) (151.1839898265547,3737.499427883641) (152.1839898265548,3737.499427883641) (152.1839898265548,3763.499427883641) (153.1839898265548,3763.499427883641) (153.1839898265548,3789.499427883641) (154.1839898265549,3789.499427883641) (154.1839898265549,3815.499427883641) (155.1839898265549,3815.499427883641) (155.1839898265549,3841.499427883641) (156.183989826555,3841.499427883641) (156.183989826555,3867.499427883641) (157.1839898265551,3867.499427883641) (157.1839898265551,3893.499427883641) (158.1839898265551,3893.499427883641) (158.1839898265551,3919.499427883641) (159.1839898265552,3919.499427883641) (159.1839898265552,3945.499427883641) (160.1839898265552,3945.499427883641) (160.1839898265552,3971.499427883641) (161.1839898265553,3971.499427883641) (161.1839898265553,3997.499427883641) (162.1839898265553,3997.499427883641) (162.1839898265553,4023.499427883641) (163.1839898265554,4023.499427883641) (163.1839898265554,4049.499427883641) (164.1839898265555,4049.499427883641) (164.1839898265555,4075.499427883641) (165.1839898265555,4075.499427883641) (165.1839898265555,4101.49942788364) (166.1839898265556,4101.49942788364) (166.1839898265556,4127.49942788364) (167.1839898265556,4127.49942788364) (167.1839898265556,4153.49942788364) (168.1839898265557,4153.49942788364) (168.1839898265557,4179.49942788364) (169.1839898265557,4179.49942788364) (169.1839898265557,4205.49942788364) (170.1839898265558,4205.49942788364) (170.1839898265558,4231.49942788364) (171.1839898265559,4231.49942788364) (171.1839898265559,4257.49942788364) (172.1839898265559,4257.49942788364) (172.1839898265559,4283.49942788364) (173.183989826556,4283.49942788364) (173.183989826556,4309.49942788364) (174.4227716223109,4309.49942788364) (174.4227716223109,4334.761725317672) (175.9388877192244,4334.761725317672) (175.9388877192244,4357.375029374853) (177.7377448983978,4357.375029374853) (177.7377448983978,4371.80338971305) (179.8734525416914,4371.80338971305) (179.8734525416914,4380.472858151295) (182.181751000596,4380.472858151295) (182.181751000596,4385.010512952947) (184.6078910483424,4385.010512952947) (184.6078910483424,4388.172157803916) (187.0765922763651,4388.172157803916) (187.0765922763651,4390.428283375573) (189.573959311893,4390.428283375573) (189.573959311893,4391.835488330516) (192.0984244743458,4391.835488330516) (192.0984244743458,4392.871718959358) (194.6352623124676,4392.871718959358) (194.6352623124676,4393.515439372457) (197.1852175325439,4393.515439372457) (197.1852175325439,4394.057268921059) (199.7351727526201,4394.057268921059) (199.7351727526201,4394.599098469662) (202.2851279726962,4394.599098469662) (202.2851279726962,4395.140928018264) (204.8350831927725,4395.140928018264) (204.8350831927725,4395.682757566867) (207.3850384128487,4395.682757566867) (207.3850384128487,4396.224587115469) (209.9349936329249,4396.224587115469) (209.9349936329249,4396.766416664072) (212.4849488530011,4396.766416664072) (212.4849488530011,4397.308246212675) (215.0349040730773,4397.308246212675) (215.0349040730773,4397.850075761278) (217.5848592931535,4397.850075761278) (217.5848592931535,4398.391905309881) (220.1348145132297,4398.391905309881) (220.1348145132297,4398.933734858484) (222.6847697333059,4398.933734858484) (222.6847697333059,4399.475564407086) (225.2347249533822,4399.475564407086) (225.2347249533822,4400.01739395569) (227.7846801734584,4400.01739395569) (227.7846801734584,4400.559223504292) (230.3346353935345,4400.559223504292) (230.3346353935345,4400.840201776819) (700,4400.840201776819)
robPositionY[0]:
[0]: (0,0) (0,163.5) (2,163.5) (2,188.9679078844919) (12.12576871479461,188.9679078844919) (12.12576871479461,188.479046668909) (13.12576871479461,188.479046668909) (13.12576871479461,187.9901854533262) (14.14457217727785,187.9901854533262) (14.14457217727785,187.5013242377433) (15.14457217727785,187.5013242377433) (15.14457217727785,187.0124630221605) (16.14457217727785,187.0124630221605) (16.14457217727785,186.5236018065776) (17.14457217727786,186.5236018065776) (17.14457217727786,186.0347405909947) (18.14457217727786,186.0347405909947) (18.14457217727786,185.5458793754118) (19.14457217727787,185.5458793754118) (19.14457217727787,185.0570181598289) (20.14457217727787,185.0570181598289) (20.14457217727787,184.568156944246) (21.14457217727788,184.568156944246) (21.14457217727788,184.0792957286631) (22.14457217727789,184.0792957286631) (22.14457217727789,183.5904345130803) (23.14457217727789,183.5904345130803) (23.14457217727789,183.1015732974974) (24.1445721772779,183.1015732974974) (24.1445721772779,182.6127120819145) (25.14457217727791,182.6127120819145) (25.14457217727791,182.1238508663316) (26.14457217727792,182.1238508663316) (26.14457217727792,181.6349896507487) (27.14457217727792,181.6349896507487) (27.14457217727792,181.1461284351658) (28.14457217727793,181.1461284351658) (28.14457217727793,180.6572672195829) (29.14457217727794,180.6572672195829) (29.14457217727794,180.168406004) (30.14457217727794,180.168406004) (30.14457217727794,179.6795447884172) (31.14457217727795,179.6795447884172) (31.14457217727795,179.1906835728343) (32.14457217727796,179.1906835728343) (32.14457217727796,178.7018223572514) (33.14457217727796,178.7018223572514) (33.14457217727796,178.2129611416685) (34.14457217727797,178.2129611416685) (34.14457217727797,177.7240999260856) (35.14457217727798,177.7240999260856) (35.14457217727798,177.2352387105027) (36.14457217727799,177.2352387105027) (36.14457217727799,176.7463774949198) (37.14457217727799,176.7463774949198) (37.14457217727799,176.257516279337) (38.144572177278,176.257516279337) (38.144572177278,175.7686550637541) (39.14457217727801,175.7686550637541) (39.14457217727801,175.2797938481712) (40.14457217727801,175.2797938481712) (40.14457217727801,174.7909326325883) (41.14457217727802,174.7909326325883) (41.14457217727802,174.3020714170054) (42.14457217727803,174.3020714170054) (42.14457217727803,173.8132102014225) (43.14457217727804,173.8132102014225) (43.14457217727804,173.3243489858396) (44.14457217727804,173.3243489858396) (44.14457217727804,172.8354877702567) (45.14457217727805,172.8354877702567) (45.14457217727805,172.3466265546739) (46.14457217727806,172.3466265546739) (46.14457217727806,171.857765339091) (47.14457217727806,171.857765339091) (47.14457217727806,171.3689041235081) (48.14457217727807,171.3689041235081) (48.14457217727807,170.8800429079252) (49.14457217727808,170.8800429079252) (49.14457217727808,170.3911816923423) (50.14457217727809,170.3911816923423) (50.14457217727809,169.9023204767594) (51.14457217727809,169.9023204767594) (51.14457217727809,169.4134592611765) (52.1445721772781,169.4134592611765) (52.1445721772781,168.9245980455937) (53.14457217727811,168.9245980455937) (53.14457217727811,168.4357368300108) (54.14457217727811,168.4357368300108) (54.14457217727811,167.9468756144279) (55.14457217727812,167.9468756144279) (55.14457217727812,167.458014398845) (56.14457217727813,167.458014398845) (56.14457217727813,166.9691531832621) (57.14457217727814,166.9691531832621) (57.14457217727814,166.4802919676792) (58.14457217727814,166.4802919676792) (58.14457217727814,165.9914307520963) (59.14457217727815,165.9914307520963) (59.14457217727815,165.5025695365134) (60.14457217727816,165.5025695365134) (60.14457217727816,165.0137083209306) (61.14457217727816,165.0137083209306) (61.14457217727816,164.5248471053477) (62.15730303413732,164.5248471053477) (62.15730303413732,164.1938537681208) (63.16592225181652,164.1938537681208) (63.16592225181652,163.969756883213) (64.17175769258441,163.969756883213) (64.17175769258441,163.8180362843253) (65.1757084236327,163.8180362843253) (65.1757084236327,163.7153175442811) (66.17838315605283,163.7153175442811) (66.17838315605283,163.6457745842783) (67.18019400737508,163.6457745842783) (67.18019400737508,163.5986924756321) (68.18141999208329,163.5986924756321) (68.18141999208329,163.566816881204) (69.18225000953326,163.566816881204) (69.18225000953326,163.545236429983) (70.18281194876299,163.545236429983) (70.18281194876299,163.5306260107791) (71.1831923933963,163.5306260107791) (71.1831923933963,163.5207344505516) (72.18344996237948,163.5207344505516) (72.18344996237948,163.5140376570627) (73.1836243419731,163.5140376570627) (73.1836243419731,163.5095037876518) (74.18374240060736,163.5095037876518) (74.18374240060736,163.5064342631685) (75.18382232877472,163.5064342631685) (75.18382232877472,163.5043561308182) (76.18387644181581,163.5043561308182) (76.18387644181581,163.5029491917491) (77.18391307747744,163.5029491917491) (77.18391307747744,163.5019966645455) (78.18393788058889,163.5019966645455) (78.18393788058889,163.5013517836466) (79.18395467281573,163.5013517836466) (79.18395467281573,163.5009151857469) (80.18396604149349,163.5009151857469) (80.18396604149349,163.5006196001235) (81.18397373832906,163.5006196001235) (81.18397373832906,163.5004194823974) (82.18397894924185,163.5004194823974) (82.18397894924185,163.5002839986634) (83.18398247713694,163.5002839986634) (83.18398247713694,163.5001922733894) (84.18398486560291,163.5001922733894) (84.18398486560291,163.5001301732726) (85.18398648263633,163.5001301732726) (85.18398648263633,163.5000881304022) (86.18398757744072,163.5000881304022) (86.18398757744072,163.5000596654866) (87.1839883186143,163.5000596654866) (87.1839883186143,163.5000403949721) (88.1839888204096,163.5000403949721) (88.1839888204096,163.5000273482928) (89.1839891602083,163.5000273482928) (89.1839891602083,163.5000185135251) (90.18398939057461,163.5000185135251) (90.18398939057461,163.5000125239997) (91.18398954543196,163.5000125239997) (91.18398954543196,163.5000084977071) (92.18398964974003,163.5000084977071) (92.18398964974003,163.5000057856957) (93.18398972274045,163.5000057856957) (93.18398972274045,163.5000038876832) (94.18398977216194,163.5000038876832) (94.18398977216194,163.5000026027226) (95.18398980548189,163.5000026027226) (95.18398980548189,163.5000017364024) (96.18398982655525,163.5000017364024) (96.18398982655525,163.5000011884933) (97.18398982655519,163.5000011884933) (97.18398982655519,163.5000006405843) (174.4227716223109,163.5000006405843) (174.4227716223109,169.6494988603188) (175.9388877192244,169.6494988603188) (175.9388877192244,182.4806515605829) (177.7377448983978,182.4806515605829) (177.7377448983978,204.1098544573876) (179.8734525416914,204.1098544573876) (179.8734525416914,228.6218987825405) (182.181751000596,228.6218987825405) (182.181751000596,254.2228692504944) (184.6078910483424,254.2228692504944) (184.6078910483424,280.0299225855101) (187.0765922763651,280.0299225855101) (187.0765922763651,305.9318510350467) (189.573959311893,305.9318510350467) (189.573959311893,331.8937418408948) (192.0984244743458,331.8937418408948) (192.0984244743458,357.873084135954) (194.6352623124676,357.873084135954) (194.6352623124676,383.8651141457428) (197.1852175325439,383.8651141457428) (197.1852175325439,409.8594677776426) (199.7351727526201,409.8594677776426) (199.7351727526201,435.8538214095424) (202.2851279726962,435.8538214095424) (202.2851279726962,461.8481750414421) (204.8350831927725,461.8481750414421) (204.8350831927725,487.8425286733419) (207.3850384128487,487.8425286733419) (207.3850384128487,513.8368823052417) (209.9349936329249,513.8368823052417) (209.9349936329249,539.8312359371415) (212.4849488530011,539.8312359371415) (212.4849488530011,565.8255895690413) (215.0349040730773,565.8255895690413) (215.0349040730773,591.8199432009411) (217.5848592931535,591.8199432009411) (217.5848592931535,617.8142968328409) (220.1348145132297,617.8142968328409) (220.1348145132297,643.8086504647407) (222.6847697333059,643.8086504647407) (222.6847697333059,669.8030040966405) (225.2347249533822,669.8030040966405) (225.2347249533822,695.7973577285403) (227.7846801734584,695.7973577285403) (227.7846801734584,721.7917113604401) (230.3346353935345,721.7917113604401) (230.3346353935345,735.2716860088356) (700,735.2716860088356)
batteryCharge[0]:
[0]: (0,100) (700,100)
user_guided_transport.end:
[0]: (0,0) (232.3346353935336,0) (232.3346353935336,1) (700,1)
[2K
Verifying formula 5 at /nta/queries/query[5]/formula
 -- Formula: simulate[<=700]{robot_inventory[0][0], user_guided_transport.end*2}
[2K -- Formula is satisfied.
robot_inventory[0][0]:
[0]: (0,0) (11.03310054005124,0) (11.03310054005124,1) (700,1)
user_guided_transport.end * 2:
[0]: (0,0) (234.2419672187924,0) (234.2419672187924,2) (700,2)
[2K
Verifying formula 6 at /nta/queries/query[6]/formula
 -- Formula: simulate[<=700]{bedroom[0], bedroom[1], kitchen[0], kitchen[1]}
[2K -- Formula is satisfied.
bedroom[0]:
[0]: (0,100) (700,100)
bedroom[1]:
[0]: (0,200) (700,200)
kitchen[0]:
[0]: (0,4400) (700,4400)
kitchen[1]:
[0]: (0,765) (700,765)
[2K
Verifying formula 7 at /nta/queries/query[7]/formula
 -- Formula: simulate[<=700]{rm_1.idle, rf_1.idle, rp_1.idle, rd_1.idle}
[2K -- Formula is satisfied.
rm_1.idle:
[0]: (0,0) (0,1) (0,0) (3,0) (3,1) (700,1)
rf_1.idle:
[0]: (0,0) (0,1) (11.03708999231458,1) (11.03708999231458,0) (233.264760133538,0) (233.264760133538,1) (700,1)
rp_1.idle:
[0]: (0,0) (0,1) (2,1) (2,0) (11.03708999231458,0) (11.03708999231458,1) (700,1)
rd_1.idle:
[0]: (0,0) (0,1) (700,1)
[2K
Verifying formula 8 at /nta/queries/query[8]/formula
 -- Formula: Pr[<=700](<>!rm_1.idle || !rf_1.idle || !rp_1.idle || !rd_1.idle)
[2K -- Formula is satisfied.
(72/72 runs) Pr(<> …) in [0.950056,1] (95% CI)
Values in [0,0] mean=0 steps=2.22045e-16: 72
[2K
Verifying formula 9 at /nta/queries/query[9]/formula
 -- Formula: Pr[<=700]([] (user_guided_transport.end imply (rm_1.idle && rf_1.idle && rp_1.idle && rd_1.idle)))
 -- Throughput: 600169 runs/sec, Load: 332 runs[K
[2K -- Formula is satisfied.
(72/72 runs) Pr([] …) in [0.950056,1] (95% CI)
[2K
Verifying formula 10 at /nta/queries/query[10]/formula
 -- Formula: Pr[<=700] (<> pow(humanPositionX[0] - kitchen[0], 2) + pow(humanPositionY[0] - kitchen[1], 2) <= 900 )
[2K -- Formula is satisfied.
(72/72 runs) Pr(<> …) in [0.950056,1] (95% CI)
Values in [192.126,196.967] mean=194.53 steps=0.537792: 7 9 5 14 11 5 6 4 11
[2K
Verifying formula 11 at /nta/queries/query[11]/formula
 -- Formula: Pr[<=700] (<> pow(humanPositionX[0] - bedroom[0], 2) + pow(humanPositionY[0] - bedroom[1], 2) <= 900 )
[2K -- Formula is satisfied.
(72/72 runs) Pr(<> …) in [0.950056,1] (95% CI)
Values in [1,1] mean=1 steps=2.22045e-16: 72
[2K
Verifying formula 12 at /nta/queries/query[12]/formula
 -- Formula: Pr[<=700] (<> pow(robPositionX[0] - bedroom[0], 2) + pow(robPositionY[0] - bedroom[1], 2) <= 900 )
[2K -- Formula is satisfied.
(72/72 runs) Pr(<> …) in [0.950056,1] (95% CI)
Values in [2,2] mean=2 steps=2.22045e-16: 72
[2K
Verifying formula 13 at /nta/queries/query[13]/formula
 -- Formula: Pr[<=700] (<> !isValidPosition(humanPositionX[0], humanPositionY[0]))
[2K -- Formula is satisfied.
(72/72 runs) Pr(<> …) in [0.950056,1] (95% CI)
Values in [0,0] mean=0 steps=2.22045e-16: 72
[2K
Verifying formula 14 at /nta/queries/query[14]/formula
 -- Formula: Pr[<=700] (<> !isValidPosition(robPositionX[0], robPositionY[0]))
[2K -- Formula is satisfied.
(72/72 runs) Pr(<> …) in [0.950056,1] (95% CI)
Values in [0,0] mean=0 steps=2.22045e-16: 72
[2K
Verifying formula 15 at /nta/queries/query[15]/formula
 -- Formula: Pr[<=700] (<> currP > 2)
 -- Throughput: 605788 runs/sec, Load: 331 runs[K
[2K -- Formula is satisfied.
(0/72 runs) Pr(<> …) in [0,0.0499441] (95% CI)
