Options for the verification:
  Generating no trace
  Search order is breadth first
  Using conservative space optimisation
  Seed is 1784898755
  State space representation uses minimal constraint systems with future testing
  Using HashMap + Compress integers for discrete state storage
[2K
Verifying formula 1 at /nta/queries/query[1]/formula
 -- Formula: simulate[<=700]{user_guided_transport_robot1_def.s1_start, user_guided_transport_robot1_def.s1_end, user_guided_transport_robot1_def.s2_start, user_guided_transport_robot1_def.s2_end, user_guided_transport_robot1_def.s3_start, user_guided_transport_robot1_def.s3_end, user_guided_transport.end}
[2K -- Formula is satisfied.
user_guided_transport_robot1_def.s1_start:
[0]: (0,0) (0,1) (0,0) (700,0)
user_guided_transport_robot1_def.s1_end:
[0]: (0,0) (2,0) (2,1) (2,0) (700,0)
user_guided_transport_robot1_def.s2_start:
[0]: (0,0) (2,0) (2,1) (2,0) (700,0)
user_guided_transport_robot1_def.s2_end:
[0]: (0,0) (8.615497391380567,0) (8.615497391380567,1) (8.615497391380567,0) (700,0)
user_guided_transport_robot1_def.s3_start:
[0]: (0,0) (8.615497391380567,0) (8.615497391380567,1) (8.615497391380567,0) (700,0)
user_guided_transport_robot1_def.s3_end:
[0]: (0,0) (199.2333523356099,0) (199.2333523356099,1) (199.2333523356099,0) (700,0)
user_guided_transport.end:
[0]: (0,0) (201.233352335609,0) (201.233352335609,1) (700,1)
[2K
Verifying formula 2 at /nta/queries/query[2]/formula
 -- Formula: simulate[<=700]{user_guided_transport_human1_def.s1_start, user_guided_transport_human1_def.s1_end, user_guided_transport_human1_def.s2_start, user_guided_transport_human1_def.s2_idle, user_guided_transport_human1_def.s3_start, user_guided_transport_human1_def.s3_end, user_guided_transport.end}
[2K -- Formula is satisfied.
user_guided_transport_human1_def.s1_start:
[0]: (0,0) (0,1) (0,0) (700,0)
user_guided_transport_human1_def.s1_end:
[0]: (0,0) (1,0) (1,1) (2,1) (2,0) (700,0)
user_guided_transport_human1_def.s2_start:
[0]: (0,0) (2,0) (2,1) (2,0) (700,0)
user_guided_transport_human1_def.s2_idle:
[0]: (0,0) (2,0) (2,1) (7.865189909033284,1) (7.865189909033284,0) (700,0)
user_guided_transport_human1_def.s3_start:
[0]: (0,0) (7.865189909033284,0) (7.865189909033284,1) (7.865189909033284,0) (12.86518990903326,0) (12.86518990903326,1) (12.86518990903326,0) (17.86518990903324,0) (17.86518990903324,1) (17.86518990903324,0) (22.86518990903321,0) (22.86518990903321,1) (22.86518990903321,0) (27.86518990903317,0) (27.86518990903317,1) (27.86518990903317,0) (32.86518990903313,0) (32.86518990903313,1) (32.86518990903313,0) (37.86518990903306,0) (37.86518990903306,1) (37.86518990903306,0) (42.86518990903299,0) (42.86518990903299,1) (42.86518990903299,0) (47.86518990903292,0) (47.86518990903292,1) (47.86518990903292,0) (52.86518990903285,0) (52.86518990903285,1) (52.86518990903285,0) (57.86518990903278,0) (57.86518990903278,1) (57.86518990903278,0) (62.86518990903271,0) (62.86518990903271,1) (62.86518990903271,0) (67.86518990903269,0) (67.86518990903269,1) (67.86518990903269,0) (72.86518990903275,0) (72.86518990903275,1) (72.86518990903275,0) (77.86518990903296,0) (77.86518990903296,1) (77.86518990903296,0) (82.86518990903318,0) (82.86518990903318,1) (82.86518990903318,0) (87.86518990903339,0) (87.86518990903339,1) (87.86518990903339,0) (92.8651899090336,0) (92.8651899090336,1) (92.8651899090336,0) (97.86518990903333,0) (97.86518990903333,1) (97.86518990903333,0) (102.865189909033,0) (102.865189909033,1) (102.865189909033,0) (107.8651899090328,0) (107.8651899090328,1) (107.8651899090328,0) (112.8651899090325,0) (112.8651899090325,1) (112.8651899090325,0) (117.8651899090322,0) (117.8651899090322,1) (117.8651899090322,0) (122.8651899090319,0) (122.8651899090319,1) (122.8651899090319,0) (127.8651899090316,0) (127.8651899090316,1) (127.8651899090316,0) (132.865189909032,0) (132.865189909032,1) (132.865189909032,0) (137.8651899090325,0) (137.8651899090325,1) (137.8651899090325,0) (142.8651899090329,0) (142.8651899090329,1) (142.8651899090329,0) (147.8651899090333,0) (147.8651899090333,1) (147.8651899090333,0) (152.8651899090337,0) (152.8651899090337,1) (152.8651899090337,0) (157.8651899090342,0) (157.8651899090342,1) (157.8651899090342,0) (162.8651899090346,0) (162.8651899090346,1) (162.8651899090346,0) (167.865189909035,0) (167.865189909035,1) (167.865189909035,0) (172.8651899090355,0) (172.8651899090355,1) (172.8651899090355,0) (177.8651899090359,0) (177.8651899090359,1) (177.8651899090359,0) (182.8651899090363,0) (182.8651899090363,1) (182.8651899090363,0) (187.8651899090367,0) (187.8651899090367,1) (187.8651899090367,0) (700,0)
user_guided_transport_human1_def.s3_end:
[0]: (0,0) (192.8651899090372,0) (192.8651899090372,1) (198.4830448532624,1) (198.4830448532624,0) (700,0)
user_guided_transport.end:
[0]: (0,0) (200.4830448532615,0) (200.4830448532615,1) (700,1)
[2K
Verifying formula 3 at /nta/queries/query[3]/formula
 -- Formula: Pr[<=700] (<> user_guided_transport.end)
[2K -- Formula is satisfied.
(72/72 runs) Pr(<> …) in [0.950056,1] (95% CI)
Values in [199.65,204.618] mean=202.307 steps=0.551954: 4 10 9 7 10 5 6 7 14
[2K
Verifying formula 4 at /nta/queries/query[4]/formula
 -- Formula: simulate[<=700]{humanPositionX[0], humanPositionY[0], robPositionX[0], robPositionY[0], batteryCharge[0], user_guided_transport.end}
[2K -- Formula is satisfied.
humanPositionX[0]:
[0]: (0,0) (0,92.5) (1,92.5) (1,97.73313175708738) (12.36793341564097,97.73313175708738) (12.36793341564097,123.7285354798977) (13.36793341564097,123.7285354798977) (13.36793341564097,149.723939202708) (14.36793341564097,149.723939202708) (14.36793341564097,175.7193429255182) (15.36793341564097,175.7193429255182) (15.36793341564097,201.7147466483285) (16.36793341564097,201.7147466483285) (16.36793341564097,227.7101503711388) (17.36793341564098,227.7101503711388) (17.36793341564098,253.7055540939491) (18.36793341564098,253.7055540939491) (18.36793341564098,279.7009578167594) (19.36793341564098,279.7009578167594) (19.36793341564098,305.6963615395697) (20.36793341564098,305.6963615395697) (20.36793341564098,331.69176526238) (21.36793341564097,331.69176526238) (21.36793341564097,357.6871689851903) (22.36793341564097,357.6871689851903) (22.36793341564097,383.6825727080006) (23.36793341564096,383.6825727080006) (23.36793341564096,409.6779764308109) (24.36793341564095,409.6779764308109) (24.36793341564095,435.6733801536212) (25.36793341564094,435.6733801536212) (25.36793341564094,461.6687838764315) (26.36793341564094,461.6687838764315) (26.36793341564094,487.6641875992418) (27.36793341564093,487.6641875992418) (27.36793341564093,513.6595913220521) (28.36793341564092,513.6595913220521) (28.36793341564092,539.6549950448623) (29.36793341564092,539.6549950448623) (29.36793341564092,565.6503987676725) (30.36793341564091,565.6503987676725) (30.36793341564091,591.6458024904828) (31.3679334156409,591.6458024904828) (31.3679334156409,617.641206213293) (32.36793341564091,617.641206213293) (32.36793341564091,643.6366099361032) (33.36793341564093,643.6366099361032) (33.36793341564093,669.6320136589135) (34.36793341564095,669.6320136589135) (34.36793341564095,695.6274173817237) (35.36793341564097,695.6274173817237) (35.36793341564097,721.622821104534) (36.36793341564099,721.622821104534) (36.36793341564099,747.6182248273442) (37.36793341564101,747.6182248273442) (37.36793341564101,773.6136285501544) (38.36793341564103,773.6136285501544) (38.36793341564103,799.6090322729647) (39.36793341564105,799.6090322729647) (39.36793341564105,825.6044359957749) (40.36793341564108,825.6044359957749) (40.36793341564108,851.5998397185851) (41.3679334156411,851.5998397185851) (41.3679334156411,877.5952434413954) (42.36793341564112,877.5952434413954) (42.36793341564112,903.5906471642056) (43.36793341564114,903.5906471642056) (43.36793341564114,929.5860508870159) (44.36793341564116,929.5860508870159) (44.36793341564116,955.5814546098261) (45.36793341564118,955.5814546098261) (45.36793341564118,981.5768583326363) (46.3679334156412,981.5768583326363) (46.3679334156412,1007.572262055447) (47.36793341564121,1007.572262055447) (47.36793341564121,1033.567665778257) (48.36793341564123,1033.567665778257) (48.36793341564123,1059.563069501067) (49.36793341564124,1059.563069501067) (49.36793341564124,1085.558473223878) (50.36793341564125,1085.558473223878) (50.36793341564125,1111.553876946688) (51.36793341564127,1111.553876946688) (51.36793341564127,1137.549280669498) (52.36793341564128,1137.549280669498) (52.36793341564128,1163.544684392309) (53.3679334156413,1163.544684392309) (53.3679334156413,1189.540088115119) (54.36793341564131,1189.540088115119) (54.36793341564131,1215.535491837929) (55.36793341564132,1215.535491837929) (55.36793341564132,1241.53089556074) (56.36793341564134,1241.53089556074) (56.36793341564134,1267.52629928355) (57.36793341564135,1267.52629928355) (57.36793341564135,1293.52170300636) (58.36793341564137,1293.52170300636) (58.36793341564137,1319.517106729171) (59.36793341564138,1319.517106729171) (59.36793341564138,1345.512510451981) (60.3679334156414,1345.512510451981) (60.3679334156414,1371.507914174791) (61.36793341564141,1371.507914174791) (61.36793341564141,1397.503317897602) (62.36793341564142,1397.503317897602) (62.36793341564142,1423.498721620412) (63.36793341564144,1423.498721620412) (63.36793341564144,1478) (64.36793341564146,1478) (64.36793341564146,1504) (65.36793341564149,1504) (65.36793341564149,1530) (66.36793341564152,1530) (66.36793341564152,1556) (67.36793341564155,1556) (67.36793341564155,1582) (68.36793341564157,1582) (68.36793341564157,1608) (69.3679334156416,1608) (69.3679334156416,1634) (70.36793341564163,1634) (70.36793341564163,1660) (71.36793341564166,1660) (71.36793341564166,1686) (72.36793341564169,1686) (72.36793341564169,1712) (73.36793341564172,1712) (73.36793341564172,1738) (74.36793341564174,1738) (74.36793341564174,1764) (75.36793341564177,1764) (75.36793341564177,1790) (76.36793341564172,1790) (76.36793341564172,1816) (77.36793341564166,1816) (77.36793341564166,1842) (78.3679334156416,1842) (78.3679334156416,1868) (79.36793341564155,1868) (79.36793341564155,1894) (80.36793341564149,1894) (80.36793341564149,1920) (81.36793341564152,1920) (81.36793341564152,1946) (82.36793341564155,1946) (82.36793341564155,1972) (83.36793341564157,1972) (83.36793341564157,1998) (84.3679334156416,1998) (84.3679334156416,2024) (85.36793341564163,2024) (85.36793341564163,2050) (86.36793341564166,2050) (86.36793341564166,2076) (87.36793341564169,2076) (87.36793341564169,2102) (88.36793341564172,2102) (88.36793341564172,2128) (89.36793341564174,2128) (89.36793341564174,2154) (90.36793341564177,2154) (90.36793341564177,2180) (91.3679334156418,2180) (91.3679334156418,2206) (92.36793341564183,2206) (92.36793341564183,2232) (93.36793341564186,2232) (93.36793341564186,2258) (94.36793341564189,2258) (94.36793341564189,2284) (95.36793341564191,2284) (95.36793341564191,2310) (96.36793341564194,2310) (96.36793341564194,2336) (97.36793341564191,2336) (97.36793341564191,2362) (98.36793341564186,2362) (98.36793341564186,2388) (99.3679334156418,2388) (99.3679334156418,2414) (100.3679334156417,2414) (100.3679334156417,2440) (101.3679334156417,2440) (101.3679334156417,2466) (102.3679334156416,2466) (102.3679334156416,2492) (103.3679334156416,2492) (103.3679334156416,2518) (104.3679334156415,2518) (104.3679334156415,2544) (105.3679334156415,2544) (105.3679334156415,2570) (106.3679334156414,2570) (106.3679334156414,2596) (107.3679334156413,2596) (107.3679334156413,2622) (108.3679334156413,2622) (108.3679334156413,2648) (109.3679334156412,2648) (109.3679334156412,2674) (110.3679334156412,2674) (110.3679334156412,2700) (111.3679334156411,2700) (111.3679334156411,2726) (112.3679334156411,2726) (112.3679334156411,2752) (113.367933415641,2752) (113.367933415641,2778) (114.3679334156409,2778) (114.3679334156409,2804) (115.3679334156409,2804) (115.3679334156409,2830) (116.3679334156408,2830) (116.3679334156408,2856) (117.3679334156408,2856) (117.3679334156408,2882) (118.3679334156407,2882) (118.3679334156407,2908) (119.3679334156407,2908) (119.3679334156407,2934) (120.3679334156406,2934) (120.3679334156406,2960) (121.3679334156406,2960) (121.3679334156406,2986) (122.3679334156405,2986) (122.3679334156405,3012) (123.3679334156404,3012) (123.3679334156404,3038) (124.3679334156404,3038) (124.3679334156404,3088.5) (125.3679334156403,3088.5) (125.3679334156403,3114.5) (126.3679334156403,3114.5) (126.3679334156403,3140.5) (127.3679334156402,3140.5) (127.3679334156402,3166.5) (128.3679334156402,3166.5) (128.3679334156402,3192.5) (129.3679334156403,3192.5) (129.3679334156403,3218.5) (130.3679334156404,3218.5) (130.3679334156404,3244.5) (131.3679334156405,3244.5) (131.3679334156405,3270.5) (132.3679334156406,3270.5) (132.3679334156406,3296.5) (133.3679334156406,3296.5) (133.3679334156406,3322.5) (134.3679334156407,3322.5) (134.3679334156407,3348.5) (135.3679334156408,3348.5) (135.3679334156408,3374.5) (136.3679334156409,3374.5) (136.3679334156409,3400.5) (137.367933415641,3400.5) (137.367933415641,3426.5) (138.3679334156411,3426.5) (138.3679334156411,3452.5) (139.3679334156411,3452.5) (139.3679334156411,3478.5) (140.3679334156412,3478.5) (140.3679334156412,3504.5) (141.3679334156413,3504.5) (141.3679334156413,3530.5) (142.3679334156414,3530.5) (142.3679334156414,3556.5) (143.3679334156415,3556.5) (143.3679334156415,3582.5) (144.3679334156416,3582.5) (144.3679334156416,3608.5) (145.3679334156417,3608.5) (145.3679334156417,3634.5) (146.3679334156417,3634.5) (146.3679334156417,3660.5) (147.3679334156418,3660.5) (147.3679334156418,3686.5) (148.3679334156419,3686.5) (148.3679334156419,3712.5) (149.367933415642,3712.5) (149.367933415642,3738.5) (150.3679334156421,3738.5) (150.3679334156421,3764.5) (151.3679334156422,3764.5) (151.3679334156422,3790.5) (152.3679334156423,3790.5) (152.3679334156423,3816.5) (153.3679334156423,3816.5) (153.3679334156423,3842.5) (154.3679334156424,3842.5) (154.3679334156424,3868.5) (155.3679334156425,3868.5) (155.3679334156425,3894.5) (156.3679334156426,3894.5) (156.3679334156426,3920.5) (157.3679334156427,3920.5) (157.3679334156427,3946.5) (158.3679334156428,3946.5) (158.3679334156428,3972.5) (159.3679334156429,3972.5) (159.3679334156429,3998.5) (160.3679334156429,3998.5) (160.3679334156429,4024.5) (161.367933415643,4024.5) (161.367933415643,4050.5) (162.3679334156431,4050.5) (162.3679334156431,4076.5) (163.3679334156432,4076.5) (163.3679334156432,4102.5) (164.3679334156433,4102.5) (164.3679334156433,4128.5) (165.3679334156434,4128.5) (165.3679334156434,4154.5) (166.3679334156434,4154.5) (166.3679334156434,4180.5) (167.3679334156435,4180.5) (167.3679334156435,4206.5) (168.3679334156436,4206.5) (168.3679334156436,4232.5) (169.3679334156437,4232.5) (169.3679334156437,4258.5) (170.3679334156438,4258.5) (170.3679334156438,4284.5) (171.3679334156439,4284.5) (171.3679334156439,4310.5) (172.367933415644,4310.5) (172.367933415644,4336.5) (173.367933415644,4336.5) (173.367933415644,4362.5) (174.3679334156441,4362.5) (174.3679334156441,4388.5) (175.3679334156442,4388.5) (175.3679334156442,4416.265463717128) (176.3679334156443,4416.265463717128) (176.3679334156443,4415.530927434256) (177.3679334156444,4415.530927434256) (177.3679334156444,4414.796391151384) (178.3679334156445,4414.796391151384) (178.3679334156445,4414.061854868512) (179.3679334156446,4414.061854868512) (179.3679334156446,4413.327318585641) (180.3679334156446,4413.327318585641) (180.3679334156446,4412.592782302769) (181.3679334156447,4412.592782302769) (181.3679334156447,4411.858246019897) (182.3679334156448,4411.858246019897) (182.3679334156448,4411.123709737025) (183.3679334156449,4411.123709737025) (183.3679334156449,4410.389173454153) (184.367933415645,4410.389173454153) (184.367933415645,4409.654637171281) (185.3679334156451,4409.654637171281) (185.3679334156451,4408.920100888409) (186.3679334156452,4408.920100888409) (186.3679334156452,4408.185564605537) (187.3679334156452,4408.185564605537) (187.3679334156452,4407.451028322665) (188.3679334156453,4407.451028322665) (188.3679334156453,4406.716492039794) (189.3679334156454,4406.716492039794) (189.3679334156454,4405.981955756922) (190.3679334156455,4405.981955756922) (190.3679334156455,4405.24741947405) (191.3679334156456,4405.24741947405) (191.3679334156456,4404.512883191178) (192.3679334156457,4404.512883191178) (192.3679334156457,4403.778346908306) (193.3679334156458,4403.778346908306) (193.3679334156458,4403.043810625434) (194.3679334156458,4403.043810625434) (194.3679334156458,4402.309274342562) (195.3679334156459,4402.309274342562) (195.3679334156459,4401.57473805969) (196.367933415646,4401.57473805969) (196.367933415646,4400.840201776819) (700,4400.840201776819)
humanPositionY[0]:
[0]: (0,0) (0,163.5) (1,163.5) (1,188.9679078844919) (12.36793341564097,188.9679078844919) (12.36793341564097,188.479046668909) (13.36793341564097,188.479046668909) (13.36793341564097,187.9901854533261) (14.36793341564097,187.9901854533261) (14.36793341564097,187.5013242377432) (15.36793341564097,187.5013242377432) (15.36793341564097,187.0124630221603) (16.36793341564097,187.0124630221603) (16.36793341564097,186.5236018065774) (17.36793341564098,186.5236018065774) (17.36793341564098,186.0347405909945) (18.36793341564098,186.0347405909945) (18.36793341564098,185.5458793754117) (19.36793341564098,185.5458793754117) (19.36793341564098,185.0570181598288) (20.36793341564098,185.0570181598288) (20.36793341564098,184.5681569442459) (21.36793341564097,184.5681569442459) (21.36793341564097,184.079295728663) (22.36793341564097,184.079295728663) (22.36793341564097,183.5904345130801) (23.36793341564096,183.5904345130801) (23.36793341564096,183.1015732974972) (24.36793341564095,183.1015732974972) (24.36793341564095,182.6127120819143) (25.36793341564094,182.6127120819143) (25.36793341564094,182.1238508663315) (26.36793341564094,182.1238508663315) (26.36793341564094,181.6349896507486) (27.36793341564093,181.6349896507486) (27.36793341564093,181.1461284351657) (28.36793341564092,181.1461284351657) (28.36793341564092,180.6572672195828) (29.36793341564092,180.6572672195828) (29.36793341564092,180.1684060039999) (30.36793341564091,180.1684060039999) (30.36793341564091,179.679544788417) (31.3679334156409,179.679544788417) (31.3679334156409,179.1906835728341) (32.36793341564091,179.1906835728341) (32.36793341564091,178.7018223572512) (33.36793341564093,178.7018223572512) (33.36793341564093,178.2129611416684) (34.36793341564095,178.2129611416684) (34.36793341564095,177.7240999260855) (35.36793341564097,177.7240999260855) (35.36793341564097,177.2352387105026) (36.36793341564099,177.2352387105026) (36.36793341564099,176.7463774949197) (37.36793341564101,176.7463774949197) (37.36793341564101,176.2575162793368) (38.36793341564103,176.2575162793368) (38.36793341564103,175.7686550637539) (39.36793341564105,175.7686550637539) (39.36793341564105,175.279793848171) (40.36793341564108,175.279793848171) (40.36793341564108,174.7909326325882) (41.3679334156411,174.7909326325882) (41.3679334156411,174.3020714170053) (42.36793341564112,174.3020714170053) (42.36793341564112,173.8132102014224) (43.36793341564114,173.8132102014224) (43.36793341564114,173.3243489858395) (44.36793341564116,173.3243489858395) (44.36793341564116,172.8354877702566) (45.36793341564118,172.8354877702566) (45.36793341564118,172.3466265546737) (46.3679334156412,172.3466265546737) (46.3679334156412,171.8577653390908) (47.36793341564121,171.8577653390908) (47.36793341564121,171.3689041235079) (48.36793341564123,171.3689041235079) (48.36793341564123,170.8800429079251) (49.36793341564124,170.8800429079251) (49.36793341564124,170.3911816923422) (50.36793341564125,170.3911816923422) (50.36793341564125,169.9023204767593) (51.36793341564127,169.9023204767593) (51.36793341564127,169.4134592611764) (52.36793341564128,169.4134592611764) (52.36793341564128,168.9245980455935) (53.3679334156413,168.9245980455935) (53.3679334156413,168.4357368300106) (54.36793341564131,168.4357368300106) (54.36793341564131,167.9468756144277) (55.36793341564132,167.9468756144277) (55.36793341564132,167.4580143988449) (56.36793341564134,167.4580143988449) (56.36793341564134,166.969153183262) (57.36793341564135,166.969153183262) (57.36793341564135,166.4802919676791) (58.36793341564137,166.4802919676791) (58.36793341564137,165.9914307520962) (59.36793341564138,165.9914307520962) (59.36793341564138,165.5025695365133) (60.3679334156414,165.5025695365133) (60.3679334156414,165.0137083209304) (61.36793341564141,165.0137083209304) (61.36793341564141,164.5248471053475) (62.36793341564142,164.5248471053475) (62.36793341564142,164.0359858897646) (63.36793341564144,164.0359858897646) (63.36793341564144,163.5) (175.3679334156442,163.5) (175.3679334156442,189.4896220913107) (176.3679334156443,189.4896220913107) (176.3679334156443,215.4792441826214) (177.3679334156444,215.4792441826214) (177.3679334156444,241.4688662739321) (178.3679334156445,241.4688662739321) (178.3679334156445,267.4584883652428) (179.3679334156446,267.4584883652428) (179.3679334156446,293.4481104565535) (180.3679334156446,293.4481104565535) (180.3679334156446,319.4377325478642) (181.3679334156447,319.4377325478642) (181.3679334156447,345.427354639175) (182.3679334156448,345.427354639175) (182.3679334156448,371.4169767304857) (183.3679334156449,371.4169767304857) (183.3679334156449,397.4065988217964) (184.367933415645,397.4065988217964) (184.367933415645,423.3962209131071) (185.3679334156451,423.3962209131071) (185.3679334156451,449.3858430044178) (186.3679334156452,449.3858430044178) (186.3679334156452,475.3754650957285) (187.3679334156452,475.3754650957285) (187.3679334156452,501.3650871870392) (188.3679334156453,501.3650871870392) (188.3679334156453,527.3547092783499) (189.3679334156454,527.3547092783499) (189.3679334156454,553.3443313696606) (190.3679334156455,553.3443313696606) (190.3679334156455,579.3339534609713) (191.3679334156456,579.3339534609713) (191.3679334156456,605.323575552282) (192.3679334156457,605.323575552282) (192.3679334156457,631.3131976435927) (193.3679334156458,631.3131976435927) (193.3679334156458,657.3028197349034) (194.3679334156458,657.3028197349034) (194.3679334156458,683.2924418262141) (195.3679334156459,683.2924418262141) (195.3679334156459,709.2820639175249) (196.367933415646,709.2820639175249) (196.367933415646,735.2716860088356) (700,735.2716860088356)
robPositionX[0]:
[0]: (0,0) (0,92.5) (2,92.5) (2,97.73313175708738) (13.36793341564097,97.73313175708738) (13.36793341564097,123.7285354798977) (14.38673687812422,123.7285354798977) (14.38673687812422,149.723939202708) (15.38673687812421,149.723939202708) (15.38673687812421,175.7193429255182) (16.38673687812422,175.7193429255182) (16.38673687812422,201.7147466483285) (17.38673687812422,201.7147466483285) (17.38673687812422,227.7101503711388) (18.38673687812422,227.7101503711388) (18.38673687812422,253.7055540939491) (19.38673687812422,253.7055540939491) (19.38673687812422,279.7009578167594) (20.38673687812422,279.7009578167594) (20.38673687812422,305.6963615395697) (21.38673687812422,305.6963615395697) (21.38673687812422,331.69176526238) (22.38673687812421,331.69176526238) (22.38673687812421,357.6871689851903) (23.3867368781242,357.6871689851903) (23.3867368781242,383.6825727080006) (24.3867368781242,383.6825727080006) (24.3867368781242,409.6779764308109) (25.38673687812419,409.6779764308109) (25.38673687812419,435.6733801536212) (26.38673687812418,435.6733801536212) (26.38673687812418,461.6687838764315) (27.38673687812418,461.6687838764315) (27.38673687812418,487.6641875992418) (28.38673687812417,487.6641875992418) (28.38673687812417,513.6595913220521) (29.38673687812416,513.6595913220521) (29.38673687812416,539.6549950448623) (30.38673687812415,539.6549950448623) (30.38673687812415,565.6503987676725) (31.38673687812415,565.6503987676725) (31.38673687812415,591.6458024904828) (32.38673687812415,591.6458024904828) (32.38673687812415,617.641206213293) (33.38673687812417,617.641206213293) (33.38673687812417,643.6366099361032) (34.38673687812419,643.6366099361032) (34.38673687812419,669.6320136589135) (35.38673687812421,669.6320136589135) (35.38673687812421,695.6274173817237) (36.38673687812423,695.6274173817237) (36.38673687812423,721.622821104534) (37.38673687812425,721.622821104534) (37.38673687812425,747.6182248273442) (38.38673687812427,747.6182248273442) (38.38673687812427,773.6136285501544) (39.3867368781243,773.6136285501544) (39.3867368781243,799.6090322729647) (40.38673687812432,799.6090322729647) (40.38673687812432,825.6044359957749) (41.38673687812434,825.6044359957749) (41.38673687812434,851.5998397185851) (42.38673687812436,851.5998397185851) (42.38673687812436,877.5952434413954) (43.38673687812438,877.5952434413954) (43.38673687812438,903.5906471642056) (44.3867368781244,903.5906471642056) (44.3867368781244,929.5860508870159) (45.38673687812442,929.5860508870159) (45.38673687812442,955.5814546098261) (46.38673687812444,955.5814546098261) (46.38673687812444,981.5768583326363) (47.38673687812445,981.5768583326363) (47.38673687812445,1007.572262055447) (48.38673687812447,1007.572262055447) (48.38673687812447,1033.567665778257) (49.38673687812448,1033.567665778257) (49.38673687812448,1059.563069501067) (50.38673687812449,1059.563069501067) (50.38673687812449,1085.558473223878) (51.38673687812451,1085.558473223878) (51.38673687812451,1111.553876946688) (52.38673687812452,1111.553876946688) (52.38673687812452,1137.549280669498) (53.38673687812454,1137.549280669498) (53.38673687812454,1163.544684392309) (54.38673687812455,1163.544684392309) (54.38673687812455,1189.540088115119) (55.38673687812457,1189.540088115119) (55.38673687812457,1215.535491837929) (56.38673687812458,1215.535491837929) (56.38673687812458,1241.53089556074) (57.38673687812459,1241.53089556074) (57.38673687812459,1267.52629928355) (58.38673687812461,1267.52629928355) (58.38673687812461,1293.52170300636) (59.38673687812462,1293.52170300636) (59.38673687812462,1319.517106729171) (60.38673687812464,1319.517106729171) (60.38673687812464,1345.512510451981) (61.38673687812465,1345.512510451981) (61.38673687812465,1371.507914174791) (62.38673687812467,1371.507914174791) (62.38673687812467,1397.503317897602) (63.38673687812468,1397.503317897602) (63.38673687812468,1423.498721620412) (64.38673687812471,1423.498721620412) (64.38673687812471,1452) (65.38673687812474,1452) (65.38673687812474,1478) (66.38673687812476,1478) (66.38673687812476,1504) (67.38673687812479,1504) (67.38673687812479,1530) (68.38673687812482,1530) (68.38673687812482,1556) (69.38673687812485,1556) (69.38673687812485,1582) (70.38673687812488,1582) (70.38673687812488,1608) (71.38673687812491,1608) (71.38673687812491,1634) (72.38673687812494,1634) (72.38673687812494,1660) (73.38673687812496,1660) (73.38673687812496,1686) (74.38673687812499,1686) (74.38673687812499,1712) (75.38673687812502,1712) (75.38673687812502,1738) (76.38673687812496,1738) (76.38673687812496,1764) (77.38673687812491,1764) (77.38673687812491,1790) (78.38673687812485,1790) (78.38673687812485,1816) (79.38673687812479,1816) (79.38673687812479,1842) (80.38673687812474,1842) (80.38673687812474,1868) (81.38673687812476,1868) (81.38673687812476,1894) (82.38673687812479,1894) (82.38673687812479,1920) (83.38673687812482,1920) (83.38673687812482,1946) (84.38673687812485,1946) (84.38673687812485,1972) (85.38673687812488,1972) (85.38673687812488,1998) (86.38673687812491,1998) (86.38673687812491,2024) (87.38673687812494,2024) (87.38673687812494,2050) (88.38673687812496,2050) (88.38673687812496,2076) (89.38673687812499,2076) (89.38673687812499,2102) (90.38673687812502,2102) (90.38673687812502,2128) (91.38673687812505,2128) (91.38673687812505,2154) (92.38673687812508,2154) (92.38673687812508,2180) (93.38673687812511,2180) (93.38673687812511,2206) (94.38673687812513,2206) (94.38673687812513,2232) (95.38673687812516,2232) (95.38673687812516,2258) (96.38673687812519,2258) (96.38673687812519,2284) (97.38673687812516,2284) (97.38673687812516,2310) (98.38673687812511,2310) (98.38673687812511,2336) (99.38673687812505,2336) (99.38673687812505,2362) (100.386736878125,2362) (100.386736878125,2388) (101.3867368781249,2388) (101.3867368781249,2414) (102.3867368781249,2414) (102.3867368781249,2440) (103.3867368781248,2440) (103.3867368781248,2466) (104.3867368781248,2466) (104.3867368781248,2492) (105.3867368781247,2492) (105.3867368781247,2518) (106.3867368781247,2518) (106.3867368781247,2544) (107.3867368781246,2544) (107.3867368781246,2570) (108.3867368781245,2570) (108.3867368781245,2596) (109.3867368781245,2596) (109.3867368781245,2622) (110.3867368781244,2622) (110.3867368781244,2648) (111.3867368781244,2648) (111.3867368781244,2674) (112.3867368781243,2674) (112.3867368781243,2700) (113.3867368781243,2700) (113.3867368781243,2726) (114.3867368781242,2726) (114.3867368781242,2752) (115.3867368781241,2752) (115.3867368781241,2778) (116.3867368781241,2778) (116.3867368781241,2804) (117.386736878124,2804) (117.386736878124,2830) (118.386736878124,2830) (118.386736878124,2856) (119.3867368781239,2856) (119.3867368781239,2882) (120.3867368781239,2882) (120.3867368781239,2908) (121.3867368781238,2908) (121.3867368781238,2934) (122.3867368781237,2934) (122.3867368781237,2960) (123.3867368781237,2960) (123.3867368781237,2986) (124.3867368781236,2986) (124.3867368781236,3012) (125.3867368781236,3012) (125.3867368781236,3038) (126.3867368781235,3038) (126.3867368781235,3062.5) (127.3867368781235,3062.5) (127.3867368781235,3088.5) (128.3867368781235,3088.5) (128.3867368781235,3114.5) (129.3867368781235,3114.5) (129.3867368781235,3140.5) (130.3867368781236,3140.5) (130.3867368781236,3166.5) (131.3867368781237,3166.5) (131.3867368781237,3192.5) (132.3867368781238,3192.5) (132.3867368781238,3218.5) (133.3867368781239,3218.5) (133.3867368781239,3244.5) (134.386736878124,3244.5) (134.386736878124,3270.5) (135.3867368781241,3270.5) (135.3867368781241,3296.5) (136.3867368781241,3296.5) (136.3867368781241,3322.5) (137.3867368781242,3322.5) (137.3867368781242,3348.5) (138.3867368781243,3348.5) (138.3867368781243,3374.5) (139.3867368781244,3374.5) (139.3867368781244,3400.5) (140.3867368781245,3400.5) (140.3867368781245,3426.5) (141.3867368781246,3426.5) (141.3867368781246,3452.5) (142.3867368781247,3452.5) (142.3867368781247,3478.5) (143.3867368781247,3478.5) (143.3867368781247,3504.5) (144.3867368781248,3504.5) (144.3867368781248,3530.5) (145.3867368781249,3530.5) (145.3867368781249,3556.5) (146.386736878125,3556.5) (146.386736878125,3582.5) (147.3867368781251,3582.5) (147.3867368781251,3608.5) (148.3867368781252,3608.5) (148.3867368781252,3634.5) (149.3867368781252,3634.5) (149.3867368781252,3660.5) (150.3867368781253,3660.5) (150.3867368781253,3686.5) (151.3867368781254,3686.5) (151.3867368781254,3712.5) (152.3867368781255,3712.5) (152.3867368781255,3738.5) (153.3867368781256,3738.5) (153.3867368781256,3764.5) (154.3867368781257,3764.5) (154.3867368781257,3790.5) (155.3867368781258,3790.5) (155.3867368781258,3816.5) (156.3867368781258,3816.5) (156.3867368781258,3842.5) (157.3867368781259,3842.5) (157.3867368781259,3868.5) (158.386736878126,3868.5) (158.386736878126,3894.5) (159.3867368781261,3894.5) (159.3867368781261,3920.5) (160.3867368781262,3920.5) (160.3867368781262,3946.5) (161.3867368781263,3946.5) (161.3867368781263,3972.5) (162.3867368781264,3972.5) (162.3867368781264,3998.5) (163.3867368781264,3998.5) (163.3867368781264,4024.5) (164.3867368781265,4024.5) (164.3867368781265,4050.5) (165.3867368781266,4050.5) (165.3867368781266,4076.5) (166.3867368781267,4076.5) (166.3867368781267,4102.5) (167.3867368781268,4102.5) (167.3867368781268,4128.5) (168.3867368781269,4128.5) (168.3867368781269,4154.5) (169.386736878127,4154.5) (169.386736878127,4180.5) (170.386736878127,4180.5) (170.386736878127,4206.5) (171.3867368781271,4206.5) (171.3867368781271,4232.5) (172.3867368781272,4232.5) (172.3867368781272,4258.5) (173.3867368781273,4258.5) (173.3867368781273,4284.5) (174.3867368781274,4284.5) (174.3867368781274,4310.5) (175.3867368781275,4310.5) (175.3867368781275,4336.5) (176.3867368781276,4336.5) (176.3867368781276,4362.5) (177.3867368781276,4362.5) (177.3867368781276,4388.5) (178.3867368781277,4388.5) (178.3867368781277,4417) (180.9857883598695,4417) (180.9857883598695,4416.265463717128) (181.9857883598696,4416.265463717128) (181.9857883598696,4415.530927434256) (182.9857883598696,4415.530927434256) (182.9857883598696,4414.796391151384) (183.9857883598697,4414.796391151384) (183.9857883598697,4414.061854868512) (184.9857883598698,4414.061854868512) (184.9857883598698,4413.327318585641) (185.9857883598699,4413.327318585641) (185.9857883598699,4412.592782302769) (186.98578835987,4412.592782302769) (186.98578835987,4411.858246019897) (187.9857883598701,4411.858246019897) (187.9857883598701,4411.123709737025) (188.9857883598702,4411.123709737025) (188.9857883598702,4410.389173454153) (189.9857883598702,4410.389173454153) (189.9857883598702,4409.654637171281) (190.9857883598703,4409.654637171281) (190.9857883598703,4408.920100888409) (191.9857883598704,4408.920100888409) (191.9857883598704,4408.185564605537) (192.9857883598705,4408.185564605537) (192.9857883598705,4407.451028322665) (193.9857883598706,4407.451028322665) (193.9857883598706,4406.716492039794) (194.9857883598707,4406.716492039794) (194.9857883598707,4405.981955756922) (195.9857883598708,4405.981955756922) (195.9857883598708,4405.24741947405) (196.9857883598708,4405.24741947405) (196.9857883598708,4404.512883191178) (197.9857883598709,4404.512883191178) (197.9857883598709,4403.778346908306) (198.985788359871,4403.778346908306) (198.985788359871,4403.043810625434) (199.9857883598711,4403.043810625434) (199.9857883598711,4402.309274342562) (200.9857883598712,4402.309274342562) (200.9857883598712,4401.57473805969) (201.9857883598713,4401.57473805969) (201.9857883598713,4400.840201776819) (700,4400.840201776819)
robPositionY[0]:
[0]: (0,0) (0,163.5) (2,163.5) (2,188.9679078844919) (13.36793341564097,188.9679078844919) (13.36793341564097,188.479046668909) (14.38673687812422,188.479046668909) (14.38673687812422,187.9901854533261) (15.38673687812421,187.9901854533261) (15.38673687812421,187.5013242377432) (16.38673687812422,187.5013242377432) (16.38673687812422,187.0124630221603) (17.38673687812422,187.0124630221603) (17.38673687812422,186.5236018065774) (18.38673687812422,186.5236018065774) (18.38673687812422,186.0347405909945) (19.38673687812422,186.0347405909945) (19.38673687812422,185.5458793754117) (20.38673687812422,185.5458793754117) (20.38673687812422,185.0570181598288) (21.38673687812422,185.0570181598288) (21.38673687812422,184.5681569442459) (22.38673687812421,184.5681569442459) (22.38673687812421,184.079295728663) (23.3867368781242,184.079295728663) (23.3867368781242,183.5904345130801) (24.3867368781242,183.5904345130801) (24.3867368781242,183.1015732974972) (25.38673687812419,183.1015732974972) (25.38673687812419,182.6127120819143) (26.38673687812418,182.6127120819143) (26.38673687812418,182.1238508663315) (27.38673687812418,182.1238508663315) (27.38673687812418,181.6349896507486) (28.38673687812417,181.6349896507486) (28.38673687812417,181.1461284351657) (29.38673687812416,181.1461284351657) (29.38673687812416,180.6572672195828) (30.38673687812415,180.6572672195828) (30.38673687812415,180.1684060039999) (31.38673687812415,180.1684060039999) (31.38673687812415,179.679544788417) (32.38673687812415,179.679544788417) (32.38673687812415,179.1906835728341) (33.38673687812417,179.1906835728341) (33.38673687812417,178.7018223572512) (34.38673687812419,178.7018223572512) (34.38673687812419,178.2129611416684) (35.38673687812421,178.2129611416684) (35.38673687812421,177.7240999260855) (36.38673687812423,177.7240999260855) (36.38673687812423,177.2352387105026) (37.38673687812425,177.2352387105026) (37.38673687812425,176.7463774949197) (38.38673687812427,176.7463774949197) (38.38673687812427,176.2575162793368) (39.3867368781243,176.2575162793368) (39.3867368781243,175.7686550637539) (40.38673687812432,175.7686550637539) (40.38673687812432,175.279793848171) (41.38673687812434,175.279793848171) (41.38673687812434,174.7909326325882) (42.38673687812436,174.7909326325882) (42.38673687812436,174.3020714170053) (43.38673687812438,174.3020714170053) (43.38673687812438,173.8132102014224) (44.3867368781244,173.8132102014224) (44.3867368781244,173.3243489858395) (45.38673687812442,173.3243489858395) (45.38673687812442,172.8354877702566) (46.38673687812444,172.8354877702566) (46.38673687812444,172.3466265546737) (47.38673687812445,172.3466265546737) (47.38673687812445,171.8577653390908) (48.38673687812447,171.8577653390908) (48.38673687812447,171.3689041235079) (49.38673687812448,171.3689041235079) (49.38673687812448,170.8800429079251) (50.38673687812449,170.8800429079251) (50.38673687812449,170.3911816923422) (51.38673687812451,170.3911816923422) (51.38673687812451,169.9023204767593) (52.38673687812452,169.9023204767593) (52.38673687812452,169.4134592611764) (53.38673687812454,169.4134592611764) (53.38673687812454,168.9245980455935) (54.38673687812455,168.9245980455935) (54.38673687812455,168.4357368300106) (55.38673687812457,168.4357368300106) (55.38673687812457,167.9468756144277) (56.38673687812458,167.9468756144277) (56.38673687812458,167.4580143988449) (57.38673687812459,167.4580143988449) (57.38673687812459,166.969153183262) (58.38673687812461,166.969153183262) (58.38673687812461,166.4802919676791) (59.38673687812462,166.4802919676791) (59.38673687812462,165.9914307520962) (60.38673687812464,165.9914307520962) (60.38673687812464,165.5025695365133) (61.38673687812465,165.5025695365133) (61.38673687812465,165.0137083209304) (62.38673687812467,165.0137083209304) (62.38673687812467,164.5248471053475) (63.38673687812468,164.5248471053475) (63.38673687812468,164.0359858897646) (64.38673687812471,164.0359858897646) (64.38673687812471,163.5) (180.9857883598695,163.5) (180.9857883598695,189.4896220913107) (181.9857883598696,189.4896220913107) (181.9857883598696,215.4792441826214) (182.9857883598696,215.4792441826214) (182.9857883598696,241.4688662739321) (183.9857883598697,241.4688662739321) (183.9857883598697,267.4584883652428) (184.9857883598698,267.4584883652428) (184.9857883598698,293.4481104565535) (185.9857883598699,293.4481104565535) (185.9857883598699,319.4377325478642) (186.98578835987,319.4377325478642) (186.98578835987,345.427354639175) (187.9857883598701,345.427354639175) (187.9857883598701,371.4169767304857) (188.9857883598702,371.4169767304857) (188.9857883598702,397.4065988217964) (189.9857883598702,397.4065988217964) (189.9857883598702,423.3962209131071) (190.9857883598703,423.3962209131071) (190.9857883598703,449.3858430044178) (191.9857883598704,449.3858430044178) (191.9857883598704,475.3754650957285) (192.9857883598705,475.3754650957285) (192.9857883598705,501.3650871870392) (193.9857883598706,501.3650871870392) (193.9857883598706,527.3547092783499) (194.9857883598707,527.3547092783499) (194.9857883598707,553.3443313696606) (195.9857883598708,553.3443313696606) (195.9857883598708,579.3339534609713) (196.9857883598708,579.3339534609713) (196.9857883598708,605.323575552282) (197.9857883598709,605.323575552282) (197.9857883598709,631.3131976435927) (198.985788359871,631.3131976435927) (198.985788359871,657.3028197349034) (199.9857883598711,657.3028197349034) (199.9857883598711,683.2924418262141) (200.9857883598712,683.2924418262141) (200.9857883598712,709.2820639175249) (201.9857883598713,709.2820639175249) (201.9857883598713,735.2716860088356) (700,735.2716860088356)
batteryCharge[0]:
[0]: (0,100) (700,100)
user_guided_transport.end:
[0]: (0,0) (203.9857883598704,0) (203.9857883598704,1) (700,1)
[2K
Verifying formula 5 at /nta/queries/query[5]/formula
 -- Formula: simulate[<=700]{robot_inventory[0][0], user_guided_transport.end*2}
[2K -- Formula is satisfied.
robot_inventory[0][0]:
[0]: (0,0) (7.534488840382688,0) (7.534488840382688,1) (700,1)
user_guided_transport.end * 2:
[0]: (0,0) (200.1523437846099,0) (200.1523437846099,2) (700,2)
[2K
Verifying formula 6 at /nta/queries/query[6]/formula
 -- Formula: simulate[<=700]{bedroom[0], bedroom[1], kitchen[0], kitchen[1]}
[2K -- Formula is satisfied.
bedroom[0]:
[0]: (0,100) (700,100)
bedroom[1]:
[0]: (0,200) (700,200)
kitchen[0]:
[0]: (0,4400) (700,4400)
kitchen[1]:
[0]: (0,765) (700,765)
[2K
Verifying formula 7 at /nta/queries/query[7]/formula
 -- Formula: simulate[<=700]{rm_1.idle, rf_1.idle, rp_1.idle, rd_1.idle}
[2K -- Formula is satisfied.
rm_1.idle:
[0]: (0,0) (0,1) (0,0) (3,0) (3,1) (9.178609491812256,1) (9.178609491812256,0) (200.7964644360389,0) (200.7964644360389,1) (700,1)
rf_1.idle:
[0]: (0,0) (0,1) (700,1)
rp_1.idle:
[0]: (0,0) (0,1) (2,1) (2,0) (9.178609491812256,0) (9.178609491812256,1) (700,1)
rd_1.idle:
[0]: (0,0) (0,1) (700,1)
[2K
Verifying formula 8 at /nta/queries/query[8]/formula
 -- Formula: Pr[<=700](<>!rm_1.idle || !rf_1.idle || !rp_1.idle || !rd_1.idle)
[2K -- Formula is satisfied.
(72/72 runs) Pr(<> …) in [0.950056,1] (95% CI)
Values in [0,0] mean=0 steps=2.22045e-16: 72
[2K
Verifying formula 9 at /nta/queries/query[9]/formula
 -- Formula: Pr[<=700]([] (user_guided_transport.end imply (rm_1.idle && rf_1.idle && rp_1.idle && rd_1.idle)))
 -- Throughput: 638247 runs/sec, Load: 329 runs[K
[2K -- Formula is satisfied.
(72/72 runs) Pr([] …) in [0.950056,1] (95% CI)
[2K
Verifying formula 10 at /nta/queries/query[10]/formula
 -- Formula: Pr[<=700] (<> pow(robPositionX[0] - kitchen[0], 2) + pow(robPositionY[0] - kitchen[1], 2) <= 900 )
[2K -- Formula is satisfied.
(72/72 runs) Pr(<> …) in [0.950056,1] (95% CI)
Values in [197.618,202.553] mean=199.93 steps=0.548276: 10 7 11 6 9 7 7 8 7
[2K
Verifying formula 11 at /nta/queries/query[11]/formula
 -- Formula: Pr[<=700] (<> pow(robPositionX[0] - bedroom[0], 2) + pow(robPositionY[0] - bedroom[1], 2) <= 900 )
[2K -- Formula is satisfied.
(72/72 runs) Pr(<> …) in [0.950056,1] (95% CI)
Values in [2,2] mean=2 steps=2.22045e-16: 72
[2K
Verifying formula 12 at /nta/queries/query[12]/formula
 -- Formula: Pr[<=700] (<> pow(humanPositionX[0] - kitchen[0], 2) + pow(humanPositionY[0] - kitchen[1], 2) <= 900 )
[2K -- Formula is satisfied.
(72/72 runs) Pr(<> …) in [0.950056,1] (95% CI)
Values in [192.063,196.935] mean=194.296 steps=0.541366: 12 11 5 6 9 10 6 6 7
[2K
Verifying formula 13 at /nta/queries/query[13]/formula
 -- Formula: Pr[<=700] (<> pow(humanPositionX[0] - bedroom[0], 2) + pow(humanPositionY[0] - bedroom[1], 2) <= 900 )
[2K -- Formula is satisfied.
(72/72 runs) Pr(<> …) in [0.950056,1] (95% CI)
Values in [1,1] mean=1 steps=2.22045e-16: 72
[2K
Verifying formula 14 at /nta/queries/query[14]/formula
 -- Formula: Pr[<=700] (<> !isValidPosition(humanPositionX[0], humanPositionY[0]))
[2K -- Formula is satisfied.
(72/72 runs) Pr(<> …) in [0.950056,1] (95% CI)
Values in [0,0] mean=0 steps=2.22045e-16: 72
[2K
Verifying formula 15 at /nta/queries/query[15]/formula
 -- Formula: Pr[<=700] (<> !isValidPosition(robPositionX[0], robPositionY[0]))
[2K -- Formula is satisfied.
(72/72 runs) Pr(<> …) in [0.950056,1] (95% CI)
Values in [0,0] mean=0 steps=2.22045e-16: 72
[2K
Verifying formula 16 at /nta/queries/query[16]/formula
 -- Formula: Pr[<=700] (<> currP > 2)
 -- Throughput: 641851 runs/sec, Load: 328 runs[K
[2K -- Formula is satisfied.
(0/72 runs) Pr(<> …) in [0,0.0499441] (95% CI)
