Options for the verification:
  Generating no trace
  Search order is breadth first
  Using conservative space optimisation
  Seed is 1783330473
  State space representation uses minimal constraint systems with future testing
  Using HashMap + Compress integers for discrete state storage
[2K
Verifying formula 1 at /nta/queries/query[1]/formula
 -- Formula: simulate[<=700]{user_guided_transport_human1_def.s1_start, user_guided_transport_human1_def.s1_end, user_guided_transport_human1_def.s2_start, user_guided_transport_human1_def.s2_idle, user_guided_transport_human1_def.s3_start, user_guided_transport_human1_def.s3_end, user_guided_transport.end}
[2K -- Formula is satisfied.
user_guided_transport_human1_def.s1_start:
[0]: (0,0) (0,1) (0,0) (700,0)
user_guided_transport_human1_def.s1_end:
[0]: (0,0) (1,0) (1,1) (2,1) (2,0) (700,0)
user_guided_transport_human1_def.s2_start:
[0]: (0,0) (2,0) (2,1) (2,0) (700,0)
user_guided_transport_human1_def.s2_idle:
[0]: (0,0) (2,0) (2,1) (11.10105665002775,1) (11.10105665002775,0) (700,0)
user_guided_transport_human1_def.s3_start:
[0]: (0,0) (11.10105665002775,0) (11.10105665002775,1) (11.10105665002775,0) (16.10105665002772,0) (16.10105665002772,1) (16.10105665002772,0) (21.10105665002771,0) (21.10105665002771,1) (21.10105665002771,0) (26.10105665002765,0) (26.10105665002765,1) (26.10105665002765,0) (31.1010566500276,0) (31.1010566500276,1) (31.1010566500276,0) (36.10105665002767,0) (36.10105665002767,1) (36.10105665002767,0) (41.10105665002778,0) (41.10105665002778,1) (41.10105665002778,0) (46.10105665002789,0) (46.10105665002789,1) (46.10105665002789,0) (51.10105665002805,0) (51.10105665002805,1) (51.10105665002805,0) (56.10105665002823,0) (56.10105665002823,1) (56.10105665002823,0) (61.1010566500284,0) (61.1010566500284,1) (61.1010566500284,0) (66.10105665002857,0) (66.10105665002857,1) (66.10105665002857,0) (71.10105665002872,0) (71.10105665002872,1) (71.10105665002872,0) (76.10105665002885,0) (76.10105665002885,1) (76.10105665002885,0) (81.1010566500286,0) (81.1010566500286,1) (81.1010566500286,0) (86.1010566500283,0) (86.1010566500283,1) (86.1010566500283,0) (91.10105665002801,0) (91.10105665002801,1) (91.10105665002801,0) (96.10105665002773,0) (96.10105665002773,1) (96.10105665002773,0) (101.1010566500274,0) (101.1010566500274,1) (101.1010566500274,0) (106.1010566500271,0) (106.1010566500271,1) (106.1010566500271,0) (111.1010566500269,0) (111.1010566500269,1) (111.1010566500269,0) (116.1010566500266,0) (116.1010566500266,1) (116.1010566500266,0) (121.1010566500263,0) (121.1010566500263,1) (121.1010566500263,0) (126.101056650026,0) (126.101056650026,1) (126.101056650026,0) (131.1010566500262,0) (131.1010566500262,1) (131.1010566500262,0) (136.1010566500266,0) (136.1010566500266,1) (136.1010566500266,0) (141.101056650027,0) (141.101056650027,1) (141.101056650027,0) (146.1010566500275,0) (146.1010566500275,1) (146.1010566500275,0) (151.1010566500279,0) (151.1010566500279,1) (151.1010566500279,0) (156.1010566500283,0) (156.1010566500283,1) (156.1010566500283,0) (161.1010566500287,0) (161.1010566500287,1) (161.1010566500287,0) (166.1010566500292,0) (166.1010566500292,1) (166.1010566500292,0) (171.1010566500296,0) (171.1010566500296,1) (171.1010566500296,0) (176.10105665003,0) (176.10105665003,1) (176.10105665003,0) (181.1010566500303,0) (181.1010566500303,1) (181.1010566500303,0) (186.1010566500308,0) (186.1010566500308,1) (186.1010566500308,0) (191.1010566500312,0) (191.1010566500312,1) (191.1010566500312,0) (700,0)
user_guided_transport_human1_def.s3_end:
[0]: (0,0) (196.1010566500316,0) (196.1010566500316,1) (232.3287267912532,1) (232.3287267912532,0) (700,0)
user_guided_transport.end:
[0]: (0,0) (234.3287267912523,0) (234.3287267912523,1) (700,1)
[2K
Verifying formula 2 at /nta/queries/query[2]/formula
 -- Formula: simulate[<=700]{user_guided_transport_robot1_def.s1_start, user_guided_transport_robot1_def.s1_end, user_guided_transport_robot1_def.s2_start, user_guided_transport_robot1_def.s2_end, user_guided_transport_robot1_def.s3_start, user_guided_transport_robot1_def.s3_end, user_guided_transport.end}
[2K -- Formula is satisfied.
user_guided_transport_robot1_def.s1_start:
[0]: (0,0) (0,1) (0,0) (700,0)
user_guided_transport_robot1_def.s1_end:
[0]: (0,0) (2,0) (2,1) (2,0) (700,0)
user_guided_transport_robot1_def.s2_start:
[0]: (0,0) (2,0) (2,1) (2,0) (700,0)
user_guided_transport_robot1_def.s2_end:
[0]: (0,0) (10.82538251221769,0) (10.82538251221769,1) (10.82538251221769,0) (700,0)
user_guided_transport_robot1_def.s3_start:
[0]: (0,0) (10.82538251221769,0) (10.82538251221769,1) (10.82538251221769,0) (700,0)
user_guided_transport_robot1_def.s3_end:
[0]: (0,0) (232.0342491909571,0) (232.0342491909571,1) (232.0342491909571,0) (700,0)
user_guided_transport.end:
[0]: (0,0) (234.0342491909562,0) (234.0342491909562,1) (700,1)
[2K
Verifying formula 3 at /nta/queries/query[3]/formula
 -- Formula: Pr[<=700] (<> user_guided_transport.end)
[2K -- Formula is satisfied.
(72/72 runs) Pr(<> …) in [0.950056,1] (95% CI)
Values in [230.238,235.138] mean=232.533 steps=0.54448: 11 6 7 8 13 9 7 4 7
[2K
Verifying formula 4 at /nta/queries/query[4]/formula
 -- Formula: simulate[<=700]{humanPositionX[0], humanPositionY[0], robPositionX[0], robPositionY[0], batteryCharge[0], user_guided_transport.end}
[2K -- Formula is satisfied.
humanPositionX[0]:
[0]: (0,0) (0,92.5) (1,92.5) (1,97.73313175708738) (8.902991935419003,97.73313175708738) (8.902991935419003,123.7285354798977) (9.902991935418999,123.7285354798977) (9.902991935418999,149.723939202708) (10.902991935419,149.723939202708) (10.902991935419,175.7193429255182) (11.902991935419,175.7193429255182) (11.902991935419,201.7147466483285) (12.902991935419,201.7147466483285) (12.902991935419,227.7101503711388) (13.902991935419,227.7101503711388) (13.902991935419,253.7055540939491) (14.902991935419,253.7055540939491) (14.902991935419,279.7009578167594) (15.902991935419,279.7009578167594) (15.902991935419,305.6963615395697) (16.902991935419,305.6963615395697) (16.902991935419,331.69176526238) (17.90299193541898,331.69176526238) (17.90299193541898,357.6871689851903) (18.90299193541898,357.6871689851903) (18.90299193541898,383.6825727080006) (19.90299193541897,383.6825727080006) (19.90299193541897,409.6779764308109) (20.90299193541896,409.6779764308109) (20.90299193541896,435.6733801536212) (21.90299193541896,435.6733801536212) (21.90299193541896,461.6687838764315) (22.90299193541895,461.6687838764315) (22.90299193541895,487.6641875992418) (23.90299193541894,487.6641875992418) (23.90299193541894,513.6595913220521) (24.90299193541893,513.6595913220521) (24.90299193541893,539.6549950448623) (25.90299193541892,539.6549950448623) (25.90299193541892,565.6503987676725) (26.90299193541892,565.6503987676725) (26.90299193541892,591.6458024904828) (27.90299193541891,591.6458024904828) (27.90299193541891,617.641206213293) (28.90299193541892,617.641206213293) (28.90299193541892,643.6366099361032) (29.90299193541893,643.6366099361032) (29.90299193541893,669.6320136589135) (30.90299193541895,669.6320136589135) (30.90299193541895,695.6274173817237) (31.90299193541896,695.6274173817237) (31.90299193541896,721.622821104534) (32.90299193541897,721.622821104534) (32.90299193541897,747.6182248273442) (33.90299193541899,747.6182248273442) (33.90299193541899,773.6136285501544) (34.902991935419,773.6136285501544) (34.902991935419,799.6090322729647) (35.90299193541902,799.6090322729647) (35.90299193541902,825.6044359957749) (36.90299193541903,825.6044359957749) (36.90299193541903,851.5998397185851) (37.90299193541905,851.5998397185851) (37.90299193541905,877.5952434413954) (38.90299193541906,877.5952434413954) (38.90299193541906,903.5906471642056) (39.90299193541907,903.5906471642056) (39.90299193541907,929.5860508870159) (40.90299193541909,929.5860508870159) (40.90299193541909,955.5814546098261) (41.9029919354191,955.5814546098261) (41.9029919354191,981.5768583326363) (42.90299193541912,981.5768583326363) (42.90299193541912,1007.572262055447) (43.90299193541913,1007.572262055447) (43.90299193541913,1033.567665778257) (44.90299193541911,1033.567665778257) (44.90299193541911,1059.563069501067) (45.90299193541914,1059.563069501067) (45.90299193541914,1085.558473223878) (46.90299193541917,1085.558473223878) (46.90299193541917,1111.553876946688) (47.90299193541919,1111.553876946688) (47.90299193541919,1137.549280669498) (48.90299193541921,1137.549280669498) (48.90299193541921,1163.544684392309) (49.90299193541922,1163.544684392309) (49.90299193541922,1189.540088115119) (50.90299193541922,1189.540088115119) (50.90299193541922,1215.535491837929) (51.90299193541923,1215.535491837929) (51.90299193541923,1241.53089556074) (52.90299193541924,1241.53089556074) (52.90299193541924,1267.52629928355) (53.90299193541924,1267.52629928355) (53.90299193541924,1293.52170300636) (54.90299193541925,1293.52170300636) (54.90299193541925,1319.517106729171) (55.90299193541925,1319.517106729171) (55.90299193541925,1345.512510451981) (56.90299193541925,1345.512510451981) (56.90299193541925,1371.507914174791) (57.90299193541925,1371.507914174791) (57.90299193541925,1397.503317897602) (58.90299193541925,1397.503317897602) (58.90299193541925,1423.498721620412) (59.90299193541925,1423.498721620412) (59.90299193541925,1478) (60.90299193541925,1478) (60.90299193541925,1504) (61.90299193541925,1504) (61.90299193541925,1530) (62.90299193541925,1530) (62.90299193541925,1556) (63.90299193541925,1556) (63.90299193541925,1582) (64.90299193541931,1582) (64.90299193541931,1608) (65.90299193541937,1608) (65.90299193541937,1634) (66.90299193541942,1634) (66.90299193541942,1660) (67.90299193541948,1660) (67.90299193541948,1686) (68.90299193541954,1686) (68.90299193541954,1712) (69.90299193541959,1712) (69.90299193541959,1738) (70.90299193541965,1738) (70.90299193541965,1764) (71.90299193541972,1764) (71.90299193541972,1790) (72.90299193541978,1790) (72.90299193541978,1816) (73.90299193541983,1816) (73.90299193541983,1842) (74.90299193541989,1842) (74.90299193541989,1868) (75.90299193541995,1868) (75.90299193541995,1894) (76.90299193542002,1894) (76.90299193542002,1920) (77.90299193542009,1920) (77.90299193542009,1946) (78.90299193542015,1946) (78.90299193542015,1972) (79.90299193542022,1972) (79.90299193542022,1998) (80.90299193542029,1998) (80.90299193542029,2024) (81.90299193542035,2024) (81.90299193542035,2050) (82.9029919354204,2050) (82.9029919354204,2076) (83.90299193542046,2076) (83.90299193542046,2102) (84.90299193542052,2102) (84.90299193542052,2128) (85.90299193542059,2128) (85.90299193542059,2154) (86.90299193542064,2154) (86.90299193542064,2180) (87.9029919354207,2180) (87.9029919354207,2206) (88.90299193542077,2206) (88.90299193542077,2232) (89.90299193542083,2232) (89.90299193542083,2258) (90.90299193542089,2258) (90.90299193542089,2284) (91.90299193542094,2284) (91.90299193542094,2310) (92.902991935421,2310) (92.902991935421,2336) (93.90299193542107,2336) (93.90299193542107,2362) (94.90299193542113,2362) (94.90299193542113,2388) (95.90299193542118,2388) (95.90299193542118,2414) (96.90299193542124,2414) (96.90299193542124,2440) (97.9029919354213,2440) (97.9029919354213,2466) (98.90299193542135,2466) (98.90299193542135,2492) (99.90299193542141,2492) (99.90299193542141,2518) (100.9029919354215,2518) (100.9029919354215,2544) (101.9029919354215,2544) (101.9029919354215,2570) (102.9029919354216,2570) (102.9029919354216,2596) (103.9029919354216,2596) (103.9029919354216,2622) (104.9029919354217,2622) (104.9029919354217,2648) (105.9029919354218,2648) (105.9029919354218,2674) (106.9029919354218,2674) (106.9029919354218,2700) (107.9029919354219,2700) (107.9029919354219,2726) (108.902991935422,2726) (108.902991935422,2752) (109.902991935422,2752) (109.902991935422,2778) (110.9029919354221,2778) (110.9029919354221,2804) (111.9029919354222,2804) (111.9029919354222,2830) (112.9029919354222,2830) (112.9029919354222,2856) (113.9029919354223,2856) (113.9029919354223,2882) (114.9029919354224,2882) (114.9029919354224,2908) (115.9029919354224,2908) (115.9029919354224,2934) (116.9029919354225,2934) (116.9029919354225,2960) (117.9029919354226,2960) (117.9029919354226,2986) (118.9029919354227,2986) (118.9029919354227,3012) (119.9029919354227,3012) (119.9029919354227,3038) (120.9029919354228,3038) (120.9029919354228,3088.5) (121.9029919354229,3088.5) (121.9029919354229,3114.5) (122.9029919354229,3114.5) (122.9029919354229,3140.5) (123.902991935423,3140.5) (123.902991935423,3166.5) (124.9029919354231,3166.5) (124.9029919354231,3192.5) (125.9029919354232,3192.5) (125.9029919354232,3218.5) (126.9029919354232,3218.5) (126.9029919354232,3244.5) (127.9029919354233,3244.5) (127.9029919354233,3270.5) (128.9029919354234,3270.5) (128.9029919354234,3296.5) (129.9029919354234,3296.5) (129.9029919354234,3322.5) (130.9029919354235,3322.5) (130.9029919354235,3348.5) (131.9029919354235,3348.5) (131.9029919354235,3374.5) (132.9029919354236,3374.5) (132.9029919354236,3400.5) (133.9029919354236,3400.5) (133.9029919354236,3426.5) (134.9029919354237,3426.5) (134.9029919354237,3452.5) (135.9029919354238,3452.5) (135.9029919354238,3478.5) (136.9029919354238,3478.5) (136.9029919354238,3504.5) (137.9029919354239,3504.5) (137.9029919354239,3530.5) (138.9029919354239,3530.5) (138.9029919354239,3556.5) (139.902991935424,3556.5) (139.902991935424,3582.5) (140.902991935424,3582.5) (140.902991935424,3608.5) (141.9029919354241,3608.5) (141.9029919354241,3634.5) (142.9029919354242,3634.5) (142.9029919354242,3660.5) (143.9029919354242,3660.5) (143.9029919354242,3686.5) (144.9029919354243,3686.5) (144.9029919354243,3712.5) (145.9029919354243,3712.5) (145.9029919354243,3738.5) (146.9029919354244,3738.5) (146.9029919354244,3764.5) (147.9029919354244,3764.5) (147.9029919354244,3790.5) (148.9029919354245,3790.5) (148.9029919354245,3816.5) (149.9029919354246,3816.5) (149.9029919354246,3842.5) (150.9029919354246,3842.5) (150.9029919354246,3868.5) (151.9029919354247,3868.5) (151.9029919354247,3894.5) (152.9029919354247,3894.5) (152.9029919354247,3920.5) (153.9029919354248,3920.5) (153.9029919354248,3946.5) (154.9029919354248,3946.5) (154.9029919354248,3972.5) (155.9029919354249,3972.5) (155.9029919354249,3998.5) (156.902991935425,3998.5) (156.902991935425,4024.5) (157.902991935425,4024.5) (157.902991935425,4050.5) (158.9029919354251,4050.5) (158.9029919354251,4076.5) (159.9029919354251,4076.5) (159.9029919354251,4102.5) (160.9029919354252,4102.5) (160.9029919354252,4128.5) (161.9029919354252,4128.5) (161.9029919354252,4154.5) (162.9029919354253,4154.5) (162.9029919354253,4180.5) (163.9029919354253,4180.5) (163.9029919354253,4206.5) (164.9029919354254,4206.5) (164.9029919354254,4232.5) (165.9029919354255,4232.5) (165.9029919354255,4258.5) (166.9029919354255,4258.5) (166.9029919354255,4284.5) (167.9029919354256,4284.5) (167.9029919354256,4310.5) (168.9029919354256,4310.5) (168.9029919354256,4336.5) (169.9029919354257,4336.5) (169.9029919354257,4362.5) (170.9029919354257,4362.5) (170.9029919354257,4388.5) (171.9029919354258,4388.5) (171.9029919354258,4416.265463717128) (172.9029919354259,4416.265463717128) (172.9029919354259,4415.530927434256) (173.9029919354259,4415.530927434256) (173.9029919354259,4414.796391151384) (174.902991935426,4414.796391151384) (174.902991935426,4414.061854868512) (175.902991935426,4414.061854868512) (175.902991935426,4413.327318585641) (176.9029919354261,4413.327318585641) (176.9029919354261,4412.592782302769) (177.9029919354261,4412.592782302769) (177.9029919354261,4411.858246019897) (178.9029919354262,4411.858246019897) (178.9029919354262,4411.123709737025) (179.9029919354263,4411.123709737025) (179.9029919354263,4410.389173454153) (180.9029919354263,4410.389173454153) (180.9029919354263,4409.654637171281) (181.9029919354264,4409.654637171281) (181.9029919354264,4408.920100888409) (182.9029919354265,4408.920100888409) (182.9029919354265,4408.185564605537) (183.9029919354265,4408.185564605537) (183.9029919354265,4407.451028322665) (184.9029919354266,4407.451028322665) (184.9029919354266,4406.716492039794) (185.9029919354267,4406.716492039794) (185.9029919354267,4405.981955756922) (186.9029919354267,4405.981955756922) (186.9029919354267,4405.24741947405) (187.9029919354268,4405.24741947405) (187.9029919354268,4404.512883191178) (188.9029919354268,4404.512883191178) (188.9029919354268,4403.778346908306) (189.9029919354269,4403.778346908306) (189.9029919354269,4403.043810625434) (190.9029919354269,4403.043810625434) (190.9029919354269,4402.309274342562) (191.902991935427,4402.309274342562) (191.902991935427,4401.57473805969) (192.9029919354271,4401.57473805969) (192.9029919354271,4400.840201776819) (700,4400.840201776819)
humanPositionY[0]:
[0]: (0,0) (0,163.5) (1,163.5) (1,188.9679078844919) (8.902991935419003,188.9679078844919) (8.902991935419003,188.479046668909) (9.902991935418999,188.479046668909) (9.902991935418999,187.9901854533261) (10.902991935419,187.9901854533261) (10.902991935419,187.5013242377432) (11.902991935419,187.5013242377432) (11.902991935419,187.0124630221603) (12.902991935419,187.0124630221603) (12.902991935419,186.5236018065774) (13.902991935419,186.5236018065774) (13.902991935419,186.0347405909945) (14.902991935419,186.0347405909945) (14.902991935419,185.5458793754117) (15.902991935419,185.5458793754117) (15.902991935419,185.0570181598288) (16.902991935419,185.0570181598288) (16.902991935419,184.5681569442459) (17.90299193541898,184.5681569442459) (17.90299193541898,184.079295728663) (18.90299193541898,184.079295728663) (18.90299193541898,183.5904345130801) (19.90299193541897,183.5904345130801) (19.90299193541897,183.1015732974972) (20.90299193541896,183.1015732974972) (20.90299193541896,182.6127120819143) (21.90299193541896,182.6127120819143) (21.90299193541896,182.1238508663315) (22.90299193541895,182.1238508663315) (22.90299193541895,181.6349896507486) (23.90299193541894,181.6349896507486) (23.90299193541894,181.1461284351657) (24.90299193541893,181.1461284351657) (24.90299193541893,180.6572672195828) (25.90299193541892,180.6572672195828) (25.90299193541892,180.1684060039999) (26.90299193541892,180.1684060039999) (26.90299193541892,179.679544788417) (27.90299193541891,179.679544788417) (27.90299193541891,179.1906835728341) (28.90299193541892,179.1906835728341) (28.90299193541892,178.7018223572512) (29.90299193541893,178.7018223572512) (29.90299193541893,178.2129611416684) (30.90299193541895,178.2129611416684) (30.90299193541895,177.7240999260855) (31.90299193541896,177.7240999260855) (31.90299193541896,177.2352387105026) (32.90299193541897,177.2352387105026) (32.90299193541897,176.7463774949197) (33.90299193541899,176.7463774949197) (33.90299193541899,176.2575162793368) (34.902991935419,176.2575162793368) (34.902991935419,175.7686550637539) (35.90299193541902,175.7686550637539) (35.90299193541902,175.279793848171) (36.90299193541903,175.279793848171) (36.90299193541903,174.7909326325882) (37.90299193541905,174.7909326325882) (37.90299193541905,174.3020714170053) (38.90299193541906,174.3020714170053) (38.90299193541906,173.8132102014224) (39.90299193541907,173.8132102014224) (39.90299193541907,173.3243489858395) (40.90299193541909,173.3243489858395) (40.90299193541909,172.8354877702566) (41.9029919354191,172.8354877702566) (41.9029919354191,172.3466265546737) (42.90299193541912,172.3466265546737) (42.90299193541912,171.8577653390908) (43.90299193541913,171.8577653390908) (43.90299193541913,171.3689041235079) (44.90299193541911,171.3689041235079) (44.90299193541911,170.8800429079251) (45.90299193541914,170.8800429079251) (45.90299193541914,170.3911816923422) (46.90299193541917,170.3911816923422) (46.90299193541917,169.9023204767593) (47.90299193541919,169.9023204767593) (47.90299193541919,169.4134592611764) (48.90299193541921,169.4134592611764) (48.90299193541921,168.9245980455935) (49.90299193541922,168.9245980455935) (49.90299193541922,168.4357368300106) (50.90299193541922,168.4357368300106) (50.90299193541922,167.9468756144277) (51.90299193541923,167.9468756144277) (51.90299193541923,167.4580143988449) (52.90299193541924,167.4580143988449) (52.90299193541924,166.969153183262) (53.90299193541924,166.969153183262) (53.90299193541924,166.4802919676791) (54.90299193541925,166.4802919676791) (54.90299193541925,165.9914307520962) (55.90299193541925,165.9914307520962) (55.90299193541925,165.5025695365133) (56.90299193541925,165.5025695365133) (56.90299193541925,165.0137083209304) (57.90299193541925,165.0137083209304) (57.90299193541925,164.5248471053475) (58.90299193541925,164.5248471053475) (58.90299193541925,164.0359858897646) (59.90299193541925,164.0359858897646) (59.90299193541925,163.5) (171.9029919354258,163.5) (171.9029919354258,189.4896220913107) (172.9029919354259,189.4896220913107) (172.9029919354259,215.4792441826214) (173.9029919354259,215.4792441826214) (173.9029919354259,241.4688662739321) (174.902991935426,241.4688662739321) (174.902991935426,267.4584883652428) (175.902991935426,267.4584883652428) (175.902991935426,293.4481104565535) (176.9029919354261,293.4481104565535) (176.9029919354261,319.4377325478642) (177.9029919354261,319.4377325478642) (177.9029919354261,345.427354639175) (178.9029919354262,345.427354639175) (178.9029919354262,371.4169767304857) (179.9029919354263,371.4169767304857) (179.9029919354263,397.4065988217964) (180.9029919354263,397.4065988217964) (180.9029919354263,423.3962209131071) (181.9029919354264,423.3962209131071) (181.9029919354264,449.3858430044178) (182.9029919354265,449.3858430044178) (182.9029919354265,475.3754650957285) (183.9029919354265,475.3754650957285) (183.9029919354265,501.3650871870392) (184.9029919354266,501.3650871870392) (184.9029919354266,527.3547092783499) (185.9029919354267,527.3547092783499) (185.9029919354267,553.3443313696606) (186.9029919354267,553.3443313696606) (186.9029919354267,579.3339534609713) (187.9029919354268,579.3339534609713) (187.9029919354268,605.323575552282) (188.9029919354268,605.323575552282) (188.9029919354268,631.3131976435927) (189.9029919354269,631.3131976435927) (189.9029919354269,657.3028197349034) (190.9029919354269,657.3028197349034) (190.9029919354269,683.2924418262141) (191.902991935427,683.2924418262141) (191.902991935427,709.2820639175249) (192.9029919354271,709.2820639175249) (192.9029919354271,735.2716860088356) (700,735.2716860088356)
robPositionX[0]:
[0]: (0,0) (0,92.5) (2,92.5) (2,97.73313175708738) (10.902991935419,97.73313175708738) (10.902991935419,123.7285354798977) (11.92179539790224,123.7285354798977) (11.92179539790224,149.723939202708) (12.94059886038548,149.723939202708) (12.94059886038548,175.7193429255182) (13.94059886038548,175.7193429255182) (13.94059886038548,201.7147466483285) (14.94059886038548,201.7147466483285) (14.94059886038548,227.7101503711388) (15.94059886038548,227.7101503711388) (15.94059886038548,253.7055540939491) (16.94059886038547,253.7055540939491) (16.94059886038547,279.7009578167594) (17.94059886038546,279.7009578167594) (17.94059886038546,305.6963615395697) (18.94059886038546,305.6963615395697) (18.94059886038546,331.69176526238) (19.94059886038545,331.69176526238) (19.94059886038545,357.6871689851903) (20.94059886038544,357.6871689851903) (20.94059886038544,383.6825727080006) (21.94059886038544,383.6825727080006) (21.94059886038544,409.6779764308109) (22.94059886038543,409.6779764308109) (22.94059886038543,435.6733801536212) (23.94059886038542,435.6733801536212) (23.94059886038542,461.6687838764315) (24.94059886038541,461.6687838764315) (24.94059886038541,487.6641875992418) (25.94059886038541,487.6641875992418) (25.94059886038541,513.6595913220521) (26.9405988603854,513.6595913220521) (26.9405988603854,539.6549950448623) (27.94059886038539,539.6549950448623) (27.94059886038539,565.6503987676725) (28.9405988603854,565.6503987676725) (28.9405988603854,591.6458024904828) (29.94059886038541,591.6458024904828) (29.94059886038541,617.641206213293) (30.94059886038543,617.641206213293) (30.94059886038543,643.6366099361032) (31.94059886038544,643.6366099361032) (31.94059886038544,669.6320136589135) (32.94059886038546,669.6320136589135) (32.94059886038546,695.6274173817237) (33.94059886038547,695.6274173817237) (33.94059886038547,721.622821104534) (34.94059886038549,721.622821104534) (34.94059886038549,747.6182248273442) (35.9405988603855,747.6182248273442) (35.9405988603855,773.6136285501544) (36.94059886038551,773.6136285501544) (36.94059886038551,799.6090322729647) (37.94059886038553,799.6090322729647) (37.94059886038553,825.6044359957749) (38.94059886038554,825.6044359957749) (38.94059886038554,851.5998397185851) (39.94059886038556,851.5998397185851) (39.94059886038556,877.5952434413954) (40.94059886038557,877.5952434413954) (40.94059886038557,903.5906471642056) (41.94059886038558,903.5906471642056) (41.94059886038558,929.5860508870159) (42.9405988603856,929.5860508870159) (42.9405988603856,955.5814546098261) (43.94059886038561,955.5814546098261) (43.94059886038561,981.5768583326363) (44.94059886038559,981.5768583326363) (44.94059886038559,1007.572262055447) (45.94059886038562,1007.572262055447) (45.94059886038562,1033.567665778257) (46.94059886038565,1033.567665778257) (46.94059886038565,1059.563069501067) (47.94059886038568,1059.563069501067) (47.94059886038568,1085.558473223878) (48.94059886038569,1085.558473223878) (48.94059886038569,1111.553876946688) (49.9405988603857,1111.553876946688) (49.9405988603857,1137.549280669498) (50.94059886038571,1137.549280669498) (50.94059886038571,1163.544684392309) (51.94059886038571,1163.544684392309) (51.94059886038571,1189.540088115119) (52.94059886038572,1189.540088115119) (52.94059886038572,1215.535491837929) (53.94059886038573,1215.535491837929) (53.94059886038573,1241.53089556074) (54.94059886038573,1241.53089556074) (54.94059886038573,1267.52629928355) (55.94059886038573,1267.52629928355) (55.94059886038573,1293.52170300636) (56.94059886038573,1293.52170300636) (56.94059886038573,1319.517106729171) (57.94059886038573,1319.517106729171) (57.94059886038573,1345.512510451981) (58.94059886038573,1345.512510451981) (58.94059886038573,1371.507914174791) (59.94059886038573,1371.507914174791) (59.94059886038573,1397.503317897602) (60.95332971724488,1397.503317897602) (60.95332971724488,1423.501210954746) (61.96194893492407,1423.501210954746) (61.96194893492407,1449.500245178851) (62.96778437569197,1449.500245178851) (62.96778437569197,1475.499802499311) (63.97173510674024,1475.499802499311) (63.97173510674024,1501.499599591989) (64.97440983916043,1501.499599591989) (64.97440983916043,1527.499506587529) (65.97622069048272,1527.499506587529) (65.97622069048272,1553.499463958168) (66.97744667519098,1553.499463958168) (66.97744667519098,1579.49944441867) (67.97827669264099,1579.49944441867) (67.97827669264099,1605.499435462594) (68.97883863187077,1605.499435462594) (68.97883863187077,1631.49943135751) (69.97921907650414,1631.49943135751) (69.97921907650414,1657.499429475914) (70.9794766454874,1657.499429475914) (70.9794766454874,1683.499428613471) (71.97965102508107,1683.499428613471) (71.97965102508107,1709.499428218164) (72.97976908371537,1709.499428218164) (72.97976908371537,1735.499428036972) (73.97984901188283,1735.499428036972) (73.97984901188283,1761.499427953921) (74.97990312492404,1761.499427953921) (74.97990312492404,1787.499427915854) (75.97993976058578,1787.499427915854) (75.97993976058578,1813.499427898406) (76.97996456369735,1813.499427898406) (76.97996456369735,1839.499427890409) (77.97998135592434,1839.499427890409) (77.97998135592434,1865.499427886743) (78.97999272460221,1865.499427886743) (78.97999272460221,1891.499427885063) (79.98000042143791,1891.499427885063) (79.98000042143791,1917.499427884293) (80.98000563235082,1917.499427884293) (80.98000563235082,1943.499427883939) (81.98000916024603,1943.499427883939) (81.98000916024603,1969.499427883778) (82.98001154871211,1969.499427883778) (82.98001154871211,1995.499427883703) (83.98001316574565,1995.499427883703) (83.98001316574565,2021.499427883669) (84.98001426055016,2021.499427883669) (84.98001426055016,2047.499427883654) (85.98001500172386,2047.499427883654) (85.98001500172386,2073.499427883647) (86.98001550351927,2073.499427883647) (86.98001550351927,2099.499427883643) (87.98001584331809,2099.499427883643) (87.98001584331809,2125.499427883642) (88.98001607368452,2125.499427883642) (88.98001607368452,2151.499427883641) (89.98001622854198,2151.499427883641) (89.98001622854198,2177.499427883641) (90.98001633285017,2177.499427883641) (90.98001633285017,2203.499427883641) (91.98001640585071,2203.499427883641) (91.98001640585071,2229.499427883641) (92.98001645527233,2229.499427883641) (92.98001645527233,2255.499427883641) (93.98001648859241,2255.499427883641) (93.98001648859241,2281.499427883641) (94.98001650966589,2281.499427883641) (94.98001650966589,2307.499427883641) (95.98001650966594,2307.499427883641) (95.98001650966594,2333.499427883641) (96.980016509666,2333.499427883641) (96.980016509666,2359.499427883641) (97.98001650966606,2359.499427883641) (97.98001650966606,2385.499427883641) (98.98001650966611,2385.499427883641) (98.98001650966611,2411.499427883641) (99.98001650966617,2411.499427883641) (99.98001650966617,2437.499427883641) (100.9800165096662,2437.499427883641) (100.9800165096662,2463.499427883641) (101.9800165096663,2463.499427883641) (101.9800165096663,2489.499427883641) (102.9800165096663,2489.499427883641) (102.9800165096663,2515.499427883641) (103.9800165096664,2515.499427883641) (103.9800165096664,2541.499427883641) (104.9800165096665,2541.499427883641) (104.9800165096665,2567.499427883641) (105.9800165096665,2567.499427883641) (105.9800165096665,2593.499427883641) (106.9800165096666,2593.499427883641) (106.9800165096666,2619.499427883641) (107.9800165096666,2619.499427883641) (107.9800165096666,2645.499427883641) (108.9800165096667,2645.499427883641) (108.9800165096667,2671.499427883641) (109.9800165096668,2671.499427883641) (109.9800165096668,2697.499427883641) (110.9800165096669,2697.499427883641) (110.9800165096669,2723.499427883641) (111.9800165096669,2723.499427883641) (111.9800165096669,2749.499427883641) (112.980016509667,2749.499427883641) (112.980016509667,2775.499427883641) (113.9800165096671,2775.499427883641) (113.9800165096671,2801.499427883641) (114.9800165096671,2801.499427883641) (114.9800165096671,2827.499427883641) (115.9800165096672,2827.499427883641) (115.9800165096672,2853.499427883641) (116.9800165096673,2853.499427883641) (116.9800165096673,2879.499427883641) (117.9800165096674,2879.499427883641) (117.9800165096674,2905.499427883641) (118.9800165096674,2905.499427883641) (118.9800165096674,2931.499427883641) (119.9800165096675,2931.499427883641) (119.9800165096675,2957.499427883641) (120.9800165096676,2957.499427883641) (120.9800165096676,2983.499427883641) (121.9800165096676,2983.499427883641) (121.9800165096676,3009.499427883641) (122.9800165096677,3009.499427883641) (122.9800165096677,3035.499427883641) (123.9800165096678,3035.499427883641) (123.9800165096678,3061.499427883641) (124.9800165096678,3061.499427883641) (124.9800165096678,3087.499427883641) (125.9800165096679,3087.499427883641) (125.9800165096679,3113.499427883641) (126.980016509668,3113.499427883641) (126.980016509668,3139.499427883641) (127.9800165096681,3139.499427883641) (127.9800165096681,3165.499427883641) (128.9800165096681,3165.499427883641) (128.9800165096681,3191.499427883641) (129.9800165096682,3191.499427883641) (129.9800165096682,3217.499427883641) (130.9800165096682,3217.499427883641) (130.9800165096682,3243.499427883641) (131.9800165096683,3243.499427883641) (131.9800165096683,3269.499427883641) (132.9800165096683,3269.499427883641) (132.9800165096683,3295.499427883641) (133.9800165096684,3295.499427883641) (133.9800165096684,3321.499427883641) (134.9800165096684,3321.499427883641) (134.9800165096684,3347.499427883641) (135.9800165096685,3347.499427883641) (135.9800165096685,3373.499427883641) (136.9800165096686,3373.499427883641) (136.9800165096686,3399.499427883641) (137.9800165096686,3399.499427883641) (137.9800165096686,3425.499427883641) (138.9800165096687,3425.499427883641) (138.9800165096687,3451.499427883641) (139.9800165096687,3451.499427883641) (139.9800165096687,3477.499427883641) (140.9800165096688,3477.499427883641) (140.9800165096688,3503.499427883641) (141.9800165096688,3503.499427883641) (141.9800165096688,3529.499427883641) (142.9800165096689,3529.499427883641) (142.9800165096689,3555.499427883641) (143.980016509669,3555.499427883641) (143.980016509669,3581.499427883641) (144.980016509669,3581.499427883641) (144.980016509669,3607.499427883641) (145.9800165096691,3607.499427883641) (145.9800165096691,3633.499427883641) (146.9800165096691,3633.499427883641) (146.9800165096691,3659.499427883641) (147.9800165096692,3659.499427883641) (147.9800165096692,3685.499427883641) (148.9800165096692,3685.499427883641) (148.9800165096692,3711.499427883641) (149.9800165096693,3711.499427883641) (149.9800165096693,3737.499427883641) (150.9800165096694,3737.499427883641) (150.9800165096694,3763.499427883641) (151.9800165096694,3763.499427883641) (151.9800165096694,3789.499427883641) (152.9800165096695,3789.499427883641) (152.9800165096695,3815.499427883641) (153.9800165096695,3815.499427883641) (153.9800165096695,3841.499427883641) (154.9800165096696,3841.499427883641) (154.9800165096696,3867.499427883641) (155.9800165096696,3867.499427883641) (155.9800165096696,3893.499427883641) (156.9800165096697,3893.499427883641) (156.9800165096697,3919.499427883641) (157.9800165096698,3919.499427883641) (157.9800165096698,3945.499427883641) (158.9800165096698,3945.499427883641) (158.9800165096698,3971.499427883641) (159.9800165096699,3971.499427883641) (159.9800165096699,3997.499427883641) (160.9800165096699,3997.499427883641) (160.9800165096699,4023.499427883641) (161.98001650967,4023.499427883641) (161.98001650967,4049.499427883641) (162.98001650967,4049.499427883641) (162.98001650967,4075.499427883641) (163.9800165096701,4075.499427883641) (163.9800165096701,4101.49942788364) (164.9800165096702,4101.49942788364) (164.9800165096702,4127.49942788364) (165.9800165096702,4127.49942788364) (165.9800165096702,4153.49942788364) (166.9800165096703,4153.49942788364) (166.9800165096703,4179.49942788364) (167.9800165096703,4179.49942788364) (167.9800165096703,4205.49942788364) (168.9800165096704,4205.49942788364) (168.9800165096704,4231.49942788364) (169.9800165096704,4231.49942788364) (169.9800165096704,4257.49942788364) (170.9800165096705,4257.49942788364) (170.9800165096705,4283.49942788364) (171.9800165096705,4283.49942788364) (171.9800165096705,4309.49942788364) (173.2187983054255,4309.49942788364) (173.2187983054255,4334.761725317672) (174.734914402339,4334.761725317672) (174.734914402339,4357.375029374853) (176.5337715815123,4357.375029374853) (176.5337715815123,4371.80338971305) (178.6694792248058,4371.80338971305) (178.6694792248058,4380.472858151295) (180.9777776837104,4380.472858151295) (180.9777776837104,4385.010512952947) (183.4039177314567,4385.010512952947) (183.4039177314567,4388.172157803916) (185.8726189594794,4388.172157803916) (185.8726189594794,4390.428283375573) (188.3699859950072,4390.428283375573) (188.3699859950072,4391.835488330516) (190.89445115746,4391.835488330516) (190.89445115746,4392.871718959358) (193.4312889955818,4392.871718959358) (193.4312889955818,4393.515439372457) (195.981244215658,4393.515439372457) (195.981244215658,4394.057268921059) (198.5311994357342,4394.057268921059) (198.5311994357342,4394.599098469662) (201.0811546558104,4394.599098469662) (201.0811546558104,4395.140928018264) (203.6311098758866,4395.140928018264) (203.6311098758866,4395.682757566867) (206.1810650959627,4395.682757566867) (206.1810650959627,4396.224587115469) (208.7310203160389,4396.224587115469) (208.7310203160389,4396.766416664072) (211.280975536115,4396.766416664072) (211.280975536115,4397.308246212675) (213.8309307561912,4397.308246212675) (213.8309307561912,4397.850075761278) (216.3808859762675,4397.850075761278) (216.3808859762675,4398.391905309881) (218.9308411963437,4398.391905309881) (218.9308411963437,4398.933734858484) (221.4807964164198,4398.933734858484) (221.4807964164198,4399.475564407086) (224.030751636496,4399.475564407086) (224.030751636496,4400.01739395569) (226.5807068565722,4400.01739395569) (226.5807068565722,4400.559223504292) (229.1306620766483,4400.559223504292) (229.1306620766483,4400.840201776819) (700,4400.840201776819)
robPositionY[0]:
[0]: (0,0) (0,163.5) (2,163.5) (2,188.9679078844919) (10.902991935419,188.9679078844919) (10.902991935419,188.479046668909) (11.92179539790224,188.479046668909) (11.92179539790224,187.9901854533262) (12.94059886038548,187.9901854533262) (12.94059886038548,187.5013242377433) (13.94059886038548,187.5013242377433) (13.94059886038548,187.0124630221605) (14.94059886038548,187.0124630221605) (14.94059886038548,186.5236018065776) (15.94059886038548,186.5236018065776) (15.94059886038548,186.0347405909947) (16.94059886038547,186.0347405909947) (16.94059886038547,185.5458793754118) (17.94059886038546,185.5458793754118) (17.94059886038546,185.0570181598289) (18.94059886038546,185.0570181598289) (18.94059886038546,184.568156944246) (19.94059886038545,184.568156944246) (19.94059886038545,184.0792957286631) (20.94059886038544,184.0792957286631) (20.94059886038544,183.5904345130803) (21.94059886038544,183.5904345130803) (21.94059886038544,183.1015732974974) (22.94059886038543,183.1015732974974) (22.94059886038543,182.6127120819145) (23.94059886038542,182.6127120819145) (23.94059886038542,182.1238508663316) (24.94059886038541,182.1238508663316) (24.94059886038541,181.6349896507487) (25.94059886038541,181.6349896507487) (25.94059886038541,181.1461284351658) (26.9405988603854,181.1461284351658) (26.9405988603854,180.6572672195829) (27.94059886038539,180.6572672195829) (27.94059886038539,180.168406004) (28.9405988603854,180.168406004) (28.9405988603854,179.6795447884172) (29.94059886038541,179.6795447884172) (29.94059886038541,179.1906835728343) (30.94059886038543,179.1906835728343) (30.94059886038543,178.7018223572514) (31.94059886038544,178.7018223572514) (31.94059886038544,178.2129611416685) (32.94059886038546,178.2129611416685) (32.94059886038546,177.7240999260856) (33.94059886038547,177.7240999260856) (33.94059886038547,177.2352387105027) (34.94059886038549,177.2352387105027) (34.94059886038549,176.7463774949198) (35.9405988603855,176.7463774949198) (35.9405988603855,176.257516279337) (36.94059886038551,176.257516279337) (36.94059886038551,175.7686550637541) (37.94059886038553,175.7686550637541) (37.94059886038553,175.2797938481712) (38.94059886038554,175.2797938481712) (38.94059886038554,174.7909326325883) (39.94059886038556,174.7909326325883) (39.94059886038556,174.3020714170054) (40.94059886038557,174.3020714170054) (40.94059886038557,173.8132102014225) (41.94059886038558,173.8132102014225) (41.94059886038558,173.3243489858396) (42.9405988603856,173.3243489858396) (42.9405988603856,172.8354877702567) (43.94059886038561,172.8354877702567) (43.94059886038561,172.3466265546739) (44.94059886038559,172.3466265546739) (44.94059886038559,171.857765339091) (45.94059886038562,171.857765339091) (45.94059886038562,171.3689041235081) (46.94059886038565,171.3689041235081) (46.94059886038565,170.8800429079252) (47.94059886038568,170.8800429079252) (47.94059886038568,170.3911816923423) (48.94059886038569,170.3911816923423) (48.94059886038569,169.9023204767594) (49.9405988603857,169.9023204767594) (49.9405988603857,169.4134592611765) (50.94059886038571,169.4134592611765) (50.94059886038571,168.9245980455937) (51.94059886038571,168.9245980455937) (51.94059886038571,168.4357368300108) (52.94059886038572,168.4357368300108) (52.94059886038572,167.9468756144279) (53.94059886038573,167.9468756144279) (53.94059886038573,167.458014398845) (54.94059886038573,167.458014398845) (54.94059886038573,166.9691531832621) (55.94059886038573,166.9691531832621) (55.94059886038573,166.4802919676792) (56.94059886038573,166.4802919676792) (56.94059886038573,165.9914307520963) (57.94059886038573,165.9914307520963) (57.94059886038573,165.5025695365134) (58.94059886038573,165.5025695365134) (58.94059886038573,165.0137083209306) (59.94059886038573,165.0137083209306) (59.94059886038573,164.5248471053477) (60.95332971724488,164.5248471053477) (60.95332971724488,164.1938537681208) (61.96194893492407,164.1938537681208) (61.96194893492407,163.969756883213) (62.96778437569197,163.969756883213) (62.96778437569197,163.8180362843253) (63.97173510674024,163.8180362843253) (63.97173510674024,163.7153175442811) (64.97440983916043,163.7153175442811) (64.97440983916043,163.6457745842783) (65.97622069048272,163.6457745842783) (65.97622069048272,163.5986924756321) (66.97744667519098,163.5986924756321) (66.97744667519098,163.566816881204) (67.97827669264099,163.566816881204) (67.97827669264099,163.545236429983) (68.97883863187077,163.545236429983) (68.97883863187077,163.5306260107791) (69.97921907650414,163.5306260107791) (69.97921907650414,163.5207344505516) (70.9794766454874,163.5207344505516) (70.9794766454874,163.5140376570627) (71.97965102508107,163.5140376570627) (71.97965102508107,163.5095037876518) (72.97976908371537,163.5095037876518) (72.97976908371537,163.5064342631685) (73.97984901188283,163.5064342631685) (73.97984901188283,163.5043561308182) (74.97990312492404,163.5043561308182) (74.97990312492404,163.5029491917491) (75.97993976058578,163.5029491917491) (75.97993976058578,163.5019966645455) (76.97996456369735,163.5019966645455) (76.97996456369735,163.5013517836466) (77.97998135592434,163.5013517836466) (77.97998135592434,163.5009151857469) (78.97999272460221,163.5009151857469) (78.97999272460221,163.5006196001235) (79.98000042143791,163.5006196001235) (79.98000042143791,163.5004194823974) (80.98000563235082,163.5004194823974) (80.98000563235082,163.5002839986634) (81.98000916024603,163.5002839986634) (81.98000916024603,163.5001922733894) (82.98001154871211,163.5001922733894) (82.98001154871211,163.5001301732726) (83.98001316574565,163.5001301732726) (83.98001316574565,163.5000881304022) (84.98001426055016,163.5000881304022) (84.98001426055016,163.5000596654866) (85.98001500172386,163.5000596654866) (85.98001500172386,163.5000403949721) (86.98001550351927,163.5000403949721) (86.98001550351927,163.5000273482928) (87.98001584331809,163.5000273482928) (87.98001584331809,163.5000185135251) (88.98001607368452,163.5000185135251) (88.98001607368452,163.5000125239997) (89.98001622854198,163.5000125239997) (89.98001622854198,163.5000084977071) (90.98001633285017,163.5000084977071) (90.98001633285017,163.5000057856957) (91.98001640585071,163.5000057856957) (91.98001640585071,163.5000038876832) (92.98001645527233,163.5000038876832) (92.98001645527233,163.5000026027226) (93.98001648859241,163.5000026027226) (93.98001648859241,163.5000017364024) (94.98001650966589,163.5000017364024) (94.98001650966589,163.5000011884933) (95.98001650966594,163.5000011884933) (95.98001650966594,163.5000006405843) (173.2187983054255,163.5000006405843) (173.2187983054255,169.6494988603188) (174.734914402339,169.6494988603188) (174.734914402339,182.4806515605829) (176.5337715815123,182.4806515605829) (176.5337715815123,204.1098544573876) (178.6694792248058,204.1098544573876) (178.6694792248058,228.6218987825405) (180.9777776837104,228.6218987825405) (180.9777776837104,254.2228692504944) (183.4039177314567,254.2228692504944) (183.4039177314567,280.0299225855101) (185.8726189594794,280.0299225855101) (185.8726189594794,305.9318510350467) (188.3699859950072,305.9318510350467) (188.3699859950072,331.8937418408948) (190.89445115746,331.8937418408948) (190.89445115746,357.873084135954) (193.4312889955818,357.873084135954) (193.4312889955818,383.8651141457428) (195.981244215658,383.8651141457428) (195.981244215658,409.8594677776426) (198.5311994357342,409.8594677776426) (198.5311994357342,435.8538214095424) (201.0811546558104,435.8538214095424) (201.0811546558104,461.8481750414421) (203.6311098758866,461.8481750414421) (203.6311098758866,487.8425286733419) (206.1810650959627,487.8425286733419) (206.1810650959627,513.8368823052417) (208.7310203160389,513.8368823052417) (208.7310203160389,539.8312359371415) (211.280975536115,539.8312359371415) (211.280975536115,565.8255895690413) (213.8309307561912,565.8255895690413) (213.8309307561912,591.8199432009411) (216.3808859762675,591.8199432009411) (216.3808859762675,617.8142968328409) (218.9308411963437,617.8142968328409) (218.9308411963437,643.8086504647407) (221.4807964164198,643.8086504647407) (221.4807964164198,669.8030040966405) (224.030751636496,669.8030040966405) (224.030751636496,695.7973577285403) (226.5807068565722,695.7973577285403) (226.5807068565722,721.7917113604401) (229.1306620766483,721.7917113604401) (229.1306620766483,735.2716860088356) (700,735.2716860088356)
batteryCharge[0]:
[0]: (0,100) (700,100)
user_guided_transport.end:
[0]: (0,0) (231.1306620766474,0) (231.1306620766474,1) (700,1)
[2K
Verifying formula 5 at /nta/queries/query[5]/formula
 -- Formula: simulate[<=700]{robot_inventory[0][0], user_guided_transport.end*2}
[2K -- Formula is satisfied.
robot_inventory[0][0]:
[0]: (0,0) (8.670138029397506,0) (8.670138029397506,1) (700,1)
user_guided_transport.end * 2:
[0]: (0,0) (231.8978081706201,0) (231.8978081706201,2) (700,2)
[2K
Verifying formula 6 at /nta/queries/query[6]/formula
 -- Formula: simulate[<=700]{bedroom[0], bedroom[1], kitchen[0], kitchen[1]}
[2K -- Formula is satisfied.
bedroom[0]:
[0]: (0,100) (700,100)
bedroom[1]:
[0]: (0,200) (700,200)
kitchen[0]:
[0]: (0,4400) (700,4400)
kitchen[1]:
[0]: (0,765) (700,765)
[2K
Verifying formula 7 at /nta/queries/query[7]/formula
 -- Formula: simulate[<=700]{rm_1.idle, rf_1.idle, rp_1.idle, rd_1.idle}
[2K -- Formula is satisfied.
rm_1.idle:
[0]: (0,0) (0,1) (0,0) (3,0) (3,1) (700,1)
rf_1.idle:
[0]: (0,0) (0,1) (10.77479718840507,1) (10.77479718840507,0) (233.0024673296349,0) (233.0024673296349,1) (700,1)
rp_1.idle:
[0]: (0,0) (0,1) (2,1) (2,0) (10.77479718840507,0) (10.77479718840507,1) (700,1)
rd_1.idle:
[0]: (0,0) (0,1) (700,1)
[2K
Verifying formula 8 at /nta/queries/query[8]/formula
 -- Formula: Pr[<=700](<>!rm_1.idle || !rf_1.idle || !rp_1.idle || !rd_1.idle)
[2K -- Formula is satisfied.
(72/72 runs) Pr(<> …) in [0.950056,1] (95% CI)
Values in [0,0] mean=0 steps=2.22045e-16: 72
[2K
Verifying formula 9 at /nta/queries/query[9]/formula
 -- Formula: Pr[<=700]([] (user_guided_transport.end imply (rm_1.idle && rf_1.idle && rp_1.idle && rd_1.idle)))
 -- Throughput: 630735 runs/sec, Load: 329 runs[K
[2K -- Formula is satisfied.
(72/72 runs) Pr([] …) in [0.950056,1] (95% CI)
[2K
Verifying formula 10 at /nta/queries/query[10]/formula
 -- Formula: Pr[<=700] (<> pow(humanPositionX[0] - kitchen[0], 2) + pow(humanPositionY[0] - kitchen[1], 2) <= 900 )
[2K -- Formula is satisfied.
(72/72 runs) Pr(<> …) in [0.950056,1] (95% CI)
Values in [192.009,196.907] mean=194.242 steps=0.544205: 10 8 12 9 6 8 4 10 5
[2K
Verifying formula 11 at /nta/queries/query[11]/formula
 -- Formula: Pr[<=700] (<> pow(humanPositionX[0] - bedroom[0], 2) + pow(humanPositionY[0] - bedroom[1], 2) <= 900 )
[2K -- Formula is satisfied.
(72/72 runs) Pr(<> …) in [0.950056,1] (95% CI)
Values in [1,1] mean=1 steps=2.22045e-16: 72
[2K
Verifying formula 12 at /nta/queries/query[12]/formula
 -- Formula: Pr[<=700] (<> pow(robPositionX[0] - bedroom[0], 2) + pow(robPositionY[0] - bedroom[1], 2) <= 900 )
[2K -- Formula is satisfied.
(72/72 runs) Pr(<> …) in [0.950056,1] (95% CI)
Values in [2,2] mean=2 steps=2.22045e-16: 72
[2K
Verifying formula 13 at /nta/queries/query[13]/formula
 -- Formula: Pr[<=700] (<> !isValidPosition(humanPositionX[0], humanPositionY[0]))
[2K -- Formula is satisfied.
(72/72 runs) Pr(<> …) in [0.950056,1] (95% CI)
Values in [0,0] mean=0 steps=2.22045e-16: 72
[2K
Verifying formula 14 at /nta/queries/query[14]/formula
 -- Formula: Pr[<=700] (<> !isValidPosition(robPositionX[0], robPositionY[0]))
[2K -- Formula is satisfied.
(72/72 runs) Pr(<> …) in [0.950056,1] (95% CI)
Values in [0,0] mean=0 steps=2.22045e-16: 72
[2K
Verifying formula 15 at /nta/queries/query[15]/formula
 -- Formula: Pr[<=700] (<> currP > 2)
 -- Throughput: 629406 runs/sec, Load: 329 runs[K
[2K -- Formula is satisfied.
(0/72 runs) Pr(<> …) in [0,0.0499441] (95% CI)
