Options for the verification:
  Generating no trace
  Search order is breadth first
  Using conservative space optimisation
  Seed is 1784899059
  State space representation uses minimal constraint systems with future testing
  Using HashMap + Compress integers for discrete state storage
[2K
Verifying formula 1 at /nta/queries/query[1]/formula
 -- Formula: simulate[<=700]{user_guided_transport_robot1_def.s1_start, user_guided_transport_robot1_def.s1_end, user_guided_transport_robot1_def.s2_start, user_guided_transport_robot1_def.s2_end, user_guided_transport_robot1_def.s3_start, user_guided_transport_robot1_def.s3_end, user_guided_transport.end}
[2K -- Formula is satisfied.
user_guided_transport_robot1_def.s1_start:
[0]: (0,0) (0,1) (0,0) (700,0)
user_guided_transport_robot1_def.s1_end:
[0]: (0,0) (2,0) (2,1) (2,0) (700,0)
user_guided_transport_robot1_def.s2_start:
[0]: (0,0) (2,0) (2,1) (2,0) (700,0)
user_guided_transport_robot1_def.s2_end:
[0]: (0,0) (10.13347510811349,0) (10.13347510811349,1) (10.13347510811349,0) (700,0)
user_guided_transport_robot1_def.s3_start:
[0]: (0,0) (10.13347510811349,0) (10.13347510811349,1) (10.13347510811349,0) (700,0)
user_guided_transport_robot1_def.s3_end:
[0]: (0,0) (200.7513300523411,0) (200.7513300523411,1) (200.7513300523411,0) (700,0)
user_guided_transport.end:
[0]: (0,0) (202.7513300523402,0) (202.7513300523402,1) (700,1)
[2K
Verifying formula 2 at /nta/queries/query[2]/formula
 -- Formula: simulate[<=700]{user_guided_transport_human1_def.s1_start, user_guided_transport_human1_def.s1_end, user_guided_transport_human1_def.s2_start, user_guided_transport_human1_def.s2_idle, user_guided_transport_human1_def.s3_start, user_guided_transport_human1_def.s3_end, user_guided_transport.end}
[2K -- Formula is satisfied.
user_guided_transport_human1_def.s1_start:
[0]: (0,0) (0,1) (0,0) (700,0)
user_guided_transport_human1_def.s1_end:
[0]: (0,0) (1,0) (1,1) (2,1) (2,0) (700,0)
user_guided_transport_human1_def.s2_start:
[0]: (0,0) (2,0) (2,1) (2,0) (700,0)
user_guided_transport_human1_def.s2_idle:
[0]: (0,0) (2,0) (2,1) (8.07614628225565,1) (8.07614628225565,0) (700,0)
user_guided_transport_human1_def.s3_start:
[0]: (0,0) (8.07614628225565,0) (8.07614628225565,1) (8.07614628225565,0) (13.07614628225563,0) (13.07614628225563,1) (13.07614628225563,0) (18.07614628225562,0) (18.07614628225562,1) (18.07614628225562,0) (23.07614628225559,0) (23.07614628225559,1) (23.07614628225559,0) (28.07614628225555,0) (28.07614628225555,1) (28.07614628225555,0) (33.07614628225554,0) (33.07614628225554,1) (33.07614628225554,0) (38.07614628225565,0) (38.07614628225565,1) (38.07614628225565,0) (43.07614628225575,0) (43.07614628225575,1) (43.07614628225575,0) (48.07614628225582,0) (48.07614628225582,1) (48.07614628225582,0) (53.07614628225593,0) (53.07614628225593,1) (53.07614628225593,0) (58.07614628225603,0) (58.07614628225603,1) (58.07614628225603,0) (63.07614628225614,0) (63.07614628225614,1) (63.07614628225614,0) (68.0761462822562,0) (68.0761462822562,1) (68.0761462822562,0) (73.0761462822563,0) (73.0761462822563,1) (73.0761462822563,0) (78.0761462822563,0) (78.0761462822563,1) (78.0761462822563,0) (83.0761462822563,0) (83.0761462822563,1) (83.0761462822563,0) (88.07614628225636,0) (88.07614628225636,1) (88.07614628225636,0) (93.07614628225636,0) (93.07614628225636,1) (93.07614628225636,0) (98.07614628225603,0) (98.07614628225603,1) (98.07614628225603,0) (103.0761462822557,0) (103.0761462822557,1) (103.0761462822557,0) (108.0761462822553,0) (108.0761462822553,1) (108.0761462822553,0) (113.076146282255,0) (113.076146282255,1) (113.076146282255,0) (118.0761462822546,0) (118.0761462822546,1) (118.0761462822546,0) (123.0761462822543,0) (123.0761462822543,1) (123.0761462822543,0) (128.0761462822539,0) (128.0761462822539,1) (128.0761462822539,0) (133.0761462822543,0) (133.0761462822543,1) (133.0761462822543,0) (138.0761462822548,0) (138.0761462822548,1) (138.0761462822548,0) (143.0761462822552,0) (143.0761462822552,1) (143.0761462822552,0) (148.0761462822556,0) (148.0761462822556,1) (148.0761462822556,0) (153.076146282256,0) (153.076146282256,1) (153.076146282256,0) (158.0761462822565,0) (158.0761462822565,1) (158.0761462822565,0) (163.0761462822569,0) (163.0761462822569,1) (163.0761462822569,0) (168.0761462822573,0) (168.0761462822573,1) (168.0761462822573,0) (173.0761462822578,0) (173.0761462822578,1) (173.0761462822578,0) (178.0761462822581,0) (178.0761462822581,1) (178.0761462822581,0) (183.0761462822584,0) (183.0761462822584,1) (183.0761462822584,0) (188.0761462822587,0) (188.0761462822587,1) (188.0761462822587,0) (193.076146282259,0) (193.076146282259,1) (193.076146282259,0) (700,0)
user_guided_transport_human1_def.s3_end:
[0]: (0,0) (193.076146282259,0) (193.076146282259,1) (198.6940012264841,1) (198.6940012264841,0) (700,0)
user_guided_transport.end:
[0]: (0,0) (200.6940012264832,0) (200.6940012264832,1) (700,1)
[2K
Verifying formula 3 at /nta/queries/query[3]/formula
 -- Formula: Pr[<=700] (<> user_guided_transport.end)
[2K -- Formula is satisfied.
(72/72 runs) Pr(<> …) in [0.950056,1] (95% CI)
Values in [199.659,204.48] mean=202.196 steps=0.535759: 5 8 6 11 12 5 6 10 9
[2K
Verifying formula 4 at /nta/queries/query[4]/formula
 -- Formula: simulate[<=700]{humanPositionX[0], humanPositionY[0], robPositionX[0], robPositionY[0], batteryCharge[0], user_guided_transport.end}
[2K -- Formula is satisfied.
humanPositionX[0]:
[0]: (0,0) (0,92.5) (1,92.5) (1,97.73313175708738) (11.89201040423449,97.73313175708738) (11.89201040423449,123.7285354798977) (12.89201040423449,123.7285354798977) (12.89201040423449,149.723939202708) (13.89201040423449,149.723939202708) (13.89201040423449,175.7193429255182) (14.89201040423449,175.7193429255182) (14.89201040423449,201.7147466483285) (15.89201040423449,201.7147466483285) (15.89201040423449,227.7101503711388) (16.89201040423449,227.7101503711388) (16.89201040423449,253.7055540939491) (17.89201040423449,253.7055540939491) (17.89201040423449,279.7009578167594) (18.89201040423449,279.7009578167594) (18.89201040423449,305.6963615395697) (19.89201040423449,305.6963615395697) (19.89201040423449,331.69176526238) (20.89201040423449,331.69176526238) (20.89201040423449,357.6871689851903) (21.89201040423449,357.6871689851903) (21.89201040423449,383.6825727080006) (22.89201040423449,383.6825727080006) (22.89201040423449,409.6779764308109) (23.89201040423449,409.6779764308109) (23.89201040423449,435.6733801536212) (24.89201040423449,435.6733801536212) (24.89201040423449,461.6687838764315) (25.89201040423449,461.6687838764315) (25.89201040423449,487.6641875992418) (26.89201040423449,487.6641875992418) (26.89201040423449,513.6595913220521) (27.89201040423449,513.6595913220521) (27.89201040423449,539.6549950448623) (28.89201040423449,539.6549950448623) (28.89201040423449,565.6503987676725) (29.89201040423449,565.6503987676725) (29.89201040423449,591.6458024904828) (30.89201040423448,591.6458024904828) (30.89201040423448,617.641206213293) (31.89201040423447,617.641206213293) (31.89201040423447,643.6366099361032) (32.8920104042345,643.6366099361032) (32.8920104042345,669.6320136589135) (33.89201040423452,669.6320136589135) (33.89201040423452,695.6274173817237) (34.89201040423454,695.6274173817237) (34.89201040423454,721.622821104534) (35.89201040423456,721.622821104534) (35.89201040423456,747.6182248273442) (36.89201040423458,747.6182248273442) (36.89201040423458,773.6136285501544) (37.8920104042346,773.6136285501544) (37.8920104042346,799.6090322729647) (38.89201040423463,799.6090322729647) (38.89201040423463,825.6044359957749) (39.89201040423465,825.6044359957749) (39.89201040423465,851.5998397185851) (40.89201040423467,851.5998397185851) (40.89201040423467,877.5952434413954) (41.89201040423469,877.5952434413954) (41.89201040423469,903.5906471642056) (42.89201040423471,903.5906471642056) (42.89201040423471,929.5860508870159) (43.89201040423473,929.5860508870159) (43.89201040423473,955.5814546098261) (44.89201040423475,955.5814546098261) (44.89201040423475,981.5768583326363) (45.89201040423472,981.5768583326363) (45.89201040423472,1007.572262055447) (46.89201040423474,1007.572262055447) (46.89201040423474,1033.567665778257) (47.89201040423474,1033.567665778257) (47.89201040423474,1059.563069501067) (48.89201040423474,1059.563069501067) (48.89201040423474,1085.558473223878) (49.89201040423474,1085.558473223878) (49.89201040423474,1111.553876946688) (50.89201040423472,1111.553876946688) (50.89201040423472,1137.549280669498) (51.89201040423472,1137.549280669498) (51.89201040423472,1163.544684392309) (52.89201040423471,1163.544684392309) (52.89201040423471,1189.540088115119) (53.8920104042347,1189.540088115119) (53.8920104042347,1215.535491837929) (54.8920104042347,1215.535491837929) (54.8920104042347,1241.53089556074) (55.89201040423469,1241.53089556074) (55.89201040423469,1267.52629928355) (56.89201040423468,1267.52629928355) (56.89201040423468,1293.52170300636) (57.89201040423468,1293.52170300636) (57.89201040423468,1319.517106729171) (58.89201040423467,1319.517106729171) (58.89201040423467,1345.512510451981) (59.89201040423466,1345.512510451981) (59.89201040423466,1371.507914174791) (60.89201040423465,1371.507914174791) (60.89201040423465,1397.503317897602) (61.89201040423465,1397.503317897602) (61.89201040423465,1423.498721620412) (62.89201040423464,1423.498721620412) (62.89201040423464,1478) (63.89201040423463,1478) (63.89201040423463,1504) (64.8920104042347,1504) (64.8920104042347,1530) (65.89201040423477,1530) (65.89201040423477,1556) (66.89201040423484,1556) (66.89201040423484,1582) (67.89201040423491,1582) (67.89201040423491,1608) (68.89201040423498,1608) (68.89201040423498,1634) (69.89201040423505,1634) (69.89201040423505,1660) (70.89201040423512,1660) (70.89201040423512,1686) (71.89201040423519,1686) (71.89201040423519,1712) (72.89201040423526,1712) (72.89201040423526,1738) (73.89201040423534,1738) (73.89201040423534,1764) (74.89201040423541,1764) (74.89201040423541,1790) (75.89201040423548,1790) (75.89201040423548,1816) (76.89201040423555,1816) (76.89201040423555,1842) (77.89201040423562,1842) (77.89201040423562,1868) (78.89201040423569,1868) (78.89201040423569,1894) (79.89201040423576,1894) (79.89201040423576,1920) (80.89201040423583,1920) (80.89201040423583,1946) (81.8920104042359,1946) (81.8920104042359,1972) (82.89201040423598,1972) (82.89201040423598,1998) (83.89201040423605,1998) (83.89201040423605,2024) (84.89201040423612,2024) (84.89201040423612,2050) (85.89201040423619,2050) (85.89201040423619,2076) (86.89201040423626,2076) (86.89201040423626,2102) (87.89201040423633,2102) (87.89201040423633,2128) (88.8920104042364,2128) (88.8920104042364,2154) (89.89201040423647,2154) (89.89201040423647,2180) (90.89201040423654,2180) (90.89201040423654,2206) (91.89201040423661,2206) (91.89201040423661,2232) (92.89201040423669,2232) (92.89201040423669,2258) (93.89201040423676,2258) (93.89201040423676,2284) (94.89201040423683,2284) (94.89201040423683,2310) (95.8920104042369,2310) (95.8920104042369,2336) (96.89201040423697,2336) (96.89201040423697,2362) (97.89201040423704,2362) (97.89201040423704,2388) (98.89201040423711,2388) (98.89201040423711,2414) (99.89201040423718,2414) (99.89201040423718,2440) (100.8920104042373,2440) (100.8920104042373,2466) (101.8920104042373,2466) (101.8920104042373,2492) (102.8920104042374,2492) (102.8920104042374,2518) (103.8920104042375,2518) (103.8920104042375,2544) (104.8920104042375,2544) (104.8920104042375,2570) (105.8920104042376,2570) (105.8920104042376,2596) (106.8920104042377,2596) (106.8920104042377,2622) (107.8920104042378,2622) (107.8920104042378,2648) (108.8920104042378,2648) (108.8920104042378,2674) (109.8920104042379,2674) (109.8920104042379,2700) (110.892010404238,2700) (110.892010404238,2726) (111.892010404238,2726) (111.892010404238,2752) (112.8920104042381,2752) (112.8920104042381,2778) (113.8920104042382,2778) (113.8920104042382,2804) (114.8920104042382,2804) (114.8920104042382,2830) (115.8920104042383,2830) (115.8920104042383,2856) (116.8920104042384,2856) (116.8920104042384,2882) (117.8920104042385,2882) (117.8920104042385,2908) (118.8920104042385,2908) (118.8920104042385,2934) (119.8920104042386,2934) (119.8920104042386,2960) (120.8920104042387,2960) (120.8920104042387,2986) (121.8920104042387,2986) (121.8920104042387,3012) (122.8920104042388,3012) (122.8920104042388,3038) (123.8920104042389,3038) (123.8920104042389,3088.5) (124.892010404239,3088.5) (124.892010404239,3114.5) (125.892010404239,3114.5) (125.892010404239,3140.5) (126.8920104042391,3140.5) (126.8920104042391,3166.5) (127.8920104042392,3166.5) (127.8920104042392,3192.5) (128.8920104042392,3192.5) (128.8920104042392,3218.5) (129.8920104042393,3218.5) (129.8920104042393,3244.5) (130.8920104042393,3244.5) (130.8920104042393,3270.5) (131.8920104042394,3270.5) (131.8920104042394,3296.5) (132.8920104042394,3296.5) (132.8920104042394,3322.5) (133.8920104042395,3322.5) (133.8920104042395,3348.5) (134.8920104042396,3348.5) (134.8920104042396,3374.5) (135.8920104042396,3374.5) (135.8920104042396,3400.5) (136.8920104042397,3400.5) (136.8920104042397,3426.5) (137.8920104042397,3426.5) (137.8920104042397,3452.5) (138.8920104042398,3452.5) (138.8920104042398,3478.5) (139.8920104042398,3478.5) (139.8920104042398,3504.5) (140.8920104042399,3504.5) (140.8920104042399,3530.5) (141.89201040424,3530.5) (141.89201040424,3556.5) (142.89201040424,3556.5) (142.89201040424,3582.5) (143.8920104042401,3582.5) (143.8920104042401,3608.5) (144.8920104042401,3608.5) (144.8920104042401,3634.5) (145.8920104042402,3634.5) (145.8920104042402,3660.5) (146.8920104042402,3660.5) (146.8920104042402,3686.5) (147.8920104042403,3686.5) (147.8920104042403,3712.5) (148.8920104042404,3712.5) (148.8920104042404,3738.5) (149.8920104042404,3738.5) (149.8920104042404,3764.5) (150.8920104042405,3764.5) (150.8920104042405,3790.5) (151.8920104042405,3790.5) (151.8920104042405,3816.5) (152.8920104042406,3816.5) (152.8920104042406,3842.5) (153.8920104042406,3842.5) (153.8920104042406,3868.5) (154.8920104042407,3868.5) (154.8920104042407,3894.5) (155.8920104042408,3894.5) (155.8920104042408,3920.5) (156.8920104042408,3920.5) (156.8920104042408,3946.5) (157.8920104042409,3946.5) (157.8920104042409,3972.5) (158.8920104042409,3972.5) (158.8920104042409,3998.5) (159.892010404241,3998.5) (159.892010404241,4024.5) (160.892010404241,4024.5) (160.892010404241,4050.5) (161.8920104042411,4050.5) (161.8920104042411,4076.5) (162.8920104042411,4076.5) (162.8920104042411,4102.5) (163.8920104042412,4102.5) (163.8920104042412,4128.5) (164.8920104042413,4128.5) (164.8920104042413,4154.5) (165.8920104042413,4154.5) (165.8920104042413,4180.5) (166.8920104042414,4180.5) (166.8920104042414,4206.5) (167.8920104042414,4206.5) (167.8920104042414,4232.5) (168.8920104042415,4232.5) (168.8920104042415,4258.5) (169.8920104042415,4258.5) (169.8920104042415,4284.5) (170.8920104042416,4284.5) (170.8920104042416,4310.5) (171.8920104042417,4310.5) (171.8920104042417,4336.5) (172.8920104042417,4336.5) (172.8920104042417,4362.5) (173.8920104042418,4362.5) (173.8920104042418,4388.5) (174.8920104042418,4388.5) (174.8920104042418,4416.265463717128) (175.8920104042419,4416.265463717128) (175.8920104042419,4415.530927434256) (176.8920104042419,4415.530927434256) (176.8920104042419,4414.796391151384) (177.892010404242,4414.796391151384) (177.892010404242,4414.061854868512) (178.8920104042421,4414.061854868512) (178.8920104042421,4413.327318585641) (179.8920104042421,4413.327318585641) (179.8920104042421,4412.592782302769) (180.8920104042422,4412.592782302769) (180.8920104042422,4411.858246019897) (181.8920104042422,4411.858246019897) (181.8920104042422,4411.123709737025) (182.8920104042423,4411.123709737025) (182.8920104042423,4410.389173454153) (183.8920104042423,4410.389173454153) (183.8920104042423,4409.654637171281) (184.8920104042424,4409.654637171281) (184.8920104042424,4408.920100888409) (185.8920104042425,4408.920100888409) (185.8920104042425,4408.185564605537) (186.8920104042425,4408.185564605537) (186.8920104042425,4407.451028322665) (187.8920104042426,4407.451028322665) (187.8920104042426,4406.716492039794) (188.8920104042426,4406.716492039794) (188.8920104042426,4405.981955756922) (189.8920104042427,4405.981955756922) (189.8920104042427,4405.24741947405) (190.8920104042427,4405.24741947405) (190.8920104042427,4404.512883191178) (191.8920104042428,4404.512883191178) (191.8920104042428,4403.778346908306) (192.8920104042429,4403.778346908306) (192.8920104042429,4403.043810625434) (193.8920104042429,4403.043810625434) (193.8920104042429,4402.309274342562) (194.892010404243,4402.309274342562) (194.892010404243,4401.57473805969) (195.892010404243,4401.57473805969) (195.892010404243,4400.840201776819) (700,4400.840201776819)
humanPositionY[0]:
[0]: (0,0) (0,163.5) (1,163.5) (1,188.9679078844919) (11.89201040423449,188.9679078844919) (11.89201040423449,188.479046668909) (12.89201040423449,188.479046668909) (12.89201040423449,187.9901854533261) (13.89201040423449,187.9901854533261) (13.89201040423449,187.5013242377432) (14.89201040423449,187.5013242377432) (14.89201040423449,187.0124630221603) (15.89201040423449,187.0124630221603) (15.89201040423449,186.5236018065774) (16.89201040423449,186.5236018065774) (16.89201040423449,186.0347405909945) (17.89201040423449,186.0347405909945) (17.89201040423449,185.5458793754117) (18.89201040423449,185.5458793754117) (18.89201040423449,185.0570181598288) (19.89201040423449,185.0570181598288) (19.89201040423449,184.5681569442459) (20.89201040423449,184.5681569442459) (20.89201040423449,184.079295728663) (21.89201040423449,184.079295728663) (21.89201040423449,183.5904345130801) (22.89201040423449,183.5904345130801) (22.89201040423449,183.1015732974972) (23.89201040423449,183.1015732974972) (23.89201040423449,182.6127120819143) (24.89201040423449,182.6127120819143) (24.89201040423449,182.1238508663315) (25.89201040423449,182.1238508663315) (25.89201040423449,181.6349896507486) (26.89201040423449,181.6349896507486) (26.89201040423449,181.1461284351657) (27.89201040423449,181.1461284351657) (27.89201040423449,180.6572672195828) (28.89201040423449,180.6572672195828) (28.89201040423449,180.1684060039999) (29.89201040423449,180.1684060039999) (29.89201040423449,179.679544788417) (30.89201040423448,179.679544788417) (30.89201040423448,179.1906835728341) (31.89201040423447,179.1906835728341) (31.89201040423447,178.7018223572512) (32.8920104042345,178.7018223572512) (32.8920104042345,178.2129611416684) (33.89201040423452,178.2129611416684) (33.89201040423452,177.7240999260855) (34.89201040423454,177.7240999260855) (34.89201040423454,177.2352387105026) (35.89201040423456,177.2352387105026) (35.89201040423456,176.7463774949197) (36.89201040423458,176.7463774949197) (36.89201040423458,176.2575162793368) (37.8920104042346,176.2575162793368) (37.8920104042346,175.7686550637539) (38.89201040423463,175.7686550637539) (38.89201040423463,175.279793848171) (39.89201040423465,175.279793848171) (39.89201040423465,174.7909326325882) (40.89201040423467,174.7909326325882) (40.89201040423467,174.3020714170053) (41.89201040423469,174.3020714170053) (41.89201040423469,173.8132102014224) (42.89201040423471,173.8132102014224) (42.89201040423471,173.3243489858395) (43.89201040423473,173.3243489858395) (43.89201040423473,172.8354877702566) (44.89201040423475,172.8354877702566) (44.89201040423475,172.3466265546737) (45.89201040423472,172.3466265546737) (45.89201040423472,171.8577653390908) (46.89201040423474,171.8577653390908) (46.89201040423474,171.3689041235079) (47.89201040423474,171.3689041235079) (47.89201040423474,170.8800429079251) (48.89201040423474,170.8800429079251) (48.89201040423474,170.3911816923422) (49.89201040423474,170.3911816923422) (49.89201040423474,169.9023204767593) (50.89201040423472,169.9023204767593) (50.89201040423472,169.4134592611764) (51.89201040423472,169.4134592611764) (51.89201040423472,168.9245980455935) (52.89201040423471,168.9245980455935) (52.89201040423471,168.4357368300106) (53.8920104042347,168.4357368300106) (53.8920104042347,167.9468756144277) (54.8920104042347,167.9468756144277) (54.8920104042347,167.4580143988449) (55.89201040423469,167.4580143988449) (55.89201040423469,166.969153183262) (56.89201040423468,166.969153183262) (56.89201040423468,166.4802919676791) (57.89201040423468,166.4802919676791) (57.89201040423468,165.9914307520962) (58.89201040423467,165.9914307520962) (58.89201040423467,165.5025695365133) (59.89201040423466,165.5025695365133) (59.89201040423466,165.0137083209304) (60.89201040423465,165.0137083209304) (60.89201040423465,164.5248471053475) (61.89201040423465,164.5248471053475) (61.89201040423465,164.0359858897646) (62.89201040423464,164.0359858897646) (62.89201040423464,163.5) (174.8920104042418,163.5) (174.8920104042418,189.4896220913107) (175.8920104042419,189.4896220913107) (175.8920104042419,215.4792441826214) (176.8920104042419,215.4792441826214) (176.8920104042419,241.4688662739321) (177.892010404242,241.4688662739321) (177.892010404242,267.4584883652428) (178.8920104042421,267.4584883652428) (178.8920104042421,293.4481104565535) (179.8920104042421,293.4481104565535) (179.8920104042421,319.4377325478642) (180.8920104042422,319.4377325478642) (180.8920104042422,345.427354639175) (181.8920104042422,345.427354639175) (181.8920104042422,371.4169767304857) (182.8920104042423,371.4169767304857) (182.8920104042423,397.4065988217964) (183.8920104042423,397.4065988217964) (183.8920104042423,423.3962209131071) (184.8920104042424,423.3962209131071) (184.8920104042424,449.3858430044178) (185.8920104042425,449.3858430044178) (185.8920104042425,475.3754650957285) (186.8920104042425,475.3754650957285) (186.8920104042425,501.3650871870392) (187.8920104042426,501.3650871870392) (187.8920104042426,527.3547092783499) (188.8920104042426,527.3547092783499) (188.8920104042426,553.3443313696606) (189.8920104042427,553.3443313696606) (189.8920104042427,579.3339534609713) (190.8920104042427,579.3339534609713) (190.8920104042427,605.323575552282) (191.8920104042428,605.323575552282) (191.8920104042428,631.3131976435927) (192.8920104042429,631.3131976435927) (192.8920104042429,657.3028197349034) (193.8920104042429,657.3028197349034) (193.8920104042429,683.2924418262141) (194.892010404243,683.2924418262141) (194.892010404243,709.2820639175249) (195.892010404243,709.2820639175249) (195.892010404243,735.2716860088356) (700,735.2716860088356)
robPositionX[0]:
[0]: (0,0) (0,92.5) (2,92.5) (2,97.73313175708738) (12.89201040423449,97.73313175708738) (12.89201040423449,123.7285354798977) (13.91081386671773,123.7285354798977) (13.91081386671773,149.723939202708) (14.91081386671773,149.723939202708) (14.91081386671773,175.7193429255182) (15.91081386671773,175.7193429255182) (15.91081386671773,201.7147466483285) (16.91081386671774,201.7147466483285) (16.91081386671774,227.7101503711388) (17.91081386671774,227.7101503711388) (17.91081386671774,253.7055540939491) (18.91081386671774,253.7055540939491) (18.91081386671774,279.7009578167594) (19.91081386671774,279.7009578167594) (19.91081386671774,305.6963615395697) (20.91081386671774,305.6963615395697) (20.91081386671774,331.69176526238) (21.91081386671774,331.69176526238) (21.91081386671774,357.6871689851903) (22.91081386671774,357.6871689851903) (22.91081386671774,383.6825727080006) (23.91081386671774,383.6825727080006) (23.91081386671774,409.6779764308109) (24.91081386671774,409.6779764308109) (24.91081386671774,435.6733801536212) (25.91081386671774,435.6733801536212) (25.91081386671774,461.6687838764315) (26.91081386671774,461.6687838764315) (26.91081386671774,487.6641875992418) (27.91081386671774,487.6641875992418) (27.91081386671774,513.6595913220521) (28.91081386671774,513.6595913220521) (28.91081386671774,539.6549950448623) (29.91081386671773,539.6549950448623) (29.91081386671773,565.6503987676725) (30.91081386671772,565.6503987676725) (30.91081386671772,591.6458024904828) (31.91081386671772,591.6458024904828) (31.91081386671772,617.641206213293) (32.91081386671774,617.641206213293) (32.91081386671774,643.6366099361032) (33.91081386671776,643.6366099361032) (33.91081386671776,669.6320136589135) (34.91081386671778,669.6320136589135) (34.91081386671778,695.6274173817237) (35.9108138667178,695.6274173817237) (35.9108138667178,721.622821104534) (36.91081386671782,721.622821104534) (36.91081386671782,747.6182248273442) (37.91081386671785,747.6182248273442) (37.91081386671785,773.6136285501544) (38.91081386671787,773.6136285501544) (38.91081386671787,799.6090322729647) (39.91081386671789,799.6090322729647) (39.91081386671789,825.6044359957749) (40.91081386671791,825.6044359957749) (40.91081386671791,851.5998397185851) (41.91081386671793,851.5998397185851) (41.91081386671793,877.5952434413954) (42.91081386671795,877.5952434413954) (42.91081386671795,903.5906471642056) (43.91081386671797,903.5906471642056) (43.91081386671797,929.5860508870159) (44.91081386671799,929.5860508870159) (44.91081386671799,955.5814546098261) (45.91081386671797,955.5814546098261) (45.91081386671797,981.5768583326363) (46.91081386671798,981.5768583326363) (46.91081386671798,1007.572262055447) (47.91081386671798,1007.572262055447) (47.91081386671798,1033.567665778257) (48.91081386671798,1033.567665778257) (48.91081386671798,1059.563069501067) (49.91081386671798,1059.563069501067) (49.91081386671798,1085.558473223878) (50.91081386671797,1085.558473223878) (50.91081386671797,1111.553876946688) (51.91081386671797,1111.553876946688) (51.91081386671797,1137.549280669498) (52.91081386671796,1137.549280669498) (52.91081386671796,1163.544684392309) (53.91081386671795,1163.544684392309) (53.91081386671795,1189.540088115119) (54.91081386671794,1189.540088115119) (54.91081386671794,1215.535491837929) (55.91081386671794,1215.535491837929) (55.91081386671794,1241.53089556074) (56.91081386671793,1241.53089556074) (56.91081386671793,1267.52629928355) (57.91081386671792,1267.52629928355) (57.91081386671792,1293.52170300636) (58.91081386671792,1293.52170300636) (58.91081386671792,1319.517106729171) (59.91081386671791,1319.517106729171) (59.91081386671791,1345.512510451981) (60.9108138667179,1345.512510451981) (60.9108138667179,1371.507914174791) (61.91081386671789,1371.507914174791) (61.91081386671789,1397.503317897602) (62.91081386671789,1397.503317897602) (62.91081386671789,1423.498721620412) (63.91081386671788,1423.498721620412) (63.91081386671788,1452) (64.91081386671794,1452) (64.91081386671794,1478) (65.91081386671802,1478) (65.91081386671802,1504) (66.91081386671809,1504) (66.91081386671809,1530) (67.91081386671816,1530) (67.91081386671816,1556) (68.91081386671823,1556) (68.91081386671823,1582) (69.9108138667183,1582) (69.9108138667183,1608) (70.91081386671837,1608) (70.91081386671837,1634) (71.91081386671844,1634) (71.91081386671844,1660) (72.91081386671851,1660) (72.91081386671851,1686) (73.91081386671858,1686) (73.91081386671858,1712) (74.91081386671866,1712) (74.91081386671866,1738) (75.91081386671873,1738) (75.91081386671873,1764) (76.9108138667188,1764) (76.9108138667188,1790) (77.91081386671887,1790) (77.91081386671887,1816) (78.91081386671894,1816) (78.91081386671894,1842) (79.91081386671901,1842) (79.91081386671901,1868) (80.91081386671908,1868) (80.91081386671908,1894) (81.91081386671915,1894) (81.91081386671915,1920) (82.91081386671922,1920) (82.91081386671922,1946) (83.91081386671929,1946) (83.91081386671929,1972) (84.91081386671937,1972) (84.91081386671937,1998) (85.91081386671944,1998) (85.91081386671944,2024) (86.91081386671951,2024) (86.91081386671951,2050) (87.91081386671958,2050) (87.91081386671958,2076) (88.91081386671965,2076) (88.91081386671965,2102) (89.91081386671972,2102) (89.91081386671972,2128) (90.91081386671979,2128) (90.91081386671979,2154) (91.91081386671986,2154) (91.91081386671986,2180) (92.91081386671993,2180) (92.91081386671993,2206) (93.91081386672001,2206) (93.91081386672001,2232) (94.91081386672008,2232) (94.91081386672008,2258) (95.91081386672015,2258) (95.91081386672015,2284) (96.91081386672022,2284) (96.91081386672022,2310) (97.91081386672029,2310) (97.91081386672029,2336) (98.91081386672036,2336) (98.91081386672036,2362) (99.91081386672043,2362) (99.91081386672043,2388) (100.9108138667205,2388) (100.9108138667205,2414) (101.9108138667206,2414) (101.9108138667206,2440) (102.9108138667206,2440) (102.9108138667206,2466) (103.9108138667207,2466) (103.9108138667207,2492) (104.9108138667208,2492) (104.9108138667208,2518) (105.9108138667209,2518) (105.9108138667209,2544) (106.9108138667209,2544) (106.9108138667209,2570) (107.910813866721,2570) (107.910813866721,2596) (108.9108138667211,2596) (108.9108138667211,2622) (109.9108138667211,2622) (109.9108138667211,2648) (110.9108138667212,2648) (110.9108138667212,2674) (111.9108138667213,2674) (111.9108138667213,2700) (112.9108138667214,2700) (112.9108138667214,2726) (113.9108138667214,2726) (113.9108138667214,2752) (114.9108138667215,2752) (114.9108138667215,2778) (115.9108138667216,2778) (115.9108138667216,2804) (116.9108138667216,2804) (116.9108138667216,2830) (117.9108138667217,2830) (117.9108138667217,2856) (118.9108138667218,2856) (118.9108138667218,2882) (119.9108138667219,2882) (119.9108138667219,2908) (120.9108138667219,2908) (120.9108138667219,2934) (121.910813866722,2934) (121.910813866722,2960) (122.9108138667221,2960) (122.9108138667221,2986) (123.9108138667221,2986) (123.9108138667221,3012) (124.9108138667222,3012) (124.9108138667222,3038) (125.9108138667223,3038) (125.9108138667223,3062.5) (126.9108138667223,3062.5) (126.9108138667223,3088.5) (127.9108138667224,3088.5) (127.9108138667224,3114.5) (128.9108138667225,3114.5) (128.9108138667225,3140.5) (129.9108138667225,3140.5) (129.9108138667225,3166.5) (130.9108138667226,3166.5) (130.9108138667226,3192.5) (131.9108138667226,3192.5) (131.9108138667226,3218.5) (132.9108138667227,3218.5) (132.9108138667227,3244.5) (133.9108138667227,3244.5) (133.9108138667227,3270.5) (134.9108138667228,3270.5) (134.9108138667228,3296.5) (135.9108138667229,3296.5) (135.9108138667229,3322.5) (136.9108138667229,3322.5) (136.9108138667229,3348.5) (137.910813866723,3348.5) (137.910813866723,3374.5) (138.910813866723,3374.5) (138.910813866723,3400.5) (139.9108138667231,3400.5) (139.9108138667231,3426.5) (140.9108138667231,3426.5) (140.9108138667231,3452.5) (141.9108138667232,3452.5) (141.9108138667232,3478.5) (142.9108138667233,3478.5) (142.9108138667233,3504.5) (143.9108138667233,3504.5) (143.9108138667233,3530.5) (144.9108138667234,3530.5) (144.9108138667234,3556.5) (145.9108138667234,3556.5) (145.9108138667234,3582.5) (146.9108138667235,3582.5) (146.9108138667235,3608.5) (147.9108138667235,3608.5) (147.9108138667235,3634.5) (148.9108138667236,3634.5) (148.9108138667236,3660.5) (149.9108138667237,3660.5) (149.9108138667237,3686.5) (150.9108138667237,3686.5) (150.9108138667237,3712.5) (151.9108138667238,3712.5) (151.9108138667238,3738.5) (152.9108138667238,3738.5) (152.9108138667238,3764.5) (153.9108138667239,3764.5) (153.9108138667239,3790.5) (154.9108138667239,3790.5) (154.9108138667239,3816.5) (155.910813866724,3816.5) (155.910813866724,3842.5) (156.9108138667241,3842.5) (156.9108138667241,3868.5) (157.9108138667241,3868.5) (157.9108138667241,3894.5) (158.9108138667242,3894.5) (158.9108138667242,3920.5) (159.9108138667242,3920.5) (159.9108138667242,3946.5) (160.9108138667243,3946.5) (160.9108138667243,3972.5) (161.9108138667243,3972.5) (161.9108138667243,3998.5) (162.9108138667244,3998.5) (162.9108138667244,4024.5) (163.9108138667245,4024.5) (163.9108138667245,4050.5) (164.9108138667245,4050.5) (164.9108138667245,4076.5) (165.9108138667246,4076.5) (165.9108138667246,4102.5) (166.9108138667246,4102.5) (166.9108138667246,4128.5) (167.9108138667247,4128.5) (167.9108138667247,4154.5) (168.9108138667247,4154.5) (168.9108138667247,4180.5) (169.9108138667248,4180.5) (169.9108138667248,4206.5) (170.9108138667249,4206.5) (170.9108138667249,4232.5) (171.9108138667249,4232.5) (171.9108138667249,4258.5) (172.910813866725,4258.5) (172.910813866725,4284.5) (173.910813866725,4284.5) (173.910813866725,4310.5) (174.9108138667251,4310.5) (174.9108138667251,4336.5) (175.9108138667251,4336.5) (175.9108138667251,4362.5) (176.9108138667252,4362.5) (176.9108138667252,4388.5) (177.9108138667252,4388.5) (177.9108138667252,4417) (180.5098653484669,4417) (180.5098653484669,4416.265463717128) (181.509865348467,4416.265463717128) (181.509865348467,4415.530927434256) (182.509865348467,4415.530927434256) (182.509865348467,4414.796391151384) (183.5098653484671,4414.796391151384) (183.5098653484671,4414.061854868512) (184.5098653484671,4414.061854868512) (184.5098653484671,4413.327318585641) (185.5098653484672,4413.327318585641) (185.5098653484672,4412.592782302769) (186.5098653484673,4412.592782302769) (186.5098653484673,4411.858246019897) (187.5098653484673,4411.858246019897) (187.5098653484673,4411.123709737025) (188.5098653484674,4411.123709737025) (188.5098653484674,4410.389173454153) (189.5098653484674,4410.389173454153) (189.5098653484674,4409.654637171281) (190.5098653484675,4409.654637171281) (190.5098653484675,4408.920100888409) (191.5098653484675,4408.920100888409) (191.5098653484675,4408.185564605537) (192.5098653484676,4408.185564605537) (192.5098653484676,4407.451028322665) (193.5098653484677,4407.451028322665) (193.5098653484677,4406.716492039794) (194.5098653484677,4406.716492039794) (194.5098653484677,4405.981955756922) (195.5098653484678,4405.981955756922) (195.5098653484678,4405.24741947405) (196.5098653484678,4405.24741947405) (196.5098653484678,4404.512883191178) (197.5098653484679,4404.512883191178) (197.5098653484679,4403.778346908306) (198.5098653484679,4403.778346908306) (198.5098653484679,4403.043810625434) (199.509865348468,4403.043810625434) (199.509865348468,4402.309274342562) (200.5098653484681,4402.309274342562) (200.5098653484681,4401.57473805969) (201.5098653484681,4401.57473805969) (201.5098653484681,4400.840201776819) (700,4400.840201776819)
robPositionY[0]:
[0]: (0,0) (0,163.5) (2,163.5) (2,188.9679078844919) (12.89201040423449,188.9679078844919) (12.89201040423449,188.479046668909) (13.91081386671773,188.479046668909) (13.91081386671773,187.9901854533261) (14.91081386671773,187.9901854533261) (14.91081386671773,187.5013242377432) (15.91081386671773,187.5013242377432) (15.91081386671773,187.0124630221603) (16.91081386671774,187.0124630221603) (16.91081386671774,186.5236018065774) (17.91081386671774,186.5236018065774) (17.91081386671774,186.0347405909945) (18.91081386671774,186.0347405909945) (18.91081386671774,185.5458793754117) (19.91081386671774,185.5458793754117) (19.91081386671774,185.0570181598288) (20.91081386671774,185.0570181598288) (20.91081386671774,184.5681569442459) (21.91081386671774,184.5681569442459) (21.91081386671774,184.079295728663) (22.91081386671774,184.079295728663) (22.91081386671774,183.5904345130801) (23.91081386671774,183.5904345130801) (23.91081386671774,183.1015732974972) (24.91081386671774,183.1015732974972) (24.91081386671774,182.6127120819143) (25.91081386671774,182.6127120819143) (25.91081386671774,182.1238508663315) (26.91081386671774,182.1238508663315) (26.91081386671774,181.6349896507486) (27.91081386671774,181.6349896507486) (27.91081386671774,181.1461284351657) (28.91081386671774,181.1461284351657) (28.91081386671774,180.6572672195828) (29.91081386671773,180.6572672195828) (29.91081386671773,180.1684060039999) (30.91081386671772,180.1684060039999) (30.91081386671772,179.679544788417) (31.91081386671772,179.679544788417) (31.91081386671772,179.1906835728341) (32.91081386671774,179.1906835728341) (32.91081386671774,178.7018223572512) (33.91081386671776,178.7018223572512) (33.91081386671776,178.2129611416684) (34.91081386671778,178.2129611416684) (34.91081386671778,177.7240999260855) (35.9108138667178,177.7240999260855) (35.9108138667178,177.2352387105026) (36.91081386671782,177.2352387105026) (36.91081386671782,176.7463774949197) (37.91081386671785,176.7463774949197) (37.91081386671785,176.2575162793368) (38.91081386671787,176.2575162793368) (38.91081386671787,175.7686550637539) (39.91081386671789,175.7686550637539) (39.91081386671789,175.279793848171) (40.91081386671791,175.279793848171) (40.91081386671791,174.7909326325882) (41.91081386671793,174.7909326325882) (41.91081386671793,174.3020714170053) (42.91081386671795,174.3020714170053) (42.91081386671795,173.8132102014224) (43.91081386671797,173.8132102014224) (43.91081386671797,173.3243489858395) (44.91081386671799,173.3243489858395) (44.91081386671799,172.8354877702566) (45.91081386671797,172.8354877702566) (45.91081386671797,172.3466265546737) (46.91081386671798,172.3466265546737) (46.91081386671798,171.8577653390908) (47.91081386671798,171.8577653390908) (47.91081386671798,171.3689041235079) (48.91081386671798,171.3689041235079) (48.91081386671798,170.8800429079251) (49.91081386671798,170.8800429079251) (49.91081386671798,170.3911816923422) (50.91081386671797,170.3911816923422) (50.91081386671797,169.9023204767593) (51.91081386671797,169.9023204767593) (51.91081386671797,169.4134592611764) (52.91081386671796,169.4134592611764) (52.91081386671796,168.9245980455935) (53.91081386671795,168.9245980455935) (53.91081386671795,168.4357368300106) (54.91081386671794,168.4357368300106) (54.91081386671794,167.9468756144277) (55.91081386671794,167.9468756144277) (55.91081386671794,167.4580143988449) (56.91081386671793,167.4580143988449) (56.91081386671793,166.969153183262) (57.91081386671792,166.969153183262) (57.91081386671792,166.4802919676791) (58.91081386671792,166.4802919676791) (58.91081386671792,165.9914307520962) (59.91081386671791,165.9914307520962) (59.91081386671791,165.5025695365133) (60.9108138667179,165.5025695365133) (60.9108138667179,165.0137083209304) (61.91081386671789,165.0137083209304) (61.91081386671789,164.5248471053475) (62.91081386671789,164.5248471053475) (62.91081386671789,164.0359858897646) (63.91081386671788,164.0359858897646) (63.91081386671788,163.5) (180.5098653484669,163.5) (180.5098653484669,189.4896220913107) (181.509865348467,189.4896220913107) (181.509865348467,215.4792441826214) (182.509865348467,215.4792441826214) (182.509865348467,241.4688662739321) (183.5098653484671,241.4688662739321) (183.5098653484671,267.4584883652428) (184.5098653484671,267.4584883652428) (184.5098653484671,293.4481104565535) (185.5098653484672,293.4481104565535) (185.5098653484672,319.4377325478642) (186.5098653484673,319.4377325478642) (186.5098653484673,345.427354639175) (187.5098653484673,345.427354639175) (187.5098653484673,371.4169767304857) (188.5098653484674,371.4169767304857) (188.5098653484674,397.4065988217964) (189.5098653484674,397.4065988217964) (189.5098653484674,423.3962209131071) (190.5098653484675,423.3962209131071) (190.5098653484675,449.3858430044178) (191.5098653484675,449.3858430044178) (191.5098653484675,475.3754650957285) (192.5098653484676,475.3754650957285) (192.5098653484676,501.3650871870392) (193.5098653484677,501.3650871870392) (193.5098653484677,527.3547092783499) (194.5098653484677,527.3547092783499) (194.5098653484677,553.3443313696606) (195.5098653484678,553.3443313696606) (195.5098653484678,579.3339534609713) (196.5098653484678,579.3339534609713) (196.5098653484678,605.323575552282) (197.5098653484679,605.323575552282) (197.5098653484679,631.3131976435927) (198.5098653484679,631.3131976435927) (198.5098653484679,657.3028197349034) (199.509865348468,657.3028197349034) (199.509865348468,683.2924418262141) (200.5098653484681,683.2924418262141) (200.5098653484681,709.2820639175249) (201.5098653484681,709.2820639175249) (201.5098653484681,735.2716860088356) (700,735.2716860088356)
batteryCharge[0]:
[0]: (0,100) (700,100)
user_guided_transport.end:
[0]: (0,0) (203.5098653484672,0) (203.5098653484672,1) (700,1)
[2K
Verifying formula 5 at /nta/queries/query[5]/formula
 -- Formula: simulate[<=700]{robot_inventory[0][0], user_guided_transport.end*2}
[2K -- Formula is satisfied.
robot_inventory[0][0]:
[0]: (0,0) (10.66778026061372,0) (10.66778026061372,1) (700,1)
user_guided_transport.end * 2:
[0]: (0,0) (203.2856352048405,0) (203.2856352048405,2) (700,2)
[2K
Verifying formula 6 at /nta/queries/query[6]/formula
 -- Formula: simulate[<=700]{bedroom[0], bedroom[1], kitchen[0], kitchen[1]}
[2K -- Formula is satisfied.
bedroom[0]:
[0]: (0,100) (700,100)
bedroom[1]:
[0]: (0,200) (700,200)
kitchen[0]:
[0]: (0,4400) (700,4400)
kitchen[1]:
[0]: (0,765) (700,765)
[2K
Verifying formula 7 at /nta/queries/query[7]/formula
 -- Formula: simulate[<=700]{rm_1.idle, rf_1.idle, rp_1.idle, rd_1.idle}
[2K -- Formula is satisfied.
rm_1.idle:
[0]: (0,0) (0,1) (0,0) (3,0) (3,1) (9.233594942438117,1) (9.233594942438117,0) (200.8514498866708,0) (200.8514498866708,1) (700,1)
rf_1.idle:
[0]: (0,0) (0,1) (700,1)
rp_1.idle:
[0]: (0,0) (0,1) (2,1) (2,0) (9.233594942438117,0) (9.233594942438117,1) (700,1)
rd_1.idle:
[0]: (0,0) (0,1) (700,1)
[2K
Verifying formula 8 at /nta/queries/query[8]/formula
 -- Formula: Pr[<=700](<>!rm_1.idle || !rf_1.idle || !rp_1.idle || !rd_1.idle)
[2K -- Formula is satisfied.
(72/72 runs) Pr(<> …) in [0.950056,1] (95% CI)
Values in [0,0] mean=0 steps=2.22045e-16: 72
[2K
Verifying formula 9 at /nta/queries/query[9]/formula
 -- Formula: Pr[<=700]([] (user_guided_transport.end imply (rm_1.idle && rf_1.idle && rp_1.idle && rd_1.idle)))
 -- Throughput: 676478 runs/sec, Load: 325 runs[K
[2K -- Formula is satisfied.
(72/72 runs) Pr([] …) in [0.950056,1] (95% CI)
[2K
Verifying formula 10 at /nta/queries/query[10]/formula
 -- Formula: Pr[<=700] (<> pow(robPositionX[0] - kitchen[0], 2) + pow(robPositionY[0] - kitchen[1], 2) <= 900 )
[2K -- Formula is satisfied.
(72/72 runs) Pr(<> …) in [0.950056,1] (95% CI)
Values in [197.629,202.61] mean=199.962 steps=0.553475: 9 7 14 10 3 6 6 11 6
[2K
Verifying formula 11 at /nta/queries/query[11]/formula
 -- Formula: Pr[<=700] (<> pow(robPositionX[0] - bedroom[0], 2) + pow(robPositionY[0] - bedroom[1], 2) <= 900 )
[2K -- Formula is satisfied.
(72/72 runs) Pr(<> …) in [0.950056,1] (95% CI)
Values in [2,2] mean=2 steps=2.22045e-16: 72
[2K
Verifying formula 12 at /nta/queries/query[12]/formula
 -- Formula: Pr[<=700] (<> pow(humanPositionX[0] - kitchen[0], 2) + pow(humanPositionY[0] - kitchen[1], 2) <= 900 )
[2K -- Formula is satisfied.
(72/72 runs) Pr(<> …) in [0.950056,1] (95% CI)
Values in [192.478,196.989] mean=194.584 steps=0.501277: 11 6 9 11 6 8 7 7 7
[2K
Verifying formula 13 at /nta/queries/query[13]/formula
 -- Formula: Pr[<=700] (<> pow(humanPositionX[0] - bedroom[0], 2) + pow(humanPositionY[0] - bedroom[1], 2) <= 900 )
[2K -- Formula is satisfied.
(72/72 runs) Pr(<> …) in [0.950056,1] (95% CI)
Values in [1,1] mean=1 steps=2.22045e-16: 72
[2K
Verifying formula 14 at /nta/queries/query[14]/formula
 -- Formula: Pr[<=700] (<> !isValidPosition(humanPositionX[0], humanPositionY[0]))
[2K -- Formula is satisfied.
(72/72 runs) Pr(<> …) in [0.950056,1] (95% CI)
Values in [0,0] mean=0 steps=2.22045e-16: 72
[2K
Verifying formula 15 at /nta/queries/query[15]/formula
 -- Formula: Pr[<=700] (<> !isValidPosition(robPositionX[0], robPositionY[0]))
[2K -- Formula is satisfied.
(72/72 runs) Pr(<> …) in [0.950056,1] (95% CI)
Values in [0,0] mean=0 steps=2.22045e-16: 72
[2K
Verifying formula 16 at /nta/queries/query[16]/formula
 -- Formula: Pr[<=700] (<> currP > 2)
 -- Throughput: 674198 runs/sec, Load: 325 runs[K
[2K -- Formula is satisfied.
(0/72 runs) Pr(<> …) in [0,0.0499441] (95% CI)
