Options for the verification:
  Generating no trace
  Search order is breadth first
  Using conservative space optimisation
  Seed is 1783326885
  State space representation uses minimal constraint systems with future testing
  Using HashMap + Compress integers for discrete state storage
[2K
Verifying formula 1 at /nta/queries/query[1]/formula
 -- Formula: simulate[<=700]{user_guided_transport_human1_def.s1_start, user_guided_transport_human1_def.s1_end, user_guided_transport_human1_def.s2_start, user_guided_transport_human1_def.s2_idle, user_guided_transport_human1_def.s3_start, user_guided_transport_human1_def.s3_end, user_guided_transport.end}
[2K -- Formula is satisfied.
user_guided_transport_human1_def.s1_start:
[0]: (0,0) (0,1) (0,0) (700,0)
user_guided_transport_human1_def.s1_end:
[0]: (0,0) (1,0) (1,1) (2,1) (2,0) (700,0)
user_guided_transport_human1_def.s2_start:
[0]: (0,0) (2,0) (2,1) (2,0) (700,0)
user_guided_transport_human1_def.s2_idle:
[0]: (0,0) (2,0) (2,1) (7.465413698636566,1) (7.465413698636566,0) (700,0)
user_guided_transport_human1_def.s3_start:
[0]: (0,0) (7.465413698636566,0) (7.465413698636566,1) (7.465413698636566,0) (12.46541369863655,0) (12.46541369863655,1) (12.46541369863655,0) (17.46541369863655,0) (17.46541369863655,1) (17.46541369863655,0) (22.46541369863655,0) (22.46541369863655,1) (22.46541369863655,0) (27.46541369863655,0) (27.46541369863655,1) (27.46541369863655,0) (32.46541369863653,0) (32.46541369863653,1) (32.46541369863653,0) (37.46541369863635,0) (37.46541369863635,1) (37.46541369863635,0) (42.4654136986362,0) (42.4654136986362,1) (42.4654136986362,0) (47.46541369863622,0) (47.46541369863622,1) (47.46541369863622,0) (52.46541369863636,0) (52.46541369863636,1) (52.46541369863636,0) (57.4654136986365,0) (57.4654136986365,1) (57.4654136986365,0) (62.46541369863666,0) (62.46541369863666,1) (62.46541369863666,0) (67.46541369863681,0) (67.46541369863681,1) (67.46541369863681,0) (72.46541369863697,0) (72.46541369863697,1) (72.46541369863697,0) (77.46541369863674,0) (77.46541369863674,1) (77.46541369863674,0) (82.46541369863644,0) (82.46541369863644,1) (82.46541369863644,0) (87.46541369863616,0) (87.46541369863616,1) (87.46541369863616,0) (92.46541369863587,0) (92.46541369863587,1) (92.46541369863587,0) (97.46541369863557,0) (97.46541369863557,1) (97.46541369863557,0) (102.4654136986353,0) (102.4654136986353,1) (102.4654136986353,0) (107.465413698635,0) (107.465413698635,1) (107.465413698635,0) (112.4654136986347,0) (112.4654136986347,1) (112.4654136986347,0) (117.4654136986344,0) (117.4654136986344,1) (117.4654136986344,0) (122.4654136986342,0) (122.4654136986342,1) (122.4654136986342,0) (127.4654136986339,0) (127.4654136986339,1) (127.4654136986339,0) (132.4654136986342,0) (132.4654136986342,1) (132.4654136986342,0) (137.4654136986346,0) (137.4654136986346,1) (137.4654136986346,0) (142.4654136986351,0) (142.4654136986351,1) (142.4654136986351,0) (147.4654136986355,0) (147.4654136986355,1) (147.4654136986355,0) (152.4654136986359,0) (152.4654136986359,1) (152.4654136986359,0) (157.4654136986364,0) (157.4654136986364,1) (157.4654136986364,0) (162.4654136986368,0) (162.4654136986368,1) (162.4654136986368,0) (167.4654136986372,0) (167.4654136986372,1) (167.4654136986372,0) (172.4654136986376,0) (172.4654136986376,1) (172.4654136986376,0) (177.465413698638,0) (177.465413698638,1) (177.465413698638,0) (182.4654136986384,0) (182.4654136986384,1) (182.4654136986384,0) (187.4654136986388,0) (187.4654136986388,1) (187.4654136986388,0) (700,0)
user_guided_transport_human1_def.s3_end:
[0]: (0,0) (192.4654136986392,0) (192.4654136986392,1) (228.6742803773775,1) (228.6742803773775,0) (700,0)
user_guided_transport.end:
[0]: (0,0) (230.6742803773766,0) (230.6742803773766,1) (700,1)
[2K
Verifying formula 2 at /nta/queries/query[2]/formula
 -- Formula: simulate[<=700]{user_guided_transport_robot1_def.s1_start, user_guided_transport_robot1_def.s1_end, user_guided_transport_robot1_def.s2_start, user_guided_transport_robot1_def.s2_end, user_guided_transport_robot1_def.s3_start, user_guided_transport_robot1_def.s3_end, user_guided_transport.end}
[2K -- Formula is satisfied.
user_guided_transport_robot1_def.s1_start:
[0]: (0,0) (0,1) (0,0) (700,0)
user_guided_transport_robot1_def.s1_end:
[0]: (0,0) (2,0) (2,1) (2,0) (700,0)
user_guided_transport_robot1_def.s2_start:
[0]: (0,0) (2,0) (2,1) (2,0) (700,0)
user_guided_transport_robot1_def.s2_end:
[0]: (0,0) (11.55796320790608,0) (11.55796320790608,1) (11.55796320790608,0) (700,0)
user_guided_transport_robot1_def.s3_start:
[0]: (0,0) (11.55796320790608,0) (11.55796320790608,1) (11.55796320790608,0) (700,0)
user_guided_transport_robot1_def.s3_end:
[0]: (0,0) (232.7856333491306,0) (232.7856333491306,1) (232.7856333491306,0) (700,0)
user_guided_transport.end:
[0]: (0,0) (234.7856333491297,0) (234.7856333491297,1) (700,1)
[2K
Verifying formula 3 at /nta/queries/query[3]/formula
 -- Formula: Pr[<=700] (<> user_guided_transport.end)
[2K -- Formula is satisfied.
(72/72 runs) Pr(<> …) in [0.950056,1] (95% CI)
Values in [230.29,235.155] mean=232.837 steps=0.540552: 5 8 9 8 7 11 4 10 10
[2K
Verifying formula 4 at /nta/queries/query[4]/formula
 -- Formula: simulate[<=700]{humanPositionX[0], humanPositionY[0], robPositionX[0], robPositionY[0], batteryCharge[0], user_guided_transport.end}
[2K -- Formula is satisfied.
humanPositionX[0]:
[0]: (0,0) (0,92.5) (1,92.5) (1,97.73313175708738) (12.86591456871652,97.73313175708738) (12.86591456871652,123.7285354798977) (13.86591456871652,123.7285354798977) (13.86591456871652,149.723939202708) (14.86591456871652,149.723939202708) (14.86591456871652,175.7193429255182) (15.86591456871652,175.7193429255182) (15.86591456871652,201.7147466483285) (16.86591456871652,201.7147466483285) (16.86591456871652,227.7101503711388) (17.86591456871653,227.7101503711388) (17.86591456871653,253.7055540939491) (18.86591456871653,253.7055540939491) (18.86591456871653,279.7009578167594) (19.86591456871653,279.7009578167594) (19.86591456871653,305.6963615395697) (20.86591456871653,305.6963615395697) (20.86591456871653,331.69176526238) (21.86591456871652,331.69176526238) (21.86591456871652,357.6871689851903) (22.86591456871651,357.6871689851903) (22.86591456871651,383.6825727080006) (23.86591456871649,383.6825727080006) (23.86591456871649,409.6779764308109) (24.86591456871648,409.6779764308109) (24.86591456871648,435.6733801536212) (25.86591456871647,435.6733801536212) (25.86591456871647,461.6687838764315) (26.86591456871646,461.6687838764315) (26.86591456871646,487.6641875992418) (27.86591456871645,487.6641875992418) (27.86591456871645,513.6595913220521) (28.86591456871644,513.6595913220521) (28.86591456871644,539.6549950448623) (29.86591456871643,539.6549950448623) (29.86591456871643,565.6503987676725) (30.86591456871642,565.6503987676725) (30.86591456871642,591.6458024904828) (31.86591456871641,591.6458024904828) (31.86591456871641,617.641206213293) (32.86591456871644,617.641206213293) (32.86591456871644,643.6366099361032) (33.86591456871648,643.6366099361032) (33.86591456871648,669.6320136589135) (34.86591456871651,669.6320136589135) (34.86591456871651,695.6274173817237) (35.86591456871655,695.6274173817237) (35.86591456871655,721.622821104534) (36.86591456871658,721.622821104534) (36.86591456871658,747.6182248273442) (37.86591456871662,747.6182248273442) (37.86591456871662,773.6136285501544) (38.86591456871665,773.6136285501544) (38.86591456871665,799.6090322729647) (39.86591456871669,799.6090322729647) (39.86591456871669,825.6044359957749) (40.86591456871673,825.6044359957749) (40.86591456871673,851.5998397185851) (41.86591456871676,851.5998397185851) (41.86591456871676,877.5952434413954) (42.8659145687168,877.5952434413954) (42.8659145687168,903.5906471642056) (43.86591456871683,903.5906471642056) (43.86591456871683,929.5860508870159) (44.86591456871687,929.5860508870159) (44.86591456871687,955.5814546098261) (45.8659145687169,955.5814546098261) (45.8659145687169,981.5768583326363) (46.86591456871694,981.5768583326363) (46.86591456871694,1007.572262055447) (47.86591456871697,1007.572262055447) (47.86591456871697,1033.567665778257) (48.865914568717,1033.567665778257) (48.865914568717,1059.563069501067) (49.86591456871702,1059.563069501067) (49.86591456871702,1085.558473223878) (50.86591456871704,1085.558473223878) (50.86591456871704,1111.553876946688) (51.86591456871706,1111.553876946688) (51.86591456871706,1137.549280669498) (52.86591456871708,1137.549280669498) (52.86591456871708,1163.544684392309) (53.8659145687171,1163.544684392309) (53.8659145687171,1189.540088115119) (54.86591456871712,1189.540088115119) (54.86591456871712,1215.535491837929) (55.86591456871714,1215.535491837929) (55.86591456871714,1241.53089556074) (56.86591456871716,1241.53089556074) (56.86591456871716,1267.52629928355) (57.86591456871717,1267.52629928355) (57.86591456871717,1293.52170300636) (58.86591456871719,1293.52170300636) (58.86591456871719,1319.517106729171) (59.8659145687172,1319.517106729171) (59.8659145687172,1345.512510451981) (60.86591456871722,1345.512510451981) (60.86591456871722,1371.507914174791) (61.86591456871723,1371.507914174791) (61.86591456871723,1397.503317897602) (62.86591456871725,1397.503317897602) (62.86591456871725,1423.498721620412) (63.86591456871727,1423.498721620412) (63.86591456871727,1478) (64.86591456871729,1478) (64.86591456871729,1504) (65.8659145687173,1504) (65.8659145687173,1530) (66.86591456871732,1530) (66.86591456871732,1556) (67.86591456871734,1556) (67.86591456871734,1582) (68.86591456871736,1582) (68.86591456871736,1608) (69.86591456871739,1608) (69.86591456871739,1634) (70.86591456871741,1634) (70.86591456871741,1660) (71.86591456871743,1660) (71.86591456871743,1686) (72.86591456871744,1686) (72.86591456871744,1712) (73.86591456871746,1712) (73.86591456871746,1738) (74.86591456871747,1738) (74.86591456871747,1764) (75.86591456871749,1764) (75.86591456871749,1790) (76.86591456871746,1790) (76.86591456871746,1816) (77.86591456871743,1816) (77.86591456871743,1842) (78.86591456871737,1842) (78.86591456871737,1868) (79.86591456871732,1868) (79.86591456871732,1894) (80.86591456871727,1894) (80.86591456871727,1920) (81.86591456871722,1920) (81.86591456871722,1946) (82.86591456871716,1946) (82.86591456871716,1972) (83.8659145687171,1972) (83.8659145687171,1998) (84.86591456871705,1998) (84.86591456871705,2024) (85.86591456871699,2024) (85.86591456871699,2050) (86.86591456871692,2050) (86.86591456871692,2076) (87.86591456871685,2076) (87.86591456871685,2102) (88.86591456871679,2102) (88.86591456871679,2128) (89.86591456871675,2128) (89.86591456871675,2154) (90.86591456871668,2154) (90.86591456871668,2180) (91.86591456871663,2180) (91.86591456871663,2206) (92.86591456871658,2206) (92.86591456871658,2232) (93.86591456871652,2232) (93.86591456871652,2258) (94.86591456871646,2258) (94.86591456871646,2284) (95.86591456871639,2284) (95.86591456871639,2310) (96.86591456871633,2310) (96.86591456871633,2336) (97.86591456871628,2336) (97.86591456871628,2362) (98.86591456871621,2362) (98.86591456871621,2388) (99.86591456871614,2388) (99.86591456871614,2414) (100.8659145687161,2414) (100.8659145687161,2440) (101.865914568716,2440) (101.865914568716,2466) (102.8659145687159,2466) (102.8659145687159,2492) (103.8659145687159,2492) (103.8659145687159,2518) (104.8659145687158,2518) (104.8659145687158,2544) (105.8659145687157,2544) (105.8659145687157,2570) (106.8659145687156,2570) (106.8659145687156,2596) (107.8659145687156,2596) (107.8659145687156,2622) (108.8659145687155,2622) (108.8659145687155,2648) (109.8659145687154,2648) (109.8659145687154,2674) (110.8659145687154,2674) (110.8659145687154,2700) (111.8659145687153,2700) (111.8659145687153,2726) (112.8659145687152,2726) (112.8659145687152,2752) (113.8659145687151,2752) (113.8659145687151,2778) (114.8659145687151,2778) (114.8659145687151,2804) (115.865914568715,2804) (115.865914568715,2830) (116.865914568715,2830) (116.865914568715,2856) (117.8659145687149,2856) (117.8659145687149,2882) (118.8659145687148,2882) (118.8659145687148,2908) (119.8659145687148,2908) (119.8659145687148,2934) (120.8659145687147,2934) (120.8659145687147,2960) (121.8659145687147,2960) (121.8659145687147,2986) (122.8659145687146,2986) (122.8659145687146,3012) (123.8659145687146,3012) (123.8659145687146,3038) (124.8659145687145,3038) (124.8659145687145,3088.5) (125.8659145687144,3088.5) (125.8659145687144,3114.5) (126.8659145687144,3114.5) (126.8659145687144,3140.5) (127.8659145687143,3140.5) (127.8659145687143,3166.5) (128.8659145687144,3166.5) (128.8659145687144,3192.5) (129.8659145687145,3192.5) (129.8659145687145,3218.5) (130.8659145687145,3218.5) (130.8659145687145,3244.5) (131.8659145687146,3244.5) (131.8659145687146,3270.5) (132.8659145687146,3270.5) (132.8659145687146,3296.5) (133.8659145687147,3296.5) (133.8659145687147,3322.5) (134.8659145687147,3322.5) (134.8659145687147,3348.5) (135.8659145687148,3348.5) (135.8659145687148,3374.5) (136.8659145687149,3374.5) (136.8659145687149,3400.5) (137.8659145687149,3400.5) (137.8659145687149,3426.5) (138.865914568715,3426.5) (138.865914568715,3452.5) (139.865914568715,3452.5) (139.865914568715,3478.5) (140.8659145687151,3478.5) (140.8659145687151,3504.5) (141.8659145687151,3504.5) (141.8659145687151,3530.5) (142.8659145687152,3530.5) (142.8659145687152,3556.5) (143.8659145687153,3556.5) (143.8659145687153,3582.5) (144.8659145687153,3582.5) (144.8659145687153,3608.5) (145.8659145687154,3608.5) (145.8659145687154,3634.5) (146.8659145687154,3634.5) (146.8659145687154,3660.5) (147.8659145687155,3660.5) (147.8659145687155,3686.5) (148.8659145687155,3686.5) (148.8659145687155,3712.5) (149.8659145687156,3712.5) (149.8659145687156,3738.5) (150.8659145687157,3738.5) (150.8659145687157,3764.5) (151.8659145687157,3764.5) (151.8659145687157,3790.5) (152.8659145687158,3790.5) (152.8659145687158,3816.5) (153.8659145687158,3816.5) (153.8659145687158,3842.5) (154.8659145687159,3842.5) (154.8659145687159,3868.5) (155.8659145687159,3868.5) (155.8659145687159,3894.5) (156.865914568716,3894.5) (156.865914568716,3920.5) (157.8659145687161,3920.5) (157.8659145687161,3946.5) (158.8659145687161,3946.5) (158.8659145687161,3972.5) (159.8659145687162,3972.5) (159.8659145687162,3998.5) (160.8659145687162,3998.5) (160.8659145687162,4024.5) (161.8659145687163,4024.5) (161.8659145687163,4050.5) (162.8659145687163,4050.5) (162.8659145687163,4076.5) (163.8659145687164,4076.5) (163.8659145687164,4102.5) (164.8659145687164,4102.5) (164.8659145687164,4128.5) (165.8659145687165,4128.5) (165.8659145687165,4154.5) (166.8659145687166,4154.5) (166.8659145687166,4180.5) (167.8659145687166,4180.5) (167.8659145687166,4206.5) (168.8659145687167,4206.5) (168.8659145687167,4232.5) (169.8659145687167,4232.5) (169.8659145687167,4258.5) (170.8659145687168,4258.5) (170.8659145687168,4284.5) (171.8659145687168,4284.5) (171.8659145687168,4310.5) (172.8659145687169,4310.5) (172.8659145687169,4336.5) (173.865914568717,4336.5) (173.865914568717,4362.5) (174.865914568717,4362.5) (174.865914568717,4388.5) (175.8659145687171,4388.5) (175.8659145687171,4416.265463717128) (176.8659145687171,4416.265463717128) (176.8659145687171,4415.530927434256) (177.8659145687172,4415.530927434256) (177.8659145687172,4414.796391151384) (178.8659145687173,4414.796391151384) (178.8659145687173,4414.061854868512) (179.8659145687174,4414.061854868512) (179.8659145687174,4413.327318585641) (180.8659145687175,4413.327318585641) (180.8659145687175,4412.592782302769) (181.8659145687176,4412.592782302769) (181.8659145687176,4411.858246019897) (182.8659145687176,4411.858246019897) (182.8659145687176,4411.123709737025) (183.8659145687177,4411.123709737025) (183.8659145687177,4410.389173454153) (184.8659145687178,4410.389173454153) (184.8659145687178,4409.654637171281) (185.8659145687178,4409.654637171281) (185.8659145687178,4408.920100888409) (186.8659145687179,4408.920100888409) (186.8659145687179,4408.185564605537) (187.865914568718,4408.185564605537) (187.865914568718,4407.451028322665) (188.865914568718,4407.451028322665) (188.865914568718,4406.716492039794) (189.8659145687181,4406.716492039794) (189.8659145687181,4405.981955756922) (190.8659145687182,4405.981955756922) (190.8659145687182,4405.24741947405) (191.8659145687183,4405.24741947405) (191.8659145687183,4404.512883191178) (192.8659145687184,4404.512883191178) (192.8659145687184,4403.778346908306) (193.8659145687185,4403.778346908306) (193.8659145687185,4403.043810625434) (194.8659145687186,4403.043810625434) (194.8659145687186,4402.309274342562) (195.8659145687186,4402.309274342562) (195.8659145687186,4401.57473805969) (196.8659145687187,4401.57473805969) (196.8659145687187,4400.840201776819) (700,4400.840201776819)
humanPositionY[0]:
[0]: (0,0) (0,163.5) (1,163.5) (1,188.9679078844919) (12.86591456871652,188.9679078844919) (12.86591456871652,188.479046668909) (13.86591456871652,188.479046668909) (13.86591456871652,187.9901854533261) (14.86591456871652,187.9901854533261) (14.86591456871652,187.5013242377432) (15.86591456871652,187.5013242377432) (15.86591456871652,187.0124630221603) (16.86591456871652,187.0124630221603) (16.86591456871652,186.5236018065774) (17.86591456871653,186.5236018065774) (17.86591456871653,186.0347405909945) (18.86591456871653,186.0347405909945) (18.86591456871653,185.5458793754117) (19.86591456871653,185.5458793754117) (19.86591456871653,185.0570181598288) (20.86591456871653,185.0570181598288) (20.86591456871653,184.5681569442459) (21.86591456871652,184.5681569442459) (21.86591456871652,184.079295728663) (22.86591456871651,184.079295728663) (22.86591456871651,183.5904345130801) (23.86591456871649,183.5904345130801) (23.86591456871649,183.1015732974972) (24.86591456871648,183.1015732974972) (24.86591456871648,182.6127120819143) (25.86591456871647,182.6127120819143) (25.86591456871647,182.1238508663315) (26.86591456871646,182.1238508663315) (26.86591456871646,181.6349896507486) (27.86591456871645,181.6349896507486) (27.86591456871645,181.1461284351657) (28.86591456871644,181.1461284351657) (28.86591456871644,180.6572672195828) (29.86591456871643,180.6572672195828) (29.86591456871643,180.1684060039999) (30.86591456871642,180.1684060039999) (30.86591456871642,179.679544788417) (31.86591456871641,179.679544788417) (31.86591456871641,179.1906835728341) (32.86591456871644,179.1906835728341) (32.86591456871644,178.7018223572512) (33.86591456871648,178.7018223572512) (33.86591456871648,178.2129611416684) (34.86591456871651,178.2129611416684) (34.86591456871651,177.7240999260855) (35.86591456871655,177.7240999260855) (35.86591456871655,177.2352387105026) (36.86591456871658,177.2352387105026) (36.86591456871658,176.7463774949197) (37.86591456871662,176.7463774949197) (37.86591456871662,176.2575162793368) (38.86591456871665,176.2575162793368) (38.86591456871665,175.7686550637539) (39.86591456871669,175.7686550637539) (39.86591456871669,175.279793848171) (40.86591456871673,175.279793848171) (40.86591456871673,174.7909326325882) (41.86591456871676,174.7909326325882) (41.86591456871676,174.3020714170053) (42.8659145687168,174.3020714170053) (42.8659145687168,173.8132102014224) (43.86591456871683,173.8132102014224) (43.86591456871683,173.3243489858395) (44.86591456871687,173.3243489858395) (44.86591456871687,172.8354877702566) (45.8659145687169,172.8354877702566) (45.8659145687169,172.3466265546737) (46.86591456871694,172.3466265546737) (46.86591456871694,171.8577653390908) (47.86591456871697,171.8577653390908) (47.86591456871697,171.3689041235079) (48.865914568717,171.3689041235079) (48.865914568717,170.8800429079251) (49.86591456871702,170.8800429079251) (49.86591456871702,170.3911816923422) (50.86591456871704,170.3911816923422) (50.86591456871704,169.9023204767593) (51.86591456871706,169.9023204767593) (51.86591456871706,169.4134592611764) (52.86591456871708,169.4134592611764) (52.86591456871708,168.9245980455935) (53.8659145687171,168.9245980455935) (53.8659145687171,168.4357368300106) (54.86591456871712,168.4357368300106) (54.86591456871712,167.9468756144277) (55.86591456871714,167.9468756144277) (55.86591456871714,167.4580143988449) (56.86591456871716,167.4580143988449) (56.86591456871716,166.969153183262) (57.86591456871717,166.969153183262) (57.86591456871717,166.4802919676791) (58.86591456871719,166.4802919676791) (58.86591456871719,165.9914307520962) (59.8659145687172,165.9914307520962) (59.8659145687172,165.5025695365133) (60.86591456871722,165.5025695365133) (60.86591456871722,165.0137083209304) (61.86591456871723,165.0137083209304) (61.86591456871723,164.5248471053475) (62.86591456871725,164.5248471053475) (62.86591456871725,164.0359858897646) (63.86591456871727,164.0359858897646) (63.86591456871727,163.5) (175.8659145687171,163.5) (175.8659145687171,189.4896220913107) (176.8659145687171,189.4896220913107) (176.8659145687171,215.4792441826214) (177.8659145687172,215.4792441826214) (177.8659145687172,241.4688662739321) (178.8659145687173,241.4688662739321) (178.8659145687173,267.4584883652428) (179.8659145687174,267.4584883652428) (179.8659145687174,293.4481104565535) (180.8659145687175,293.4481104565535) (180.8659145687175,319.4377325478642) (181.8659145687176,319.4377325478642) (181.8659145687176,345.427354639175) (182.8659145687176,345.427354639175) (182.8659145687176,371.4169767304857) (183.8659145687177,371.4169767304857) (183.8659145687177,397.4065988217964) (184.8659145687178,397.4065988217964) (184.8659145687178,423.3962209131071) (185.8659145687178,423.3962209131071) (185.8659145687178,449.3858430044178) (186.8659145687179,449.3858430044178) (186.8659145687179,475.3754650957285) (187.865914568718,475.3754650957285) (187.865914568718,501.3650871870392) (188.865914568718,501.3650871870392) (188.865914568718,527.3547092783499) (189.8659145687181,527.3547092783499) (189.8659145687181,553.3443313696606) (190.8659145687182,553.3443313696606) (190.8659145687182,579.3339534609713) (191.8659145687183,579.3339534609713) (191.8659145687183,605.323575552282) (192.8659145687184,605.323575552282) (192.8659145687184,631.3131976435927) (193.8659145687185,631.3131976435927) (193.8659145687185,657.3028197349034) (194.8659145687186,657.3028197349034) (194.8659145687186,683.2924418262141) (195.8659145687186,683.2924418262141) (195.8659145687186,709.2820639175249) (196.8659145687187,709.2820639175249) (196.8659145687187,735.2716860088356) (700,735.2716860088356)
robPositionX[0]:
[0]: (0,0) (0,92.5) (2,92.5) (2,97.73313175708738) (14.86591456871652,97.73313175708738) (14.86591456871652,123.7285354798977) (15.88471803119976,123.7285354798977) (15.88471803119976,149.723939202708) (16.90352149368301,149.723939202708) (16.90352149368301,175.7193429255182) (17.90352149368301,175.7193429255182) (17.90352149368301,201.7147466483285) (18.90352149368301,201.7147466483285) (18.90352149368301,227.7101503711388) (19.90352149368301,227.7101503711388) (19.90352149368301,253.7055540939491) (20.90352149368301,253.7055540939491) (20.90352149368301,279.7009578167594) (21.903521493683,279.7009578167594) (21.903521493683,305.6963615395697) (22.90352149368299,305.6963615395697) (22.90352149368299,331.69176526238) (23.90352149368298,331.69176526238) (23.90352149368298,357.6871689851903) (24.90352149368297,357.6871689851903) (24.90352149368297,383.6825727080006) (25.90352149368296,383.6825727080006) (25.90352149368296,409.6779764308109) (26.90352149368294,409.6779764308109) (26.90352149368294,435.6733801536212) (27.90352149368293,435.6733801536212) (27.90352149368293,461.6687838764315) (28.90352149368292,461.6687838764315) (28.90352149368292,487.6641875992418) (29.90352149368291,487.6641875992418) (29.90352149368291,513.6595913220521) (30.9035214936829,513.6595913220521) (30.9035214936829,539.6549950448623) (31.90352149368289,539.6549950448623) (31.90352149368289,565.6503987676725) (32.90352149368292,565.6503987676725) (32.90352149368292,591.6458024904828) (33.90352149368296,591.6458024904828) (33.90352149368296,617.641206213293) (34.90352149368299,617.641206213293) (34.90352149368299,643.6366099361032) (35.90352149368303,643.6366099361032) (35.90352149368303,669.6320136589135) (36.90352149368307,669.6320136589135) (36.90352149368307,695.6274173817237) (37.9035214936831,695.6274173817237) (37.9035214936831,721.622821104534) (38.90352149368314,721.622821104534) (38.90352149368314,747.6182248273442) (39.90352149368317,747.6182248273442) (39.90352149368317,773.6136285501544) (40.90352149368321,773.6136285501544) (40.90352149368321,799.6090322729647) (41.90352149368324,799.6090322729647) (41.90352149368324,825.6044359957749) (42.90352149368328,825.6044359957749) (42.90352149368328,851.5998397185851) (43.90352149368331,851.5998397185851) (43.90352149368331,877.5952434413954) (44.90352149368335,877.5952434413954) (44.90352149368335,903.5906471642056) (45.90352149368339,903.5906471642056) (45.90352149368339,929.5860508870159) (46.90352149368342,929.5860508870159) (46.90352149368342,955.5814546098261) (47.90352149368346,955.5814546098261) (47.90352149368346,981.5768583326363) (48.90352149368348,981.5768583326363) (48.90352149368348,1007.572262055447) (49.9035214936835,1007.572262055447) (49.9035214936835,1033.567665778257) (50.90352149368352,1033.567665778257) (50.90352149368352,1059.563069501067) (51.90352149368354,1059.563069501067) (51.90352149368354,1085.558473223878) (52.90352149368356,1085.558473223878) (52.90352149368356,1111.553876946688) (53.90352149368358,1111.553876946688) (53.90352149368358,1137.549280669498) (54.90352149368361,1137.549280669498) (54.90352149368361,1163.544684392309) (55.90352149368363,1163.544684392309) (55.90352149368363,1189.540088115119) (56.90352149368364,1189.540088115119) (56.90352149368364,1215.535491837929) (57.90352149368366,1215.535491837929) (57.90352149368366,1241.53089556074) (58.90352149368367,1241.53089556074) (58.90352149368367,1267.52629928355) (59.90352149368368,1267.52629928355) (59.90352149368368,1293.52170300636) (60.9035214936837,1293.52170300636) (60.9035214936837,1319.517106729171) (61.90352149368372,1319.517106729171) (61.90352149368372,1345.512510451981) (62.90352149368374,1345.512510451981) (62.90352149368374,1371.507914174791) (63.90352149368376,1371.507914174791) (63.90352149368376,1397.503317897602) (64.91625235054292,1397.503317897602) (64.91625235054292,1423.501210954746) (65.92487156822213,1423.501210954746) (65.92487156822213,1449.500245178851) (66.93070700899004,1449.500245178851) (66.93070700899004,1475.499802499311) (67.93465774003835,1475.499802499311) (67.93465774003835,1501.499599591989) (68.93733247245849,1501.499599591989) (68.93733247245849,1527.499506587529) (69.93914332378075,1527.499506587529) (69.93914332378075,1553.499463958168) (70.94036930848898,1553.499463958168) (70.94036930848898,1579.49944441867) (71.94119932593895,1579.49944441867) (71.94119932593895,1605.499435462594) (72.94176126516869,1605.499435462594) (72.94176126516869,1631.49943135751) (73.94214170980202,1631.49943135751) (73.94214170980202,1657.499429475914) (74.94239927878522,1657.499429475914) (74.94239927878522,1683.499428613471) (75.94257365837885,1683.499428613471) (75.94257365837885,1709.499428218164) (76.94269171701306,1709.499428218164) (76.94269171701306,1735.499428036972) (77.94277164518044,1735.499428036972) (77.94277164518044,1761.499427953921) (78.94282575822153,1761.499427953921) (78.94282575822153,1787.499427915854) (79.94286239388316,1787.499427915854) (79.94286239388316,1813.499427898406) (80.94288719699462,1813.499427898406) (80.94288719699462,1839.499427890409) (81.94290398922148,1839.499427890409) (81.94290398922148,1865.499427886743) (82.94291535789924,1865.499427886743) (82.94291535789924,1891.499427885063) (83.94292305473481,1891.499427885063) (83.94292305473481,1917.499427884293) (84.94292826564759,1917.499427884293) (84.94292826564759,1943.499427883939) (85.94293179354268,1943.499427883939) (85.94293179354268,1969.499427883778) (86.94293418200864,1969.499427883778) (86.94293418200864,1995.499427883703) (87.94293579904206,1995.499427883703) (87.94293579904206,2021.499427883669) (88.94293689384645,2021.499427883669) (88.94293689384645,2047.499427883654) (89.94293763502003,2047.499427883654) (89.94293763502003,2073.499427883647) (90.94293813681533,2073.499427883647) (90.94293813681533,2099.499427883643) (91.94293847661403,2099.499427883643) (91.94293847661403,2125.499427883642) (92.94293870698034,2125.499427883642) (92.94293870698034,2151.499427883641) (93.94293886183769,2151.499427883641) (93.94293886183769,2177.499427883641) (94.94293896614576,2177.499427883641) (94.94293896614576,2203.499427883641) (95.94293903914618,2203.499427883641) (95.94293903914618,2229.499427883641) (96.94293908856768,2229.499427883641) (96.94293908856768,2255.499427883641) (97.94293912188763,2255.499427883641) (97.94293912188763,2281.499427883641) (98.94293914296098,2281.499427883641) (98.94293914296098,2307.499427883641) (99.94293914296091,2307.499427883641) (99.94293914296091,2333.499427883641) (100.9429391429608,2333.499427883641) (100.9429391429608,2359.499427883641) (101.9429391429608,2359.499427883641) (101.9429391429608,2385.499427883641) (102.9429391429607,2385.499427883641) (102.9429391429607,2411.499427883641) (103.9429391429606,2411.499427883641) (103.9429391429606,2437.499427883641) (104.9429391429606,2437.499427883641) (104.9429391429606,2463.499427883641) (105.9429391429605,2463.499427883641) (105.9429391429605,2489.499427883641) (106.9429391429604,2489.499427883641) (106.9429391429604,2515.499427883641) (107.9429391429603,2515.499427883641) (107.9429391429603,2541.499427883641) (108.9429391429603,2541.499427883641) (108.9429391429603,2567.499427883641) (109.9429391429602,2567.499427883641) (109.9429391429602,2593.499427883641) (110.9429391429601,2593.499427883641) (110.9429391429601,2619.499427883641) (111.9429391429601,2619.499427883641) (111.9429391429601,2645.499427883641) (112.94293914296,2645.499427883641) (112.94293914296,2671.499427883641) (113.9429391429599,2671.499427883641) (113.9429391429599,2697.499427883641) (114.9429391429599,2697.499427883641) (114.9429391429599,2723.499427883641) (115.9429391429598,2723.499427883641) (115.9429391429598,2749.499427883641) (116.9429391429597,2749.499427883641) (116.9429391429597,2775.499427883641) (117.9429391429597,2775.499427883641) (117.9429391429597,2801.499427883641) (118.9429391429596,2801.499427883641) (118.9429391429596,2827.499427883641) (119.9429391429596,2827.499427883641) (119.9429391429596,2853.499427883641) (120.9429391429595,2853.499427883641) (120.9429391429595,2879.499427883641) (121.9429391429595,2879.499427883641) (121.9429391429595,2905.499427883641) (122.9429391429594,2905.499427883641) (122.9429391429594,2931.499427883641) (123.9429391429593,2931.499427883641) (123.9429391429593,2957.499427883641) (124.9429391429593,2957.499427883641) (124.9429391429593,2983.499427883641) (125.9429391429592,2983.499427883641) (125.9429391429592,3009.499427883641) (126.9429391429592,3009.499427883641) (126.9429391429592,3035.499427883641) (127.9429391429591,3035.499427883641) (127.9429391429591,3061.499427883641) (128.9429391429592,3061.499427883641) (128.9429391429592,3087.499427883641) (129.9429391429592,3087.499427883641) (129.9429391429592,3113.499427883641) (130.9429391429593,3113.499427883641) (130.9429391429593,3139.499427883641) (131.9429391429593,3139.499427883641) (131.9429391429593,3165.499427883641) (132.9429391429594,3165.499427883641) (132.9429391429594,3191.499427883641) (133.9429391429595,3191.499427883641) (133.9429391429595,3217.499427883641) (134.9429391429595,3217.499427883641) (134.9429391429595,3243.499427883641) (135.9429391429596,3243.499427883641) (135.9429391429596,3269.499427883641) (136.9429391429596,3269.499427883641) (136.9429391429596,3295.499427883641) (137.9429391429597,3295.499427883641) (137.9429391429597,3321.499427883641) (138.9429391429597,3321.499427883641) (138.9429391429597,3347.499427883641) (139.9429391429598,3347.499427883641) (139.9429391429598,3373.499427883641) (140.9429391429599,3373.499427883641) (140.9429391429599,3399.499427883641) (141.9429391429599,3399.499427883641) (141.9429391429599,3425.499427883641) (142.94293914296,3425.499427883641) (142.94293914296,3451.499427883641) (143.94293914296,3451.499427883641) (143.94293914296,3477.499427883641) (144.9429391429601,3477.499427883641) (144.9429391429601,3503.499427883641) (145.9429391429601,3503.499427883641) (145.9429391429601,3529.499427883641) (146.9429391429602,3529.499427883641) (146.9429391429602,3555.499427883641) (147.9429391429603,3555.499427883641) (147.9429391429603,3581.499427883641) (148.9429391429603,3581.499427883641) (148.9429391429603,3607.499427883641) (149.9429391429604,3607.499427883641) (149.9429391429604,3633.499427883641) (150.9429391429604,3633.499427883641) (150.9429391429604,3659.499427883641) (151.9429391429605,3659.499427883641) (151.9429391429605,3685.499427883641) (152.9429391429605,3685.499427883641) (152.9429391429605,3711.499427883641) (153.9429391429606,3711.499427883641) (153.9429391429606,3737.499427883641) (154.9429391429607,3737.499427883641) (154.9429391429607,3763.499427883641) (155.9429391429607,3763.499427883641) (155.9429391429607,3789.499427883641) (156.9429391429608,3789.499427883641) (156.9429391429608,3815.499427883641) (157.9429391429608,3815.499427883641) (157.9429391429608,3841.499427883641) (158.9429391429609,3841.499427883641) (158.9429391429609,3867.499427883641) (159.9429391429609,3867.499427883641) (159.9429391429609,3893.499427883641) (160.942939142961,3893.499427883641) (160.942939142961,3919.499427883641) (161.9429391429611,3919.499427883641) (161.9429391429611,3945.499427883641) (162.9429391429611,3945.499427883641) (162.9429391429611,3971.499427883641) (163.9429391429612,3971.499427883641) (163.9429391429612,3997.499427883641) (164.9429391429612,3997.499427883641) (164.9429391429612,4023.499427883641) (165.9429391429613,4023.499427883641) (165.9429391429613,4049.499427883641) (166.9429391429613,4049.499427883641) (166.9429391429613,4075.499427883641) (167.9429391429614,4075.499427883641) (167.9429391429614,4101.49942788364) (168.9429391429614,4101.49942788364) (168.9429391429614,4127.49942788364) (169.9429391429615,4127.49942788364) (169.9429391429615,4153.49942788364) (170.9429391429616,4153.49942788364) (170.9429391429616,4179.49942788364) (171.9429391429616,4179.49942788364) (171.9429391429616,4205.49942788364) (172.9429391429617,4205.49942788364) (172.9429391429617,4231.49942788364) (173.9429391429617,4231.49942788364) (173.9429391429617,4257.49942788364) (174.9429391429618,4257.49942788364) (174.9429391429618,4283.49942788364) (175.9429391429618,4283.49942788364) (175.9429391429618,4309.49942788364) (177.1817209387168,4309.49942788364) (177.1817209387168,4334.761725317672) (178.6978370356303,4334.761725317672) (178.6978370356303,4357.375029374853) (180.4966942148037,4357.375029374853) (180.4966942148037,4371.80338971305) (182.6324018580973,4371.80338971305) (182.6324018580973,4380.472858151295) (184.9407003170019,4380.472858151295) (184.9407003170019,4385.010512952947) (187.3668403647482,4385.010512952947) (187.3668403647482,4388.172157803916) (189.8355415927709,4388.172157803916) (189.8355415927709,4390.428283375573) (192.3329086282988,4390.428283375573) (192.3329086282988,4391.835488330516) (194.8573737907516,4391.835488330516) (194.8573737907516,4392.871718959358) (197.3942116288734,4392.871718959358) (197.3942116288734,4393.515439372457) (199.9441668489496,4393.515439372457) (199.9441668489496,4394.057268921059) (202.4941220690258,4394.057268921059) (202.4941220690258,4394.599098469662) (205.0440772891021,4394.599098469662) (205.0440772891021,4395.140928018264) (207.5940325091783,4395.140928018264) (207.5940325091783,4395.682757566867) (210.1439877292545,4395.682757566867) (210.1439877292545,4396.224587115469) (212.6939429493307,4396.224587115469) (212.6939429493307,4396.766416664072) (215.2438981694069,4396.766416664072) (215.2438981694069,4397.308246212675) (217.7938533894831,4397.308246212675) (217.7938533894831,4397.850075761278) (220.3438086095593,4397.850075761278) (220.3438086095593,4398.391905309881) (222.8937638296355,4398.391905309881) (222.8937638296355,4398.933734858484) (225.4437190497117,4398.933734858484) (225.4437190497117,4399.475564407086) (227.993674269788,4399.475564407086) (227.993674269788,4400.01739395569) (230.5436294898642,4400.01739395569) (230.5436294898642,4400.559223504292) (233.0935847099404,4400.559223504292) (233.0935847099404,4400.840201776819) (700,4400.840201776819)
robPositionY[0]:
[0]: (0,0) (0,163.5) (2,163.5) (2,188.9679078844919) (14.86591456871652,188.9679078844919) (14.86591456871652,188.479046668909) (15.88471803119976,188.479046668909) (15.88471803119976,187.9901854533262) (16.90352149368301,187.9901854533262) (16.90352149368301,187.5013242377433) (17.90352149368301,187.5013242377433) (17.90352149368301,187.0124630221605) (18.90352149368301,187.0124630221605) (18.90352149368301,186.5236018065776) (19.90352149368301,186.5236018065776) (19.90352149368301,186.0347405909947) (20.90352149368301,186.0347405909947) (20.90352149368301,185.5458793754118) (21.903521493683,185.5458793754118) (21.903521493683,185.0570181598289) (22.90352149368299,185.0570181598289) (22.90352149368299,184.568156944246) (23.90352149368298,184.568156944246) (23.90352149368298,184.0792957286631) (24.90352149368297,184.0792957286631) (24.90352149368297,183.5904345130803) (25.90352149368296,183.5904345130803) (25.90352149368296,183.1015732974974) (26.90352149368294,183.1015732974974) (26.90352149368294,182.6127120819145) (27.90352149368293,182.6127120819145) (27.90352149368293,182.1238508663316) (28.90352149368292,182.1238508663316) (28.90352149368292,181.6349896507487) (29.90352149368291,181.6349896507487) (29.90352149368291,181.1461284351658) (30.9035214936829,181.1461284351658) (30.9035214936829,180.6572672195829) (31.90352149368289,180.6572672195829) (31.90352149368289,180.168406004) (32.90352149368292,180.168406004) (32.90352149368292,179.6795447884172) (33.90352149368296,179.6795447884172) (33.90352149368296,179.1906835728343) (34.90352149368299,179.1906835728343) (34.90352149368299,178.7018223572514) (35.90352149368303,178.7018223572514) (35.90352149368303,178.2129611416685) (36.90352149368307,178.2129611416685) (36.90352149368307,177.7240999260856) (37.9035214936831,177.7240999260856) (37.9035214936831,177.2352387105027) (38.90352149368314,177.2352387105027) (38.90352149368314,176.7463774949198) (39.90352149368317,176.7463774949198) (39.90352149368317,176.257516279337) (40.90352149368321,176.257516279337) (40.90352149368321,175.7686550637541) (41.90352149368324,175.7686550637541) (41.90352149368324,175.2797938481712) (42.90352149368328,175.2797938481712) (42.90352149368328,174.7909326325883) (43.90352149368331,174.7909326325883) (43.90352149368331,174.3020714170054) (44.90352149368335,174.3020714170054) (44.90352149368335,173.8132102014225) (45.90352149368339,173.8132102014225) (45.90352149368339,173.3243489858396) (46.90352149368342,173.3243489858396) (46.90352149368342,172.8354877702567) (47.90352149368346,172.8354877702567) (47.90352149368346,172.3466265546739) (48.90352149368348,172.3466265546739) (48.90352149368348,171.857765339091) (49.9035214936835,171.857765339091) (49.9035214936835,171.3689041235081) (50.90352149368352,171.3689041235081) (50.90352149368352,170.8800429079252) (51.90352149368354,170.8800429079252) (51.90352149368354,170.3911816923423) (52.90352149368356,170.3911816923423) (52.90352149368356,169.9023204767594) (53.90352149368358,169.9023204767594) (53.90352149368358,169.4134592611765) (54.90352149368361,169.4134592611765) (54.90352149368361,168.9245980455937) (55.90352149368363,168.9245980455937) (55.90352149368363,168.4357368300108) (56.90352149368364,168.4357368300108) (56.90352149368364,167.9468756144279) (57.90352149368366,167.9468756144279) (57.90352149368366,167.458014398845) (58.90352149368367,167.458014398845) (58.90352149368367,166.9691531832621) (59.90352149368368,166.9691531832621) (59.90352149368368,166.4802919676792) (60.9035214936837,166.4802919676792) (60.9035214936837,165.9914307520963) (61.90352149368372,165.9914307520963) (61.90352149368372,165.5025695365134) (62.90352149368374,165.5025695365134) (62.90352149368374,165.0137083209306) (63.90352149368376,165.0137083209306) (63.90352149368376,164.5248471053477) (64.91625235054292,164.5248471053477) (64.91625235054292,164.1938537681208) (65.92487156822213,164.1938537681208) (65.92487156822213,163.969756883213) (66.93070700899004,163.969756883213) (66.93070700899004,163.8180362843253) (67.93465774003835,163.8180362843253) (67.93465774003835,163.7153175442811) (68.93733247245849,163.7153175442811) (68.93733247245849,163.6457745842783) (69.93914332378075,163.6457745842783) (69.93914332378075,163.5986924756321) (70.94036930848898,163.5986924756321) (70.94036930848898,163.566816881204) (71.94119932593895,163.566816881204) (71.94119932593895,163.545236429983) (72.94176126516869,163.545236429983) (72.94176126516869,163.5306260107791) (73.94214170980202,163.5306260107791) (73.94214170980202,163.5207344505516) (74.94239927878522,163.5207344505516) (74.94239927878522,163.5140376570627) (75.94257365837885,163.5140376570627) (75.94257365837885,163.5095037876518) (76.94269171701306,163.5095037876518) (76.94269171701306,163.5064342631685) (77.94277164518044,163.5064342631685) (77.94277164518044,163.5043561308182) (78.94282575822153,163.5043561308182) (78.94282575822153,163.5029491917491) (79.94286239388316,163.5029491917491) (79.94286239388316,163.5019966645455) (80.94288719699462,163.5019966645455) (80.94288719699462,163.5013517836466) (81.94290398922148,163.5013517836466) (81.94290398922148,163.5009151857469) (82.94291535789924,163.5009151857469) (82.94291535789924,163.5006196001235) (83.94292305473481,163.5006196001235) (83.94292305473481,163.5004194823974) (84.94292826564759,163.5004194823974) (84.94292826564759,163.5002839986634) (85.94293179354268,163.5002839986634) (85.94293179354268,163.5001922733894) (86.94293418200864,163.5001922733894) (86.94293418200864,163.5001301732726) (87.94293579904206,163.5001301732726) (87.94293579904206,163.5000881304022) (88.94293689384645,163.5000881304022) (88.94293689384645,163.5000596654866) (89.94293763502003,163.5000596654866) (89.94293763502003,163.5000403949721) (90.94293813681533,163.5000403949721) (90.94293813681533,163.5000273482928) (91.94293847661403,163.5000273482928) (91.94293847661403,163.5000185135251) (92.94293870698034,163.5000185135251) (92.94293870698034,163.5000125239997) (93.94293886183769,163.5000125239997) (93.94293886183769,163.5000084977071) (94.94293896614576,163.5000084977071) (94.94293896614576,163.5000057856957) (95.94293903914618,163.5000057856957) (95.94293903914618,163.5000038876832) (96.94293908856768,163.5000038876832) (96.94293908856768,163.5000026027226) (97.94293912188763,163.5000026027226) (97.94293912188763,163.5000017364024) (98.94293914296098,163.5000017364024) (98.94293914296098,163.5000011884933) (99.94293914296091,163.5000011884933) (99.94293914296091,163.5000006405843) (177.1817209387168,163.5000006405843) (177.1817209387168,169.6494988603188) (178.6978370356303,169.6494988603188) (178.6978370356303,182.4806515605829) (180.4966942148037,182.4806515605829) (180.4966942148037,204.1098544573876) (182.6324018580973,204.1098544573876) (182.6324018580973,228.6218987825405) (184.9407003170019,228.6218987825405) (184.9407003170019,254.2228692504944) (187.3668403647482,254.2228692504944) (187.3668403647482,280.0299225855101) (189.8355415927709,280.0299225855101) (189.8355415927709,305.9318510350467) (192.3329086282988,305.9318510350467) (192.3329086282988,331.8937418408948) (194.8573737907516,331.8937418408948) (194.8573737907516,357.873084135954) (197.3942116288734,357.873084135954) (197.3942116288734,383.8651141457428) (199.9441668489496,383.8651141457428) (199.9441668489496,409.8594677776426) (202.4941220690258,409.8594677776426) (202.4941220690258,435.8538214095424) (205.0440772891021,435.8538214095424) (205.0440772891021,461.8481750414421) (207.5940325091783,461.8481750414421) (207.5940325091783,487.8425286733419) (210.1439877292545,487.8425286733419) (210.1439877292545,513.8368823052417) (212.6939429493307,513.8368823052417) (212.6939429493307,539.8312359371415) (215.2438981694069,539.8312359371415) (215.2438981694069,565.8255895690413) (217.7938533894831,565.8255895690413) (217.7938533894831,591.8199432009411) (220.3438086095593,591.8199432009411) (220.3438086095593,617.8142968328409) (222.8937638296355,617.8142968328409) (222.8937638296355,643.8086504647407) (225.4437190497117,643.8086504647407) (225.4437190497117,669.8030040966405) (227.993674269788,669.8030040966405) (227.993674269788,695.7973577285403) (230.5436294898642,695.7973577285403) (230.5436294898642,721.7917113604401) (233.0935847099404,721.7917113604401) (233.0935847099404,735.2716860088356) (700,735.2716860088356)
batteryCharge[0]:
[0]: (0,100) (700,100)
user_guided_transport.end:
[0]: (0,0) (235.0935847099395,0) (235.0935847099395,1) (700,1)
[2K
Verifying formula 5 at /nta/queries/query[5]/formula
 -- Formula: simulate[<=700]{robot_inventory[0][0], user_guided_transport.end*2}
[2K -- Formula is satisfied.
robot_inventory[0][0]:
[0]: (0,0) (8.65911720290902,0) (8.65911720290902,1) (700,1)
user_guided_transport.end * 2:
[0]: (0,0) (231.8867873441299,0) (231.8867873441299,2) (700,2)
[2K
Verifying formula 6 at /nta/queries/query[6]/formula
 -- Formula: simulate[<=700]{bedroom[0], bedroom[1], kitchen[0], kitchen[1]}
[2K -- Formula is satisfied.
bedroom[0]:
[0]: (0,100) (700,100)
bedroom[1]:
[0]: (0,200) (700,200)
kitchen[0]:
[0]: (0,4400) (700,4400)
kitchen[1]:
[0]: (0,765) (700,765)
[2K
Verifying formula 7 at /nta/queries/query[7]/formula
 -- Formula: simulate[<=700]{rm_1.idle, rf_1.idle, rp_1.idle, rd_1.idle}
[2K -- Formula is satisfied.
rm_1.idle:
[0]: (0,0) (0,1) (0,0) (3,0) (3,1) (700,1)
rf_1.idle:
[0]: (0,0) (0,1) (8.778641461530748,1) (8.778641461530748,0) (230.9875081402759,0) (230.9875081402759,1) (700,1)
rp_1.idle:
[0]: (0,0) (0,1) (2,1) (2,0) (8.778641461530748,0) (8.778641461530748,1) (700,1)
rd_1.idle:
[0]: (0,0) (0,1) (700,1)
[2K
Verifying formula 8 at /nta/queries/query[8]/formula
 -- Formula: Pr[<=700](<>!rm_1.idle || !rf_1.idle || !rp_1.idle || !rd_1.idle)
[2K -- Formula is satisfied.
(72/72 runs) Pr(<> …) in [0.950056,1] (95% CI)
Values in [0,0] mean=0 steps=2.22045e-16: 72
[2K
Verifying formula 9 at /nta/queries/query[9]/formula
 -- Formula: Pr[<=700]([] (user_guided_transport.end imply (rm_1.idle && rf_1.idle && rp_1.idle && rd_1.idle)))
 -- Throughput: 605795 runs/sec, Load: 331 runs[K
[2K -- Formula is satisfied.
(72/72 runs) Pr([] …) in [0.950056,1] (95% CI)
[2K
Verifying formula 10 at /nta/queries/query[10]/formula
 -- Formula: Pr[<=700] (<> pow(humanPositionX[0] - kitchen[0], 2) + pow(humanPositionY[0] - kitchen[1], 2) <= 900 )
[2K -- Formula is satisfied.
(72/72 runs) Pr(<> …) in [0.950056,1] (95% CI)
Values in [192.047,196.972] mean=194.364 steps=0.547256: 10 12 6 4 9 10 6 6 9
[2K
Verifying formula 11 at /nta/queries/query[11]/formula
 -- Formula: Pr[<=700] (<> pow(humanPositionX[0] - bedroom[0], 2) + pow(humanPositionY[0] - bedroom[1], 2) <= 900 )
[2K -- Formula is satisfied.
(72/72 runs) Pr(<> …) in [0.950056,1] (95% CI)
Values in [1,1] mean=1 steps=2.22045e-16: 72
[2K
Verifying formula 12 at /nta/queries/query[12]/formula
 -- Formula: Pr[<=700] (<> pow(robPositionX[0] - bedroom[0], 2) + pow(robPositionY[0] - bedroom[1], 2) <= 900 )
[2K -- Formula is satisfied.
(72/72 runs) Pr(<> …) in [0.950056,1] (95% CI)
Values in [2,2] mean=2 steps=2.22045e-16: 72
[2K
Verifying formula 13 at /nta/queries/query[13]/formula
 -- Formula: Pr[<=700] (<> !isValidPosition(humanPositionX[0], humanPositionY[0]))
[2K -- Formula is satisfied.
(72/72 runs) Pr(<> …) in [0.950056,1] (95% CI)
Values in [0,0] mean=0 steps=2.22045e-16: 72
[2K
Verifying formula 14 at /nta/queries/query[14]/formula
 -- Formula: Pr[<=700] (<> !isValidPosition(robPositionX[0], robPositionY[0]))
[2K -- Formula is satisfied.
(72/72 runs) Pr(<> …) in [0.950056,1] (95% CI)
Values in [0,0] mean=0 steps=2.22045e-16: 72
[2K
Verifying formula 15 at /nta/queries/query[15]/formula
 -- Formula: Pr[<=700] (<> currP > 2)
 -- Throughput: 611654 runs/sec, Load: 330 runs[K
[2K -- Formula is satisfied.
(0/72 runs) Pr(<> …) in [0,0.0499441] (95% CI)
