Options for the verification:
  Generating no trace
  Search order is breadth first
  Using conservative space optimisation
  Seed is 1784898669
  State space representation uses minimal constraint systems with future testing
  Using HashMap + Compress integers for discrete state storage
[2K
Verifying formula 1 at /nta/queries/query[1]/formula
 -- Formula: simulate[<=700]{user_guided_transport_robot1_def.s1_start, user_guided_transport_robot1_def.s1_end, user_guided_transport_robot1_def.s2_start, user_guided_transport_robot1_def.s2_end, user_guided_transport_robot1_def.s3_start, user_guided_transport_robot1_def.s3_end, user_guided_transport.end}
[2K -- Formula is satisfied.
user_guided_transport_robot1_def.s1_start:
[0]: (0,0) (0,1) (0,0) (700,0)
user_guided_transport_robot1_def.s1_end:
[0]: (0,0) (2,0) (2,1) (2,0) (700,0)
user_guided_transport_robot1_def.s2_start:
[0]: (0,0) (2,0) (2,1) (2,0) (700,0)
user_guided_transport_robot1_def.s2_end:
[0]: (0,0) (9.597104804926808,0) (9.597104804926808,1) (9.597104804926808,0) (700,0)
user_guided_transport_robot1_def.s3_start:
[0]: (0,0) (9.597104804926808,0) (9.597104804926808,1) (9.597104804926808,0) (700,0)
user_guided_transport_robot1_def.s3_end:
[0]: (0,0) (230.8059714836661,0) (230.8059714836661,1) (230.8059714836661,0) (700,0)
user_guided_transport.end:
[0]: (0,0) (232.8059714836652,0) (232.8059714836652,1) (700,1)
[2K
Verifying formula 2 at /nta/queries/query[2]/formula
 -- Formula: simulate[<=700]{user_guided_transport_human1_def.s1_start, user_guided_transport_human1_def.s1_end, user_guided_transport_human1_def.s2_start, user_guided_transport_human1_def.s2_idle, user_guided_transport_human1_def.s3_start, user_guided_transport_human1_def.s3_end, user_guided_transport.end}
[2K -- Formula is satisfied.
user_guided_transport_human1_def.s1_start:
[0]: (0,0) (0,1) (0,0) (700,0)
user_guided_transport_human1_def.s1_end:
[0]: (0,0) (1,0) (1,1) (2,1) (2,0) (700,0)
user_guided_transport_human1_def.s2_start:
[0]: (0,0) (2,0) (2,1) (2,0) (700,0)
user_guided_transport_human1_def.s2_idle:
[0]: (0,0) (2,0) (2,1) (9.576986242078304,1) (9.576986242078304,0) (700,0)
user_guided_transport_human1_def.s3_start:
[0]: (0,0) (9.576986242078304,0) (9.576986242078304,1) (9.576986242078304,0) (14.57698624207828,0) (14.57698624207828,1) (14.57698624207828,0) (19.57698624207827,0) (19.57698624207827,1) (19.57698624207827,0) (24.57698624207828,0) (24.57698624207828,1) (24.57698624207828,0) (29.57698624207828,0) (29.57698624207828,1) (29.57698624207828,0) (34.57698624207838,0) (34.57698624207838,1) (34.57698624207838,0) (39.57698624207855,0) (39.57698624207855,1) (39.57698624207855,0) (44.57698624207873,0) (44.57698624207873,1) (44.57698624207873,0) (49.57698624207875,0) (49.57698624207875,1) (49.57698624207875,0) (54.57698624207882,0) (54.57698624207882,1) (54.57698624207882,0) (59.57698624207882,0) (59.57698624207882,1) (59.57698624207882,0) (64.57698624207886,0) (64.57698624207886,1) (64.57698624207886,0) (69.57698624207922,0) (69.57698624207922,1) (69.57698624207922,0) (74.57698624207953,0) (74.57698624207953,1) (74.57698624207953,0) (79.57698624207988,0) (79.57698624207988,1) (79.57698624207988,0) (84.57698624208018,0) (84.57698624208018,1) (84.57698624208018,0) (89.57698624208049,0) (89.57698624208049,1) (89.57698624208049,0) (94.57698624208081,0) (94.57698624208081,1) (94.57698624208081,0) (99.57698624208113,0) (99.57698624208113,1) (99.57698624208113,0) (104.5769862420815,0) (104.5769862420815,1) (104.5769862420815,0) (109.5769862420818,0) (109.5769862420818,1) (109.5769862420818,0) (114.5769862420822,0) (114.5769862420822,1) (114.5769862420822,0) (119.5769862420825,0) (119.5769862420825,1) (119.5769862420825,0) (124.5769862420828,0) (124.5769862420828,1) (124.5769862420828,0) (129.5769862420831,0) (129.5769862420831,1) (129.5769862420831,0) (134.5769862420835,0) (134.5769862420835,1) (134.5769862420835,0) (139.5769862420839,0) (139.5769862420839,1) (139.5769862420839,0) (144.5769862420844,0) (144.5769862420844,1) (144.5769862420844,0) (149.5769862420847,0) (149.5769862420847,1) (149.5769862420847,0) (154.576986242085,0) (154.576986242085,1) (154.576986242085,0) (159.5769862420853,0) (159.5769862420853,1) (159.5769862420853,0) (164.5769862420856,0) (164.5769862420856,1) (164.5769862420856,0) (169.5769862420859,0) (169.5769862420859,1) (169.5769862420859,0) (174.5769862420862,0) (174.5769862420862,1) (174.5769862420862,0) (179.5769862420865,0) (179.5769862420865,1) (179.5769862420865,0) (184.5769862420867,0) (184.5769862420867,1) (184.5769862420867,0) (189.5769862420871,0) (189.5769862420871,1) (189.5769862420871,0) (194.5769862420875,0) (194.5769862420875,1) (194.5769862420875,0) (700,0)
user_guided_transport_human1_def.s3_end:
[0]: (0,0) (194.5769862420875,0) (194.5769862420875,1) (230.7858529208255,1) (230.7858529208255,0) (700,0)
user_guided_transport.end:
[0]: (0,0) (232.7858529208246,0) (232.7858529208246,1) (700,1)
[2K
Verifying formula 3 at /nta/queries/query[3]/formula
 -- Formula: Pr[<=700] (<> user_guided_transport.end)
[2K -- Formula is satisfied.
(72/72 runs) Pr(<> …) in [0.950056,1] (95% CI)
Values in [230.617,235.226] mean=233.216 steps=0.512143: 3 7 8 11 3 9 8 14 9
[2K
Verifying formula 4 at /nta/queries/query[4]/formula
 -- Formula: simulate[<=700]{humanPositionX[0], humanPositionY[0], robPositionX[0], robPositionY[0], batteryCharge[0], user_guided_transport.end}
[2K -- Formula is satisfied.
humanPositionX[0]:
[0]: (0,0) (0,92.5) (1,92.5) (1,97.73313175708738) (8.624721701149481,97.73313175708738) (8.624721701149481,123.7285354798977) (9.624721701149479,123.7285354798977) (9.624721701149479,149.723939202708) (10.62472170114948,149.723939202708) (10.62472170114948,175.7193429255182) (11.62472170114948,175.7193429255182) (11.62472170114948,201.7147466483285) (12.62472170114948,201.7147466483285) (12.62472170114948,227.7101503711388) (13.62472170114948,227.7101503711388) (13.62472170114948,253.7055540939491) (14.62472170114948,253.7055540939491) (14.62472170114948,279.7009578167594) (15.62472170114948,279.7009578167594) (15.62472170114948,305.6963615395697) (16.62472170114948,305.6963615395697) (16.62472170114948,331.69176526238) (17.62472170114949,331.69176526238) (17.62472170114949,357.6871689851903) (18.6247217011495,357.6871689851903) (18.6247217011495,383.6825727080006) (19.62472170114951,383.6825727080006) (19.62472170114951,409.6779764308109) (20.62472170114952,409.6779764308109) (20.62472170114952,435.6733801536212) (21.62472170114953,435.6733801536212) (21.62472170114953,461.6687838764315) (22.62472170114954,461.6687838764315) (22.62472170114954,487.6641875992418) (23.62472170114955,487.6641875992418) (23.62472170114955,513.6595913220521) (24.62472170114956,513.6595913220521) (24.62472170114956,539.6549950448623) (25.62472170114957,539.6549950448623) (25.62472170114957,565.6503987676725) (26.62472170114958,565.6503987676725) (26.62472170114958,591.6458024904828) (27.62472170114959,591.6458024904828) (27.62472170114959,617.641206213293) (28.6247217011496,617.641206213293) (28.6247217011496,643.6366099361032) (29.62472170114961,643.6366099361032) (29.62472170114961,669.6320136589135) (30.62472170114962,669.6320136589135) (30.62472170114962,695.6274173817237) (31.62472170114963,695.6274173817237) (31.62472170114963,721.622821104534) (32.62472170114964,721.622821104534) (32.62472170114964,747.6182248273442) (33.62472170114965,747.6182248273442) (33.62472170114965,773.6136285501544) (34.62472170114967,773.6136285501544) (34.62472170114967,799.6090322729647) (35.62472170114968,799.6090322729647) (35.62472170114968,825.6044359957749) (36.6247217011497,825.6044359957749) (36.6247217011497,851.5998397185851) (37.6247217011497,851.5998397185851) (37.6247217011497,877.5952434413954) (38.62472170114972,877.5952434413954) (38.62472170114972,903.5906471642056) (39.62472170114973,903.5906471642056) (39.62472170114973,929.5860508870159) (40.62472170114975,929.5860508870159) (40.62472170114975,955.5814546098261) (41.62472170114976,955.5814546098261) (41.62472170114976,981.5768583326363) (42.62472170114977,981.5768583326363) (42.62472170114977,1007.572262055447) (43.62472170114978,1007.572262055447) (43.62472170114978,1033.567665778257) (44.6247217011498,1033.567665778257) (44.6247217011498,1059.563069501067) (45.62472170114979,1059.563069501067) (45.62472170114979,1085.558473223878) (46.62472170114978,1085.558473223878) (46.62472170114978,1111.553876946688) (47.62472170114975,1111.553876946688) (47.62472170114975,1137.549280669498) (48.62472170114977,1137.549280669498) (48.62472170114977,1163.544684392309) (49.62472170114977,1163.544684392309) (49.62472170114977,1189.540088115119) (50.62472170114978,1189.540088115119) (50.62472170114978,1215.535491837929) (51.62472170114978,1215.535491837929) (51.62472170114978,1241.53089556074) (52.62472170114978,1241.53089556074) (52.62472170114978,1267.52629928355) (53.62472170114978,1267.52629928355) (53.62472170114978,1293.52170300636) (54.62472170114978,1293.52170300636) (54.62472170114978,1319.517106729171) (55.62472170114978,1319.517106729171) (55.62472170114978,1345.512510451981) (56.62472170114978,1345.512510451981) (56.62472170114978,1371.507914174791) (57.62472170114978,1371.507914174791) (57.62472170114978,1397.503317897602) (58.62472170114978,1397.503317897602) (58.62472170114978,1423.498721620412) (59.62472170114978,1423.498721620412) (59.62472170114978,1478) (60.62472170114978,1478) (60.62472170114978,1504) (61.62472170114978,1504) (61.62472170114978,1530) (62.62472170114978,1530) (62.62472170114978,1556) (63.62472170114978,1556) (63.62472170114978,1582) (64.62472170114984,1582) (64.62472170114984,1608) (65.62472170114989,1608) (65.62472170114989,1634) (66.62472170114995,1634) (66.62472170114995,1660) (67.62472170115001,1660) (67.62472170115001,1686) (68.62472170115007,1686) (68.62472170115007,1712) (69.62472170115012,1712) (69.62472170115012,1738) (70.62472170115018,1738) (70.62472170115018,1764) (71.62472170115025,1764) (71.62472170115025,1790) (72.62472170115031,1790) (72.62472170115031,1816) (73.62472170115036,1816) (73.62472170115036,1842) (74.62472170115042,1842) (74.62472170115042,1868) (75.62472170115048,1868) (75.62472170115048,1894) (76.62472170115053,1894) (76.62472170115053,1920) (77.62472170115061,1920) (77.62472170115061,1946) (78.62472170115066,1946) (78.62472170115066,1972) (79.62472170115073,1972) (79.62472170115073,1998) (80.6247217011508,1998) (80.6247217011508,2024) (81.62472170115086,2024) (81.62472170115086,2050) (82.62472170115092,2050) (82.62472170115092,2076) (83.62472170115097,2076) (83.62472170115097,2102) (84.62472170115105,2102) (84.62472170115105,2128) (85.62472170115112,2128) (85.62472170115112,2154) (86.62472170115117,2154) (86.62472170115117,2180) (87.62472170115123,2180) (87.62472170115123,2206) (88.6247217011513,2206) (88.6247217011513,2232) (89.62472170115136,2232) (89.62472170115136,2258) (90.62472170115142,2258) (90.62472170115142,2284) (91.62472170115147,2284) (91.62472170115147,2310) (92.62472170115154,2310) (92.62472170115154,2336) (93.62472170115161,2336) (93.62472170115161,2362) (94.62472170115167,2362) (94.62472170115167,2388) (95.62472170115173,2388) (95.62472170115173,2414) (96.62472170115178,2414) (96.62472170115178,2440) (97.62472170115184,2440) (97.62472170115184,2466) (98.6247217011519,2466) (98.6247217011519,2492) (99.62472170115196,2492) (99.62472170115196,2518) (100.624721701152,2518) (100.624721701152,2544) (101.6247217011521,2544) (101.6247217011521,2570) (102.6247217011521,2570) (102.6247217011521,2596) (103.6247217011522,2596) (103.6247217011522,2622) (104.6247217011522,2622) (104.6247217011522,2648) (105.6247217011523,2648) (105.6247217011523,2674) (106.6247217011524,2674) (106.6247217011524,2700) (107.6247217011524,2700) (107.6247217011524,2726) (108.6247217011525,2726) (108.6247217011525,2752) (109.6247217011525,2752) (109.6247217011525,2778) (110.6247217011526,2778) (110.6247217011526,2804) (111.6247217011527,2804) (111.6247217011527,2830) (112.6247217011527,2830) (112.6247217011527,2856) (113.6247217011528,2856) (113.6247217011528,2882) (114.6247217011529,2882) (114.6247217011529,2908) (115.6247217011529,2908) (115.6247217011529,2934) (116.624721701153,2934) (116.624721701153,2960) (117.6247217011531,2960) (117.6247217011531,2986) (118.6247217011531,2986) (118.6247217011531,3012) (119.6247217011532,3012) (119.6247217011532,3038) (120.6247217011533,3038) (120.6247217011533,3088.5) (121.6247217011533,3088.5) (121.6247217011533,3114.5) (122.6247217011534,3114.5) (122.6247217011534,3140.5) (123.6247217011535,3140.5) (123.6247217011535,3166.5) (124.6247217011536,3166.5) (124.6247217011536,3192.5) (125.6247217011536,3192.5) (125.6247217011536,3218.5) (126.6247217011537,3218.5) (126.6247217011537,3244.5) (127.6247217011538,3244.5) (127.6247217011538,3270.5) (128.6247217011538,3270.5) (128.6247217011538,3296.5) (129.6247217011539,3296.5) (129.6247217011539,3322.5) (130.624721701154,3322.5) (130.624721701154,3348.5) (131.624721701154,3348.5) (131.624721701154,3374.5) (132.6247217011541,3374.5) (132.6247217011541,3400.5) (133.6247217011541,3400.5) (133.6247217011541,3426.5) (134.6247217011542,3426.5) (134.6247217011542,3452.5) (135.6247217011542,3452.5) (135.6247217011542,3478.5) (136.6247217011543,3478.5) (136.6247217011543,3504.5) (137.6247217011544,3504.5) (137.6247217011544,3530.5) (138.6247217011544,3530.5) (138.6247217011544,3556.5) (139.6247217011545,3556.5) (139.6247217011545,3582.5) (140.6247217011545,3582.5) (140.6247217011545,3608.5) (141.6247217011546,3608.5) (141.6247217011546,3634.5) (142.6247217011546,3634.5) (142.6247217011546,3660.5) (143.6247217011547,3660.5) (143.6247217011547,3686.5) (144.6247217011548,3686.5) (144.6247217011548,3712.5) (145.6247217011548,3712.5) (145.6247217011548,3738.5) (146.6247217011549,3738.5) (146.6247217011549,3764.5) (147.6247217011549,3764.5) (147.6247217011549,3790.5) (148.624721701155,3790.5) (148.624721701155,3816.5) (149.624721701155,3816.5) (149.624721701155,3842.5) (150.6247217011551,3842.5) (150.6247217011551,3868.5) (151.6247217011552,3868.5) (151.6247217011552,3894.5) (152.6247217011552,3894.5) (152.6247217011552,3920.5) (153.6247217011553,3920.5) (153.6247217011553,3946.5) (154.6247217011553,3946.5) (154.6247217011553,3972.5) (155.6247217011554,3972.5) (155.6247217011554,3998.5) (156.6247217011554,3998.5) (156.6247217011554,4024.5) (157.6247217011555,4024.5) (157.6247217011555,4050.5) (158.6247217011556,4050.5) (158.6247217011556,4076.5) (159.6247217011556,4076.5) (159.6247217011556,4102.5) (160.6247217011557,4102.5) (160.6247217011557,4128.5) (161.6247217011557,4128.5) (161.6247217011557,4154.5) (162.6247217011558,4154.5) (162.6247217011558,4180.5) (163.6247217011558,4180.5) (163.6247217011558,4206.5) (164.6247217011559,4206.5) (164.6247217011559,4232.5) (165.6247217011559,4232.5) (165.6247217011559,4258.5) (166.624721701156,4258.5) (166.624721701156,4284.5) (167.6247217011561,4284.5) (167.6247217011561,4310.5) (168.6247217011561,4310.5) (168.6247217011561,4336.5) (169.6247217011562,4336.5) (169.6247217011562,4362.5) (170.6247217011562,4362.5) (170.6247217011562,4388.5) (171.6247217011563,4388.5) (171.6247217011563,4416.265463717128) (172.6247217011563,4416.265463717128) (172.6247217011563,4415.530927434256) (173.6247217011564,4415.530927434256) (173.6247217011564,4414.796391151384) (174.6247217011565,4414.796391151384) (174.6247217011565,4414.061854868512) (175.6247217011565,4414.061854868512) (175.6247217011565,4413.327318585641) (176.6247217011566,4413.327318585641) (176.6247217011566,4412.592782302769) (177.6247217011566,4412.592782302769) (177.6247217011566,4411.858246019897) (178.6247217011567,4411.858246019897) (178.6247217011567,4411.123709737025) (179.6247217011567,4411.123709737025) (179.6247217011567,4410.389173454153) (180.6247217011568,4410.389173454153) (180.6247217011568,4409.654637171281) (181.6247217011569,4409.654637171281) (181.6247217011569,4408.920100888409) (182.6247217011569,4408.920100888409) (182.6247217011569,4408.185564605537) (183.624721701157,4408.185564605537) (183.624721701157,4407.451028322665) (184.6247217011571,4407.451028322665) (184.6247217011571,4406.716492039794) (185.6247217011572,4406.716492039794) (185.6247217011572,4405.981955756922) (186.6247217011573,4405.981955756922) (186.6247217011573,4405.24741947405) (187.6247217011573,4405.24741947405) (187.6247217011573,4404.512883191178) (188.6247217011574,4404.512883191178) (188.6247217011574,4403.778346908306) (189.6247217011575,4403.778346908306) (189.6247217011575,4403.043810625434) (190.6247217011575,4403.043810625434) (190.6247217011575,4402.309274342562) (191.6247217011576,4402.309274342562) (191.6247217011576,4401.57473805969) (192.6247217011577,4401.57473805969) (192.6247217011577,4400.840201776819) (700,4400.840201776819)
humanPositionY[0]:
[0]: (0,0) (0,163.5) (1,163.5) (1,188.9679078844919) (8.624721701149481,188.9679078844919) (8.624721701149481,188.479046668909) (9.624721701149479,188.479046668909) (9.624721701149479,187.9901854533261) (10.62472170114948,187.9901854533261) (10.62472170114948,187.5013242377432) (11.62472170114948,187.5013242377432) (11.62472170114948,187.0124630221603) (12.62472170114948,187.0124630221603) (12.62472170114948,186.5236018065774) (13.62472170114948,186.5236018065774) (13.62472170114948,186.0347405909945) (14.62472170114948,186.0347405909945) (14.62472170114948,185.5458793754117) (15.62472170114948,185.5458793754117) (15.62472170114948,185.0570181598288) (16.62472170114948,185.0570181598288) (16.62472170114948,184.5681569442459) (17.62472170114949,184.5681569442459) (17.62472170114949,184.079295728663) (18.6247217011495,184.079295728663) (18.6247217011495,183.5904345130801) (19.62472170114951,183.5904345130801) (19.62472170114951,183.1015732974972) (20.62472170114952,183.1015732974972) (20.62472170114952,182.6127120819143) (21.62472170114953,182.6127120819143) (21.62472170114953,182.1238508663315) (22.62472170114954,182.1238508663315) (22.62472170114954,181.6349896507486) (23.62472170114955,181.6349896507486) (23.62472170114955,181.1461284351657) (24.62472170114956,181.1461284351657) (24.62472170114956,180.6572672195828) (25.62472170114957,180.6572672195828) (25.62472170114957,180.1684060039999) (26.62472170114958,180.1684060039999) (26.62472170114958,179.679544788417) (27.62472170114959,179.679544788417) (27.62472170114959,179.1906835728341) (28.6247217011496,179.1906835728341) (28.6247217011496,178.7018223572512) (29.62472170114961,178.7018223572512) (29.62472170114961,178.2129611416684) (30.62472170114962,178.2129611416684) (30.62472170114962,177.7240999260855) (31.62472170114963,177.7240999260855) (31.62472170114963,177.2352387105026) (32.62472170114964,177.2352387105026) (32.62472170114964,176.7463774949197) (33.62472170114965,176.7463774949197) (33.62472170114965,176.2575162793368) (34.62472170114967,176.2575162793368) (34.62472170114967,175.7686550637539) (35.62472170114968,175.7686550637539) (35.62472170114968,175.279793848171) (36.6247217011497,175.279793848171) (36.6247217011497,174.7909326325882) (37.6247217011497,174.7909326325882) (37.6247217011497,174.3020714170053) (38.62472170114972,174.3020714170053) (38.62472170114972,173.8132102014224) (39.62472170114973,173.8132102014224) (39.62472170114973,173.3243489858395) (40.62472170114975,173.3243489858395) (40.62472170114975,172.8354877702566) (41.62472170114976,172.8354877702566) (41.62472170114976,172.3466265546737) (42.62472170114977,172.3466265546737) (42.62472170114977,171.8577653390908) (43.62472170114978,171.8577653390908) (43.62472170114978,171.3689041235079) (44.6247217011498,171.3689041235079) (44.6247217011498,170.8800429079251) (45.62472170114979,170.8800429079251) (45.62472170114979,170.3911816923422) (46.62472170114978,170.3911816923422) (46.62472170114978,169.9023204767593) (47.62472170114975,169.9023204767593) (47.62472170114975,169.4134592611764) (48.62472170114977,169.4134592611764) (48.62472170114977,168.9245980455935) (49.62472170114977,168.9245980455935) (49.62472170114977,168.4357368300106) (50.62472170114978,168.4357368300106) (50.62472170114978,167.9468756144277) (51.62472170114978,167.9468756144277) (51.62472170114978,167.4580143988449) (52.62472170114978,167.4580143988449) (52.62472170114978,166.969153183262) (53.62472170114978,166.969153183262) (53.62472170114978,166.4802919676791) (54.62472170114978,166.4802919676791) (54.62472170114978,165.9914307520962) (55.62472170114978,165.9914307520962) (55.62472170114978,165.5025695365133) (56.62472170114978,165.5025695365133) (56.62472170114978,165.0137083209304) (57.62472170114978,165.0137083209304) (57.62472170114978,164.5248471053475) (58.62472170114978,164.5248471053475) (58.62472170114978,164.0359858897646) (59.62472170114978,164.0359858897646) (59.62472170114978,163.5) (171.6247217011563,163.5) (171.6247217011563,189.4896220913107) (172.6247217011563,189.4896220913107) (172.6247217011563,215.4792441826214) (173.6247217011564,215.4792441826214) (173.6247217011564,241.4688662739321) (174.6247217011565,241.4688662739321) (174.6247217011565,267.4584883652428) (175.6247217011565,267.4584883652428) (175.6247217011565,293.4481104565535) (176.6247217011566,293.4481104565535) (176.6247217011566,319.4377325478642) (177.6247217011566,319.4377325478642) (177.6247217011566,345.427354639175) (178.6247217011567,345.427354639175) (178.6247217011567,371.4169767304857) (179.6247217011567,371.4169767304857) (179.6247217011567,397.4065988217964) (180.6247217011568,397.4065988217964) (180.6247217011568,423.3962209131071) (181.6247217011569,423.3962209131071) (181.6247217011569,449.3858430044178) (182.6247217011569,449.3858430044178) (182.6247217011569,475.3754650957285) (183.624721701157,475.3754650957285) (183.624721701157,501.3650871870392) (184.6247217011571,501.3650871870392) (184.6247217011571,527.3547092783499) (185.6247217011572,527.3547092783499) (185.6247217011572,553.3443313696606) (186.6247217011573,553.3443313696606) (186.6247217011573,579.3339534609713) (187.6247217011573,579.3339534609713) (187.6247217011573,605.323575552282) (188.6247217011574,605.323575552282) (188.6247217011574,631.3131976435927) (189.6247217011575,631.3131976435927) (189.6247217011575,657.3028197349034) (190.6247217011575,657.3028197349034) (190.6247217011575,683.2924418262141) (191.6247217011576,683.2924418262141) (191.6247217011576,709.2820639175249) (192.6247217011577,709.2820639175249) (192.6247217011577,735.2716860088356) (700,735.2716860088356)
robPositionX[0]:
[0]: (0,0) (0,92.5) (2,92.5) (2,97.73313175708738) (10.62472170114948,97.73313175708738) (10.62472170114948,123.7285354798977) (11.62472170114948,123.7285354798977) (11.62472170114948,149.723939202708) (12.62472170114948,149.723939202708) (12.62472170114948,175.7193429255182) (13.64352516363272,175.7193429255182) (13.64352516363272,201.7147466483285) (14.64352516363272,201.7147466483285) (14.64352516363272,227.7101503711388) (15.64352516363272,227.7101503711388) (15.64352516363272,253.7055540939491) (16.64352516363272,253.7055540939491) (16.64352516363272,279.7009578167594) (17.64352516363273,279.7009578167594) (17.64352516363273,305.6963615395697) (18.64352516363275,305.6963615395697) (18.64352516363275,331.69176526238) (19.64352516363276,331.69176526238) (19.64352516363276,357.6871689851903) (20.64352516363277,357.6871689851903) (20.64352516363277,383.6825727080006) (21.64352516363278,383.6825727080006) (21.64352516363278,409.6779764308109) (22.64352516363279,409.6779764308109) (22.64352516363279,435.6733801536212) (23.6435251636328,435.6733801536212) (23.6435251636328,461.6687838764315) (24.64352516363281,461.6687838764315) (24.64352516363281,487.6641875992418) (25.64352516363282,487.6641875992418) (25.64352516363282,513.6595913220521) (26.64352516363283,513.6595913220521) (26.64352516363283,539.6549950448623) (27.64352516363284,539.6549950448623) (27.64352516363284,565.6503987676725) (28.64352516363285,565.6503987676725) (28.64352516363285,591.6458024904828) (29.64352516363286,591.6458024904828) (29.64352516363286,617.641206213293) (30.64352516363287,617.641206213293) (30.64352516363287,643.6366099361032) (31.64352516363288,643.6366099361032) (31.64352516363288,669.6320136589135) (32.64352516363289,669.6320136589135) (32.64352516363289,695.6274173817237) (33.64352516363291,695.6274173817237) (33.64352516363291,721.622821104534) (34.64352516363292,721.622821104534) (34.64352516363292,747.6182248273442) (35.64352516363294,747.6182248273442) (35.64352516363294,773.6136285501544) (36.64352516363295,773.6136285501544) (36.64352516363295,799.6090322729647) (37.64352516363297,799.6090322729647) (37.64352516363297,825.6044359957749) (38.64352516363298,825.6044359957749) (38.64352516363298,851.5998397185851) (39.64352516363299,851.5998397185851) (39.64352516363299,877.5952434413954) (40.64352516363301,877.5952434413954) (40.64352516363301,903.5906471642056) (41.64352516363302,903.5906471642056) (41.64352516363302,929.5860508870159) (42.64352516363303,929.5860508870159) (42.64352516363303,955.5814546098261) (43.64352516363304,955.5814546098261) (43.64352516363304,981.5768583326363) (44.64352516363306,981.5768583326363) (44.64352516363306,1007.572262055447) (45.64352516363305,1007.572262055447) (45.64352516363305,1033.567665778257) (46.64352516363304,1033.567665778257) (46.64352516363304,1059.563069501067) (47.64352516363302,1059.563069501067) (47.64352516363302,1085.558473223878) (48.64352516363303,1085.558473223878) (48.64352516363303,1111.553876946688) (49.64352516363304,1111.553876946688) (49.64352516363304,1137.549280669498) (50.64352516363304,1137.549280669498) (50.64352516363304,1163.544684392309) (51.64352516363304,1163.544684392309) (51.64352516363304,1189.540088115119) (52.64352516363304,1189.540088115119) (52.64352516363304,1215.535491837929) (53.64352516363304,1215.535491837929) (53.64352516363304,1241.53089556074) (54.64352516363304,1241.53089556074) (54.64352516363304,1267.52629928355) (55.64352516363304,1267.52629928355) (55.64352516363304,1293.52170300636) (56.64352516363304,1293.52170300636) (56.64352516363304,1319.517106729171) (57.64352516363304,1319.517106729171) (57.64352516363304,1345.512510451981) (58.64352516363304,1345.512510451981) (58.64352516363304,1371.507914174791) (59.64352516363304,1371.507914174791) (59.64352516363304,1397.503317897602) (60.65625602049219,1397.503317897602) (60.65625602049219,1423.501210954746) (61.66487523817138,1423.501210954746) (61.66487523817138,1449.500245178851) (62.67071067893928,1449.500245178851) (62.67071067893928,1475.499802499311) (63.67466140998755,1475.499802499311) (63.67466140998755,1501.499599591989) (64.67733614240774,1501.499599591989) (64.67733614240774,1527.499506587529) (65.67914699373003,1527.499506587529) (65.67914699373003,1553.499463958168) (66.68037297843829,1553.499463958168) (66.68037297843829,1579.49944441867) (67.6812029958883,1579.49944441867) (67.6812029958883,1605.499435462594) (68.68176493511808,1605.499435462594) (68.68176493511808,1631.49943135751) (69.68214537975145,1631.49943135751) (69.68214537975145,1657.499429475914) (70.6824029487347,1657.499429475914) (70.6824029487347,1683.499428613471) (71.68257732832838,1683.499428613471) (71.68257732832838,1709.499428218164) (72.68269538696268,1709.499428218164) (72.68269538696268,1735.499428036972) (73.68277531513014,1735.499428036972) (73.68277531513014,1761.499427953921) (74.68282942817135,1761.499427953921) (74.68282942817135,1787.499427915854) (75.68286606383309,1787.499427915854) (75.68286606383309,1813.499427898406) (76.68289086694465,1813.499427898406) (76.68289086694465,1839.499427890409) (77.68290765917163,1839.499427890409) (77.68290765917163,1865.499427886743) (78.68291902784951,1865.499427886743) (78.68291902784951,1891.499427885063) (79.6829267246852,1891.499427885063) (79.6829267246852,1917.499427884293) (80.68293193559812,1917.499427884293) (80.68293193559812,1943.499427883939) (81.68293546349332,1943.499427883939) (81.68293546349332,1969.499427883778) (82.68293785195941,1969.499427883778) (82.68293785195941,1995.499427883703) (83.68293946899296,1995.499427883703) (83.68293946899296,2021.499427883669) (84.68294056379747,2021.499427883669) (84.68294056379747,2047.499427883654) (85.68294130497117,2047.499427883654) (85.68294130497117,2073.499427883647) (86.68294180676658,2073.499427883647) (86.68294180676658,2099.499427883643) (87.6829421465654,2099.499427883643) (87.6829421465654,2125.499427883642) (88.68294237693183,2125.499427883642) (88.68294237693183,2151.499427883641) (89.68294253178929,2151.499427883641) (89.68294253178929,2177.499427883641) (90.68294263609748,2177.499427883641) (90.68294263609748,2203.499427883641) (91.68294270909803,2203.499427883641) (91.68294270909803,2229.499427883641) (92.68294275851966,2229.499427883641) (92.68294275851966,2255.499427883641) (93.68294279183974,2255.499427883641) (93.68294279183974,2281.499427883641) (94.68294281291321,2281.499427883641) (94.68294281291321,2307.499427883641) (95.68294281291327,2307.499427883641) (95.68294281291327,2333.499427883641) (96.68294281291332,2333.499427883641) (96.68294281291332,2359.499427883641) (97.68294281291338,2359.499427883641) (97.68294281291338,2385.499427883641) (98.68294281291344,2385.499427883641) (98.68294281291344,2411.499427883641) (99.6829428129135,2411.499427883641) (99.6829428129135,2437.499427883641) (100.6829428129136,2437.499427883641) (100.6829428129136,2463.499427883641) (101.6829428129136,2463.499427883641) (101.6829428129136,2489.499427883641) (102.6829428129137,2489.499427883641) (102.6829428129137,2515.499427883641) (103.6829428129137,2515.499427883641) (103.6829428129137,2541.499427883641) (104.6829428129138,2541.499427883641) (104.6829428129138,2567.499427883641) (105.6829428129138,2567.499427883641) (105.6829428129138,2593.499427883641) (106.6829428129139,2593.499427883641) (106.6829428129139,2619.499427883641) (107.682942812914,2619.499427883641) (107.682942812914,2645.499427883641) (108.682942812914,2645.499427883641) (108.682942812914,2671.499427883641) (109.6829428129141,2671.499427883641) (109.6829428129141,2697.499427883641) (110.6829428129141,2697.499427883641) (110.6829428129141,2723.499427883641) (111.6829428129142,2723.499427883641) (111.6829428129142,2749.499427883641) (112.6829428129142,2749.499427883641) (112.6829428129142,2775.499427883641) (113.6829428129143,2775.499427883641) (113.6829428129143,2801.499427883641) (114.6829428129144,2801.499427883641) (114.6829428129144,2827.499427883641) (115.6829428129145,2827.499427883641) (115.6829428129145,2853.499427883641) (116.6829428129145,2853.499427883641) (116.6829428129145,2879.499427883641) (117.6829428129146,2879.499427883641) (117.6829428129146,2905.499427883641) (118.6829428129147,2905.499427883641) (118.6829428129147,2931.499427883641) (119.6829428129147,2931.499427883641) (119.6829428129147,2957.499427883641) (120.6829428129148,2957.499427883641) (120.6829428129148,2983.499427883641) (121.6829428129149,2983.499427883641) (121.6829428129149,3009.499427883641) (122.682942812915,3009.499427883641) (122.682942812915,3035.499427883641) (123.682942812915,3035.499427883641) (123.682942812915,3061.499427883641) (124.6829428129151,3061.499427883641) (124.6829428129151,3087.499427883641) (125.6829428129152,3087.499427883641) (125.6829428129152,3113.499427883641) (126.6829428129152,3113.499427883641) (126.6829428129152,3139.499427883641) (127.6829428129153,3139.499427883641) (127.6829428129153,3165.499427883641) (128.6829428129154,3165.499427883641) (128.6829428129154,3191.499427883641) (129.6829428129154,3191.499427883641) (129.6829428129154,3217.499427883641) (130.6829428129155,3217.499427883641) (130.6829428129155,3243.499427883641) (131.6829428129155,3243.499427883641) (131.6829428129155,3269.499427883641) (132.6829428129156,3269.499427883641) (132.6829428129156,3295.499427883641) (133.6829428129157,3295.499427883641) (133.6829428129157,3321.499427883641) (134.6829428129157,3321.499427883641) (134.6829428129157,3347.499427883641) (135.6829428129158,3347.499427883641) (135.6829428129158,3373.499427883641) (136.6829428129158,3373.499427883641) (136.6829428129158,3399.499427883641) (137.6829428129159,3399.499427883641) (137.6829428129159,3425.499427883641) (138.6829428129159,3425.499427883641) (138.6829428129159,3451.499427883641) (139.682942812916,3451.499427883641) (139.682942812916,3477.499427883641) (140.6829428129161,3477.499427883641) (140.6829428129161,3503.499427883641) (141.6829428129161,3503.499427883641) (141.6829428129161,3529.499427883641) (142.6829428129162,3529.499427883641) (142.6829428129162,3555.499427883641) (143.6829428129162,3555.499427883641) (143.6829428129162,3581.499427883641) (144.6829428129163,3581.499427883641) (144.6829428129163,3607.499427883641) (145.6829428129163,3607.499427883641) (145.6829428129163,3633.499427883641) (146.6829428129164,3633.499427883641) (146.6829428129164,3659.499427883641) (147.6829428129165,3659.499427883641) (147.6829428129165,3685.499427883641) (148.6829428129165,3685.499427883641) (148.6829428129165,3711.499427883641) (149.6829428129166,3711.499427883641) (149.6829428129166,3737.499427883641) (150.6829428129166,3737.499427883641) (150.6829428129166,3763.499427883641) (151.6829428129167,3763.499427883641) (151.6829428129167,3789.499427883641) (152.6829428129167,3789.499427883641) (152.6829428129167,3815.499427883641) (153.6829428129168,3815.499427883641) (153.6829428129168,3841.499427883641) (154.6829428129168,3841.499427883641) (154.6829428129168,3867.499427883641) (155.6829428129169,3867.499427883641) (155.6829428129169,3893.499427883641) (156.682942812917,3893.499427883641) (156.682942812917,3919.499427883641) (157.682942812917,3919.499427883641) (157.682942812917,3945.499427883641) (158.6829428129171,3945.499427883641) (158.6829428129171,3971.499427883641) (159.6829428129171,3971.499427883641) (159.6829428129171,3997.499427883641) (160.6829428129172,3997.499427883641) (160.6829428129172,4023.499427883641) (161.6829428129172,4023.499427883641) (161.6829428129172,4049.499427883641) (162.6829428129173,4049.499427883641) (162.6829428129173,4075.499427883641) (163.6829428129174,4075.499427883641) (163.6829428129174,4101.49942788364) (164.6829428129174,4101.49942788364) (164.6829428129174,4127.49942788364) (165.6829428129175,4127.49942788364) (165.6829428129175,4153.49942788364) (166.6829428129175,4153.49942788364) (166.6829428129175,4179.49942788364) (167.6829428129176,4179.49942788364) (167.6829428129176,4205.49942788364) (168.6829428129176,4205.49942788364) (168.6829428129176,4231.49942788364) (169.6829428129177,4231.49942788364) (169.6829428129177,4257.49942788364) (170.6829428129178,4257.49942788364) (170.6829428129178,4283.49942788364) (171.6829428129178,4283.49942788364) (171.6829428129178,4309.49942788364) (172.9217246086727,4309.49942788364) (172.9217246086727,4334.761725317672) (174.4378407055862,4334.761725317672) (174.4378407055862,4357.375029374853) (176.2366978847596,4357.375029374853) (176.2366978847596,4371.80338971305) (178.3724055280531,4371.80338971305) (178.3724055280531,4380.472858151295) (180.6807039869577,4380.472858151295) (180.6807039869577,4385.010512952947) (183.106844034704,4385.010512952947) (183.106844034704,4388.172157803916) (185.5755452627267,4388.172157803916) (185.5755452627267,4390.428283375573) (188.0729122982546,4390.428283375573) (188.0729122982546,4391.835488330516) (190.5973774607073,4391.835488330516) (190.5973774607073,4392.871718959358) (193.1342152988292,4392.871718959358) (193.1342152988292,4393.515439372457) (195.6841705189054,4393.515439372457) (195.6841705189054,4394.057268921059) (198.2341257389816,4394.057268921059) (198.2341257389816,4394.599098469662) (200.7840809590577,4394.599098469662) (200.7840809590577,4395.140928018264) (203.334036179134,4395.140928018264) (203.334036179134,4395.682757566867) (205.8839913992101,4395.682757566867) (205.8839913992101,4396.224587115469) (208.4339466192863,4396.224587115469) (208.4339466192863,4396.766416664072) (210.9839018393625,4396.766416664072) (210.9839018393625,4397.308246212675) (213.5338570594387,4397.308246212675) (213.5338570594387,4397.850075761278) (216.0838122795149,4397.850075761278) (216.0838122795149,4398.391905309881) (218.6337674995911,4398.391905309881) (218.6337674995911,4398.933734858484) (221.1837227196673,4398.933734858484) (221.1837227196673,4399.475564407086) (223.7336779397435,4399.475564407086) (223.7336779397435,4400.01739395569) (226.2836331598197,4400.01739395569) (226.2836331598197,4400.559223504292) (228.8335883798958,4400.559223504292) (228.8335883798958,4400.840201776819) (700,4400.840201776819)
robPositionY[0]:
[0]: (0,0) (0,163.5) (2,163.5) (2,188.9679078844919) (10.62472170114948,188.9679078844919) (10.62472170114948,188.479046668909) (11.62472170114948,188.479046668909) (11.62472170114948,187.9901854533261) (12.62472170114948,187.9901854533261) (12.62472170114948,187.5013242377433) (13.64352516363272,187.5013242377433) (13.64352516363272,187.0124630221605) (14.64352516363272,187.0124630221605) (14.64352516363272,186.5236018065776) (15.64352516363272,186.5236018065776) (15.64352516363272,186.0347405909947) (16.64352516363272,186.0347405909947) (16.64352516363272,185.5458793754118) (17.64352516363273,185.5458793754118) (17.64352516363273,185.0570181598289) (18.64352516363275,185.0570181598289) (18.64352516363275,184.568156944246) (19.64352516363276,184.568156944246) (19.64352516363276,184.0792957286631) (20.64352516363277,184.0792957286631) (20.64352516363277,183.5904345130803) (21.64352516363278,183.5904345130803) (21.64352516363278,183.1015732974974) (22.64352516363279,183.1015732974974) (22.64352516363279,182.6127120819145) (23.6435251636328,182.6127120819145) (23.6435251636328,182.1238508663316) (24.64352516363281,182.1238508663316) (24.64352516363281,181.6349896507487) (25.64352516363282,181.6349896507487) (25.64352516363282,181.1461284351658) (26.64352516363283,181.1461284351658) (26.64352516363283,180.6572672195829) (27.64352516363284,180.6572672195829) (27.64352516363284,180.168406004) (28.64352516363285,180.168406004) (28.64352516363285,179.6795447884172) (29.64352516363286,179.6795447884172) (29.64352516363286,179.1906835728343) (30.64352516363287,179.1906835728343) (30.64352516363287,178.7018223572514) (31.64352516363288,178.7018223572514) (31.64352516363288,178.2129611416685) (32.64352516363289,178.2129611416685) (32.64352516363289,177.7240999260856) (33.64352516363291,177.7240999260856) (33.64352516363291,177.2352387105027) (34.64352516363292,177.2352387105027) (34.64352516363292,176.7463774949198) (35.64352516363294,176.7463774949198) (35.64352516363294,176.257516279337) (36.64352516363295,176.257516279337) (36.64352516363295,175.7686550637541) (37.64352516363297,175.7686550637541) (37.64352516363297,175.2797938481712) (38.64352516363298,175.2797938481712) (38.64352516363298,174.7909326325883) (39.64352516363299,174.7909326325883) (39.64352516363299,174.3020714170054) (40.64352516363301,174.3020714170054) (40.64352516363301,173.8132102014225) (41.64352516363302,173.8132102014225) (41.64352516363302,173.3243489858396) (42.64352516363303,173.3243489858396) (42.64352516363303,172.8354877702567) (43.64352516363304,172.8354877702567) (43.64352516363304,172.3466265546739) (44.64352516363306,172.3466265546739) (44.64352516363306,171.857765339091) (45.64352516363305,171.857765339091) (45.64352516363305,171.3689041235081) (46.64352516363304,171.3689041235081) (46.64352516363304,170.8800429079252) (47.64352516363302,170.8800429079252) (47.64352516363302,170.3911816923423) (48.64352516363303,170.3911816923423) (48.64352516363303,169.9023204767594) (49.64352516363304,169.9023204767594) (49.64352516363304,169.4134592611765) (50.64352516363304,169.4134592611765) (50.64352516363304,168.9245980455937) (51.64352516363304,168.9245980455937) (51.64352516363304,168.4357368300108) (52.64352516363304,168.4357368300108) (52.64352516363304,167.9468756144279) (53.64352516363304,167.9468756144279) (53.64352516363304,167.458014398845) (54.64352516363304,167.458014398845) (54.64352516363304,166.9691531832621) (55.64352516363304,166.9691531832621) (55.64352516363304,166.4802919676792) (56.64352516363304,166.4802919676792) (56.64352516363304,165.9914307520963) (57.64352516363304,165.9914307520963) (57.64352516363304,165.5025695365134) (58.64352516363304,165.5025695365134) (58.64352516363304,165.0137083209306) (59.64352516363304,165.0137083209306) (59.64352516363304,164.5248471053477) (60.65625602049219,164.5248471053477) (60.65625602049219,164.1938537681208) (61.66487523817138,164.1938537681208) (61.66487523817138,163.969756883213) (62.67071067893928,163.969756883213) (62.67071067893928,163.8180362843253) (63.67466140998755,163.8180362843253) (63.67466140998755,163.7153175442811) (64.67733614240774,163.7153175442811) (64.67733614240774,163.6457745842783) (65.67914699373003,163.6457745842783) (65.67914699373003,163.5986924756321) (66.68037297843829,163.5986924756321) (66.68037297843829,163.566816881204) (67.6812029958883,163.566816881204) (67.6812029958883,163.545236429983) (68.68176493511808,163.545236429983) (68.68176493511808,163.5306260107791) (69.68214537975145,163.5306260107791) (69.68214537975145,163.5207344505516) (70.6824029487347,163.5207344505516) (70.6824029487347,163.5140376570627) (71.68257732832838,163.5140376570627) (71.68257732832838,163.5095037876518) (72.68269538696268,163.5095037876518) (72.68269538696268,163.5064342631685) (73.68277531513014,163.5064342631685) (73.68277531513014,163.5043561308182) (74.68282942817135,163.5043561308182) (74.68282942817135,163.5029491917491) (75.68286606383309,163.5029491917491) (75.68286606383309,163.5019966645455) (76.68289086694465,163.5019966645455) (76.68289086694465,163.5013517836466) (77.68290765917163,163.5013517836466) (77.68290765917163,163.5009151857469) (78.68291902784951,163.5009151857469) (78.68291902784951,163.5006196001235) (79.6829267246852,163.5006196001235) (79.6829267246852,163.5004194823974) (80.68293193559812,163.5004194823974) (80.68293193559812,163.5002839986634) (81.68293546349332,163.5002839986634) (81.68293546349332,163.5001922733894) (82.68293785195941,163.5001922733894) (82.68293785195941,163.5001301732726) (83.68293946899296,163.5001301732726) (83.68293946899296,163.5000881304022) (84.68294056379747,163.5000881304022) (84.68294056379747,163.5000596654866) (85.68294130497117,163.5000596654866) (85.68294130497117,163.5000403949721) (86.68294180676658,163.5000403949721) (86.68294180676658,163.5000273482928) (87.6829421465654,163.5000273482928) (87.6829421465654,163.5000185135251) (88.68294237693183,163.5000185135251) (88.68294237693183,163.5000125239997) (89.68294253178929,163.5000125239997) (89.68294253178929,163.5000084977071) (90.68294263609748,163.5000084977071) (90.68294263609748,163.5000057856957) (91.68294270909803,163.5000057856957) (91.68294270909803,163.5000038876832) (92.68294275851966,163.5000038876832) (92.68294275851966,163.5000026027226) (93.68294279183974,163.5000026027226) (93.68294279183974,163.5000017364024) (94.68294281291321,163.5000017364024) (94.68294281291321,163.5000011884933) (95.68294281291327,163.5000011884933) (95.68294281291327,163.5000006405843) (172.9217246086727,163.5000006405843) (172.9217246086727,169.6494988603188) (174.4378407055862,169.6494988603188) (174.4378407055862,182.4806515605829) (176.2366978847596,182.4806515605829) (176.2366978847596,204.1098544573876) (178.3724055280531,204.1098544573876) (178.3724055280531,228.6218987825405) (180.6807039869577,228.6218987825405) (180.6807039869577,254.2228692504944) (183.106844034704,254.2228692504944) (183.106844034704,280.0299225855101) (185.5755452627267,280.0299225855101) (185.5755452627267,305.9318510350467) (188.0729122982546,305.9318510350467) (188.0729122982546,331.8937418408948) (190.5973774607073,331.8937418408948) (190.5973774607073,357.873084135954) (193.1342152988292,357.873084135954) (193.1342152988292,383.8651141457428) (195.6841705189054,383.8651141457428) (195.6841705189054,409.8594677776426) (198.2341257389816,409.8594677776426) (198.2341257389816,435.8538214095424) (200.7840809590577,435.8538214095424) (200.7840809590577,461.8481750414421) (203.334036179134,461.8481750414421) (203.334036179134,487.8425286733419) (205.8839913992101,487.8425286733419) (205.8839913992101,513.8368823052417) (208.4339466192863,513.8368823052417) (208.4339466192863,539.8312359371415) (210.9839018393625,539.8312359371415) (210.9839018393625,565.8255895690413) (213.5338570594387,565.8255895690413) (213.5338570594387,591.8199432009411) (216.0838122795149,591.8199432009411) (216.0838122795149,617.8142968328409) (218.6337674995911,617.8142968328409) (218.6337674995911,643.8086504647407) (221.1837227196673,643.8086504647407) (221.1837227196673,669.8030040966405) (223.7336779397435,669.8030040966405) (223.7336779397435,695.7973577285403) (226.2836331598197,695.7973577285403) (226.2836331598197,721.7917113604401) (228.8335883798958,721.7917113604401) (228.8335883798958,735.2716860088356) (700,735.2716860088356)
batteryCharge[0]:
[0]: (0,100) (700,100)
user_guided_transport.end:
[0]: (0,0) (230.8335883798949,0) (230.8335883798949,1) (700,1)
[2K
Verifying formula 5 at /nta/queries/query[5]/formula
 -- Formula: simulate[<=700]{robot_inventory[0][0], user_guided_transport.end*2}
[2K -- Formula is satisfied.
robot_inventory[0][0]:
[0]: (0,0) (10.28519625400141,0) (10.28519625400141,1) (700,1)
user_guided_transport.end * 2:
[0]: (0,0) (233.4940629327407,0) (233.4940629327407,2) (700,2)
[2K
Verifying formula 6 at /nta/queries/query[6]/formula
 -- Formula: simulate[<=700]{bedroom[0], bedroom[1], kitchen[0], kitchen[1]}
[2K -- Formula is satisfied.
bedroom[0]:
[0]: (0,100) (700,100)
bedroom[1]:
[0]: (0,200) (700,200)
kitchen[0]:
[0]: (0,4400) (700,4400)
kitchen[1]:
[0]: (0,765) (700,765)
[2K
Verifying formula 7 at /nta/queries/query[7]/formula
 -- Formula: simulate[<=700]{rm_1.idle, rf_1.idle, rp_1.idle, rd_1.idle}
[2K -- Formula is satisfied.
rm_1.idle:
[0]: (0,0) (0,1) (0,0) (3,0) (3,1) (700,1)
rf_1.idle:
[0]: (0,0) (0,1) (8.174147909728825,1) (8.174147909728825,0) (230.3830145884528,0) (230.3830145884528,1) (700,1)
rp_1.idle:
[0]: (0,0) (0,1) (2,1) (2,0) (8.174147909728825,0) (8.174147909728825,1) (700,1)
rd_1.idle:
[0]: (0,0) (0,1) (700,1)
[2K
Verifying formula 8 at /nta/queries/query[8]/formula
 -- Formula: Pr[<=700](<>!rm_1.idle || !rf_1.idle || !rp_1.idle || !rd_1.idle)
[2K -- Formula is satisfied.
(72/72 runs) Pr(<> …) in [0.950056,1] (95% CI)
Values in [0,0] mean=0 steps=2.22045e-16: 72
[2K
Verifying formula 9 at /nta/queries/query[9]/formula
 -- Formula: Pr[<=700]([] (user_guided_transport.end imply (rm_1.idle && rf_1.idle && rp_1.idle && rd_1.idle)))
 -- Throughput: 564183 runs/sec, Load: 335 runs[K
[2K -- Formula is satisfied.
(72/72 runs) Pr([] …) in [0.950056,1] (95% CI)
[2K
Verifying formula 10 at /nta/queries/query[10]/formula
 -- Formula: Pr[<=700] (<> pow(robPositionX[0] - bedroom[0], 2) + pow(robPositionY[0] - bedroom[1], 2) <= 900 )
[2K -- Formula is satisfied.
(72/72 runs) Pr(<> …) in [0.950056,1] (95% CI)
Values in [2,2] mean=2 steps=2.22045e-16: 72
[2K
Verifying formula 11 at /nta/queries/query[11]/formula
 -- Formula: Pr[<=700] (<> pow(humanPositionX[0] - kitchen[0], 2) + pow(humanPositionY[0] - kitchen[1], 2) <= 900 )
[2K -- Formula is satisfied.
(99/101 runs) Pr(<> …) in [0.930295,0.997593] (95% CI)
Values in [192.006,196.838] mean=194.682 steps=0.483218: 9 7 7 8 8 13 18 5 9 15
[2K
Verifying formula 12 at /nta/queries/query[12]/formula
 -- Formula: Pr[<=700] (<> pow(humanPositionX[0] - bedroom[0], 2) + pow(humanPositionY[0] - bedroom[1], 2) <= 900 )
[2K -- Formula is satisfied.
(72/72 runs) Pr(<> …) in [0.950056,1] (95% CI)
Values in [1,1] mean=1 steps=2.22045e-16: 72
[2K
Verifying formula 13 at /nta/queries/query[13]/formula
 -- Formula: Pr[<=700] (<> !isValidPosition(humanPositionX[0], humanPositionY[0]))
[2K -- Formula is satisfied.
(72/72 runs) Pr(<> …) in [0.950056,1] (95% CI)
Values in [0,0] mean=0 steps=2.22045e-16: 72
[2K
Verifying formula 14 at /nta/queries/query[14]/formula
 -- Formula: Pr[<=700] (<> !isValidPosition(robPositionX[0], robPositionY[0]))
[2K -- Formula is satisfied.
(72/72 runs) Pr(<> …) in [0.950056,1] (95% CI)
Values in [0,0] mean=0 steps=2.22045e-16: 72
[2K
Verifying formula 15 at /nta/queries/query[15]/formula
 -- Formula: Pr[<=700] (<> currP > 2)
 -- Throughput: 563938 runs/sec, Load: 335 runs[K
[2K -- Formula is satisfied.
(0/72 runs) Pr(<> …) in [0,0.0499441] (95% CI)
