Options for the verification:
  Generating no trace
  Search order is breadth first
  Using conservative space optimisation
  Seed is 1782635452
  State space representation uses minimal constraint systems with future testing
  Using HashMap + Compress integers for discrete state storage
[2K
Verifying formula 1 at /nta/queries/query[1]/formula
 -- Formula: simulate[<=700]{Coffee_Delivery_robot1_def.s1_start, Coffee_Delivery_robot1_def.s1_end, Coffee_Delivery_robot1_def.s2_start, Coffee_Delivery_robot1_def.s2_end, Coffee_Delivery_robot1_def.s3_start, Coffee_Delivery_robot1_def.s3_end, Coffee_Delivery_robot1_def.s4_start, Coffee_Delivery_robot1_def.s4_end, Coffee_Delivery.end}
[2K -- Formula is satisfied.
Coffee_Delivery_robot1_def.s1_start:
[0]: (0,0) (0,1) (0,0) (700.000002,0)
Coffee_Delivery_robot1_def.s1_end:
[0]: (0,0) (67.5767397931244,0) (67.5767397931244,1) (67.5767397931244,0) (700.000002,0)
Coffee_Delivery_robot1_def.s2_start:
[0]: (0,0) (67.5767397931244,0) (67.5767397931244,1) (67.5767397931244,0) (700.000002,0)
Coffee_Delivery_robot1_def.s2_end:
[0]: (0,0) (76.28100200224945,0) (76.28100200224945,1) (76.28100200224945,0) (700.000002,0)
Coffee_Delivery_robot1_def.s3_start:
[0]: (0,0) (76.28100200224945,0) (76.28100200224945,1) (76.28100200224945,0) (700.000002,0)
Coffee_Delivery_robot1_def.s3_end:
[0]: (0,0) (144.9604570307714,0) (144.9604570307714,1) (144.9604570307714,0) (700.000002,0)
Coffee_Delivery_robot1_def.s4_start:
[0]: (0,0) (144.9604570307714,0) (144.9604570307714,1) (144.9604570307714,0) (700.000002,0)
Coffee_Delivery_robot1_def.s4_end:
[0]: (0,0) (149.9604570307715,0) (149.9604570307715,1) (149.9604570307715,0) (700.000002,0)
Coffee_Delivery.end:
[0]: (0,0) (149.9604570307715,0) (149.9604570307715,1) (700.000002,1)
[2K
Verifying formula 2 at /nta/queries/query[2]/formula
 -- Formula: Pr[<=700] (<> Coffee_Delivery.end)
[2K -- Aborted.
[2K
Verifying formula 3 at /nta/queries/query[3]/formula
 -- Formula: simulate[<=700]{humanPositionX[0], humanPositionY[0], robPositionX[0], robPositionY[0], batteryCharge[0], Coffee_Delivery.end}
[2K -- Formula is satisfied.
humanPositionX[0]:
[0]: (0,0) (0,92.5) (700.000002,92.5)
humanPositionY[0]:
[0]: (0,0) (0,163.5) (700.000002,163.5)
robPositionX[0]:
[0]: (0,0) (0,92.5) (2,92.5) (2,118.5) (3,118.5) (3,144.5) (4,144.5) (4,170.5) (5,170.5) (5,196.5) (6,196.5) (6,222.5) (7,222.5) (7,248.5) (8,248.5) (8,274.5) (9,274.5) (9,300.5) (10,300.5) (10,326.5) (11,326.5) (11,352.5) (12,352.5) (12,378.5) (13,378.5) (13,404.5) (14,404.5) (14,430.5) (15,430.5) (15,456.5) (16,456.5) (16,482.5) (17,482.5) (17,508.5) (18,508.5) (18,534.5) (19,534.5) (19,560.5) (20,560.5) (20,586.5) (21,586.5) (21,612.5) (22,612.5) (22,638.5) (23,638.5) (23,664.5) (24,664.5) (24,690.5) (25,690.5) (25,716.5) (26,716.5) (26,742.5) (27,742.5) (27,768.5) (28,768.5) (28,794.5) (29,794.5) (29,820.5) (30,820.5) (30,846.5) (31,846.5) (31,872.5) (32,872.5) (32,898.5) (33,898.5) (33,924.5) (34,924.5) (34,950.5) (35,950.5) (35,976.5) (36,976.5) (36,1002.5) (37,1002.5) (37,1028.5) (38,1028.5) (38,1054.5) (39,1054.5) (39,1080.5) (40,1080.5) (40,1106.5) (41,1106.5) (41,1132.5) (42,1132.5) (42,1158.5) (43,1158.5) (43,1184.5) (44,1184.5) (44,1210.5) (45,1210.5) (45,1236.5) (46,1236.5) (46,1262.5) (47,1262.5) (47,1288.5) (48,1288.5) (48,1314.5) (49,1314.5) (49,1340.5) (50,1340.5) (50,1366.5) (51,1366.5) (51,1392.5) (52,1392.5) (52,1418.5) (53,1418.5) (53,1444.5) (54,1444.5) (54,1452) (56.57673979312436,1452) (56.57673979312436,1451.845470785223) (57.57673979312436,1451.845470785223) (57.57673979312436,1451.690941570446) (58.57673979312436,1451.690941570446) (58.57673979312436,1451.536412355669) (59.57673979312436,1451.536412355669) (59.57673979312436,1451.381883140892) (60.57673979312436,1451.381883140892) (60.57673979312436,1451.227353926115) (61.57673979312436,1451.227353926115) (61.57673979312436,1451.072824711337) (62.57673979312436,1451.072824711337) (62.57673979312436,1450.91829549656) (63.57673979312436,1450.91829549656) (63.57673979312436,1450.763766281783) (64.5767397931244,1450.763766281783) (64.5767397931244,1450.609237067006) (65.5767397931244,1450.609237067006) (65.5767397931244,1450.454707852229) (66.5767397931244,1450.454707852229) (66.5767397931244,1450.300178637452) (67.5767397931244,1450.300178637452) (67.5767397931244,1450.145649422675) (79.32158964711323,1450.145649422675) (79.32158964711323,1450.300178637452) (81.88644250757865,1450.300178637452) (81.88644250757865,1450.454707852229) (82.88644250757868,1450.454707852229) (82.88644250757868,1450.609237067006) (83.88644250757864,1450.609237067006) (83.88644250757864,1450.763766281783) (84.88644250757865,1450.763766281783) (84.88644250757865,1450.91829549656) (85.88644250757865,1450.91829549656) (85.88644250757865,1451.072824711337) (86.88644250757868,1451.072824711337) (86.88644250757868,1451.227353926115) (87.88644250757868,1451.227353926115) (87.88644250757868,1451.381883140892) (88.88644250757868,1451.381883140892) (88.88644250757868,1451.536412355669) (89.88644250757868,1451.536412355669) (89.88644250757868,1451.690941570446) (90.88644250757868,1451.690941570446) (90.88644250757868,1451.845470785223) (91.88644250757868,1451.845470785223) (91.88644250757868,1452) (96.00104467563524,1452) (96.00104467563524,1426.009469747118) (97.00104467563524,1426.009469747118) (97.00104467563524,1400.018939494237) (98.00104467563524,1400.018939494237) (98.00104467563524,1374.028409241355) (99.00104467563524,1374.028409241355) (99.00104467563524,1348.037878988473) (100.0010446756352,1348.037878988473) (100.0010446756352,1322.047348735592) (101.0010446756352,1322.047348735592) (101.0010446756352,1296.05681848271) (102.0010446756352,1296.05681848271) (102.0010446756352,1270.066288229829) (103.0010446756352,1270.066288229829) (103.0010446756352,1244.075757976947) (104.0010446756352,1244.075757976947) (104.0010446756352,1218.085227724065) (105.0010446756352,1218.085227724065) (105.0010446756352,1192.094697471184) (106.0010446756352,1192.094697471184) (106.0010446756352,1166.104167218302) (107.0010446756352,1166.104167218302) (107.0010446756352,1140.11363696542) (108.0010446756352,1140.11363696542) (108.0010446756352,1114.123106712539) (109.0010446756352,1114.123106712539) (109.0010446756352,1088.132576459657) (110.0010446756352,1088.132576459657) (110.0010446756352,1062.142046206776) (111.0010446756352,1062.142046206776) (111.0010446756352,1036.151515953894) (112.0010446756352,1036.151515953894) (112.0010446756352,1010.160985701012) (113.0010446756352,1010.160985701012) (113.0010446756352,984.1704554481307) (114.0010446756352,984.1704554481307) (114.0010446756352,958.1799251952491) (115.0010446756352,958.1799251952491) (115.0010446756352,932.1893949423675) (116.0010446756352,932.1893949423675) (116.0010446756352,906.1988646894858) (117.0010446756352,906.1988646894858) (117.0010446756352,880.2083344366042) (118.0010446756352,880.2083344366042) (118.0010446756352,854.2178041837226) (119.0010446756352,854.2178041837226) (119.0010446756352,828.227273930841) (120.0010446756352,828.227273930841) (120.0010446756352,802.2367436779593) (121.0010446756352,802.2367436779593) (121.0010446756352,776.2462134250777) (122.0010446756352,776.2462134250777) (122.0010446756352,750.2556831721961) (123.0010446756352,750.2556831721961) (123.0010446756352,724.2651529193145) (124.0010446756352,724.2651529193145) (124.0010446756352,698.2746226664328) (125.0010446756352,698.2746226664328) (125.0010446756352,672.2840924135512) (126.0010446756352,672.2840924135512) (126.0010446756352,646.2935621606696) (127.0010446756352,646.2935621606696) (127.0010446756352,620.303031907788) (128.0010446756353,620.303031907788) (128.0010446756353,594.3125016549063) (129.0010446756353,594.3125016549063) (129.0010446756353,568.3219714020247) (130.0010446756353,568.3219714020247) (130.0010446756353,542.3314411491431) (131.0010446756353,542.3314411491431) (131.0010446756353,516.3409108962614) (132.0010446756353,516.3409108962614) (132.0010446756353,490.3503806433799) (133.0010446756353,490.3503806433799) (133.0010446756353,464.3598503904983) (134.0010446756353,464.3598503904983) (134.0010446756353,438.3693201376167) (135.0010446756353,438.3693201376167) (135.0010446756353,412.3787898847352) (136.0010446756353,412.3787898847352) (136.0010446756353,386.3882596318536) (137.0010446756353,386.3882596318536) (137.0010446756353,360.397729378972) (138.0010446756353,360.397729378972) (138.0010446756353,334.4071991260905) (139.0010446756353,334.4071991260905) (139.0010446756353,308.4166688732089) (140.0010446756353,308.4166688732089) (140.0010446756353,282.4261386203273) (141.0010446756353,282.4261386203273) (141.0010446756353,256.4356083674458) (142.0010446756353,256.4356083674458) (142.0010446756353,230.4450781145642) (143.0010446756353,230.4450781145642) (143.0010446756353,204.4545478616826) (144.0010446756353,204.4545478616826) (144.0010446756353,178.464017608801) (145.0010446756353,178.464017608801) (145.0010446756353,152.4734873559195) (146.0010446756353,152.4734873559195) (146.0010446756353,126.4829571030379) (700.000002,126.4829571030379)
robPositionY[0]:
[0]: (0,0) (0,163.5) (56.57673979312436,163.5) (56.57673979312436,189.4995407790557) (57.57673979312436,189.4995407790557) (57.57673979312436,215.4990815581114) (58.57673979312436,215.4990815581114) (58.57673979312436,241.4986223371671) (59.57673979312436,241.4986223371671) (59.57673979312436,267.4981631162228) (60.57673979312436,267.4981631162228) (60.57673979312436,293.4977038952785) (61.57673979312436,293.4977038952785) (61.57673979312436,319.4972446743342) (62.57673979312436,319.4972446743342) (62.57673979312436,345.4967854533899) (63.57673979312436,345.4967854533899) (63.57673979312436,371.4963262324455) (64.5767397931244,371.4963262324455) (64.5767397931244,397.4958670115012) (65.5767397931244,397.4958670115012) (65.5767397931244,423.4954077905569) (66.5767397931244,423.4954077905569) (66.5767397931244,449.4949485696126) (67.5767397931244,449.4949485696126) (67.5767397931244,475.4944893486683) (79.32158964711323,475.4944893486683) (79.32158964711323,449.4949485696126) (81.88644250757865,449.4949485696126) (81.88644250757865,423.4954077905569) (82.88644250757868,423.4954077905569) (82.88644250757868,397.4958670115012) (83.88644250757864,397.4958670115012) (83.88644250757864,371.4963262324455) (84.88644250757865,371.4963262324455) (84.88644250757865,345.4967854533899) (85.88644250757865,345.4967854533899) (85.88644250757865,319.4972446743342) (86.88644250757868,319.4972446743342) (86.88644250757868,293.4977038952785) (87.88644250757868,293.4977038952785) (87.88644250757868,267.4981631162228) (88.88644250757868,267.4981631162228) (88.88644250757868,241.4986223371671) (89.88644250757868,241.4986223371671) (89.88644250757868,215.4990815581114) (90.88644250757868,215.4990815581114) (90.88644250757868,189.4995407790557) (91.88644250757868,189.4995407790557) (91.88644250757868,163.5) (96.00104467563524,163.5) (96.00104467563524,164.2016674241034) (97.00104467563524,164.2016674241034) (97.00104467563524,164.9033348482068) (98.00104467563524,164.9033348482068) (98.00104467563524,165.6050022723103) (99.00104467563524,165.6050022723103) (99.00104467563524,166.3066696964137) (100.0010446756352,166.3066696964137) (100.0010446756352,167.0083371205171) (101.0010446756352,167.0083371205171) (101.0010446756352,167.7100045446205) (102.0010446756352,167.7100045446205) (102.0010446756352,168.4116719687239) (103.0010446756352,168.4116719687239) (103.0010446756352,169.1133393928274) (104.0010446756352,169.1133393928274) (104.0010446756352,169.8150068169308) (105.0010446756352,169.8150068169308) (105.0010446756352,170.5166742410342) (106.0010446756352,170.5166742410342) (106.0010446756352,171.2183416651376) (107.0010446756352,171.2183416651376) (107.0010446756352,171.920009089241) (108.0010446756352,171.920009089241) (108.0010446756352,172.6216765133445) (109.0010446756352,172.6216765133445) (109.0010446756352,173.3233439374479) (110.0010446756352,173.3233439374479) (110.0010446756352,174.0250113615513) (111.0010446756352,174.0250113615513) (111.0010446756352,174.7266787856547) (112.0010446756352,174.7266787856547) (112.0010446756352,175.4283462097581) (113.0010446756352,175.4283462097581) (113.0010446756352,176.1300136338616) (114.0010446756352,176.1300136338616) (114.0010446756352,176.831681057965) (115.0010446756352,176.831681057965) (115.0010446756352,177.5333484820684) (116.0010446756352,177.5333484820684) (116.0010446756352,178.2350159061718) (117.0010446756352,178.2350159061718) (117.0010446756352,178.9366833302752) (118.0010446756352,178.9366833302752) (118.0010446756352,179.6383507543786) (119.0010446756352,179.6383507543786) (119.0010446756352,180.3400181784821) (120.0010446756352,180.3400181784821) (120.0010446756352,181.0416856025855) (121.0010446756352,181.0416856025855) (121.0010446756352,181.7433530266889) (122.0010446756352,181.7433530266889) (122.0010446756352,182.4450204507923) (123.0010446756352,182.4450204507923) (123.0010446756352,183.1466878748957) (124.0010446756352,183.1466878748957) (124.0010446756352,183.8483552989992) (125.0010446756352,183.8483552989992) (125.0010446756352,184.5500227231026) (126.0010446756352,184.5500227231026) (126.0010446756352,185.251690147206) (127.0010446756352,185.251690147206) (127.0010446756352,185.9533575713094) (128.0010446756353,185.9533575713094) (128.0010446756353,186.6550249954128) (129.0010446756353,186.6550249954128) (129.0010446756353,187.3566924195163) (130.0010446756353,187.3566924195163) (130.0010446756353,188.0583598436197) (131.0010446756353,188.0583598436197) (131.0010446756353,188.7600272677231) (132.0010446756353,188.7600272677231) (132.0010446756353,189.4616946918265) (133.0010446756353,189.4616946918265) (133.0010446756353,190.1633621159299) (134.0010446756353,190.1633621159299) (134.0010446756353,190.8650295400334) (135.0010446756353,190.8650295400334) (135.0010446756353,191.5666969641368) (136.0010446756353,191.5666969641368) (136.0010446756353,192.2683643882402) (137.0010446756353,192.2683643882402) (137.0010446756353,192.9700318123436) (138.0010446756353,192.9700318123436) (138.0010446756353,193.671699236447) (139.0010446756353,193.671699236447) (139.0010446756353,194.3733666605505) (140.0010446756353,194.3733666605505) (140.0010446756353,195.0750340846539) (141.0010446756353,195.0750340846539) (141.0010446756353,195.7767015087573) (142.0010446756353,195.7767015087573) (142.0010446756353,196.4783689328607) (143.0010446756353,196.4783689328607) (143.0010446756353,197.1800363569641) (144.0010446756353,197.1800363569641) (144.0010446756353,197.8817037810676) (145.0010446756353,197.8817037810676) (145.0010446756353,198.583371205171) (146.0010446756353,198.583371205171) (146.0010446756353,199.2850386292744) (700.000002,199.2850386292744)
batteryCharge[0]:
[0]: (0,100) (700.000002,100)
Coffee_Delivery.end:
[0]: (0,0) (151.0010446756353,0) (151.0010446756353,1) (700.000002,1)
[2K
Verifying formula 4 at /nta/queries/query[4]/formula
 -- Formula: simulate[<=700]{robot_inventory[0][0], Coffee_Delivery.end*2}
[2K -- Formula is satisfied.
robot_inventory[0][0]:
[0]: (0,0) (77.3569594179305,0) (77.3569594179305,1) (151.0364144464525,1) (151.0364144464525,0) (700,0)
Coffee_Delivery.end * 2:
[0]: (0,0) (151.0364144464525,0) (151.0364144464525,2) (700,2)
[2K
Verifying formula 5 at /nta/queries/query[5]/formula
 -- Formula: simulate[<=700]{coffee_room[0], coffee_room[1], office001[0], office001[1]}
[2K -- Formula is satisfied.
coffee_room[0]:
[0]: (0,1450) (700.000002,1450)
coffee_room[1]:
[0]: (0,500) (700.000002,500)
office001[0]:
[0]: (0,100) (700.000002,100)
office001[1]:
[0]: (0,200) (700.000002,200)
[2K
Verifying formula 6 at /nta/queries/query[6]/formula
 -- Formula: simulate[<=700]{rm_1.idle, rf_1.idle, rp_1.idle, rd_1.idle}
[2K -- Formula is satisfied.
rm_1.idle:
[0]: (0,0) (0,1) (0,0) (68.57673979312466,0) (68.57673979312466,1) (77.19120936285202,1) (77.19120936285202,0) (146.8706643913733,0) (146.8706643913733,1) (700.000002,1)
rf_1.idle:
[0]: (0,0) (0,1) (700.000002,1)
rp_1.idle:
[0]: (0,0) (0,1) (67.5767397931244,1) (67.5767397931244,0) (77.19120936285202,0) (77.19120936285202,1) (700.000002,1)
rd_1.idle:
[0]: (0,0) (0,1) (145.8706643913741,1) (145.8706643913741,0) (150.870664391374,0) (150.870664391374,1) (700.000002,1)
[2K
Verifying formula 7 at /nta/queries/query[7]/formula
 -- Formula: Pr[<=700](<>!rm_1.idle || !rf_1.idle || !rp_1.idle || !rd_1.idle)
[2K -- Formula is satisfied.
(72/72 runs) Pr(<> …) in [0.950056,1] (95% CI)
Values in [0,0] mean=0 steps=2.22045e-16: 72
[2K
Verifying formula 8 at /nta/queries/query[8]/formula
 -- Formula: Pr[<=700]([] (Coffee_Delivery.end imply (rm_1.idle && rf_1.idle && rp_1.idle && rd_1.idle)))
[2K -- Formula is satisfied.
(72/72 runs) Pr([] …) in [0.950056,1] (95% CI)
[2K
Verifying formula 9 at /nta/queries/query[9]/formula
 -- Formula: Pr[<=700] (<> pow(robPositionX[0] - coffee_room[0], 2) + pow(robPositionY[0] - coffee_room[1], 2) <= 900 )
[2K -- Formula is satisfied.
(72/72 runs) Pr(<> …) in [0.950056,1] (95% CI)
Values in [67.5767,67.5767] mean=67.5767 steps=2.22045e-16: 72
[2K
Verifying formula 10 at /nta/queries/query[10]/formula
 -- Formula: Pr[<=700] (<> pow(robPositionX[0] - office001[0], 2) + pow(robPositionY[0] - office001[1], 2) <= 900 )
[2K -- Formula is satisfied.
(72/72 runs) Pr(<> …) in [0.950056,1] (95% CI)
Values in [141.289,146.148] mean=143.842 steps=0.539888: 5 11 7 8 8 6 6 10 11
[2K
Verifying formula 11 at /nta/queries/query[11]/formula
 -- Formula: Pr[<=700] (<> !isValidPosition(humanPositionX[0], humanPositionY[0]))
[2K -- Formula is satisfied.
(72/72 runs) Pr(<> …) in [0.950056,1] (95% CI)
Values in [0,0] mean=0 steps=2.22045e-16: 72
[2K
Verifying formula 12 at /nta/queries/query[12]/formula
 -- Formula: Pr[<=700] (<> !isValidPosition(robPositionX[0], robPositionY[0]))
[2K -- Formula is satisfied.
(72/72 runs) Pr(<> …) in [0.950056,1] (95% CI)
Values in [0,0] mean=0 steps=2.22045e-16: 72
[2K
Verifying formula 13 at /nta/queries/query[13]/formula
 -- Formula: Pr[<=700] (<> currP > 2)
[2K -- Formula is satisfied.
(0/72 runs) Pr(<> …) in [0,0.0499441] (95% CI)
