Options for the verification:
  Generating no trace
  Search order is breadth first
  Using conservative space optimisation
  Seed is 1782637753
  State space representation uses minimal constraint systems with future testing
  Using HashMap + Compress integers for discrete state storage
[2K
Verifying formula 1 at /nta/queries/query[1]/formula
 -- Formula: simulate[<=700]{RobotPatrol_nurse_def.s1_start, RobotPatrol_nurse_def.s1_end, RobotPatrol_nurse_def.s2_start, RobotPatrol_nurse_def.s2_end, RobotPatrol_nurse_def.s3_start, RobotPatrol_nurse_def.s3_end, RobotPatrol_nurse_def.s4_start, RobotPatrol_nurse_def.s4_end, RobotPatrol.end}
[2K -- Formula is satisfied.
RobotPatrol_nurse_def.s1_start:
[0]: (0,0) (0,1) (0,0) (5,0) (5,1) (5,0) (10,0) (10,1) (10,0) (15,0) (15,1) (15,0) (20,0) (20,1) (20,0) (25,0) (25,1) (25,0) (30,0) (30,1) (30,0) (35,0) (35,1) (35,0) (40,0) (40,1) (40,0) (45,0) (45,1) (45,0) (50,0) (50,1) (50,0) (55,0) (55,1) (55,0) (60,0) (60,1) (60,0) (65,0) (65,1) (65,0) (70,0) (70,1) (70,0) (75,0) (75,1) (75,0) (80,0) (80,1) (80,0) (85,0) (85,1) (85,0) (90,0) (90,1) (90,0) (95,0) (95,1) (95,0) (100,0) (100,1) (100,0) (105,0) (105,1) (105,0) (110,0) (110,1) (110,0) (115,0) (115,1) (115,0) (120,0) (120,1) (120,0) (125,0) (125,1) (125,0) (130,0) (130,1) (130,0) (135,0) (135,1) (135,0) (140,0) (140,1) (140,0) (145,0) (145,1) (145,0) (150,0) (150,1) (150,0) (155,0) (155,1) (155,0) (160,0) (160,1) (160,0) (165,0) (165,1) (165,0) (170,0) (170,1) (170,0) (175,0) (175,1) (175,0) (180,0) (180,1) (180,0) (185,0) (185,1) (185,0) (700,0)
RobotPatrol_nurse_def.s1_end:
[0]: (0,0) (186,0) (186,1) (700,1)
RobotPatrol_nurse_def.s2_start:
[0]: (0,0) (700,0)
RobotPatrol_nurse_def.s2_end:
[0]: (0,0) (700,0)
RobotPatrol_nurse_def.s3_start:
[0]: (0,0) (700,0)
RobotPatrol_nurse_def.s3_end:
[0]: (0,0) (700,0)
RobotPatrol_nurse_def.s4_start:
[0]: (0,0) (700,0)
RobotPatrol_nurse_def.s4_end:
[0]: (0,0) (700,0)
RobotPatrol.end:
[0]: (0,0) (700,0)
[2K
Verifying formula 2 at /nta/queries/query[2]/formula
 -- Formula: simulate[<=700]{RobotPatrol_robot1_def.s1_start, RobotPatrol_robot1_def.s1_end, RobotPatrol_robot1_def.s2_start, RobotPatrol_robot1_def.s2_end, RobotPatrol_robot1_def.s3_start, RobotPatrol_robot1_def.s3_idle, RobotPatrol_robot1_def.s4_start, RobotPatrol_robot1_def.s4_idle, RobotPatrol.end}
[2K -- Formula is satisfied.
RobotPatrol_robot1_def.s1_start:
[0]: (0,0) (0,1) (0,0) (700,0)
RobotPatrol_robot1_def.s1_end:
[0]: (0,0) (191.5990514817416,0) (191.5990514817416,1) (191.5990514817416,0) (700,0)
RobotPatrol_robot1_def.s2_start:
[0]: (0,0) (191.5990514817416,0) (191.5990514817416,1) (191.5990514817416,0) (700,0)
RobotPatrol_robot1_def.s2_end:
[0]: (0,0) (390.5482642217517,0) (390.5482642217517,1) (700,1)
RobotPatrol_robot1_def.s3_start:
[0]: (0,0) (700,0)
RobotPatrol_robot1_def.s3_idle:
[0]: (0,0) (700,0)
RobotPatrol_robot1_def.s4_start:
[0]: (0,0) (700,0)
RobotPatrol_robot1_def.s4_idle:
[0]: (0,0) (700,0)
RobotPatrol.end:
[0]: (0,0) (700,0)
[2K
Verifying formula 3 at /nta/queries/query[3]/formula
 -- Formula: Pr[<=700] (<> RobotPatrol.end)
 -- Throughput: 662674 runs/sec, Load: 330 runs[K
[2K -- Formula is satisfied.
(0/72 runs) Pr(<> …) in [0,0.0499441] (95% CI)
[2K
Verifying formula 4 at /nta/queries/query[4]/formula
 -- Formula: simulate[<=700]{humanPositionX[0], humanPositionY[0], robPositionX[0], robPositionY[0], batteryCharge[0], RobotPatrol.end}
[2K -- Formula is satisfied.
humanPositionX[0]:
[0]: (0,0) (0,92.5) (1,92.5) (1,118.5) (2,118.5) (2,144.5) (3,144.5) (3,170.5) (4,170.5) (4,196.5) (5,196.5) (5,222.5) (6,222.5) (6,248.5) (7,248.5) (7,274.5) (8,274.5) (8,300.5) (9,300.5) (9,326.5) (10,326.5) (10,352.5) (11,352.5) (11,378.5) (12,378.5) (12,404.5) (13,404.5) (13,430.5) (14,430.5) (14,456.5) (15,456.5) (15,482.5) (16,482.5) (16,508.5) (17,508.5) (17,534.5) (18,534.5) (18,560.5) (19,560.5) (19,586.5) (20,586.5) (20,612.5) (21,612.5) (21,638.5) (22,638.5) (22,664.5) (23,664.5) (23,690.5) (24,690.5) (24,716.5) (25,716.5) (25,742.5) (26,742.5) (26,768.5) (27,768.5) (27,794.5) (28,794.5) (28,820.5) (29,820.5) (29,846.5) (30,846.5) (30,872.5) (31,872.5) (31,898.5) (32,898.5) (32,924.5) (33,924.5) (33,950.5) (34,950.5) (34,976.5) (35,976.5) (35,1002.5) (36,1002.5) (36,1028.5) (37,1028.5) (37,1054.5) (38,1054.5) (38,1080.5) (39,1080.5) (39,1106.5) (40,1106.5) (40,1132.5) (41,1132.5) (41,1158.5) (42,1158.5) (42,1184.5) (43,1184.5) (43,1210.5) (44,1210.5) (44,1236.5) (45,1236.5) (45,1262.5) (46,1262.5) (46,1288.5) (47,1288.5) (47,1314.5) (48,1314.5) (48,1340.5) (49,1340.5) (49,1366.5) (50,1366.5) (50,1392.5) (51,1392.5) (51,1418.5) (52,1418.5) (52,1444.5) (53,1444.5) (53,1478) (54,1478) (54,1504) (55,1504) (55,1530) (56,1530) (56,1556) (57,1556) (57,1582) (58,1582) (58,1608) (59,1608) (59,1634) (60,1634) (60,1660) (61,1660) (61,1686) (62,1686) (62,1712) (63,1712) (63,1738) (64,1738) (64,1764) (65,1764) (65,1790) (66,1790) (66,1816) (67,1816) (67,1842) (68,1842) (68,1868) (69,1868) (69,1894) (70,1894) (70,1920) (71,1920) (71,1946) (72,1946) (72,1972) (73,1972) (73,1998) (74,1998) (74,2024) (75,2024) (75,2050) (76,2050) (76,2076) (77,2076) (77,2102) (78,2102) (78,2128) (79,2128) (79,2154) (80,2154) (80,2180) (81,2180) (81,2206) (82,2206) (82,2232) (83,2232) (83,2258) (84,2258) (84,2284) (85,2284) (85,2310) (86,2310) (86,2336) (87,2336) (87,2362) (88,2362) (88,2388) (89,2388) (89,2414) (90,2414) (90,2440) (91,2440) (91,2466) (92,2466) (92,2492) (93,2492) (93,2518) (94,2518) (94,2544) (95,2544) (95,2570) (96,2570) (96,2596) (97,2596) (97,2622) (98,2622) (98,2648) (99,2648) (99,2674) (100,2674) (100,2700) (101,2700) (101,2726) (102,2726) (102,2752) (103,2752) (103,2778) (104,2778) (104,2804) (105,2804) (105,2830) (106,2830) (106,2856) (107,2856) (107,2882) (108,2882) (108,2908) (109,2908) (109,2934) (110,2934) (110,2960) (111,2960) (111,2986) (112,2986) (112,3012) (113,3012) (113,3038) (114,3038) (114,3088.5) (115,3088.5) (115,3114.5) (116,3114.5) (116,3140.5) (117,3140.5) (117,3166.5) (118,3166.5) (118,3192.5) (119,3192.5) (119,3218.5) (120,3218.5) (120,3244.5) (121,3244.5) (121,3270.5) (122,3270.5) (122,3296.5) (123,3296.5) (123,3322.5) (124,3322.5) (124,3348.5) (125,3348.5) (125,3374.5) (126,3374.5) (126,3400.5) (127,3400.5) (127,3426.5) (128,3426.5) (128,3452.5) (129,3452.5) (129,3478.5) (130,3478.5) (130,3504.5) (131,3504.5) (131,3530.5) (132,3530.5) (132,3556.5) (133,3556.5) (133,3582.5) (134,3582.5) (134,3608.5) (135,3608.5) (135,3634.5) (136,3634.5) (136,3660.5) (137,3660.5) (137,3686.5) (138,3686.5) (138,3712.5) (139,3712.5) (139,3738.5) (140,3738.5) (140,3764.5) (141,3764.5) (141,3790.5) (142,3790.5) (142,3816.5) (143,3816.5) (143,3842.5) (144,3842.5) (144,3868.5) (145,3868.5) (145,3894.5) (146,3894.5) (146,3920.5) (147,3920.5) (147,3946.5) (148,3946.5) (148,3972.5) (149,3972.5) (149,3998.5) (150,3998.5) (150,4024.5) (151,4024.5) (151,4050.5) (152,4050.5) (152,4076.5) (153,4076.5) (153,4102.5) (154,4102.5) (154,4128.5) (155,4128.5) (155,4154.5) (156,4154.5) (156,4180.5) (157,4180.5) (157,4206.5) (158,4206.5) (158,4232.5) (159,4232.5) (159,4258.5) (160,4258.5) (160,4284.5) (161,4284.5) (161,4310.5) (162,4310.5) (162,4336.5) (163,4336.5) (163,4362.5) (164,4362.5) (164,4388.5) (165,4388.5) (165,4416.265463717128) (166,4416.265463717128) (166,4415.530927434256) (167,4415.530927434256) (167,4414.796391151384) (168,4414.796391151384) (168,4414.061854868512) (169,4414.061854868512) (169,4413.327318585641) (170,4413.327318585641) (170,4412.592782302769) (171,4412.592782302769) (171,4411.858246019897) (172,4411.858246019897) (172,4411.123709737025) (173,4411.123709737025) (173,4410.389173454153) (174,4410.389173454153) (174,4409.654637171281) (175,4409.654637171281) (175,4408.920100888409) (176,4408.920100888409) (176,4408.185564605537) (177,4408.185564605537) (177,4407.451028322665) (178,4407.451028322665) (178,4406.716492039794) (179,4406.716492039794) (179,4405.981955756922) (180,4405.981955756922) (180,4405.24741947405) (181,4405.24741947405) (181,4404.512883191178) (182,4404.512883191178) (182,4403.778346908306) (183,4403.778346908306) (183,4403.043810625434) (184,4403.043810625434) (184,4402.309274342562) (185,4402.309274342562) (185,4401.57473805969) (186,4401.57473805969) (186,4400.840201776819) (700,4400.840201776819)
humanPositionY[0]:
[0]: (0,0) (0,163.5) (165,163.5) (165,189.4896220913107) (166,189.4896220913107) (166,215.4792441826214) (167,215.4792441826214) (167,241.4688662739321) (168,241.4688662739321) (168,267.4584883652428) (169,267.4584883652428) (169,293.4481104565535) (170,293.4481104565535) (170,319.4377325478642) (171,319.4377325478642) (171,345.427354639175) (172,345.427354639175) (172,371.4169767304857) (173,371.4169767304857) (173,397.4065988217964) (174,397.4065988217964) (174,423.3962209131071) (175,423.3962209131071) (175,449.3858430044178) (176,449.3858430044178) (176,475.3754650957285) (177,475.3754650957285) (177,501.3650871870392) (178,501.3650871870392) (178,527.3547092783499) (179,527.3547092783499) (179,553.3443313696606) (180,553.3443313696606) (180,579.3339534609713) (181,579.3339534609713) (181,605.323575552282) (182,605.323575552282) (182,631.3131976435927) (183,631.3131976435927) (183,657.3028197349034) (184,657.3028197349034) (184,683.2924418262141) (185,683.2924418262141) (185,709.2820639175249) (186,709.2820639175249) (186,735.2716860088356) (700,735.2716860088356)
robPositionX[0]:
[0]: (0,0) (0,92.5) (2,92.5) (2,118.5) (3,118.5) (3,144.5) (4,144.5) (4,170.5) (5,170.5) (5,196.5) (6,196.5) (6,222.5) (7,222.5) (7,248.5) (8,248.5) (8,274.5) (9,274.5) (9,300.5) (10,300.5) (10,326.5) (11,326.5) (11,352.5) (12,352.5) (12,378.5) (13,378.5) (13,404.5) (14,404.5) (14,430.5) (15,430.5) (15,456.5) (16,456.5) (16,482.5) (17,482.5) (17,508.5) (18,508.5) (18,534.5) (19,534.5) (19,560.5) (20,560.5) (20,586.5) (21,586.5) (21,612.5) (22,612.5) (22,638.5) (23,638.5) (23,664.5) (24,664.5) (24,690.5) (25,690.5) (25,716.5) (26,716.5) (26,742.5) (27,742.5) (27,768.5) (28,768.5) (28,794.5) (29,794.5) (29,820.5) (30,820.5) (30,846.5) (31,846.5) (31,872.5) (32,872.5) (32,898.5) (33,898.5) (33,924.5) (34,924.5) (34,950.5) (35,950.5) (35,976.5) (36,976.5) (36,1002.5) (37,1002.5) (37,1028.5) (38,1028.5) (38,1054.5) (39,1054.5) (39,1080.5) (40,1080.5) (40,1106.5) (41,1106.5) (41,1132.5) (42,1132.5) (42,1158.5) (43,1158.5) (43,1184.5) (44,1184.5) (44,1210.5) (45,1210.5) (45,1236.5) (46,1236.5) (46,1262.5) (47,1262.5) (47,1288.5) (48,1288.5) (48,1314.5) (49,1314.5) (49,1340.5) (50,1340.5) (50,1366.5) (51,1366.5) (51,1392.5) (52,1392.5) (52,1418.5) (53,1418.5) (53,1444.5) (54,1444.5) (54,1452) (55,1452) (55,1478) (56,1478) (56,1504) (57,1504) (57,1530) (58,1530) (58,1556) (59,1556) (59,1582) (60,1582) (60,1608) (61,1608) (61,1634) (62,1634) (62,1660) (63,1660) (63,1686) (64,1686) (64,1712) (65,1712) (65,1738) (66,1738) (66,1764) (67,1764) (67,1790) (68,1790) (68,1816) (69,1816) (69,1842) (70,1842) (70,1868) (71,1868) (71,1894) (72,1894) (72,1920) (73,1920) (73,1946) (74,1946) (74,1972) (75,1972) (75,1998) (76,1998) (76,2024) (77,2024) (77,2050) (78,2050) (78,2076) (79,2076) (79,2102) (80,2102) (80,2128) (81,2128) (81,2154) (82,2154) (82,2180) (83,2180) (83,2206) (84,2206) (84,2232) (85,2232) (85,2258) (86,2258) (86,2284) (87,2284) (87,2310) (88,2310) (88,2336) (89,2336) (89,2362) (90,2362) (90,2388) (91,2388) (91,2414) (92,2414) (92,2440) (93,2440) (93,2466) (94,2466) (94,2492) (95,2492) (95,2518) (96,2518) (96,2544) (97,2544) (97,2570) (98,2570) (98,2596) (99,2596) (99,2622) (100,2622) (100,2648) (101,2648) (101,2674) (102,2674) (102,2700) (103,2700) (103,2726) (104,2726) (104,2752) (105,2752) (105,2778) (106,2778) (106,2804) (107,2804) (107,2830) (108,2830) (108,2856) (109,2856) (109,2882) (110,2882) (110,2908) (111,2908) (111,2934) (112,2934) (112,2960) (113,2960) (113,2986) (114,2986) (114,3012) (115,3012) (115,3038) (116,3038) (116,3062.5) (117,3062.5) (117,3088.5) (118,3088.5) (118,3114.5) (119,3114.5) (119,3140.5) (120,3140.5) (120,3166.5) (121,3166.5) (121,3192.5) (122,3192.5) (122,3218.5) (123,3218.5) (123,3244.5) (124,3244.5) (124,3270.5) (125,3270.5) (125,3296.5) (126,3296.5) (126,3322.5) (127,3322.5) (127,3348.5) (128,3348.5) (128,3374.5) (129,3374.5) (129,3400.5) (130,3400.5) (130,3426.5) (131,3426.5) (131,3452.5) (132,3452.5) (132,3478.5) (133,3478.5) (133,3504.5) (134,3504.5) (134,3530.5) (135,3530.5) (135,3556.5) (136,3556.5) (136,3582.5) (137,3582.5) (137,3608.5) (138,3608.5) (138,3634.5) (139,3634.5) (139,3660.5) (140,3660.5) (140,3686.5) (141,3686.5) (141,3712.5) (142,3712.5) (142,3738.5) (143,3738.5) (143,3764.5) (144,3764.5) (144,3790.5) (145,3790.5) (145,3816.5) (146,3816.5) (146,3842.5) (147,3842.5) (147,3868.5) (148,3868.5) (148,3894.5) (149,3894.5) (149,3920.5) (150,3920.5) (150,3946.5) (151,3946.5) (151,3972.5) (152,3972.5) (152,3998.5) (153,3998.5) (153,4024.5) (154,4024.5) (154,4050.5) (155,4050.5) (155,4076.5) (156,4076.5) (156,4102.5) (157,4102.5) (157,4128.5) (158,4128.5) (158,4154.5) (159,4154.5) (159,4180.5) (160,4180.5) (160,4206.5) (161,4206.5) (161,4232.5) (162,4232.5) (162,4258.5) (163,4258.5) (163,4284.5) (164,4284.5) (164,4310.5) (165,4310.5) (165,4336.5) (166,4336.5) (166,4362.5) (167,4362.5) (167,4388.5) (168,4388.5) (168,4417) (170.5990514817416,4417) (170.5990514817416,4416.265463717128) (171.5990514817416,4416.265463717128) (171.5990514817416,4415.530927434256) (172.5990514817416,4415.530927434256) (172.5990514817416,4414.796391151384) (173.5990514817416,4414.796391151384) (173.5990514817416,4414.061854868512) (174.5990514817416,4414.061854868512) (174.5990514817416,4413.327318585641) (175.5990514817416,4413.327318585641) (175.5990514817416,4412.592782302769) (176.5990514817416,4412.592782302769) (176.5990514817416,4411.858246019897) (177.5990514817416,4411.858246019897) (177.5990514817416,4411.123709737025) (178.5990514817416,4411.123709737025) (178.5990514817416,4410.389173454153) (179.5990514817416,4410.389173454153) (179.5990514817416,4409.654637171281) (180.5990514817416,4409.654637171281) (180.5990514817416,4408.920100888409) (181.5990514817416,4408.920100888409) (181.5990514817416,4408.185564605537) (182.5990514817416,4408.185564605537) (182.5990514817416,4407.451028322665) (183.5990514817416,4407.451028322665) (183.5990514817416,4406.716492039794) (184.5990514817416,4406.716492039794) (184.5990514817416,4405.981955756922) (185.5990514817416,4405.981955756922) (185.5990514817416,4405.24741947405) (186.5990514817416,4405.24741947405) (186.5990514817416,4404.512883191178) (187.5990514817416,4404.512883191178) (187.5990514817416,4403.778346908306) (188.5990514817416,4403.778346908306) (188.5990514817416,4403.043810625434) (189.5990514817416,4403.043810625434) (189.5990514817416,4402.309274342562) (190.5990514817416,4402.309274342562) (190.5990514817416,4401.57473805969) (191.5990514817416,4401.57473805969) (191.5990514817416,4400.840201776819) (192.5990514817416,4400.840201776819) (192.5990514817416,4374.845079718808) (196.7212730734001,4374.845079718808) (196.7212730734001,4348.849957660797) (197.7212730734001,4348.849957660797) (197.7212730734001,4322.854835602787) (198.7212730734001,4322.854835602787) (198.7212730734001,4296.859713544776) (199.7212730734001,4296.859713544776) (199.7212730734001,4270.864591486766) (200.7212730734001,4270.864591486766) (200.7212730734001,4244.869469428755) (201.7212730734001,4244.869469428755) (201.7212730734001,4218.874347370745) (202.7212730734001,4218.874347370745) (202.7212730734001,4192.879225312734) (203.7212730734001,4192.879225312734) (203.7212730734001,4166.884103254723) (204.7212730734001,4166.884103254723) (204.7212730734001,4140.888981196713) (205.7212730734001,4140.888981196713) (205.7212730734001,4114.893859138702) (206.7212730734001,4114.893859138702) (206.7212730734001,4088.898737080691) (207.7212730734001,4088.898737080691) (207.7212730734001,4062.90361502268) (208.7212730734001,4062.90361502268) (208.7212730734001,4036.908492964669) (209.7212730734001,4036.908492964669) (209.7212730734001,4010.913370906658) (210.7212730734001,4010.913370906658) (210.7212730734001,3984.918248848647) (211.7212730734001,3984.918248848647) (211.7212730734001,3958.923126790636) (212.7212730734001,3958.923126790636) (212.7212730734001,3932.928004732625) (213.7212730734001,3932.928004732625) (213.7212730734001,3906.932882674614) (214.7212730734001,3906.932882674614) (214.7212730734001,3880.937760616603) (215.7212730734001,3880.937760616603) (215.7212730734001,3854.942638558592) (216.7212730734001,3854.942638558592) (216.7212730734001,3828.947516500581) (217.7212730734001,3828.947516500581) (217.7212730734001,3802.95239444257) (218.7212730734001,3802.95239444257) (218.7212730734001,3776.957272384559) (219.7212730734001,3776.957272384559) (219.7212730734001,3750.962150326548) (220.7212730734001,3750.962150326548) (220.7212730734001,3724.967028268537) (221.7212730734001,3724.967028268537) (221.7212730734001,3698.971906210526) (222.7212730734001,3698.971906210526) (222.7212730734001,3672.976784152515) (223.7212730734001,3672.976784152515) (223.7212730734001,3646.981662094504) (224.7212730734001,3646.981662094504) (224.7212730734001,3620.986540036493) (225.7212730734001,3620.986540036493) (225.7212730734001,3594.991417978482) (226.7212730734001,3594.991417978482) (226.7212730734001,3568.996295920471) (227.7212730734001,3568.996295920471) (227.7212730734001,3543.00117386246) (228.7212730734001,3543.00117386246) (228.7212730734001,3517.006051804449) (229.7212730734001,3517.006051804449) (229.7212730734001,3491.010929746438) (230.7212730734001,3491.010929746438) (230.7212730734001,3465.015807688427) (231.7212730734001,3465.015807688427) (231.7212730734001,3439.020685630416) (232.7212730734001,3439.020685630416) (232.7212730734001,3413.025563572405) (233.7212730734001,3413.025563572405) (233.7212730734001,3387.030441514394) (234.7212730734001,3387.030441514394) (234.7212730734001,3361.035319456383) (235.7212730734001,3361.035319456383) (235.7212730734001,3335.040197398372) (236.7212730734001,3335.040197398372) (236.7212730734001,3309.045075340361) (237.7212730734001,3309.045075340361) (237.7212730734001,3283.04995328235) (238.7212730734001,3283.04995328235) (238.7212730734001,3257.054831224339) (239.7212730734001,3257.054831224339) (239.7212730734001,3231.059709166328) (240.7212730734001,3231.059709166328) (240.7212730734001,3205.064587108317) (241.7212730734001,3205.064587108317) (241.7212730734001,3179.069465050306) (242.7212730734001,3179.069465050306) (242.7212730734001,3153.074342992295) (243.7212730734001,3153.074342992295) (243.7212730734001,3127.079220934284) (244.7212730734001,3127.079220934284) (244.7212730734001,3101.084098876272) (245.7212730734001,3101.084098876272) (245.7212730734001,3075.088976818261) (246.7212730734001,3075.088976818261) (246.7212730734001,3062.5) (275.4336620536951,3062.5) (275.4336620536951,3036.5) (276.4336620536951,3036.5) (276.4336620536951,3010.5) (277.4336620536951,3010.5) (277.4336620536951,2984.5) (278.4336620536951,2984.5) (278.4336620536951,2958.5) (279.4336620536951,2958.5) (279.4336620536951,2932.5) (280.4336620536951,2932.5) (280.4336620536951,2906.5) (281.4336620536951,2906.5) (281.4336620536951,2880.5) (282.4336620536951,2880.5) (282.4336620536951,2854.5) (283.4336620536951,2854.5) (283.4336620536951,2828.5) (284.4336620536951,2828.5) (284.4336620536951,2802.5) (285.4336620536951,2802.5) (285.4336620536951,2776.5) (286.4336620536951,2776.5) (286.4336620536951,2750.5) (287.4336620536951,2750.5) (287.4336620536951,2724.5) (288.4336620536951,2724.5) (288.4336620536951,2698.5) (289.4336620536951,2698.5) (289.4336620536951,2672.5) (290.4336620536951,2672.5) (290.4336620536951,2646.5) (291.4336620536951,2646.5) (291.4336620536951,2620.5) (292.4336620536951,2620.5) (292.4336620536951,2594.5) (293.4336620536951,2594.5) (293.4336620536951,2568.5) (294.4336620536951,2568.5) (294.4336620536951,2542.5) (295.4336620536951,2542.5) (295.4336620536951,2516.5) (296.4336620536951,2516.5) (296.4336620536951,2490.5) (297.4336620536951,2490.5) (297.4336620536951,2464.5) (298.4336620536951,2464.5) (298.4336620536951,2438.5) (299.4336620536951,2438.5) (299.4336620536951,2412.5) (300.4336620536951,2412.5) (300.4336620536951,2386.5) (301.4336620536951,2386.5) (301.4336620536951,2360.5) (302.4336620536951,2360.5) (302.4336620536951,2334.5) (303.4336620536951,2334.5) (303.4336620536951,2308.5) (304.4336620536951,2308.5) (304.4336620536951,2282.5) (305.4336620536951,2282.5) (305.4336620536951,2256.5) (306.4336620536951,2256.5) (306.4336620536951,2230.5) (307.4336620536951,2230.5) (307.4336620536951,2204.5) (308.4336620536951,2204.5) (308.4336620536951,2178.5) (309.4336620536951,2178.5) (309.4336620536951,2152.5) (310.4336620536951,2152.5) (310.4336620536951,2126.5) (311.4336620536951,2126.5) (311.4336620536951,2100.5) (312.4336620536951,2100.5) (312.4336620536951,2074.5) (313.4336620536951,2074.5) (313.4336620536951,2048.5) (314.4336620536951,2048.5) (314.4336620536951,2022.5) (315.4336620536951,2022.5) (315.4336620536951,1996.5) (316.4336620536951,1996.5) (316.4336620536951,1970.5) (317.4336620536951,1970.5) (317.4336620536951,1944.5) (318.4336620536951,1944.5) (318.4336620536951,1918.5) (319.4336620536951,1918.5) (319.4336620536951,1892.5) (320.4336620536951,1892.5) (320.4336620536951,1866.5) (321.4336620536951,1866.5) (321.4336620536951,1840.5) (322.4336620536951,1840.5) (322.4336620536951,1814.5) (323.4336620536951,1814.5) (323.4336620536951,1788.5) (324.4336620536951,1788.5) (324.4336620536951,1762.5) (325.4336620536951,1762.5) (325.4336620536951,1736.5) (326.4336620536951,1736.5) (326.4336620536951,1710.5) (327.4336620536951,1710.5) (327.4336620536951,1684.5) (328.4336620536951,1684.5) (328.4336620536951,1658.5) (329.4336620536951,1658.5) (329.4336620536951,1632.5) (330.4336620536951,1632.5) (330.4336620536951,1606.5) (331.4336620536951,1606.5) (331.4336620536951,1580.5) (332.4336620536951,1580.5) (332.4336620536951,1554.5) (333.4336620536951,1554.5) (333.4336620536951,1528.5) (334.4336620536951,1528.5) (334.4336620536951,1502.5) (335.4336620536951,1502.5) (335.4336620536951,1476.5) (336.4336620536951,1476.5) (336.4336620536951,1452) (340.5482642217518,1452) (340.5482642217518,1426.009469747118) (341.5482642217518,1426.009469747118) (341.5482642217518,1400.018939494237) (342.5482642217518,1400.018939494237) (342.5482642217518,1374.028409241355) (343.5482642217518,1374.028409241355) (343.5482642217518,1348.037878988473) (344.5482642217518,1348.037878988473) (344.5482642217518,1322.047348735592) (345.5482642217518,1322.047348735592) (345.5482642217518,1296.05681848271) (346.5482642217518,1296.05681848271) (346.5482642217518,1270.066288229829) (347.5482642217518,1270.066288229829) (347.5482642217518,1244.075757976947) (348.5482642217518,1244.075757976947) (348.5482642217518,1218.085227724065) (349.5482642217518,1218.085227724065) (349.5482642217518,1192.094697471184) (350.5482642217518,1192.094697471184) (350.5482642217518,1166.104167218302) (351.5482642217518,1166.104167218302) (351.5482642217518,1140.11363696542) (352.5482642217518,1140.11363696542) (352.5482642217518,1114.123106712539) (353.5482642217518,1114.123106712539) (353.5482642217518,1088.132576459657) (354.5482642217518,1088.132576459657) (354.5482642217518,1062.142046206776) (355.5482642217518,1062.142046206776) (355.5482642217518,1036.151515953894) (356.5482642217518,1036.151515953894) (356.5482642217518,1010.160985701012) (357.5482642217518,1010.160985701012) (357.5482642217518,984.1704554481307) (358.5482642217518,984.1704554481307) (358.5482642217518,958.1799251952491) (359.5482642217518,958.1799251952491) (359.5482642217518,932.1893949423675) (360.5482642217518,932.1893949423675) (360.5482642217518,906.1988646894858) (361.5482642217518,906.1988646894858) (361.5482642217518,880.2083344366042) (362.5482642217518,880.2083344366042) (362.5482642217518,854.2178041837226) (363.5482642217518,854.2178041837226) (363.5482642217518,828.227273930841) (364.5482642217518,828.227273930841) (364.5482642217518,802.2367436779593) (365.5482642217518,802.2367436779593) (365.5482642217518,776.2462134250777) (366.5482642217518,776.2462134250777) (366.5482642217518,750.2556831721961) (367.5482642217518,750.2556831721961) (367.5482642217518,724.2651529193145) (368.5482642217518,724.2651529193145) (368.5482642217518,698.2746226664328) (369.5482642217518,698.2746226664328) (369.5482642217518,672.2840924135512) (370.5482642217518,672.2840924135512) (370.5482642217518,646.2935621606696) (371.5482642217518,646.2935621606696) (371.5482642217518,620.303031907788) (372.5482642217518,620.303031907788) (372.5482642217518,594.3125016549063) (373.5482642217518,594.3125016549063) (373.5482642217518,568.3219714020247) (374.5482642217518,568.3219714020247) (374.5482642217518,542.3314411491431) (375.5482642217518,542.3314411491431) (375.5482642217518,516.3409108962614) (376.5482642217518,516.3409108962614) (376.5482642217518,490.3503806433799) (377.5482642217518,490.3503806433799) (377.5482642217518,464.3598503904983) (378.5482642217518,464.3598503904983) (378.5482642217518,438.3693201376167) (379.5482642217518,438.3693201376167) (379.5482642217518,412.3787898847352) (380.5482642217518,412.3787898847352) (380.5482642217518,386.3882596318536) (381.5482642217518,386.3882596318536) (381.5482642217518,360.397729378972) (382.5482642217518,360.397729378972) (382.5482642217518,334.4071991260905) (383.5482642217518,334.4071991260905) (383.5482642217518,308.4166688732089) (384.5482642217518,308.4166688732089) (384.5482642217518,282.4261386203273) (385.5482642217518,282.4261386203273) (385.5482642217518,256.4356083674458) (386.5482642217518,256.4356083674458) (386.5482642217518,230.4450781145642) (387.5482642217518,230.4450781145642) (387.5482642217518,204.4545478616826) (388.5482642217518,204.4545478616826) (388.5482642217518,178.464017608801) (389.5482642217518,178.464017608801) (389.5482642217518,152.4734873559195) (390.5482642217518,152.4734873559195) (390.5482642217518,126.4829571030379) (700,126.4829571030379)
robPositionY[0]:
[0]: (0,0) (0,163.5) (170.5990514817416,163.5) (170.5990514817416,189.4896220913107) (171.5990514817416,189.4896220913107) (171.5990514817416,215.4792441826214) (172.5990514817416,215.4792441826214) (172.5990514817416,241.4688662739321) (173.5990514817416,241.4688662739321) (173.5990514817416,267.4584883652428) (174.5990514817416,267.4584883652428) (174.5990514817416,293.4481104565535) (175.5990514817416,293.4481104565535) (175.5990514817416,319.4377325478642) (176.5990514817416,319.4377325478642) (176.5990514817416,345.427354639175) (177.5990514817416,345.427354639175) (177.5990514817416,371.4169767304857) (178.5990514817416,371.4169767304857) (178.5990514817416,397.4065988217964) (179.5990514817416,397.4065988217964) (179.5990514817416,423.3962209131071) (180.5990514817416,423.3962209131071) (180.5990514817416,449.3858430044178) (181.5990514817416,449.3858430044178) (181.5990514817416,475.3754650957285) (182.5990514817416,475.3754650957285) (182.5990514817416,501.3650871870392) (183.5990514817416,501.3650871870392) (183.5990514817416,527.3547092783499) (184.5990514817416,527.3547092783499) (184.5990514817416,553.3443313696606) (185.5990514817416,553.3443313696606) (185.5990514817416,579.3339534609713) (186.5990514817416,579.3339534609713) (186.5990514817416,605.323575552282) (187.5990514817416,605.323575552282) (187.5990514817416,631.3131976435927) (188.5990514817416,631.3131976435927) (188.5990514817416,657.3028197349034) (189.5990514817416,657.3028197349034) (189.5990514817416,683.2924418262141) (190.5990514817416,683.2924418262141) (190.5990514817416,709.2820639175249) (191.5990514817416,709.2820639175249) (191.5990514817416,735.2716860088356) (192.5990514817416,735.2716860088356) (192.5990514817416,735.7753021216812) (196.7212730734001,735.7753021216812) (196.7212730734001,736.2789182345268) (197.7212730734001,736.2789182345268) (197.7212730734001,736.7825343473725) (198.7212730734001,736.7825343473725) (198.7212730734001,737.2861504602181) (199.7212730734001,737.2861504602181) (199.7212730734001,737.7897665730637) (200.7212730734001,737.7897665730637) (200.7212730734001,738.2933826859094) (201.7212730734001,738.2933826859094) (201.7212730734001,738.796998798755) (202.7212730734001,738.796998798755) (202.7212730734001,739.3006149116006) (203.7212730734001,739.3006149116006) (203.7212730734001,739.8042310244463) (204.7212730734001,739.8042310244463) (204.7212730734001,740.3078471372919) (205.7212730734001,740.3078471372919) (205.7212730734001,740.8114632501375) (206.7212730734001,740.8114632501375) (206.7212730734001,741.3150793629832) (207.7212730734001,741.3150793629832) (207.7212730734001,741.8186954758288) (208.7212730734001,741.8186954758288) (208.7212730734001,742.3223115886744) (209.7212730734001,742.3223115886744) (209.7212730734001,742.8259277015201) (210.7212730734001,742.8259277015201) (210.7212730734001,743.3295438143657) (211.7212730734001,743.3295438143657) (211.7212730734001,743.8331599272113) (212.7212730734001,743.8331599272113) (212.7212730734001,744.336776040057) (213.7212730734001,744.336776040057) (213.7212730734001,744.8403921529026) (214.7212730734001,744.8403921529026) (214.7212730734001,745.3440082657482) (215.7212730734001,745.3440082657482) (215.7212730734001,745.8476243785939) (216.7212730734001,745.8476243785939) (216.7212730734001,746.3512404914395) (217.7212730734001,746.3512404914395) (217.7212730734001,746.8548566042851) (218.7212730734001,746.8548566042851) (218.7212730734001,747.3584727171308) (219.7212730734001,747.3584727171308) (219.7212730734001,747.8620888299764) (220.7212730734001,747.8620888299764) (220.7212730734001,748.365704942822) (221.7212730734001,748.365704942822) (221.7212730734001,748.8693210556677) (222.7212730734001,748.8693210556677) (222.7212730734001,749.3729371685133) (223.7212730734001,749.3729371685133) (223.7212730734001,749.876553281359) (224.7212730734001,749.876553281359) (224.7212730734001,750.3801693942046) (225.7212730734001,750.3801693942046) (225.7212730734001,750.8837855070502) (226.7212730734001,750.8837855070502) (226.7212730734001,751.3874016198959) (227.7212730734001,751.3874016198959) (227.7212730734001,751.8910177327415) (228.7212730734001,751.8910177327415) (228.7212730734001,752.3946338455871) (229.7212730734001,752.3946338455871) (229.7212730734001,752.8982499584328) (230.7212730734001,752.8982499584328) (230.7212730734001,753.4018660712784) (231.7212730734001,753.4018660712784) (231.7212730734001,753.905482184124) (232.7212730734001,753.905482184124) (232.7212730734001,754.4090982969697) (233.7212730734001,754.4090982969697) (233.7212730734001,754.9127144098153) (234.7212730734001,754.9127144098153) (234.7212730734001,755.4163305226609) (235.7212730734001,755.4163305226609) (235.7212730734001,755.9199466355066) (236.7212730734001,755.9199466355066) (236.7212730734001,756.4235627483522) (237.7212730734001,756.4235627483522) (237.7212730734001,756.9271788611978) (238.7212730734001,756.9271788611978) (238.7212730734001,757.4307949740435) (239.7212730734001,757.4307949740435) (239.7212730734001,757.9344110868891) (240.7212730734001,757.9344110868891) (240.7212730734001,758.4380271997347) (241.7212730734001,758.4380271997347) (241.7212730734001,758.9416433125804) (242.7212730734001,758.9416433125804) (242.7212730734001,759.445259425426) (243.7212730734001,759.445259425426) (243.7212730734001,759.9488755382716) (244.7212730734001,759.9488755382716) (244.7212730734001,760.4524916511173) (245.7212730734001,760.4524916511173) (245.7212730734001,760.9561077639629) (246.7212730734001,760.9561077639629) (246.7212730734001,761.2) (249.292069400195,761.2) (249.292069400195,735.2) (250.292069400195,735.2) (250.292069400195,709.2) (251.292069400195,709.2) (251.292069400195,683.2) (252.292069400195,683.2) (252.292069400195,657.2) (253.292069400195,657.2) (253.292069400195,631.2) (254.292069400195,631.2) (254.292069400195,605.2) (255.292069400195,605.2) (255.292069400195,579.2) (256.2920694001951,579.2) (256.2920694001951,553.2) (257.2920694001951,553.2) (257.2920694001951,527.2) (258.2920694001951,527.2) (258.2920694001951,501.2) (259.2920694001951,501.2) (259.2920694001951,475.2) (260.2920694001951,475.2) (260.2920694001951,449.2) (261.2920694001951,449.2) (261.2920694001951,423.2) (262.2920694001951,423.2) (262.2920694001951,397.2) (263.2920694001951,397.2) (263.2920694001951,371.2) (264.2920694001951,371.2) (264.2920694001951,345.2) (265.2920694001951,345.2) (265.2920694001951,319.2) (266.2920694001951,319.2) (266.2920694001951,293.2) (267.2920694001951,293.2) (267.2920694001951,267.2) (268.2920694001951,267.2) (268.2920694001951,241.2) (269.2920694001951,241.2) (269.2920694001951,215.2) (270.2920694001951,215.2) (270.2920694001951,189.2) (271.2920694001951,189.2) (271.2920694001951,163.5) (275.4336620536951,163.5) (275.4336620536951,163.4999999976654) (276.4336620536951,163.4999999976654) (276.4336620536951,163.4999999953308) (277.4336620536951,163.4999999953308) (277.4336620536951,163.4999999929962) (278.4336620536951,163.4999999929962) (278.4336620536951,163.4999999906615) (279.4336620536951,163.4999999906615) (279.4336620536951,163.4999999883269) (280.4336620536951,163.4999999883269) (280.4336620536951,163.4999999859923) (281.4336620536951,163.4999999859923) (281.4336620536951,163.4999999836577) (282.4336620536951,163.4999999836577) (282.4336620536951,163.4999999813231) (283.4336620536951,163.4999999813231) (283.4336620536951,163.4999999789885) (284.4336620536951,163.4999999789885) (284.4336620536951,163.4999999766538) (285.4336620536951,163.4999999766538) (285.4336620536951,163.4999999743192) (286.4336620536951,163.4999999743192) (286.4336620536951,163.4999999719846) (287.4336620536951,163.4999999719846) (287.4336620536951,163.49999996965) (288.4336620536951,163.49999996965) (288.4336620536951,163.4999999673154) (289.4336620536951,163.4999999673154) (289.4336620536951,163.4999999649808) (290.4336620536951,163.4999999649808) (290.4336620536951,163.4999999626461) (291.4336620536951,163.4999999626461) (291.4336620536951,163.4999999603115) (292.4336620536951,163.4999999603115) (292.4336620536951,163.4999999579769) (293.4336620536951,163.4999999579769) (293.4336620536951,163.4999999556423) (294.4336620536951,163.4999999556423) (294.4336620536951,163.4999999533077) (295.4336620536951,163.4999999533077) (295.4336620536951,163.4999999509731) (296.4336620536951,163.4999999509731) (296.4336620536951,163.4999999486384) (297.4336620536951,163.4999999486384) (297.4336620536951,163.4999999463038) (298.4336620536951,163.4999999463038) (298.4336620536951,163.4999999439692) (299.4336620536951,163.4999999439692) (299.4336620536951,163.4999999416346) (300.4336620536951,163.4999999416346) (300.4336620536951,163.4999999393) (301.4336620536951,163.4999999393) (301.4336620536951,163.4999999369654) (302.4336620536951,163.4999999369654) (302.4336620536951,163.4999999346308) (303.4336620536951,163.4999999346308) (303.4336620536951,163.4999999322961) (304.4336620536951,163.4999999322961) (304.4336620536951,163.4999999299615) (305.4336620536951,163.4999999299615) (305.4336620536951,163.4999999276269) (306.4336620536951,163.4999999276269) (306.4336620536951,163.4999999252923) (307.4336620536951,163.4999999252923) (307.4336620536951,163.4999999229577) (308.4336620536951,163.4999999229577) (308.4336620536951,163.4999999206231) (309.4336620536951,163.4999999206231) (309.4336620536951,163.4999999182884) (310.4336620536951,163.4999999182884) (310.4336620536951,163.4999999159538) (311.4336620536951,163.4999999159538) (311.4336620536951,163.4999999136192) (312.4336620536951,163.4999999136192) (312.4336620536951,163.4999999112846) (313.4336620536951,163.4999999112846) (313.4336620536951,163.49999990895) (314.4336620536951,163.49999990895) (314.4336620536951,163.4999999066154) (315.4336620536951,163.4999999066154) (315.4336620536951,163.4999999042807) (316.4336620536951,163.4999999042807) (316.4336620536951,163.4999999019461) (317.4336620536951,163.4999999019461) (317.4336620536951,163.4999998996115) (318.4336620536951,163.4999998996115) (318.4336620536951,163.4999998972769) (319.4336620536951,163.4999998972769) (319.4336620536951,163.4999998949423) (320.4336620536951,163.4999998949423) (320.4336620536951,163.4999998926077) (321.4336620536951,163.4999998926077) (321.4336620536951,163.499999890273) (322.4336620536951,163.499999890273) (322.4336620536951,163.4999998879384) (323.4336620536951,163.4999998879384) (323.4336620536951,163.4999998856038) (324.4336620536951,163.4999998856038) (324.4336620536951,163.4999998832692) (325.4336620536951,163.4999998832692) (325.4336620536951,163.4999998809346) (326.4336620536951,163.4999998809346) (326.4336620536951,163.4999998786) (327.4336620536951,163.4999998786) (327.4336620536951,163.4999998762653) (328.4336620536951,163.4999998762653) (328.4336620536951,163.4999998739307) (329.4336620536951,163.4999998739307) (329.4336620536951,163.4999998715961) (330.4336620536951,163.4999998715961) (330.4336620536951,163.4999998692615) (331.4336620536951,163.4999998692615) (331.4336620536951,163.4999998669269) (332.4336620536951,163.4999998669269) (332.4336620536951,163.4999998645923) (333.4336620536951,163.4999998645923) (333.4336620536951,163.4999998622577) (334.4336620536951,163.4999998622577) (334.4336620536951,163.499999859923) (335.4336620536951,163.499999859923) (335.4336620536951,163.4999998575884) (336.4336620536951,163.4999998575884) (336.4336620536951,163.5) (340.5482642217518,163.5) (340.5482642217518,164.2016674241034) (341.5482642217518,164.2016674241034) (341.5482642217518,164.9033348482068) (342.5482642217518,164.9033348482068) (342.5482642217518,165.6050022723103) (343.5482642217518,165.6050022723103) (343.5482642217518,166.3066696964137) (344.5482642217518,166.3066696964137) (344.5482642217518,167.0083371205171) (345.5482642217518,167.0083371205171) (345.5482642217518,167.7100045446205) (346.5482642217518,167.7100045446205) (346.5482642217518,168.4116719687239) (347.5482642217518,168.4116719687239) (347.5482642217518,169.1133393928274) (348.5482642217518,169.1133393928274) (348.5482642217518,169.8150068169308) (349.5482642217518,169.8150068169308) (349.5482642217518,170.5166742410342) (350.5482642217518,170.5166742410342) (350.5482642217518,171.2183416651376) (351.5482642217518,171.2183416651376) (351.5482642217518,171.920009089241) (352.5482642217518,171.920009089241) (352.5482642217518,172.6216765133445) (353.5482642217518,172.6216765133445) (353.5482642217518,173.3233439374479) (354.5482642217518,173.3233439374479) (354.5482642217518,174.0250113615513) (355.5482642217518,174.0250113615513) (355.5482642217518,174.7266787856547) (356.5482642217518,174.7266787856547) (356.5482642217518,175.4283462097581) (357.5482642217518,175.4283462097581) (357.5482642217518,176.1300136338616) (358.5482642217518,176.1300136338616) (358.5482642217518,176.831681057965) (359.5482642217518,176.831681057965) (359.5482642217518,177.5333484820684) (360.5482642217518,177.5333484820684) (360.5482642217518,178.2350159061718) (361.5482642217518,178.2350159061718) (361.5482642217518,178.9366833302752) (362.5482642217518,178.9366833302752) (362.5482642217518,179.6383507543786) (363.5482642217518,179.6383507543786) (363.5482642217518,180.3400181784821) (364.5482642217518,180.3400181784821) (364.5482642217518,181.0416856025855) (365.5482642217518,181.0416856025855) (365.5482642217518,181.7433530266889) (366.5482642217518,181.7433530266889) (366.5482642217518,182.4450204507923) (367.5482642217518,182.4450204507923) (367.5482642217518,183.1466878748957) (368.5482642217518,183.1466878748957) (368.5482642217518,183.8483552989992) (369.5482642217518,183.8483552989992) (369.5482642217518,184.5500227231026) (370.5482642217518,184.5500227231026) (370.5482642217518,185.251690147206) (371.5482642217518,185.251690147206) (371.5482642217518,185.9533575713094) (372.5482642217518,185.9533575713094) (372.5482642217518,186.6550249954128) (373.5482642217518,186.6550249954128) (373.5482642217518,187.3566924195163) (374.5482642217518,187.3566924195163) (374.5482642217518,188.0583598436197) (375.5482642217518,188.0583598436197) (375.5482642217518,188.7600272677231) (376.5482642217518,188.7600272677231) (376.5482642217518,189.4616946918265) (377.5482642217518,189.4616946918265) (377.5482642217518,190.1633621159299) (378.5482642217518,190.1633621159299) (378.5482642217518,190.8650295400334) (379.5482642217518,190.8650295400334) (379.5482642217518,191.5666969641368) (380.5482642217518,191.5666969641368) (380.5482642217518,192.2683643882402) (381.5482642217518,192.2683643882402) (381.5482642217518,192.9700318123436) (382.5482642217518,192.9700318123436) (382.5482642217518,193.671699236447) (383.5482642217518,193.671699236447) (383.5482642217518,194.3733666605505) (384.5482642217518,194.3733666605505) (384.5482642217518,195.0750340846539) (385.5482642217518,195.0750340846539) (385.5482642217518,195.7767015087573) (386.5482642217518,195.7767015087573) (386.5482642217518,196.4783689328607) (387.5482642217518,196.4783689328607) (387.5482642217518,197.1800363569641) (388.5482642217518,197.1800363569641) (388.5482642217518,197.8817037810676) (389.5482642217518,197.8817037810676) (389.5482642217518,198.583371205171) (390.5482642217518,198.583371205171) (390.5482642217518,199.2850386292744) (700,199.2850386292744)
batteryCharge[0]:
[0]: (0,100) (700,100)
RobotPatrol.end:
[0]: (0,0) (700,0)
[2K
Verifying formula 5 at /nta/queries/query[5]/formula
 -- Formula: simulate[<=700]{robot_inventory[0][0], robot_inventory[0][1], RobotPatrol.end*2}
[2K -- Formula is satisfied.
robot_inventory[0][0]:
[0]: (0,0) (700,0)
robot_inventory[0][1]:
[0]: (0,0) (700,0)
RobotPatrol.end * 2:
[0]: (0,0) (700,0)
[2K
Verifying formula 6 at /nta/queries/query[6]/formula
 -- Formula: simulate[<=700]{kitchen[0], kitchen[1], office001[0], office001[1], coffee_room[0], coffee_room[1]}
[2K -- Formula is satisfied.
kitchen[0]:
[0]: (0,4400) (700,4400)
kitchen[1]:
[0]: (0,765) (700,765)
office001[0]:
[0]: (0,100) (700,100)
office001[1]:
[0]: (0,200) (700,200)
coffee_room[0]:
[0]: (0,1450) (700,1450)
coffee_room[1]:
[0]: (0,500) (700,500)
[2K
Verifying formula 7 at /nta/queries/query[7]/formula
 -- Formula: simulate[<=700]{rm_1.idle, rf_1.idle, rp_1.idle, rd_1.idle}
[2K -- Formula is satisfied.
rm_1.idle:
[0]: (0,0) (0,1) (0,0) (391.5482642217511,0) (391.5482642217511,1) (700,1)
rf_1.idle:
[0]: (0,0) (0,1) (700,1)
rp_1.idle:
[0]: (0,0) (0,1) (700,1)
rd_1.idle:
[0]: (0,0) (0,1) (700,1)
[2K
Verifying formula 8 at /nta/queries/query[8]/formula
 -- Formula: Pr[<=700](<>!rm_1.idle || !rf_1.idle || !rp_1.idle || !rd_1.idle)
[2K -- Formula is satisfied.
(72/72 runs) Pr(<> …) in [0.950056,1] (95% CI)
Values in [0,0] mean=0 steps=2.22045e-16: 72
[2K
Verifying formula 9 at /nta/queries/query[9]/formula
 -- Formula: Pr[<=700]([] (RobotPatrol.end imply (rm_1.idle && rf_1.idle && rp_1.idle && rd_1.idle)))
 -- Throughput: 533963 runs/sec, Load: 340 runs[K
[2K -- Formula is satisfied.
(72/72 runs) Pr([] …) in [0.950056,1] (95% CI)
[2K
Verifying formula 10 at /nta/queries/query[10]/formula
 -- Formula: Pr[<=700] (<> pow(humanPositionX[0] - office001[0], 2) + pow(humanPositionY[0] - office001[1], 2) <= 900 )
 -- Throughput: 441731 runs/sec, Load: 348 runs[K
[2K -- Formula is satisfied.
(0/72 runs) Pr(<> …) in [0,0.0499441] (95% CI)
[2K
Verifying formula 11 at /nta/queries/query[11]/formula
 -- Formula: Pr[<=700] (<> pow(humanPositionX[0] - kitchen[0], 2) + pow(humanPositionY[0] - kitchen[1], 2) <= 900 )
[2K -- Formula is satisfied.
(72/72 runs) Pr(<> …) in [0.950056,1] (95% CI)
Values in [186,186] mean=186 steps=2.22045e-16: 72
[2K
Verifying formula 12 at /nta/queries/query[12]/formula
 -- Formula: Pr[<=700] (<> pow(robPositionX[0] - office001[0], 2) + pow(robPositionY[0] - office001[1], 2) <= 900 )
[2K -- Formula is satisfied.
(72/72 runs) Pr(<> …) in [0.950056,1] (95% CI)
Values in [390.548,390.548] mean=390.548 steps=6.31594e-15: 33 0 0 0 0 0 0 0 39
[2K
Verifying formula 13 at /nta/queries/query[13]/formula
 -- Formula: Pr[<=700] (<> pow(robPositionX[0] - kitchen[0], 2) + pow(robPositionY[0] - kitchen[1], 2) <= 900 )
[2K -- Formula is satisfied.
(72/72 runs) Pr(<> …) in [0.950056,1] (95% CI)
Values in [191.599,191.599] mean=191.599 steps=2.22045e-16: 72
[2K
Verifying formula 14 at /nta/queries/query[14]/formula
 -- Formula: Pr[<=700] (<> !isValidPosition(humanPositionX[0], humanPositionY[0]))
[2K -- Formula is satisfied.
(72/72 runs) Pr(<> …) in [0.950056,1] (95% CI)
Values in [0,0] mean=0 steps=2.22045e-16: 72
[2K
Verifying formula 15 at /nta/queries/query[15]/formula
 -- Formula: Pr[<=700] (<> !isValidPosition(robPositionX[0], robPositionY[0]))
[2K -- Formula is satisfied.
(72/72 runs) Pr(<> …) in [0.950056,1] (95% CI)
Values in [0,0] mean=0 steps=2.22045e-16: 72
[2K
Verifying formula 16 at /nta/queries/query[16]/formula
 -- Formula: Pr[<=700] (<> currP > 2)
 -- Throughput: 662050 runs/sec, Load: 331 runs[K
[2K -- Formula is satisfied.
(0/72 runs) Pr(<> …) in [0,0.0499441] (95% CI)
