Options for the verification:
  Generating no trace
  Search order is breadth first
  Using conservative space optimisation
  Seed is 1782638663
  State space representation uses minimal constraint systems with future testing
  Using HashMap + Compress integers for discrete state storage
[2K
Verifying formula 1 at /nta/queries/query[1]/formula
 -- Formula: simulate[<=700]{Pattern1_nurse_def.s1_start, Pattern1_nurse_def.s1_end, Pattern1_nurse_def.s2_start, Pattern1_nurse_def.s2_end, Pattern1.end}
[2K -- Formula is satisfied.
Pattern1_nurse_def.s1_start:
[0]: (0,0) (0,1) (0,0) (5,0) (5,1) (5,0) (10,0) (10,1) (10,0) (700,0)
Pattern1_nurse_def.s1_end:
[0]: (0,0) (11,0) (11,1) (12.04387426539164,1) (12.04387426539164,0) (700,0)
Pattern1_nurse_def.s2_start:
[0]: (0,0) (12.04387426539164,0) (12.04387426539164,1) (12.04387426539164,0) (17.04387426539164,0) (17.04387426539164,1) (17.04387426539164,0) (22.04387426539162,0) (22.04387426539162,1) (22.04387426539162,0) (27.04387426539158,0) (27.04387426539158,1) (27.04387426539158,0) (32.04387426539154,0) (32.04387426539154,1) (32.04387426539154,0) (37.04387426539169,0) (37.04387426539169,1) (37.04387426539169,0) (42.04387426539183,0) (42.04387426539183,1) (42.04387426539183,0) (47.04387426539192,0) (47.04387426539192,1) (47.04387426539192,0) (52.04387426539196,0) (52.04387426539196,1) (52.04387426539196,0) (57.043874265392,0) (57.043874265392,1) (57.043874265392,0) (62.04387426539203,0) (62.04387426539203,1) (62.04387426539203,0) (67.04387426539188,0) (67.04387426539188,1) (67.04387426539188,0) (72.04387426539159,0) (72.04387426539159,1) (72.04387426539159,0) (77.04387426539131,0) (77.04387426539131,1) (77.04387426539131,0) (82.04387426539103,0) (82.04387426539103,1) (82.04387426539103,0) (700,0)
Pattern1_nurse_def.s2_end:
[0]: (0,0) (84.04387426539091,0) (84.04387426539091,1) (90.72352965960154,1) (90.72352965960154,0) (700,0)
Pattern1.end:
[0]: (0,0) (90.72352965960154,0) (90.72352965960154,1) (700,1)
[2K
Verifying formula 2 at /nta/queries/query[2]/formula
 -- Formula: simulate[<=700]{Pattern1_robot1_def.s1_start, Pattern1_robot1_def.s1_end, Pattern1_robot1_def.s2_start, Pattern1_robot1_def.s2_end, Pattern1.end}
[2K -- Formula is satisfied.
Pattern1_robot1_def.s1_start:
[0]: (0,0) (0,1) (0,0) (700,0)
Pattern1_robot1_def.s1_end:
[0]: (0,0) (12.04387426539164,0) (12.04387426539164,1) (12.04387426539164,0) (700,0)
Pattern1_robot1_def.s2_start:
[0]: (0,0) (12.04387426539164,0) (12.04387426539164,1) (12.04387426539164,0) (700,0)
Pattern1_robot1_def.s2_end:
[0]: (0,0) (90.72352965960154,0) (90.72352965960154,1) (90.72352965960154,0) (700,0)
Pattern1.end:
[0]: (0,0) (90.72352965960154,0) (90.72352965960154,1) (700,1)
[2K
Verifying formula 3 at /nta/queries/query[3]/formula
 -- Formula: Pr[<=700] (<> Pattern1.end)
[2K -- Formula is satisfied.
(72/72 runs) Pr(<> …) in [0.950056,1] (95% CI)
Values in [90.7235,90.7235] mean=90.7235 steps=2.52637e-13: 30 30 0 1 0 9 0 0 2
[2K
Verifying formula 4 at /nta/queries/query[4]/formula
 -- Formula: simulate[<=700]{humanPositionX[0], humanPositionY[0], robPositionX[0], robPositionY[0], batteryCharge[0], Pattern1.end}
[2K -- Formula is satisfied.
humanPositionX[0]:
[0]: (0,0) (0,92.5) (1,92.5) (1,118.4749796488383) (2,118.4749796488383) (2,144.4499592976766) (3,144.4499592976766) (3,170.4249389465149) (4,170.4249389465149) (4,196.3999185953533) (5,196.3999185953533) (5,222.3748982441916) (6,222.3748982441916) (6,248.3498778930299) (7,248.3498778930299) (7,274.3248575418682) (8,274.3248575418682) (8,300.2998371907065) (9,300.2998371907065) (9,326.2748168395448) (10,326.2748168395448) (10,352.2497964883831) (11,352.2497964883831) (11,378.2247761372215) (13.04387426539164,378.2247761372215) (13.04387426539164,404.2230021714159) (14.04387426539163,404.2230021714159) (14.04387426539163,430.2212282056103) (15.04387426539163,430.2212282056103) (15.04387426539163,456.2194542398047) (16.04387426539163,456.2194542398047) (16.04387426539163,482.2176802739992) (17.04387426539164,482.2176802739992) (17.04387426539164,508.2159063081936) (18.04387426539164,508.2159063081936) (18.04387426539164,534.214132342388) (19.04387426539163,534.214132342388) (19.04387426539163,560.2123583765824) (20.04387426539163,560.2123583765824) (20.04387426539163,586.2105844107768) (21.04387426539163,586.2105844107768) (21.04387426539163,612.2088104449713) (22.04387426539162,612.2088104449713) (22.04387426539162,638.2070364791657) (23.04387426539161,638.2070364791657) (23.04387426539161,664.2052625133601) (24.0438742653916,664.2052625133601) (24.0438742653916,690.2034885475546) (25.0438742653916,690.2034885475546) (25.0438742653916,716.201714581749) (26.04387426539159,716.201714581749) (26.04387426539159,742.1999406159434) (27.04387426539158,742.1999406159434) (27.04387426539158,768.1981666501379) (28.04387426539157,768.1981666501379) (28.04387426539157,794.1963926843323) (29.04387426539157,794.1963926843323) (29.04387426539157,820.1946187185267) (30.04387426539156,820.1946187185267) (30.04387426539156,846.1928447527212) (31.04387426539155,846.1928447527212) (31.04387426539155,872.1910707869156) (32.04387426539154,872.1910707869156) (32.04387426539154,898.18929682111) (33.04387426539157,898.18929682111) (33.04387426539157,924.1875228553045) (34.0438742653916,924.1875228553045) (34.0438742653916,950.1857488894989) (35.04387426539163,950.1857488894989) (35.04387426539163,976.1839749236933) (36.04387426539166,976.1839749236933) (36.04387426539166,1002.182200957888) (37.04387426539169,1002.182200957888) (37.04387426539169,1028.180426992082) (38.04387426539171,1028.180426992082) (38.04387426539171,1054.178653026277) (39.04387426539174,1054.178653026277) (39.04387426539174,1080.176879060471) (40.04387426539177,1080.176879060471) (40.04387426539177,1106.175105094665) (41.0438742653918,1106.175105094665) (41.0438742653918,1132.17333112886) (42.04387426539183,1132.17333112886) (42.04387426539183,1158.171557163054) (43.04387426539186,1158.171557163054) (43.04387426539186,1184.169783197249) (44.04387426539189,1184.169783197249) (44.04387426539189,1210.168009231443) (45.04387426539191,1210.168009231443) (45.04387426539191,1236.166235265638) (46.04387426539189,1236.166235265638) (46.04387426539189,1262.164461299832) (47.04387426539192,1262.164461299832) (47.04387426539192,1288.162687334026) (48.04387426539193,1288.162687334026) (48.04387426539193,1314.160913368221) (49.04387426539194,1314.160913368221) (49.04387426539194,1340.159139402415) (50.04387426539195,1340.159139402415) (50.04387426539195,1366.15736543661) (51.04387426539196,1366.15736543661) (51.04387426539196,1392.155591470804) (52.04387426539196,1392.155591470804) (52.04387426539196,1418.153817504999) (53.04387426539197,1418.153817504999) (53.04387426539197,1444.152043539193) (54.04387426539198,1444.152043539193) (54.04387426539198,1452) (76.04387426539137,1452) (76.04387426539137,1426.025641031982) (77.04387426539131,1426.025641031982) (77.04387426539131,1400.051282063965) (78.04387426539125,1400.051282063965) (78.04387426539125,1374.076923095947) (79.0438742653912,1374.076923095947) (79.0438742653912,1348.102564127929) (80.04387426539114,1348.102564127929) (80.04387426539114,1322.128205159912) (81.04387426539108,1322.128205159912) (81.04387426539108,1296.153846191894) (82.04387426539103,1296.153846191894) (82.04387426539103,1270.179487223876) (83.04387426539097,1270.179487223876) (83.04387426539097,1244.205128255859) (84.04387426539091,1244.205128255859) (84.04387426539091,1218.230769287841) (700,1218.230769287841)
humanPositionY[0]:
[0]: (0,0) (0,163.5) (1,163.5) (1,162.3596350398071) (2,162.3596350398071) (2,161.2192700796143) (3,161.2192700796143) (3,160.0789051194214) (4,160.0789051194214) (4,158.9385401592285) (5,158.9385401592285) (5,157.7981751990357) (6,157.7981751990357) (6,156.6578102388428) (7,156.6578102388428) (7,155.5174452786499) (8,155.5174452786499) (8,154.377080318457) (9,154.377080318457) (9,153.2367153582642) (10,153.2367153582642) (10,152.0963503980713) (11,152.0963503980713) (11,150.9559854378784) (13.04387426539164,150.9559854378784) (13.04387426539164,151.2597008884819) (14.04387426539163,151.2597008884819) (14.04387426539163,151.5634163390853) (15.04387426539163,151.5634163390853) (15.04387426539163,151.8671317896888) (16.04387426539163,151.8671317896888) (16.04387426539163,152.1708472402922) (17.04387426539164,152.1708472402922) (17.04387426539164,152.4745626908957) (18.04387426539164,152.4745626908957) (18.04387426539164,152.7782781414991) (19.04387426539163,152.7782781414991) (19.04387426539163,153.0819935921026) (20.04387426539163,153.0819935921026) (20.04387426539163,153.385709042706) (21.04387426539163,153.385709042706) (21.04387426539163,153.6894244933095) (22.04387426539162,153.6894244933095) (22.04387426539162,153.9931399439129) (23.04387426539161,153.9931399439129) (23.04387426539161,154.2968553945164) (24.0438742653916,154.2968553945164) (24.0438742653916,154.6005708451198) (25.0438742653916,154.6005708451198) (25.0438742653916,154.9042862957233) (26.04387426539159,154.9042862957233) (26.04387426539159,155.2080017463267) (27.04387426539158,155.2080017463267) (27.04387426539158,155.5117171969302) (28.04387426539157,155.5117171969302) (28.04387426539157,155.8154326475336) (29.04387426539157,155.8154326475336) (29.04387426539157,156.1191480981371) (30.04387426539156,156.1191480981371) (30.04387426539156,156.4228635487405) (31.04387426539155,156.4228635487405) (31.04387426539155,156.726578999344) (32.04387426539154,156.726578999344) (32.04387426539154,157.0302944499474) (33.04387426539157,157.0302944499474) (33.04387426539157,157.3340099005509) (34.0438742653916,157.3340099005509) (34.0438742653916,157.6377253511543) (35.04387426539163,157.6377253511543) (35.04387426539163,157.9414408017578) (36.04387426539166,157.9414408017578) (36.04387426539166,158.2451562523612) (37.04387426539169,158.2451562523612) (37.04387426539169,158.5488717029646) (38.04387426539171,158.5488717029646) (38.04387426539171,158.8525871535681) (39.04387426539174,158.8525871535681) (39.04387426539174,159.1563026041715) (40.04387426539177,159.1563026041715) (40.04387426539177,159.460018054775) (41.0438742653918,159.460018054775) (41.0438742653918,159.7637335053784) (42.04387426539183,159.7637335053784) (42.04387426539183,160.0674489559819) (43.04387426539186,160.0674489559819) (43.04387426539186,160.3711644065853) (44.04387426539189,160.3711644065853) (44.04387426539189,160.6748798571888) (45.04387426539191,160.6748798571888) (45.04387426539191,160.9785953077922) (46.04387426539189,160.9785953077922) (46.04387426539189,161.2823107583957) (47.04387426539192,161.2823107583957) (47.04387426539192,161.5860262089991) (48.04387426539193,161.5860262089991) (48.04387426539193,161.8897416596026) (49.04387426539194,161.8897416596026) (49.04387426539194,162.193457110206) (50.04387426539195,162.193457110206) (50.04387426539195,162.4971725608095) (51.04387426539196,162.4971725608095) (51.04387426539196,162.8008880114129) (52.04387426539196,162.8008880114129) (52.04387426539196,163.1046034620164) (53.04387426539197,163.1046034620164) (53.04387426539197,163.4083189126198) (54.04387426539198,163.4083189126198) (54.04387426539198,189.5) (55.04387426539198,189.5) (55.04387426539198,215.5) (56.04387426539199,215.5) (56.04387426539199,241.5) (57.043874265392,241.5) (57.043874265392,267.5) (58.04387426539201,267.5) (58.04387426539201,293.5) (59.04387426539201,293.5) (59.04387426539201,319.5) (60.04387426539202,319.5) (60.04387426539202,345.5) (61.04387426539203,345.5) (61.04387426539203,371.5) (62.04387426539203,371.5) (62.04387426539203,397.5) (63.04387426539204,397.5) (63.04387426539204,423.5) (64.04387426539205,423.5) (64.04387426539205,449.5) (65.04387426539199,449.5) (65.04387426539199,475.5) (66.04387426539193,475.5) (66.04387426539193,501.5) (67.04387426539188,501.5) (67.04387426539188,527.5) (68.04387426539182,527.5) (68.04387426539182,553.5) (69.04387426539176,553.5) (69.04387426539176,579.5) (70.04387426539171,579.5) (70.04387426539171,605.5) (71.04387426539165,605.5) (71.04387426539165,631.5) (72.04387426539159,631.5) (72.04387426539159,657.5) (73.04387426539154,657.5) (73.04387426539154,683.5) (74.04387426539148,683.5) (74.04387426539148,709.5) (75.04387426539142,709.5) (75.04387426539142,735.5) (76.04387426539137,735.5) (76.04387426539137,760.0455840435291) (77.04387426539131,760.0455840435291) (77.04387426539131,758.8911680870581) (78.04387426539125,758.8911680870581) (78.04387426539125,757.7367521305871) (79.0438742653912,757.7367521305871) (79.0438742653912,756.5823361741161) (80.04387426539114,756.5823361741161) (80.04387426539114,755.4279202176451) (81.04387426539108,755.4279202176451) (81.04387426539108,754.2735042611741) (82.04387426539103,754.2735042611741) (82.04387426539103,753.1190883047032) (83.04387426539097,753.1190883047032) (83.04387426539097,751.9646723482322) (84.04387426539091,751.9646723482322) (84.04387426539091,750.8102563917612) (700,750.8102563917612)
robPositionX[0]:
[0]: (0,0) (0,92.5) (2,92.5) (2,118.4749796488383) (3.043874265391636,118.4749796488383) (3.043874265391636,144.4499592976766) (4.043874265391636,144.4499592976766) (4.043874265391636,170.4249389465149) (5.043874265391638,170.4249389465149) (5.043874265391638,196.3999185953533) (6.043874265391638,196.3999185953533) (6.043874265391638,222.3748982441916) (7.043874265391638,222.3748982441916) (7.043874265391638,248.3498778930299) (8.043874265391638,248.3498778930299) (8.043874265391638,274.3248575418682) (9.043874265391638,274.3248575418682) (9.043874265391638,300.2998371907065) (10.04387426539164,300.2998371907065) (10.04387426539164,326.2748168395448) (11.04387426539164,326.2748168395448) (11.04387426539164,352.2497964883831) (12.04387426539164,352.2497964883831) (12.04387426539164,378.2247761372215) (13.04387426539164,378.2247761372215) (13.04387426539164,404.2230021714159) (14.05555589455465,404.2230021714159) (14.05555589455465,430.2212282056103) (15.05555589455465,430.2212282056103) (15.05555589455465,456.2194542398047) (16.05555589455465,456.2194542398047) (16.05555589455465,482.2176802739992) (17.05555589455465,482.2176802739992) (17.05555589455465,508.2159063081936) (18.05555589455465,508.2159063081936) (18.05555589455465,534.214132342388) (19.05555589455464,534.214132342388) (19.05555589455464,560.2123583765824) (20.05555589455464,560.2123583765824) (20.05555589455464,586.2105844107768) (21.05555589455464,586.2105844107768) (21.05555589455464,612.2088104449713) (22.05555589455464,612.2088104449713) (22.05555589455464,638.2070364791657) (23.05555589455463,638.2070364791657) (23.05555589455463,664.2052625133601) (24.05555589455462,664.2052625133601) (24.05555589455462,690.2034885475546) (25.05555589455462,690.2034885475546) (25.05555589455462,716.201714581749) (26.05555589455461,716.201714581749) (26.05555589455461,742.1999406159434) (27.0555558945546,742.1999406159434) (27.0555558945546,768.1981666501379) (28.05555589455459,768.1981666501379) (28.05555589455459,794.1963926843323) (29.05555589455459,794.1963926843323) (29.05555589455459,820.1946187185267) (30.05555589455458,820.1946187185267) (30.05555589455458,846.1928447527212) (31.05555589455457,846.1928447527212) (31.05555589455457,872.1910707869156) (32.05555589455457,872.1910707869156) (32.05555589455457,898.18929682111) (33.05555589455459,898.18929682111) (33.05555589455459,924.1875228553045) (34.05555589455462,924.1875228553045) (34.05555589455462,950.1857488894989) (35.05555589455465,950.1857488894989) (35.05555589455465,976.1839749236933) (36.05555589455468,976.1839749236933) (36.05555589455468,1002.182200957888) (37.05555589455471,1002.182200957888) (37.05555589455471,1028.180426992082) (38.05555589455474,1028.180426992082) (38.05555589455474,1054.178653026277) (39.05555589455476,1054.178653026277) (39.05555589455476,1080.176879060471) (40.05555589455479,1080.176879060471) (40.05555589455479,1106.175105094665) (41.05555589455482,1106.175105094665) (41.05555589455482,1132.17333112886) (42.05555589455485,1132.17333112886) (42.05555589455485,1158.171557163054) (43.05555589455488,1158.171557163054) (43.05555589455488,1184.169783197249) (44.05555589455491,1184.169783197249) (44.05555589455491,1210.168009231443) (45.05555589455494,1210.168009231443) (45.05555589455494,1236.166235265638) (46.05555589455491,1236.166235265638) (46.05555589455491,1262.164461299832) (47.05555589455494,1262.164461299832) (47.05555589455494,1288.162687334026) (48.05555589455496,1288.162687334026) (48.05555589455496,1314.160913368221) (49.05555589455496,1314.160913368221) (49.05555589455496,1340.159139402415) (50.05555589455497,1340.159139402415) (50.05555589455497,1366.15736543661) (51.05555589455498,1366.15736543661) (51.05555589455498,1392.155591470804) (52.05555589455498,1392.155591470804) (52.05555589455498,1418.153817504999) (53.05555589455499,1418.153817504999) (53.05555589455499,1444.152043539193) (54.055555894555,1444.152043539193) (54.055555894555,1452) (82.72352965960199,1452) (82.72352965960199,1426.025641031982) (83.72352965960194,1426.025641031982) (83.72352965960194,1400.051282063965) (84.72352965960188,1400.051282063965) (84.72352965960188,1374.076923095947) (85.72352965960182,1374.076923095947) (85.72352965960182,1348.102564127929) (86.72352965960177,1348.102564127929) (86.72352965960177,1322.128205159912) (87.72352965960171,1322.128205159912) (87.72352965960171,1296.153846191894) (88.72352965960165,1296.153846191894) (88.72352965960165,1270.179487223876) (89.7235296596016,1270.179487223876) (89.7235296596016,1244.205128255859) (90.72352965960154,1244.205128255859) (90.72352965960154,1218.230769287841) (700,1218.230769287841)
robPositionY[0]:
[0]: (0,0) (0,163.5) (2,163.5) (2,162.3596350398071) (3.043874265391636,162.3596350398071) (3.043874265391636,161.2192700796143) (4.043874265391636,161.2192700796143) (4.043874265391636,160.0789051194214) (5.043874265391638,160.0789051194214) (5.043874265391638,158.9385401592285) (6.043874265391638,158.9385401592285) (6.043874265391638,157.7981751990357) (7.043874265391638,157.7981751990357) (7.043874265391638,156.6578102388428) (8.043874265391638,156.6578102388428) (8.043874265391638,155.5174452786499) (9.043874265391638,155.5174452786499) (9.043874265391638,154.377080318457) (10.04387426539164,154.377080318457) (10.04387426539164,153.2367153582642) (11.04387426539164,153.2367153582642) (11.04387426539164,152.0963503980713) (12.04387426539164,152.0963503980713) (12.04387426539164,150.9559854378784) (13.04387426539164,150.9559854378784) (13.04387426539164,151.2597008884819) (14.05555589455465,151.2597008884819) (14.05555589455465,151.5634163390853) (15.05555589455465,151.5634163390853) (15.05555589455465,151.8671317896888) (16.05555589455465,151.8671317896888) (16.05555589455465,152.1708472402922) (17.05555589455465,152.1708472402922) (17.05555589455465,152.4745626908957) (18.05555589455465,152.4745626908957) (18.05555589455465,152.7782781414991) (19.05555589455464,152.7782781414991) (19.05555589455464,153.0819935921026) (20.05555589455464,153.0819935921026) (20.05555589455464,153.385709042706) (21.05555589455464,153.385709042706) (21.05555589455464,153.6894244933095) (22.05555589455464,153.6894244933095) (22.05555589455464,153.9931399439129) (23.05555589455463,153.9931399439129) (23.05555589455463,154.2968553945164) (24.05555589455462,154.2968553945164) (24.05555589455462,154.6005708451198) (25.05555589455462,154.6005708451198) (25.05555589455462,154.9042862957233) (26.05555589455461,154.9042862957233) (26.05555589455461,155.2080017463267) (27.0555558945546,155.2080017463267) (27.0555558945546,155.5117171969302) (28.05555589455459,155.5117171969302) (28.05555589455459,155.8154326475336) (29.05555589455459,155.8154326475336) (29.05555589455459,156.1191480981371) (30.05555589455458,156.1191480981371) (30.05555589455458,156.4228635487405) (31.05555589455457,156.4228635487405) (31.05555589455457,156.726578999344) (32.05555589455457,156.726578999344) (32.05555589455457,157.0302944499474) (33.05555589455459,157.0302944499474) (33.05555589455459,157.3340099005509) (34.05555589455462,157.3340099005509) (34.05555589455462,157.6377253511543) (35.05555589455465,157.6377253511543) (35.05555589455465,157.9414408017578) (36.05555589455468,157.9414408017578) (36.05555589455468,158.2451562523612) (37.05555589455471,158.2451562523612) (37.05555589455471,158.5488717029646) (38.05555589455474,158.5488717029646) (38.05555589455474,158.8525871535681) (39.05555589455476,158.8525871535681) (39.05555589455476,159.1563026041715) (40.05555589455479,159.1563026041715) (40.05555589455479,159.460018054775) (41.05555589455482,159.460018054775) (41.05555589455482,159.7637335053784) (42.05555589455485,159.7637335053784) (42.05555589455485,160.0674489559819) (43.05555589455488,160.0674489559819) (43.05555589455488,160.3711644065853) (44.05555589455491,160.3711644065853) (44.05555589455491,160.6748798571888) (45.05555589455494,160.6748798571888) (45.05555589455494,160.9785953077922) (46.05555589455491,160.9785953077922) (46.05555589455491,161.2823107583957) (47.05555589455494,161.2823107583957) (47.05555589455494,161.5860262089991) (48.05555589455496,161.5860262089991) (48.05555589455496,161.8897416596026) (49.05555589455496,161.8897416596026) (49.05555589455496,162.193457110206) (50.05555589455497,162.193457110206) (50.05555589455497,162.4971725608095) (51.05555589455498,162.4971725608095) (51.05555589455498,162.8008880114129) (52.05555589455498,162.8008880114129) (52.05555589455498,163.1046034620164) (53.05555589455499,163.1046034620164) (53.05555589455499,163.4083189126198) (54.055555894555,163.4083189126198) (54.055555894555,163.5) (56.62635222134991,163.5) (56.62635222134991,189.5) (57.62635222134992,189.5) (57.62635222134992,215.5) (58.62635222134993,215.5) (58.62635222134993,241.5) (59.62635222134993,241.5) (59.62635222134993,267.5) (60.62635222134994,267.5) (60.62635222134994,293.5) (61.62635222134995,293.5) (61.62635222134995,319.5) (62.62635222134995,319.5) (62.62635222134995,345.5) (63.62635222134996,345.5) (63.62635222134996,371.5) (64.62635222134993,371.5) (64.62635222134993,397.5) (65.62635222134988,397.5) (65.62635222134988,423.5) (66.62635222134982,423.5) (66.62635222134982,449.5) (67.62635222134976,449.5) (67.62635222134976,475.5) (68.62635222134971,475.5) (68.62635222134971,501.5) (69.62635222134965,501.5) (69.62635222134965,527.5) (70.62635222134959,527.5) (70.62635222134959,553.5) (71.62635222134953,553.5) (71.62635222134953,579.5) (72.62635222134948,579.5) (72.62635222134948,605.5) (73.62635222134942,605.5) (73.62635222134942,631.5) (74.62635222134936,631.5) (74.62635222134936,657.5) (75.62635222134931,657.5) (75.62635222134931,683.5) (76.62635222134925,683.5) (76.62635222134925,709.5) (77.62635222134919,709.5) (77.62635222134919,735.5) (78.62635222134914,735.5) (78.62635222134914,761.2) (82.72352965960199,761.2) (82.72352965960199,760.0455840435291) (83.72352965960194,760.0455840435291) (83.72352965960194,758.8911680870581) (84.72352965960188,758.8911680870581) (84.72352965960188,757.7367521305871) (85.72352965960182,757.7367521305871) (85.72352965960182,756.5823361741161) (86.72352965960177,756.5823361741161) (86.72352965960177,755.4279202176451) (87.72352965960171,755.4279202176451) (87.72352965960171,754.2735042611741) (88.72352965960165,754.2735042611741) (88.72352965960165,753.1190883047032) (89.7235296596016,753.1190883047032) (89.7235296596016,751.9646723482322) (90.72352965960154,751.9646723482322) (90.72352965960154,750.8102563917612) (700,750.8102563917612)
batteryCharge[0]:
[0]: (0,100) (700,100)
Pattern1.end:
[0]: (0,0) (90.72352965960154,0) (90.72352965960154,1) (700,1)
[2K
Verifying formula 5 at /nta/queries/query[5]/formula
 -- Formula: simulate[<=700]{robot_inventory[0][0], Pattern1.end*2}
[2K -- Formula is satisfied.
robot_inventory[0][0]:
[0]: (0,0) (700,0)
Pattern1.end * 2:
[0]: (0,0) (90.72352965960111,0) (90.72352965960111,2) (700,2)
[2K
Verifying formula 6 at /nta/queries/query[6]/formula
 -- Formula: simulate[<=700]{room1[0], room1[1], room2[0], room2[1]}
[2K -- Formula is satisfied.
room1[0]:
[0]: (0,400) (700,400)
room1[1]:
[0]: (0,150) (700,150)
room2[0]:
[0]: (0,1200) (700,1200)
room2[1]:
[0]: (0,750) (700,750)
[2K
Verifying formula 7 at /nta/queries/query[7]/formula
 -- Formula: simulate[<=700]{rm_1.idle, rf_1.idle, rp_1.idle, rd_1.idle}
[2K -- Formula is satisfied.
rm_1.idle:
[0]: (0,0) (0,1) (0,0) (91.72352965960162,0) (91.72352965960162,1) (700,1)
rf_1.idle:
[0]: (0,0) (0,1) (700,1)
rp_1.idle:
[0]: (0,0) (0,1) (700,1)
rd_1.idle:
[0]: (0,0) (0,1) (700,1)
[2K
Verifying formula 8 at /nta/queries/query[8]/formula
 -- Formula: Pr[<=700](<>!rm_1.idle || !rf_1.idle || !rp_1.idle || !rd_1.idle)
[2K -- Formula is satisfied.
(72/72 runs) Pr(<> …) in [0.950056,1] (95% CI)
Values in [0,0] mean=0 steps=2.22045e-16: 72
[2K
Verifying formula 9 at /nta/queries/query[9]/formula
 -- Formula: Pr[<=700]([] (Pattern1.end imply (rm_1.idle && rf_1.idle && rp_1.idle && rd_1.idle)))
[2K -- Formula is satisfied.
(0/72 runs) Pr([] …) in [0,0.0499441] (95% CI)
Values in [90.7235,90.7235] mean=90.7235 steps=1.56319e-13: 40 0 25 0 0 0 0 0 7
[2K
Verifying formula 10 at /nta/queries/query[10]/formula
 -- Formula: Pr[<=700] (<> pow(humanPositionX[0] - room1[0], 2) + pow(humanPositionY[0] - room1[1], 2) <= 900 )
[2K -- Formula is satisfied.
(72/72 runs) Pr(<> …) in [0.950056,1] (95% CI)
Values in [11,11] mean=11 steps=2.22045e-16: 72
[2K
Verifying formula 11 at /nta/queries/query[11]/formula
 -- Formula: Pr[<=700] (<> pow(humanPositionX[0] - room2[0], 2) + pow(humanPositionY[0] - room2[1], 2) <= 900 )
[2K -- Formula is satisfied.
(72/72 runs) Pr(<> …) in [0.950056,1] (95% CI)
Values in [84.0439,84.0439] mean=84.0439 steps=1.56319e-13: 36 0 31 0 0 0 0 0 5
[2K
Verifying formula 12 at /nta/queries/query[12]/formula
 -- Formula: Pr[<=700] (<> pow(robPositionX[0] - room1[0], 2) + pow(robPositionY[0] - room1[1], 2) <= 900 )
[2K -- Formula is satisfied.
(72/72 runs) Pr(<> …) in [0.950056,1] (95% CI)
Values in [12.0439,12.0439] mean=12.0439 steps=2.22045e-16: 72
[2K
Verifying formula 13 at /nta/queries/query[13]/formula
 -- Formula: Pr[<=700] (<> pow(robPositionX[0] - room2[0], 2) + pow(robPositionY[0] - room2[1], 2) <= 900 )
[2K -- Formula is satisfied.
(72/72 runs) Pr(<> …) in [0.950056,1] (95% CI)
Values in [90.7235,90.7235] mean=90.7235 steps=1.56319e-13: 36 0 27 0 0 0 0 0 9
[2K
Verifying formula 14 at /nta/queries/query[14]/formula
 -- Formula: Pr[<=700] (<> !isValidPosition(humanPositionX[0], humanPositionY[0]))
[2K -- Formula is satisfied.
(72/72 runs) Pr(<> …) in [0.950056,1] (95% CI)
Values in [0,0] mean=0 steps=2.22045e-16: 72
[2K
Verifying formula 15 at /nta/queries/query[15]/formula
 -- Formula: Pr[<=700] (<> !isValidPosition(robPositionX[0], robPositionY[0]))
[2K -- Formula is satisfied.
(72/72 runs) Pr(<> …) in [0.950056,1] (95% CI)
Values in [0,0] mean=0 steps=2.22045e-16: 72
[2K
Verifying formula 16 at /nta/queries/query[16]/formula
 -- Formula: Pr[<=700] (<> currP > 2)
 -- Throughput: 439171 runs/sec, Load: 322 runs[K
[2K -- Formula is satisfied.
(0/72 runs) Pr(<> …) in [0,0.0499441] (95% CI)
