Options for the verification:
  Generating no trace
  Search order is breadth first
  Using conservative space optimisation
  Seed is 1784365267
  State space representation uses minimal constraint systems with future testing
  Using HashMap + Compress integers for discrete state storage
[2K
Verifying formula 1 at /nta/queries/query[1]/formula
 -- Formula: simulate[<=700]{user_guided_transport_robot_def.s1_start, user_guided_transport_robot_def.s1_end, user_guided_transport_robot_def.s2_start, user_guided_transport_robot_def.s2_end, user_guided_transport_robot_def.s3_start, user_guided_transport_robot_def.s3_idle, user_guided_transport_robot_def.s4_start, user_guided_transport_robot_def.s4_end, user_guided_transport.end}
[2K -- Formula is satisfied.
user_guided_transport_robot_def.s1_start:
[0]: (0,0) (0,1) (0,0) (700,0)
user_guided_transport_robot_def.s1_end:
[0]: (0,0) (2,0) (2,1) (2,0) (700,0)
user_guided_transport_robot_def.s2_start:
[0]: (0,0) (2,0) (2,1) (2,0) (700,0)
user_guided_transport_robot_def.s2_end:
[0]: (0,0) (7.505771270994009,0) (7.505771270994009,1) (7.505771270994009,0) (700,0)
user_guided_transport_robot_def.s3_start:
[0]: (0,0) (7.505771270994009,0) (7.505771270994009,1) (7.505771270994009,0) (700,0)
user_guided_transport_robot_def.s3_idle:
[0]: (0,0) (7.505771270994009,0) (7.505771270994009,1) (192.5057712709947,1) (192.5057712709947,0) (700,0)
user_guided_transport_robot_def.s4_start:
[0]: (0,0) (192.5057712709947,0) (192.5057712709947,1) (192.5057712709947,0) (700,0)
user_guided_transport_robot_def.s4_end:
[0]: (0,0) (422.0202767893253,0) (422.0202767893253,1) (422.0202767893253,0) (700,0)
user_guided_transport.end:
[0]: (0,0) (424.0202767893244,0) (424.0202767893244,1) (700,1)
[2K
Verifying formula 2 at /nta/queries/query[2]/formula
 -- Formula: simulate[<=700]{user_guided_transport_human_def.s1_start, user_guided_transport_human_def.s1_end, user_guided_transport_human_def.s2_start, user_guided_transport_human_def.s2_idle, user_guided_transport_human_def.s3_start, user_guided_transport_human_def.s3_end, user_guided_transport_human_def.s4_start, user_guided_transport_human_def.s4_idle, user_guided_transport.end}
[2K -- Formula is satisfied.
user_guided_transport_human_def.s1_start:
[0]: (0,0) (0,1) (0,0) (700,0)
user_guided_transport_human_def.s1_end:
[0]: (0,0) (1,0) (1,1) (2,1) (2,0) (700,0)
user_guided_transport_human_def.s2_start:
[0]: (0,0) (2,0) (2,1) (2,0) (700,0)
user_guided_transport_human_def.s2_idle:
[0]: (0,0) (2,0) (2,1) (7.957943155994976,1) (7.957943155994976,0) (700,0)
user_guided_transport_human_def.s3_start:
[0]: (0,0) (7.957943155994976,0) (7.957943155994976,1) (7.957943155994976,0) (12.95794315599498,0) (12.95794315599498,1) (12.95794315599498,0) (17.957943155995,0) (17.957943155995,1) (17.957943155995,0) (22.957943155995,0) (22.957943155995,1) (22.957943155995,0) (27.957943155995,0) (27.957943155995,1) (27.957943155995,0) (32.95794315599503,0) (32.95794315599503,1) (32.95794315599503,0) (37.95794315599521,0) (37.95794315599521,1) (37.95794315599521,0) (42.95794315599526,0) (42.95794315599526,1) (42.95794315599526,0) (47.9579431559953,0) (47.9579431559953,1) (47.9579431559953,0) (52.95794315599534,0) (52.95794315599534,1) (52.95794315599534,0) (57.95794315599537,0) (57.95794315599537,1) (57.95794315599537,0) (62.95794315599541,0) (62.95794315599541,1) (62.95794315599541,0) (67.9579431559952,0) (67.9579431559952,1) (67.9579431559952,0) (72.95794315599491,0) (72.95794315599491,1) (72.95794315599491,0) (77.95794315599463,0) (77.95794315599463,1) (77.95794315599463,0) (82.95794315599434,0) (82.95794315599434,1) (82.95794315599434,0) (87.95794315599406,0) (87.95794315599406,1) (87.95794315599406,0) (92.95794315599377,0) (92.95794315599377,1) (92.95794315599377,0) (97.95794315599349,0) (97.95794315599349,1) (97.95794315599349,0) (102.9579431559932,0) (102.9579431559932,1) (102.9579431559932,0) (107.9579431559929,0) (107.9579431559929,1) (107.9579431559929,0) (112.9579431559926,0) (112.9579431559926,1) (112.9579431559926,0) (117.9579431559924,0) (117.9579431559924,1) (117.9579431559924,0) (122.9579431559921,0) (122.9579431559921,1) (122.9579431559921,0) (127.9579431559918,0) (127.9579431559918,1) (127.9579431559918,0) (132.9579431559922,0) (132.9579431559922,1) (132.9579431559922,0) (137.9579431559926,0) (137.9579431559926,1) (137.9579431559926,0) (142.9579431559931,0) (142.9579431559931,1) (142.9579431559931,0) (147.9579431559935,0) (147.9579431559935,1) (147.9579431559935,0) (152.9579431559939,0) (152.9579431559939,1) (152.9579431559939,0) (157.9579431559943,0) (157.9579431559943,1) (157.9579431559943,0) (162.9579431559948,0) (162.9579431559948,1) (162.9579431559948,0) (167.9579431559952,0) (167.9579431559952,1) (167.9579431559952,0) (172.9579431559956,0) (172.9579431559956,1) (172.9579431559956,0) (177.957943155996,0) (177.957943155996,1) (177.957943155996,0) (182.9579431559965,0) (182.9579431559965,1) (182.9579431559965,0) (187.9579431559969,0) (187.9579431559969,1) (187.9579431559969,0) (700,0)
user_guided_transport_human_def.s3_end:
[0]: (0,0) (192.9579431559973,0) (192.9579431559973,1) (192.9579431559973,0) (700,0)
user_guided_transport_human_def.s4_start:
[0]: (0,0) (192.9579431559973,0) (192.9579431559973,1) (192.9579431559973,0) (700,0)
user_guided_transport_human_def.s4_idle:
[0]: (0,0) (192.9579431559973,0) (192.9579431559973,1) (422.4724486742599,1) (422.4724486742599,0) (700,0)
user_guided_transport.end:
[0]: (0,0) (424.472448674259,0) (424.472448674259,1) (700,1)
[2K
Verifying formula 3 at /nta/queries/query[3]/formula
 -- Formula: Pr[<=700] (<> user_guided_transport.end)
[2K -- Formula is satisfied.
(72/72 runs) Pr(<> …) in [0.950056,1] (95% CI)
Values in [423.704,428.459] mean=426.038 steps=0.528303: 8 9 9 6 10 9 7 3 11
[2K
Verifying formula 4 at /nta/queries/query[4]/formula
 -- Formula: simulate[<=700]{humanPositionX[0], humanPositionY[0], robPositionX[0], robPositionY[0], batteryCharge[0], user_guided_transport.end}
[2K -- Formula is satisfied.
humanPositionX[0]:
[0]: (0,0) (0,92.5) (1,92.5) (1,97.73313175708738) (12.3629394699311,97.73313175708738) (12.3629394699311,123.7285354798977) (13.3629394699311,123.7285354798977) (13.3629394699311,149.723939202708) (14.3629394699311,149.723939202708) (14.3629394699311,175.7193429255182) (15.36293946993111,175.7193429255182) (15.36293946993111,201.7147466483285) (16.36293946993111,201.7147466483285) (16.36293946993111,227.7101503711388) (17.36293946993111,227.7101503711388) (17.36293946993111,253.7055540939491) (18.36293946993111,253.7055540939491) (18.36293946993111,279.7009578167594) (19.3629394699311,279.7009578167594) (19.3629394699311,305.6963615395697) (20.36293946993108,305.6963615395697) (20.36293946993108,331.69176526238) (21.36293946993106,331.69176526238) (21.36293946993106,357.6871689851903) (22.36293946993105,357.6871689851903) (22.36293946993105,383.6825727080006) (23.36293946993104,383.6825727080006) (23.36293946993104,409.6779764308109) (24.36293946993102,409.6779764308109) (24.36293946993102,435.6733801536212) (25.36293946993101,435.6733801536212) (25.36293946993101,461.6687838764315) (26.36293946993099,461.6687838764315) (26.36293946993099,487.6641875992418) (27.36293946993097,487.6641875992418) (27.36293946993097,513.6595913220521) (28.36293946993096,513.6595913220521) (28.36293946993096,539.6549950448623) (29.36293946993095,539.6549950448623) (29.36293946993095,565.6503987676725) (30.36293946993093,565.6503987676725) (30.36293946993093,591.6458024904828) (31.36293946993091,591.6458024904828) (31.36293946993091,617.641206213293) (32.3629394699309,617.641206213293) (32.3629394699309,643.6366099361032) (33.36293946993089,643.6366099361032) (33.36293946993089,669.6320136589135) (34.36293946993087,669.6320136589135) (34.36293946993087,695.6274173817237) (35.36293946993086,695.6274173817237) (35.36293946993086,721.622821104534) (36.36293946993084,721.622821104534) (36.36293946993084,747.6182248273442) (37.36293946993082,747.6182248273442) (37.36293946993082,773.6136285501544) (38.36293946993081,773.6136285501544) (38.36293946993081,799.6090322729647) (39.36293946993079,799.6090322729647) (39.36293946993079,825.6044359957749) (40.36293946993078,825.6044359957749) (40.36293946993078,851.5998397185851) (41.36293946993077,851.5998397185851) (41.36293946993077,877.5952434413954) (42.36293946993075,877.5952434413954) (42.36293946993075,903.5906471642056) (43.36293946993074,903.5906471642056) (43.36293946993074,929.5860508870159) (44.36293946993072,929.5860508870159) (44.36293946993072,955.5814546098261) (45.36293946993071,955.5814546098261) (45.36293946993071,981.5768583326363) (46.36293946993069,981.5768583326363) (46.36293946993069,1007.572262055447) (47.36293946993068,1007.572262055447) (47.36293946993068,1033.567665778257) (48.36293946993067,1033.567665778257) (48.36293946993067,1059.563069501067) (49.36293946993065,1059.563069501067) (49.36293946993065,1085.558473223878) (50.36293946993064,1085.558473223878) (50.36293946993064,1111.553876946688) (51.36293946993062,1111.553876946688) (51.36293946993062,1137.549280669498) (52.36293946993061,1137.549280669498) (52.36293946993061,1163.544684392309) (53.36293946993059,1163.544684392309) (53.36293946993059,1189.540088115119) (54.36293946993058,1189.540088115119) (54.36293946993058,1215.535491837929) (55.36293946993057,1215.535491837929) (55.36293946993057,1241.53089556074) (56.36293946993055,1241.53089556074) (56.36293946993055,1267.52629928355) (57.36293946993054,1267.52629928355) (57.36293946993054,1293.52170300636) (58.36293946993052,1293.52170300636) (58.36293946993052,1319.517106729171) (59.36293946993051,1319.517106729171) (59.36293946993051,1345.512510451981) (60.3629394699305,1345.512510451981) (60.3629394699305,1371.507914174791) (61.36293946993048,1371.507914174791) (61.36293946993048,1397.503317897602) (62.36293946993047,1397.503317897602) (62.36293946993047,1423.498721620412) (63.36293946993045,1423.498721620412) (63.36293946993045,1478) (64.36293946993044,1478) (64.36293946993044,1504) (65.36293946993042,1504) (65.36293946993042,1530) (66.36293946993041,1530) (66.36293946993041,1556) (67.3629394699304,1556) (67.3629394699304,1582) (68.36293946993038,1582) (68.36293946993038,1608) (69.36293946993037,1608) (69.36293946993037,1634) (70.36293946993035,1634) (70.36293946993035,1660) (71.36293946993034,1660) (71.36293946993034,1686) (72.36293946993032,1686) (72.36293946993032,1712) (73.36293946993031,1712) (73.36293946993031,1738) (74.3629394699303,1738) (74.3629394699303,1764) (75.36293946993028,1764) (75.36293946993028,1790) (76.36293946993032,1790) (76.36293946993032,1816) (77.36293946993031,1816) (77.36293946993031,1842) (78.36293946993024,1842) (78.36293946993024,1868) (79.36293946993017,1868) (79.36293946993017,1894) (80.3629394699301,1894) (80.3629394699301,1920) (81.36293946993003,1920) (81.36293946993003,1946) (82.36293946992996,1946) (82.36293946992996,1972) (83.36293946992988,1972) (83.36293946992988,1998) (84.36293946992981,1998) (84.36293946992981,2024) (85.36293946992974,2024) (85.36293946992974,2050) (86.36293946992967,2050) (86.36293946992967,2076) (87.3629394699296,2076) (87.3629394699296,2102) (88.36293946992953,2102) (88.36293946992953,2128) (89.36293946992946,2128) (89.36293946992946,2154) (90.36293946992939,2154) (90.36293946992939,2180) (91.36293946992932,2180) (91.36293946992932,2206) (92.36293946992924,2206) (92.36293946992924,2232) (93.36293946992917,2232) (93.36293946992917,2258) (94.3629394699291,2258) (94.3629394699291,2284) (95.36293946992903,2284) (95.36293946992903,2310) (96.36293946992896,2310) (96.36293946992896,2336) (97.36293946992889,2336) (97.36293946992889,2362) (98.36293946992882,2362) (98.36293946992882,2388) (99.36293946992875,2388) (99.36293946992875,2414) (100.3629394699287,2414) (100.3629394699287,2440) (101.3629394699286,2440) (101.3629394699286,2466) (102.3629394699285,2466) (102.3629394699285,2492) (103.3629394699285,2492) (103.3629394699285,2518) (104.3629394699284,2518) (104.3629394699284,2544) (105.3629394699283,2544) (105.3629394699283,2570) (106.3629394699282,2570) (106.3629394699282,2596) (107.3629394699282,2596) (107.3629394699282,2622) (108.3629394699281,2622) (108.3629394699281,2648) (109.362939469928,2648) (109.362939469928,2674) (110.362939469928,2674) (110.362939469928,2700) (111.3629394699279,2700) (111.3629394699279,2726) (112.3629394699278,2726) (112.3629394699278,2752) (113.3629394699278,2752) (113.3629394699278,2778) (114.3629394699277,2778) (114.3629394699277,2804) (115.3629394699276,2804) (115.3629394699276,2830) (116.3629394699275,2830) (116.3629394699275,2856) (117.3629394699275,2856) (117.3629394699275,2882) (118.3629394699274,2882) (118.3629394699274,2908) (119.3629394699273,2908) (119.3629394699273,2934) (120.3629394699273,2934) (120.3629394699273,2960) (121.3629394699272,2960) (121.3629394699272,2986) (122.3629394699271,2986) (122.3629394699271,3012) (123.362939469927,3012) (123.362939469927,3038) (124.362939469927,3038) (124.362939469927,3088.5) (125.3629394699269,3088.5) (125.3629394699269,3114.5) (126.3629394699268,3114.5) (126.3629394699268,3140.5) (127.3629394699268,3140.5) (127.3629394699268,3166.5) (128.3629394699267,3166.5) (128.3629394699267,3192.5) (129.3629394699268,3192.5) (129.3629394699268,3218.5) (130.3629394699269,3218.5) (130.3629394699269,3244.5) (131.362939469927,3244.5) (131.362939469927,3270.5) (132.3629394699271,3270.5) (132.3629394699271,3296.5) (133.3629394699271,3296.5) (133.3629394699271,3322.5) (134.3629394699272,3322.5) (134.3629394699272,3348.5) (135.3629394699273,3348.5) (135.3629394699273,3374.5) (136.3629394699274,3374.5) (136.3629394699274,3400.5) (137.3629394699275,3400.5) (137.3629394699275,3426.5) (138.3629394699275,3426.5) (138.3629394699275,3452.5) (139.3629394699276,3452.5) (139.3629394699276,3478.5) (140.3629394699277,3478.5) (140.3629394699277,3504.5) (141.3629394699278,3504.5) (141.3629394699278,3530.5) (142.3629394699279,3530.5) (142.3629394699279,3556.5) (143.3629394699279,3556.5) (143.3629394699279,3582.5) (144.362939469928,3582.5) (144.362939469928,3608.5) (145.3629394699281,3608.5) (145.3629394699281,3634.5) (146.3629394699282,3634.5) (146.3629394699282,3660.5) (147.3629394699282,3660.5) (147.3629394699282,3686.5) (148.3629394699283,3686.5) (148.3629394699283,3712.5) (149.3629394699284,3712.5) (149.3629394699284,3738.5) (150.3629394699285,3738.5) (150.3629394699285,3764.5) (151.3629394699286,3764.5) (151.3629394699286,3790.5) (152.3629394699286,3790.5) (152.3629394699286,3816.5) (153.3629394699287,3816.5) (153.3629394699287,3842.5) (154.3629394699288,3842.5) (154.3629394699288,3868.5) (155.3629394699289,3868.5) (155.3629394699289,3894.5) (156.362939469929,3894.5) (156.362939469929,3920.5) (157.362939469929,3920.5) (157.362939469929,3946.5) (158.3629394699291,3946.5) (158.3629394699291,3972.5) (159.3629394699292,3972.5) (159.3629394699292,3998.5) (160.3629394699293,3998.5) (160.3629394699293,4024.5) (161.3629394699294,4024.5) (161.3629394699294,4050.5) (162.3629394699294,4050.5) (162.3629394699294,4076.5) (163.3629394699295,4076.5) (163.3629394699295,4102.5) (164.3629394699296,4102.5) (164.3629394699296,4128.5) (165.3629394699297,4128.5) (165.3629394699297,4154.5) (166.3629394699298,4154.5) (166.3629394699298,4180.5) (167.3629394699298,4180.5) (167.3629394699298,4206.5) (168.3629394699299,4206.5) (168.3629394699299,4232.5) (169.36293946993,4232.5) (169.36293946993,4258.5) (170.3629394699301,4258.5) (170.3629394699301,4284.5) (171.3629394699302,4284.5) (171.3629394699302,4310.5) (172.3629394699302,4310.5) (172.3629394699302,4336.5) (173.3629394699303,4336.5) (173.3629394699303,4362.5) (174.3629394699304,4362.5) (174.3629394699304,4388.5) (175.3629394699305,4388.5) (175.3629394699305,4416.265463717128) (176.3629394699306,4416.265463717128) (176.3629394699306,4415.530927434256) (177.3629394699306,4415.530927434256) (177.3629394699306,4414.796391151384) (178.3629394699307,4414.796391151384) (178.3629394699307,4414.061854868512) (179.3629394699308,4414.061854868512) (179.3629394699308,4413.327318585641) (180.3629394699309,4413.327318585641) (180.3629394699309,4412.592782302769) (181.362939469931,4412.592782302769) (181.362939469931,4411.858246019897) (182.362939469931,4411.858246019897) (182.362939469931,4411.123709737025) (183.3629394699311,4411.123709737025) (183.3629394699311,4410.389173454153) (184.3629394699312,4410.389173454153) (184.3629394699312,4409.654637171281) (185.3629394699313,4409.654637171281) (185.3629394699313,4408.920100888409) (186.3629394699313,4408.920100888409) (186.3629394699313,4408.185564605537) (187.3629394699314,4408.185564605537) (187.3629394699314,4407.451028322665) (188.3629394699315,4407.451028322665) (188.3629394699315,4406.716492039794) (189.3629394699316,4406.716492039794) (189.3629394699316,4405.981955756922) (190.3629394699317,4405.981955756922) (190.3629394699317,4405.24741947405) (191.3629394699317,4405.24741947405) (191.3629394699317,4404.512883191178) (192.3629394699318,4404.512883191178) (192.3629394699318,4403.778346908306) (193.3629394699319,4403.778346908306) (193.3629394699319,4403.043810625434) (194.362939469932,4403.043810625434) (194.362939469932,4402.309274342562) (195.3629394699321,4402.309274342562) (195.3629394699321,4401.57473805969) (196.3629394699321,4401.57473805969) (196.3629394699321,4400.840201776819) (700,4400.840201776819)
humanPositionY[0]:
[0]: (0,0) (0,163.5) (1,163.5) (1,188.9679078844919) (12.3629394699311,188.9679078844919) (12.3629394699311,188.479046668909) (13.3629394699311,188.479046668909) (13.3629394699311,187.9901854533261) (14.3629394699311,187.9901854533261) (14.3629394699311,187.5013242377432) (15.36293946993111,187.5013242377432) (15.36293946993111,187.0124630221603) (16.36293946993111,187.0124630221603) (16.36293946993111,186.5236018065774) (17.36293946993111,186.5236018065774) (17.36293946993111,186.0347405909945) (18.36293946993111,186.0347405909945) (18.36293946993111,185.5458793754117) (19.3629394699311,185.5458793754117) (19.3629394699311,185.0570181598288) (20.36293946993108,185.0570181598288) (20.36293946993108,184.5681569442459) (21.36293946993106,184.5681569442459) (21.36293946993106,184.079295728663) (22.36293946993105,184.079295728663) (22.36293946993105,183.5904345130801) (23.36293946993104,183.5904345130801) (23.36293946993104,183.1015732974972) (24.36293946993102,183.1015732974972) (24.36293946993102,182.6127120819143) (25.36293946993101,182.6127120819143) (25.36293946993101,182.1238508663315) (26.36293946993099,182.1238508663315) (26.36293946993099,181.6349896507486) (27.36293946993097,181.6349896507486) (27.36293946993097,181.1461284351657) (28.36293946993096,181.1461284351657) (28.36293946993096,180.6572672195828) (29.36293946993095,180.6572672195828) (29.36293946993095,180.1684060039999) (30.36293946993093,180.1684060039999) (30.36293946993093,179.679544788417) (31.36293946993091,179.679544788417) (31.36293946993091,179.1906835728341) (32.3629394699309,179.1906835728341) (32.3629394699309,178.7018223572512) (33.36293946993089,178.7018223572512) (33.36293946993089,178.2129611416684) (34.36293946993087,178.2129611416684) (34.36293946993087,177.7240999260855) (35.36293946993086,177.7240999260855) (35.36293946993086,177.2352387105026) (36.36293946993084,177.2352387105026) (36.36293946993084,176.7463774949197) (37.36293946993082,176.7463774949197) (37.36293946993082,176.2575162793368) (38.36293946993081,176.2575162793368) (38.36293946993081,175.7686550637539) (39.36293946993079,175.7686550637539) (39.36293946993079,175.279793848171) (40.36293946993078,175.279793848171) (40.36293946993078,174.7909326325882) (41.36293946993077,174.7909326325882) (41.36293946993077,174.3020714170053) (42.36293946993075,174.3020714170053) (42.36293946993075,173.8132102014224) (43.36293946993074,173.8132102014224) (43.36293946993074,173.3243489858395) (44.36293946993072,173.3243489858395) (44.36293946993072,172.8354877702566) (45.36293946993071,172.8354877702566) (45.36293946993071,172.3466265546737) (46.36293946993069,172.3466265546737) (46.36293946993069,171.8577653390908) (47.36293946993068,171.8577653390908) (47.36293946993068,171.3689041235079) (48.36293946993067,171.3689041235079) (48.36293946993067,170.8800429079251) (49.36293946993065,170.8800429079251) (49.36293946993065,170.3911816923422) (50.36293946993064,170.3911816923422) (50.36293946993064,169.9023204767593) (51.36293946993062,169.9023204767593) (51.36293946993062,169.4134592611764) (52.36293946993061,169.4134592611764) (52.36293946993061,168.9245980455935) (53.36293946993059,168.9245980455935) (53.36293946993059,168.4357368300106) (54.36293946993058,168.4357368300106) (54.36293946993058,167.9468756144277) (55.36293946993057,167.9468756144277) (55.36293946993057,167.4580143988449) (56.36293946993055,167.4580143988449) (56.36293946993055,166.969153183262) (57.36293946993054,166.969153183262) (57.36293946993054,166.4802919676791) (58.36293946993052,166.4802919676791) (58.36293946993052,165.9914307520962) (59.36293946993051,165.9914307520962) (59.36293946993051,165.5025695365133) (60.3629394699305,165.5025695365133) (60.3629394699305,165.0137083209304) (61.36293946993048,165.0137083209304) (61.36293946993048,164.5248471053475) (62.36293946993047,164.5248471053475) (62.36293946993047,164.0359858897646) (63.36293946993045,164.0359858897646) (63.36293946993045,163.5) (175.3629394699305,163.5) (175.3629394699305,189.4896220913107) (176.3629394699306,189.4896220913107) (176.3629394699306,215.4792441826214) (177.3629394699306,215.4792441826214) (177.3629394699306,241.4688662739321) (178.3629394699307,241.4688662739321) (178.3629394699307,267.4584883652428) (179.3629394699308,267.4584883652428) (179.3629394699308,293.4481104565535) (180.3629394699309,293.4481104565535) (180.3629394699309,319.4377325478642) (181.362939469931,319.4377325478642) (181.362939469931,345.427354639175) (182.362939469931,345.427354639175) (182.362939469931,371.4169767304857) (183.3629394699311,371.4169767304857) (183.3629394699311,397.4065988217964) (184.3629394699312,397.4065988217964) (184.3629394699312,423.3962209131071) (185.3629394699313,423.3962209131071) (185.3629394699313,449.3858430044178) (186.3629394699313,449.3858430044178) (186.3629394699313,475.3754650957285) (187.3629394699314,475.3754650957285) (187.3629394699314,501.3650871870392) (188.3629394699315,501.3650871870392) (188.3629394699315,527.3547092783499) (189.3629394699316,527.3547092783499) (189.3629394699316,553.3443313696606) (190.3629394699317,553.3443313696606) (190.3629394699317,579.3339534609713) (191.3629394699317,579.3339534609713) (191.3629394699317,605.323575552282) (192.3629394699318,605.323575552282) (192.3629394699318,631.3131976435927) (193.3629394699319,631.3131976435927) (193.3629394699319,657.3028197349034) (194.362939469932,657.3028197349034) (194.362939469932,683.2924418262141) (195.3629394699321,683.2924418262141) (195.3629394699321,709.2820639175249) (196.3629394699321,709.2820639175249) (196.3629394699321,735.2716860088356) (700,735.2716860088356)
robPositionX[0]:
[0]: (0,0) (0,92.5) (2,92.5) (2,97.73313175708738) (198.3629394699313,97.73313175708738) (198.3629394699313,123.7285354798977) (199.3817429324145,123.7285354798977) (199.3817429324145,149.723939202708) (200.3817429324145,149.723939202708) (200.3817429324145,175.7193429255182) (201.4005463948978,175.7193429255182) (201.4005463948978,201.7147466483285) (202.4005463948978,201.7147466483285) (202.4005463948978,227.7101503711388) (203.419349857381,227.7101503711388) (203.419349857381,253.7055540939491) (204.4381533198643,253.7055540939491) (204.4381533198643,279.7009578167594) (205.4569567823475,279.7009578167594) (205.4569567823475,305.6963615395697) (206.4757602448307,305.6963615395697) (206.4757602448307,331.69176526238) (207.4757602448307,331.69176526238) (207.4757602448307,357.6871689851903) (208.4945637073139,357.6871689851903) (208.4945637073139,383.6825727080006) (209.5133671697971,383.6825727080006) (209.5133671697971,409.6779764308109) (210.5321706322804,409.6779764308109) (210.5321706322804,435.6733801536212) (211.5509740947636,435.6733801536212) (211.5509740947636,461.6687838764315) (212.5697775572468,461.6687838764315) (212.5697775572468,487.6641875992418) (213.58858101973,487.6641875992418) (213.58858101973,513.6595913220521) (214.6073844822132,513.6595913220521) (214.6073844822132,539.6549950448623) (215.6073844822132,539.6549950448623) (215.6073844822132,565.6503987676725) (216.6073844822132,565.6503987676725) (216.6073844822132,591.6458024904828) (217.6261879446964,591.6458024904828) (217.6261879446964,617.641206213293) (218.6261879446964,617.641206213293) (218.6261879446964,643.6366099361032) (219.6449914071796,643.6366099361032) (219.6449914071796,669.6320136589135) (220.6637948696628,669.6320136589135) (220.6637948696628,695.6274173817237) (221.682598332146,695.6274173817237) (221.682598332146,721.622821104534) (222.682598332146,721.622821104534) (222.682598332146,747.6182248273442) (223.682598332146,747.6182248273442) (223.682598332146,773.6136285501544) (224.6825983321459,773.6136285501544) (224.6825983321459,799.6090322729647) (225.7014017946292,799.6090322729647) (225.7014017946292,825.6044359957749) (226.7202052571124,825.6044359957749) (226.7202052571124,851.5998397185851) (227.7390087195956,851.5998397185851) (227.7390087195956,877.5952434413954) (228.7578121820789,877.5952434413954) (228.7578121820789,903.5906471642056) (229.776615644562,903.5906471642056) (229.776615644562,929.5860508870159) (230.7954191070453,929.5860508870159) (230.7954191070453,955.5814546098261) (231.8142225695285,955.5814546098261) (231.8142225695285,981.5768583326363) (232.8330260320117,981.5768583326363) (232.8330260320117,1007.572262055447) (233.8330260320117,1007.572262055447) (233.8330260320117,1033.567665778257) (234.8330260320117,1033.567665778257) (234.8330260320117,1059.563069501067) (235.8330260320116,1059.563069501067) (235.8330260320116,1085.558473223878) (236.8330260320116,1085.558473223878) (236.8330260320116,1111.553876946688) (237.8330260320116,1111.553876946688) (237.8330260320116,1137.549280669498) (238.8518294944948,1137.549280669498) (238.8518294944948,1163.544684392309) (239.8518294944948,1163.544684392309) (239.8518294944948,1189.540088115119) (240.870632956978,1189.540088115119) (240.870632956978,1215.535491837929) (241.8894364194612,1215.535491837929) (241.8894364194612,1241.53089556074) (242.9082398819444,1241.53089556074) (242.9082398819444,1267.52629928355) (243.9270433444276,1267.52629928355) (243.9270433444276,1293.52170300636) (244.9270433444276,1293.52170300636) (244.9270433444276,1319.517106729171) (245.9458468069108,1319.517106729171) (245.9458468069108,1345.512510451981) (246.9458468069108,1345.512510451981) (246.9458468069108,1371.507914174791) (249.3824429793181,1371.507914174791) (249.3824429793181,1374.986654373684) (250.3824429793181,1374.986654373684) (250.3824429793181,1378.465394572576) (251.3824429793181,1378.465394572576) (251.3824429793181,1381.944134771469) (252.382442979318,1381.944134771469) (252.382442979318,1385.422874970361) (253.382442979318,1385.422874970361) (253.382442979318,1388.901615169254) (255.8190391517253,1388.901615169254) (255.8190391517253,1392.380355368146) (256.9122413193719,1392.380355368146) (256.9122413193719,1418.267510717711) (258.0054434870185,1418.267510717711) (258.0054434870185,1444.154666067276) (259.0054434870185,1444.154666067276) (259.0054434870185,1470.041821416841) (260.0054434870185,1470.041821416841) (260.0054434870185,1495.928976766406) (261.0054434870185,1495.928976766406) (261.0054434870185,1521.816132115971) (262.0986456546649,1521.816132115971) (262.0986456546649,1547.703287465537) (263.1918478223114,1547.703287465537) (263.1918478223114,1573.590442815102) (264.1918478223114,1573.590442815102) (264.1918478223114,1599.477598164667) (265.2850499899579,1599.477598164667) (265.2850499899579,1625.364753514232) (266.3782521576044,1625.364753514232) (266.3782521576044,1651.251908863797) (267.3782521576044,1651.251908863797) (267.3782521576044,1677.139064213362) (268.4714543252512,1677.139064213362) (268.4714543252512,1703.026219562927) (269.564656492898,1703.026219562927) (269.564656492898,1728.913374912492) (270.5646564928982,1728.913374912492) (270.5646564928982,1754.800530262057) (271.657858660545,1754.800530262057) (271.657858660545,1780.687685611622) (272.7510608281918,1780.687685611622) (272.7510608281918,1806.574840961187) (273.7510608281921,1806.574840961187) (273.7510608281921,1832.461996310753) (274.844262995839,1832.461996310753) (274.844262995839,1858.349151660318) (275.9374651634857,1858.349151660318) (275.9374651634857,1884.236307009883) (276.937465163486,1884.236307009883) (276.937465163486,1910.123462359448) (278.0306673311328,1910.123462359448) (278.0306673311328,1936.010617709013) (279.1238694987796,1936.010617709013) (279.1238694987796,1961.897773058578) (280.2170716664264,1961.897773058578) (280.2170716664264,1987.784928408143) (281.3102738340733,1987.784928408143) (281.3102738340733,2013.672083757708) (282.4034760017202,2013.672083757708) (282.4034760017202,2039.559239107273) (283.4966781693669,2039.559239107273) (283.4966781693669,2065.446394456838) (284.5898803370138,2065.446394456838) (284.5898803370138,2091.333549806403) (285.6830825046606,2091.333549806403) (285.6830825046606,2117.220705155969) (286.6830825046609,2117.220705155969) (286.6830825046609,2143.107860505534) (287.7762846723077,2143.107860505534) (287.7762846723077,2168.995015855099) (288.8694868399545,2168.995015855099) (288.8694868399545,2194.882171204664) (289.8694868399548,2194.882171204664) (289.8694868399548,2220.769326554229) (290.9626890076016,2220.769326554229) (290.9626890076016,2246.656481903794) (292.0558911752484,2246.656481903794) (292.0558911752484,2272.543637253359) (293.0558911752486,2272.543637253359) (293.0558911752486,2298.430792602924) (294.1490933428955,2298.430792602924) (294.1490933428955,2324.317947952489) (295.2422955105423,2324.317947952489) (295.2422955105423,2350.205103302054) (296.2422955105426,2350.205103302054) (296.2422955105426,2376.092258651619) (297.2422955105429,2376.092258651619) (297.2422955105429,2401.979414001185) (298.3354976781897,2401.979414001185) (298.3354976781897,2427.86656935075) (299.4286998458364,2427.86656935075) (299.4286998458364,2453.753724700315) (300.4286998458367,2453.753724700315) (300.4286998458367,2479.64088004988) (301.5219020134835,2479.64088004988) (301.5219020134835,2505.528035399445) (302.6151041811303,2505.528035399445) (302.6151041811303,2531.41519074901) (303.6151041811305,2531.41519074901) (303.6151041811305,2557.302346098575) (304.6151041811307,2557.302346098575) (304.6151041811307,2583.18950144814) (305.7083063487775,2583.18950144814) (305.7083063487775,2609.076656797705) (306.8015085164243,2609.076656797705) (306.8015085164243,2634.96381214727) (307.8015085164246,2634.96381214727) (307.8015085164246,2660.850967496835) (308.8015085164249,2660.850967496835) (308.8015085164249,2686.738122846401) (309.8015085164252,2686.738122846401) (309.8015085164252,2712.625278195966) (310.894710684072,2712.625278195966) (310.894710684072,2738.512433545531) (311.9879128517188,2738.512433545531) (311.9879128517188,2764.399588895096) (312.987912851719,2764.399588895096) (312.987912851719,2790.286744244661) (314.0811150193658,2790.286744244661) (314.0811150193658,2816.173899594226) (315.1743171870126,2816.173899594226) (315.1743171870126,2842.061054943791) (316.2675193546594,2842.061054943791) (316.2675193546594,2867.948210293356) (317.3607215223063,2867.948210293356) (317.3607215223063,2893.835365642921) (318.4539236899531,2893.835365642921) (318.4539236899531,2919.722520992486) (319.5471258575998,2919.722520992486) (319.5471258575998,2945.609676342051) (320.5471258576001,2945.609676342051) (320.5471258576001,2971.496831691617) (321.5530104791847,2971.496831691617) (321.5530104791847,2997.49638151889) (322.5588951007695,2997.49638151889) (322.5588951007695,3023.495931346164) (323.5647797223542,3023.495931346164) (323.5647797223542,3049.495481173438) (324.5647797223544,3049.495481173438) (324.5647797223544,3075.495031000712) (325.5706643439391,3075.495031000712) (325.5706643439391,3101.494580827985) (326.5706643439394,3101.494580827985) (326.5706643439394,3127.494130655259) (327.5706643439396,3127.494130655259) (327.5706643439396,3153.493680482533) (328.5765489655243,3153.493680482533) (328.5765489655243,3179.493230309807) (329.5765489655246,3179.493230309807) (329.5765489655246,3205.49278013708) (330.5765489655249,3205.49278013708) (330.5765489655249,3231.492329964354) (331.5824335871096,3231.492329964354) (331.5824335871096,3257.491879791628) (332.5824335871098,3257.491879791628) (332.5824335871098,3283.491429618902) (333.5883182086944,3283.491429618902) (333.5883182086944,3309.490979446176) (334.5883182086947,3309.490979446176) (334.5883182086947,3335.490529273449) (335.5883182086949,3335.490529273449) (335.5883182086949,3361.490079100723) (336.5942028302796,3361.490079100723) (336.5942028302796,3387.489628927997) (337.5942028302799,3387.489628927997) (337.5942028302799,3413.489178755271) (338.6000874518646,3413.489178755271) (338.6000874518646,3439.488728582544) (339.6059720734493,3439.488728582544) (339.6059720734493,3465.488278409818) (340.6118566950339,3465.488278409818) (340.6118566950339,3491.487828237092) (341.6118566950341,3491.487828237092) (341.6118566950341,3517.487378064366) (342.6177413166189,3517.487378064366) (342.6177413166189,3543.486927891639) (343.6177413166192,3543.486927891639) (343.6177413166192,3569.486477718913) (344.6177413166195,3569.486477718913) (344.6177413166195,3595.486027546187) (345.6177413166197,3595.486027546187) (345.6177413166197,3621.485577373461) (346.6236259382044,3621.485577373461) (346.6236259382044,3647.485127200734) (347.6295105597891,3647.485127200734) (347.6295105597891,3673.484677028008) (348.6295105597893,3673.484677028008) (348.6295105597893,3699.484226855282) (349.635395181374,3699.484226855282) (349.635395181374,3725.483776682556) (350.6412798029586,3725.483776682556) (350.6412798029586,3751.48332650983) (351.6412798029589,3751.48332650983) (351.6412798029589,3777.482876337103) (352.6471644245436,3777.482876337103) (352.6471644245436,3803.482426164377) (353.6530490461283,3803.482426164377) (353.6530490461283,3829.481975991651) (354.6589336677129,3829.481975991651) (354.6589336677129,3855.481525818925) (355.6589336677131,3855.481525818925) (355.6589336677131,3881.481075646198) (356.6648182892979,3881.481075646198) (356.6648182892979,3907.480625473472) (357.6707029108825,3907.480625473472) (357.6707029108825,3933.480175300746) (358.6707029108828,3933.480175300746) (358.6707029108828,3959.47972512802) (359.6765875324675,3959.47972512802) (359.6765875324675,3985.479274955293) (360.6824721540522,3985.479274955293) (360.6824721540522,4011.478824782567) (361.688356775637,4011.478824782567) (361.688356775637,4037.478374609841) (362.6942413972217,4037.478374609841) (362.6942413972217,4063.477924437115) (363.7001260188064,4063.477924437115) (363.7001260188064,4089.477474264389) (364.7060106403911,4089.477474264389) (364.7060106403911,4115.477024091662) (365.7118952619758,4115.477024091662) (365.7118952619758,4141.476573918936) (366.7177798835605,4141.476573918936) (366.7177798835605,4167.47612374621) (367.7177798835608,4167.47612374621) (367.7177798835608,4193.475673573484) (368.717779883561,4193.475673573484) (368.717779883561,4219.475223400757) (369.7177798835613,4219.475223400757) (369.7177798835613,4245.474773228031) (370.7177798835616,4245.474773228031) (370.7177798835616,4271.474323055305) (371.7177798835619,4271.474323055305) (371.7177798835619,4297.473872882579) (372.7177798835622,4297.473872882579) (372.7177798835622,4323.473422709852) (375.1539544123575,4323.473422709852) (375.1539544123575,4326.963026763519) (377.5901289411527,4326.963026763519) (377.5901289411527,4330.452630817186) (378.590128941153,4330.452630817186) (378.590128941153,4333.942234870853) (381.0263034699483,4333.942234870853) (381.0263034699483,4337.43183892452) (382.0263034699486,4337.43183892452) (382.0263034699486,4340.921442978187) (384.4624779987439,4340.921442978187) (384.4624779987439,4344.411047031854) (386.8986525275391,4344.411047031854) (386.8986525275391,4347.900651085521) (389.3348270563343,4347.900651085521) (389.3348270563343,4351.390255139188) (391.7710015851296,4351.390255139188) (391.7710015851296,4354.879859192854) (394.2071761139248,4354.879859192854) (394.2071761139248,4358.369463246521) (396.64335064272,4358.369463246521) (396.64335064272,4361.859067300188) (399.0795251715151,4361.859067300188) (399.0795251715151,4365.348671353855) (401.5156997003103,4365.348671353855) (401.5156997003103,4368.838275407522) (403.9518742291056,4368.838275407522) (403.9518742291056,4372.327879461189) (406.3880487579008,4372.327879461189) (406.3880487579008,4375.817483514856) (408.8242232866961,4375.817483514856) (408.8242232866961,4379.307087568523) (411.2603978154914,4379.307087568523) (411.2603978154914,4382.796691622189) (413.6965723442866,4382.796691622189) (413.6965723442866,4386.286295675856) (416.1327468730819,4386.286295675856) (416.1327468730819,4389.775899729522) (418.5689214018772,4389.775899729522) (418.5689214018772,4393.265503783189) (421.0050959306724,4393.265503783189) (421.0050959306724,4396.755107836855) (423.4412704594675,4396.755107836855) (423.4412704594675,4400.244711890522) (425.8774449882628,4400.244711890522) (425.8774449882628,4400.840201776819) (700,4400.840201776819)
robPositionY[0]:
[0]: (0,0) (0,163.5) (2,163.5) (2,188.9679078844919) (198.3629394699313,188.9679078844919) (198.3629394699313,188.479046668909) (199.3817429324145,188.479046668909) (199.3817429324145,187.9901854533262) (200.3817429324145,187.9901854533262) (200.3817429324145,187.5013242377435) (201.4005463948978,187.5013242377435) (201.4005463948978,187.0124630221606) (202.4005463948978,187.0124630221606) (202.4005463948978,186.5236018065777) (203.419349857381,186.5236018065777) (203.419349857381,186.034740590995) (204.4381533198643,186.034740590995) (204.4381533198643,185.5458793754121) (205.4569567823475,185.5458793754121) (205.4569567823475,185.0570181598295) (206.4757602448307,185.0570181598295) (206.4757602448307,184.5681569442468) (207.4757602448307,184.5681569442468) (207.4757602448307,184.079295728664) (208.4945637073139,184.079295728664) (208.4945637073139,183.5904345130811) (209.5133671697971,183.5904345130811) (209.5133671697971,183.1015732974986) (210.5321706322804,183.1015732974986) (210.5321706322804,182.6127120819158) (211.5509740947636,182.6127120819158) (211.5509740947636,182.1238508663329) (212.5697775572468,182.1238508663329) (212.5697775572468,181.6349896507502) (213.58858101973,181.6349896507502) (213.58858101973,181.1461284351673) (214.6073844822132,181.1461284351673) (214.6073844822132,180.6572672195846) (215.6073844822132,180.6572672195846) (215.6073844822132,180.1684060040018) (216.6073844822132,180.1684060040018) (216.6073844822132,179.6795447884191) (217.6261879446964,179.6795447884191) (217.6261879446964,179.1906835728362) (218.6261879446964,179.1906835728362) (218.6261879446964,178.7018223572533) (219.6449914071796,178.7018223572533) (219.6449914071796,178.2129611416705) (220.6637948696628,178.2129611416705) (220.6637948696628,177.7240999260877) (221.682598332146,177.7240999260877) (221.682598332146,177.2352387105049) (222.682598332146,177.2352387105049) (222.682598332146,176.7463774949222) (223.682598332146,176.7463774949222) (223.682598332146,176.2575162793394) (224.6825983321459,176.2575162793394) (224.6825983321459,175.7686550637567) (225.7014017946292,175.7686550637567) (225.7014017946292,175.2797938481738) (226.7202052571124,175.2797938481738) (226.7202052571124,174.7909326325911) (227.7390087195956,174.7909326325911) (227.7390087195956,174.3020714170082) (228.7578121820789,174.3020714170082) (228.7578121820789,173.8132102014254) (229.776615644562,173.8132102014254) (229.776615644562,173.3243489858428) (230.7954191070453,173.3243489858428) (230.7954191070453,172.8354877702601) (231.8142225695285,172.8354877702601) (231.8142225695285,172.3466265546772) (232.8330260320117,172.3466265546772) (232.8330260320117,171.8577653390945) (233.8330260320117,171.8577653390945) (233.8330260320117,171.3689041235117) (234.8330260320117,171.3689041235117) (234.8330260320117,170.880042907929) (235.8330260320116,170.880042907929) (235.8330260320116,170.3911816923462) (236.8330260320116,170.3911816923462) (236.8330260320116,169.9023204767635) (237.8330260320116,169.9023204767635) (237.8330260320116,169.4134592611807) (238.8518294944948,169.4134592611807) (238.8518294944948,168.9245980455979) (239.8518294944948,168.9245980455979) (239.8518294944948,168.435736830015) (240.870632956978,168.435736830015) (240.870632956978,167.9468756144324) (241.8894364194612,167.9468756144324) (241.8894364194612,167.4580143988497) (242.9082398819444,167.4580143988497) (242.9082398819444,166.9691531832668) (243.9270433444276,166.9691531832668) (243.9270433444276,166.480291967684) (244.9270433444276,166.480291967684) (244.9270433444276,165.9914307521013) (245.9458468069108,165.9914307521013) (245.9458468069108,165.5025695365184) (246.9458468069108,165.5025695365184) (246.9458468069108,165.0137083209355) (249.3824429793181,165.0137083209355) (249.3824429793181,190.7799336290518) (250.3824429793181,190.7799336290518) (250.3824429793181,216.546158937168) (251.3824429793181,216.546158937168) (251.3824429793181,242.3123842452842) (252.382442979318,242.3123842452842) (252.382442979318,268.0786095534005) (253.382442979318,268.0786095534005) (253.382442979318,293.8448348615167) (255.8190391517253,293.8448348615167) (255.8190391517253,319.611060169633) (256.9122413193719,319.611060169633) (256.9122413193719,317.1913106149312) (258.0054434870185,317.1913106149312) (258.0054434870185,314.7715610602295) (259.0054434870185,314.7715610602295) (259.0054434870185,312.3518115055277) (260.0054434870185,312.3518115055277) (260.0054434870185,309.932061950826) (261.0054434870185,309.932061950826) (261.0054434870185,307.5123123961242) (262.0986456546649,307.5123123961242) (262.0986456546649,305.0925628414225) (263.1918478223114,305.0925628414225) (263.1918478223114,302.6728132867207) (264.1918478223114,302.6728132867207) (264.1918478223114,300.253063732019) (265.2850499899579,300.253063732019) (265.2850499899579,297.8333141773172) (266.3782521576044,297.8333141773172) (266.3782521576044,295.4135646226154) (267.3782521576044,295.4135646226154) (267.3782521576044,292.9938150679137) (268.4714543252512,292.9938150679137) (268.4714543252512,290.5740655132119) (269.564656492898,290.5740655132119) (269.564656492898,288.1543159585102) (270.5646564928982,288.1543159585102) (270.5646564928982,285.7345664038084) (271.657858660545,285.7345664038084) (271.657858660545,283.3148168491066) (272.7510608281918,283.3148168491066) (272.7510608281918,280.8950672944048) (273.7510608281921,280.8950672944048) (273.7510608281921,278.4753177397031) (274.844262995839,278.4753177397031) (274.844262995839,276.0555681850013) (275.9374651634857,276.0555681850013) (275.9374651634857,273.6358186302995) (276.937465163486,273.6358186302995) (276.937465163486,271.2160690755978) (278.0306673311328,271.2160690755978) (278.0306673311328,268.796319520896) (279.1238694987796,268.796319520896) (279.1238694987796,266.3765699661942) (280.2170716664264,266.3765699661942) (280.2170716664264,263.9568204114925) (281.3102738340733,263.9568204114925) (281.3102738340733,261.5370708567906) (282.4034760017202,261.5370708567906) (282.4034760017202,259.1173213020889) (283.4966781693669,259.1173213020889) (283.4966781693669,256.6975717473871) (284.5898803370138,256.6975717473871) (284.5898803370138,254.2778221926853) (285.6830825046606,254.2778221926853) (285.6830825046606,251.8580726379836) (286.6830825046609,251.8580726379836) (286.6830825046609,249.4383230832818) (287.7762846723077,249.4383230832818) (287.7762846723077,247.01857352858) (288.8694868399545,247.01857352858) (288.8694868399545,244.5988239738783) (289.8694868399548,244.5988239738783) (289.8694868399548,242.1790744191765) (290.9626890076016,242.1790744191765) (290.9626890076016,239.7593248644748) (292.0558911752484,239.7593248644748) (292.0558911752484,237.339575309773) (293.0558911752486,237.339575309773) (293.0558911752486,234.9198257550713) (294.1490933428955,234.9198257550713) (294.1490933428955,232.5000762003694) (295.2422955105423,232.5000762003694) (295.2422955105423,230.0803266456677) (296.2422955105426,230.0803266456677) (296.2422955105426,227.6605770909659) (297.2422955105429,227.6605770909659) (297.2422955105429,225.2408275362642) (298.3354976781897,225.2408275362642) (298.3354976781897,222.8210779815625) (299.4286998458364,222.8210779815625) (299.4286998458364,220.4013284268607) (300.4286998458367,220.4013284268607) (300.4286998458367,217.9815788721589) (301.5219020134835,217.9815788721589) (301.5219020134835,215.5618293174572) (302.6151041811303,215.5618293174572) (302.6151041811303,213.1420797627554) (303.6151041811305,213.1420797627554) (303.6151041811305,210.7223302080537) (304.6151041811307,210.7223302080537) (304.6151041811307,208.3025806533519) (305.7083063487775,208.3025806533519) (305.7083063487775,205.8828310986502) (306.8015085164243,205.8828310986502) (306.8015085164243,203.4630815439484) (307.8015085164246,203.4630815439484) (307.8015085164246,201.0433319892467) (308.8015085164249,201.0433319892467) (308.8015085164249,198.6235824345449) (309.8015085164252,198.6235824345449) (309.8015085164252,196.2038328798432) (310.894710684072,196.2038328798432) (310.894710684072,193.7840833251414) (311.9879128517188,193.7840833251414) (311.9879128517188,191.3643337704397) (312.987912851719,191.3643337704397) (312.987912851719,188.9445842157379) (314.0811150193658,188.9445842157379) (314.0811150193658,186.5248346610361) (315.1743171870126,186.5248346610361) (315.1743171870126,184.1050851063343) (316.2675193546594,184.1050851063343) (316.2675193546594,181.6853355516326) (317.3607215223063,181.6853355516326) (317.3607215223063,179.2655859969308) (318.4539236899531,179.2655859969308) (318.4539236899531,176.8458364422291) (319.5471258575998,176.8458364422291) (319.5471258575998,174.4260868875273) (320.5471258576001,174.4260868875273) (320.5471258576001,172.0063373328256) (321.5530104791847,172.0063373328256) (321.5530104791847,171.8533380546641) (322.5588951007695,171.8533380546641) (322.5588951007695,171.7003387765016) (323.5647797223542,171.7003387765016) (323.5647797223542,171.5473394983395) (324.5647797223544,171.5473394983395) (324.5647797223544,171.3943402201775) (325.5706643439391,171.3943402201775) (325.5706643439391,171.241340942015) (326.5706643439394,171.241340942015) (326.5706643439394,171.0883416638525) (327.5706643439396,171.0883416638525) (327.5706643439396,170.93534238569) (328.5765489655243,170.93534238569) (328.5765489655243,170.782343107528) (329.5765489655246,170.782343107528) (329.5765489655246,170.629343829366) (330.5765489655249,170.629343829366) (330.5765489655249,170.476344551204) (331.5824335871096,170.476344551204) (331.5824335871096,170.3233452730415) (332.5824335871098,170.3233452730415) (332.5824335871098,170.170345994879) (333.5883182086944,170.170345994879) (333.5883182086944,170.017346716717) (334.5883182086947,170.017346716717) (334.5883182086947,169.864347438555) (335.5883182086949,169.864347438555) (335.5883182086949,169.711348160393) (336.5942028302796,169.711348160393) (336.5942028302796,169.5583488822305) (337.5942028302799,169.5583488822305) (337.5942028302799,169.405349604068) (338.6000874518646,169.405349604068) (338.6000874518646,169.252350325906) (339.6059720734493,169.252350325906) (339.6059720734493,169.0993510477435) (340.6118566950339,169.0993510477435) (340.6118566950339,168.9463517695814) (341.6118566950341,168.9463517695814) (341.6118566950341,168.7933524914194) (342.6177413166189,168.7933524914194) (342.6177413166189,168.6403532132569) (343.6177413166192,168.6403532132569) (343.6177413166192,168.4873539350944) (344.6177413166195,168.4873539350944) (344.6177413166195,168.3343546569319) (345.6177413166197,168.3343546569319) (345.6177413166197,168.1813553787694) (346.6236259382044,168.1813553787694) (346.6236259382044,168.0283561006074) (347.6295105597891,168.0283561006074) (347.6295105597891,167.8753568224449) (348.6295105597893,167.8753568224449) (348.6295105597893,167.7223575442824) (349.635395181374,167.7223575442824) (349.635395181374,167.5693582661204) (350.6412798029586,167.5693582661204) (350.6412798029586,167.4163589879579) (351.6412798029589,167.4163589879579) (351.6412798029589,167.2633597097954) (352.6471644245436,167.2633597097954) (352.6471644245436,167.1103604316334) (353.6530490461283,167.1103604316334) (353.6530490461283,166.9573611534709) (354.6589336677129,166.9573611534709) (354.6589336677129,166.8043618753089) (355.6589336677131,166.8043618753089) (355.6589336677131,166.6513625971469) (356.6648182892979,166.6513625971469) (356.6648182892979,166.4983633189844) (357.6707029108825,166.4983633189844) (357.6707029108825,166.3453640408224) (358.6707029108828,166.3453640408224) (358.6707029108828,166.1923647626604) (359.6765875324675,166.1923647626604) (359.6765875324675,166.0393654844979) (360.6824721540522,166.0393654844979) (360.6824721540522,165.8863662063359) (361.688356775637,165.8863662063359) (361.688356775637,165.7333669281734) (362.6942413972217,165.7333669281734) (362.6942413972217,165.5803676500104) (363.7001260188064,165.5803676500104) (363.7001260188064,165.4273683718479) (364.7060106403911,165.4273683718479) (364.7060106403911,165.2743690936863) (365.7118952619758,165.2743690936863) (365.7118952619758,165.1213698155238) (366.7177798835605,165.1213698155238) (366.7177798835605,164.9683705373618) (367.7177798835608,164.9683705373618) (367.7177798835608,164.8153712591998) (368.717779883561,164.8153712591998) (368.717779883561,164.6623719810378) (369.7177798835613,164.6623719810378) (369.7177798835613,164.5093727028758) (370.7177798835616,164.5093727028758) (370.7177798835616,164.3563734247138) (371.7177798835619,164.3563734247138) (371.7177798835619,164.2033741465518) (372.7177798835622,164.2033741465518) (372.7177798835622,164.0503748683898) (375.1539544123575,164.0503748683898) (375.1539544123575,189.8151310975613) (377.5901289411527,189.8151310975613) (377.5901289411527,215.5798873267328) (378.590128941153,215.5798873267328) (378.590128941153,241.3446435559043) (381.0263034699483,241.3446435559043) (381.0263034699483,267.1093997850758) (382.0263034699486,267.1093997850758) (382.0263034699486,292.8741560142473) (384.4624779987439,292.8741560142473) (384.4624779987439,318.6389122434188) (386.8986525275391,318.6389122434188) (386.8986525275391,344.4036684725903) (389.3348270563343,344.4036684725903) (389.3348270563343,370.1684247017618) (391.7710015851296,370.1684247017618) (391.7710015851296,395.9331809309333) (394.2071761139248,395.9331809309333) (394.2071761139248,421.6979371601049) (396.64335064272,421.6979371601049) (396.64335064272,447.4626933892764) (399.0795251715151,447.4626933892764) (399.0795251715151,473.227449618448) (401.5156997003103,473.227449618448) (401.5156997003103,498.9922058476195) (403.9518742291056,498.9922058476195) (403.9518742291056,524.7569620767911) (406.3880487579008,524.7569620767911) (406.3880487579008,550.5217183059626) (408.8242232866961,550.5217183059626) (408.8242232866961,576.2864745351342) (411.2603978154914,576.2864745351342) (411.2603978154914,602.0512307643057) (413.6965723442866,602.0512307643057) (413.6965723442866,627.8159869934773) (416.1327468730819,627.8159869934773) (416.1327468730819,653.5807432226488) (418.5689214018772,653.5807432226488) (418.5689214018772,679.3454994518204) (421.0050959306724,679.3454994518204) (421.0050959306724,705.1102556809919) (423.4412704594675,705.1102556809919) (423.4412704594675,730.8750119101635) (425.8774449882628,730.8750119101635) (425.8774449882628,735.2716860088356) (700,735.2716860088356)
batteryCharge[0]:
[0]: (0,100) (700,100)
user_guided_transport.end:
[0]: (0,0) (427.8774449882619,0) (427.8774449882619,1) (700,1)
[2K
Verifying formula 5 at /nta/queries/query[5]/formula
 -- Formula: simulate[<=700]{robot_inventory[0][0], user_guided_transport.end*2}
[2K -- Formula is satisfied.
robot_inventory[0][0]:
[0]: (0,0) (9.904867661640786,0) (9.904867661640786,1) (700,1)
user_guided_transport.end * 2:
[0]: (0,0) (426.4193731799708,0) (426.4193731799708,2) (700,2)
[2K
Verifying formula 6 at /nta/queries/query[6]/formula
 -- Formula: simulate[<=700]{bedroom[0], bedroom[1], kitchen[0], kitchen[1]}
[2K -- Formula is satisfied.
bedroom[0]:
[0]: (0,100) (700,100)
bedroom[1]:
[0]: (0,200) (700,200)
kitchen[0]:
[0]: (0,4400) (700,4400)
kitchen[1]:
[0]: (0,765) (700,765)
[2K
Verifying formula 7 at /nta/queries/query[7]/formula
 -- Formula: simulate[<=700]{rm_1.idle, rf_1.idle, rp_1.idle, rd_1.idle}
[2K -- Formula is satisfied.
rm_1.idle:
[0]: (0,0) (0,1) (0,0) (3,0) (3,1) (700,1)
rf_1.idle:
[0]: (0,0) (0,1) (194.8967418014869,1) (194.8967418014869,0) (425.4112473197481,0) (425.4112473197481,1) (700,1)
rp_1.idle:
[0]: (0,0) (0,1) (2,1) (2,0) (9.896741801484339,0) (9.896741801484339,1) (700,1)
rd_1.idle:
[0]: (0,0) (0,1) (700,1)
[2K
Verifying formula 8 at /nta/queries/query[8]/formula
 -- Formula: Pr[<=700](<>!rm_1.idle || !rf_1.idle || !rp_1.idle || !rd_1.idle)
[2K -- Formula is satisfied.
(72/72 runs) Pr(<> …) in [0.950056,1] (95% CI)
Values in [0,0] mean=0 steps=2.22045e-16: 72
[2K
Verifying formula 9 at /nta/queries/query[9]/formula
 -- Formula: Pr[<=700]([] (user_guided_transport.end imply (rm_1.idle && rf_1.idle && rp_1.idle && rd_1.idle)))
 -- Throughput: 270006 runs/sec, Load: 363 runs[K
 -- Throughput: 271545 runs/sec, Load: 337 runs[K
[2K -- Formula is satisfied.
(72/72 runs) Pr([] …) in [0.950056,1] (95% CI)
[2K
Verifying formula 10 at /nta/queries/query[10]/formula
 -- Formula: Pr[<=700] (<> pow(robPositionX[0] - bedroom[0], 2) + pow(robPositionY[0] - bedroom[1], 2) <= 900 )
[2K -- Formula is satisfied.
(72/72 runs) Pr(<> …) in [0.950056,1] (95% CI)
Values in [2,2] mean=2 steps=2.22045e-16: 72
[2K
Verifying formula 11 at /nta/queries/query[11]/formula
 -- Formula: Pr[<=700] (<> pow(humanPositionX[0] - kitchen[0], 2) + pow(humanPositionY[0] - kitchen[1], 2) <= 900 )
[2K -- Formula is satisfied.
(72/72 runs) Pr(<> …) in [0.950056,1] (95% CI)
Values in [192.087,196.947] mean=194.668 steps=0.539939: 10 7 7 7 6 4 10 9 12
[2K
Verifying formula 12 at /nta/queries/query[12]/formula
 -- Formula: Pr[<=700] (<> pow(humanPositionX[0] - bedroom[0], 2) + pow(humanPositionY[0] - bedroom[1], 2) <= 900 )
[2K -- Formula is satisfied.
(72/72 runs) Pr(<> …) in [0.950056,1] (95% CI)
Values in [1,1] mean=1 steps=2.22045e-16: 72
[2K
Verifying formula 13 at /nta/queries/query[13]/formula
 -- Formula: Pr[<=700] (<> !isValidPosition(humanPositionX[0], humanPositionY[0]))
[2K -- Formula is satisfied.
(72/72 runs) Pr(<> …) in [0.950056,1] (95% CI)
Values in [0,0] mean=0 steps=2.22045e-16: 72
[2K
Verifying formula 14 at /nta/queries/query[14]/formula
 -- Formula: Pr[<=700] (<> !isValidPosition(robPositionX[0], robPositionY[0]))
[2K -- Formula is satisfied.
(72/72 runs) Pr(<> …) in [0.950056,1] (95% CI)
Values in [0,0] mean=0 steps=2.22045e-16: 72
[2K
Verifying formula 15 at /nta/queries/query[15]/formula
 -- Formula: Pr[<=700] (<> currP > 2)
 -- Throughput: 266898 runs/sec, Load: 364 runs[K
 -- Throughput: 271171 runs/sec, Load: 338 runs[K
[2K -- Formula is satisfied.
(0/72 runs) Pr(<> …) in [0,0.0499441] (95% CI)
