Options for the verification:
  Generating no trace
  Search order is breadth first
  Using conservative space optimisation
  Seed is 1783328914
  State space representation uses minimal constraint systems with future testing
  Using HashMap + Compress integers for discrete state storage
[2K
Verifying formula 1 at /nta/queries/query[1]/formula
 -- Formula: simulate[<=700]{user_guided_transport_human_def.s1_start, user_guided_transport_human_def.s1_end, user_guided_transport_human_def.s2_start, user_guided_transport_human_def.s2_idle, user_guided_transport_human_def.s3_start, user_guided_transport_human_def.s3_end, user_guided_transport.end}
[2K -- Formula is satisfied.
user_guided_transport_human_def.s1_start:
[0]: (0,0) (0,1) (0,0) (700,0)
user_guided_transport_human_def.s1_end:
[0]: (0,0) (1,0) (1,1) (2,1) (2,0) (700,0)
user_guided_transport_human_def.s2_start:
[0]: (0,0) (2,0) (2,1) (2,0) (700,0)
user_guided_transport_human_def.s2_idle:
[0]: (0,0) (2,0) (2,1) (8.907066763688992,1) (8.907066763688992,0) (700,0)
user_guided_transport_human_def.s3_start:
[0]: (0,0) (8.907066763688992,0) (8.907066763688992,1) (8.907066763688992,0) (13.90706676368896,0) (13.90706676368896,1) (13.90706676368896,0) (18.90706676368899,0) (18.90706676368899,1) (18.90706676368899,0) (23.90706676368908,0) (23.90706676368908,1) (23.90706676368908,0) (28.90706676368917,0) (28.90706676368917,1) (28.90706676368917,0) (33.90706676368925,0) (33.90706676368925,1) (33.90706676368925,0) (38.90706676368932,0) (38.90706676368932,1) (38.90706676368932,0) (43.90706676368939,0) (43.90706676368939,1) (43.90706676368939,0) (48.90706676368937,0) (48.90706676368937,1) (48.90706676368937,0) (53.90706676368927,0) (53.90706676368927,1) (53.90706676368927,0) (58.90706676368919,0) (58.90706676368919,1) (58.90706676368919,0) (63.90706676368911,0) (63.90706676368911,1) (63.90706676368911,0) (68.90706676368903,0) (68.90706676368903,1) (68.90706676368903,0) (73.90706676368895,0) (73.90706676368895,1) (73.90706676368895,0) (78.90706676368865,0) (78.90706676368865,1) (78.90706676368865,0) (83.90706676368831,0) (83.90706676368831,1) (83.90706676368831,0) (88.90706676368796,0) (88.90706676368796,1) (88.90706676368796,0) (93.90706676368764,0) (93.90706676368764,1) (93.90706676368764,0) (98.90706676368733,0) (98.90706676368733,1) (98.90706676368733,0) (103.907066763687,0) (103.907066763687,1) (103.907066763687,0) (108.9070667636867,0) (108.9070667636867,1) (108.9070667636867,0) (113.9070667636864,0) (113.9070667636864,1) (113.9070667636864,0) (118.9070667636862,0) (118.9070667636862,1) (118.9070667636862,0) (123.9070667636859,0) (123.9070667636859,1) (123.9070667636859,0) (128.9070667636857,0) (128.9070667636857,1) (128.9070667636857,0) (133.9070667636861,0) (133.9070667636861,1) (133.9070667636861,0) (138.9070667636864,0) (138.9070667636864,1) (138.9070667636864,0) (143.9070667636867,0) (143.9070667636867,1) (143.9070667636867,0) (148.9070667636869,0) (148.9070667636869,1) (148.9070667636869,0) (153.9070667636872,0) (153.9070667636872,1) (153.9070667636872,0) (158.9070667636875,0) (158.9070667636875,1) (158.9070667636875,0) (163.9070667636879,0) (163.9070667636879,1) (163.9070667636879,0) (168.9070667636884,0) (168.9070667636884,1) (168.9070667636884,0) (173.9070667636888,0) (173.9070667636888,1) (173.9070667636888,0) (178.9070667636892,0) (178.9070667636892,1) (178.9070667636892,0) (183.9070667636896,0) (183.9070667636896,1) (183.9070667636896,0) (188.90706676369,0) (188.90706676369,1) (188.90706676369,0) (193.9070667636904,0) (193.9070667636904,1) (193.9070667636904,0) (700,0)
user_guided_transport_human_def.s3_end:
[0]: (0,0) (193.9070667636904,0) (193.9070667636904,1) (230.1159334424289,1) (230.1159334424289,0) (700,0)
user_guided_transport.end:
[0]: (0,0) (232.115933442428,0) (232.115933442428,1) (700,1)
[2K
Verifying formula 2 at /nta/queries/query[2]/formula
 -- Formula: simulate[<=700]{user_guided_transport_robot_def.s1_start, user_guided_transport_robot_def.s1_end, user_guided_transport_robot_def.s2_start, user_guided_transport_robot_def.s2_end, user_guided_transport_robot_def.s3_start, user_guided_transport_robot_def.s3_end, user_guided_transport.end}
[2K -- Formula is satisfied.
user_guided_transport_robot_def.s1_start:
[0]: (0,0) (0,1) (0,0) (700,0)
user_guided_transport_robot_def.s1_end:
[0]: (0,0) (2,0) (2,1) (2,0) (700,0)
user_guided_transport_robot_def.s2_start:
[0]: (0,0) (2,0) (2,1) (2,0) (700,0)
user_guided_transport_robot_def.s2_end:
[0]: (0,0) (9.758922399390446,0) (9.758922399390446,1) (9.758922399390446,0) (700,0)
user_guided_transport_robot_def.s3_start:
[0]: (0,0) (9.758922399390446,0) (9.758922399390446,1) (9.758922399390446,0) (700,0)
user_guided_transport_robot_def.s3_end:
[0]: (0,0) (230.9865925406155,0) (230.9865925406155,1) (230.9865925406155,0) (700,0)
user_guided_transport.end:
[0]: (0,0) (232.9865925406146,0) (232.9865925406146,1) (700,1)
[2K
Verifying formula 3 at /nta/queries/query[3]/formula
 -- Formula: Pr[<=700] (<> user_guided_transport.end)
[2K -- Formula is satisfied.
(72/72 runs) Pr(<> …) in [0.950056,1] (95% CI)
Values in [230.22,235.111] mean=232.583 steps=0.543423: 8 17 4 10 2 3 11 8 9
[2K
Verifying formula 4 at /nta/queries/query[4]/formula
 -- Formula: simulate[<=700]{humanPositionX[0], humanPositionY[0], robPositionX[0], robPositionY[0], batteryCharge[0], user_guided_transport.end}
[2K -- Formula is satisfied.
humanPositionX[0]:
[0]: (0,0) (0,92.5) (1,92.5) (1,97.73313175708738) (9.212611495558157,97.73313175708738) (9.212611495558157,123.7285354798977) (10.21261149555816,123.7285354798977) (10.21261149555816,149.723939202708) (11.21261149555816,149.723939202708) (11.21261149555816,175.7193429255182) (12.21261149555816,175.7193429255182) (12.21261149555816,201.7147466483285) (13.21261149555816,201.7147466483285) (13.21261149555816,227.7101503711388) (14.21261149555816,227.7101503711388) (14.21261149555816,253.7055540939491) (15.21261149555816,253.7055540939491) (15.21261149555816,279.7009578167594) (16.21261149555816,279.7009578167594) (16.21261149555816,305.6963615395697) (17.21261149555816,305.6963615395697) (17.21261149555816,331.69176526238) (18.21261149555816,331.69176526238) (18.21261149555816,357.6871689851903) (19.21261149555816,357.6871689851903) (19.21261149555816,383.6825727080006) (20.21261149555816,383.6825727080006) (20.21261149555816,409.6779764308109) (21.21261149555816,409.6779764308109) (21.21261149555816,435.6733801536212) (22.21261149555816,435.6733801536212) (22.21261149555816,461.6687838764315) (23.21261149555816,461.6687838764315) (23.21261149555816,487.6641875992418) (24.21261149555816,487.6641875992418) (24.21261149555816,513.6595913220521) (25.21261149555816,513.6595913220521) (25.21261149555816,539.6549950448623) (26.21261149555817,539.6549950448623) (26.21261149555817,565.6503987676725) (27.21261149555817,565.6503987676725) (27.21261149555817,591.6458024904828) (28.21261149555817,591.6458024904828) (28.21261149555817,617.641206213293) (29.21261149555817,617.641206213293) (29.21261149555817,643.6366099361032) (30.21261149555817,643.6366099361032) (30.21261149555817,669.6320136589135) (31.21261149555817,669.6320136589135) (31.21261149555817,695.6274173817237) (32.21261149555816,695.6274173817237) (32.21261149555816,721.622821104534) (33.21261149555813,721.622821104534) (33.21261149555813,747.6182248273442) (34.21261149555809,747.6182248273442) (34.21261149555809,773.6136285501544) (35.21261149555806,773.6136285501544) (35.21261149555806,799.6090322729647) (36.21261149555802,799.6090322729647) (36.21261149555802,825.6044359957749) (37.21261149555799,825.6044359957749) (37.21261149555799,851.5998397185851) (38.21261149555795,851.5998397185851) (38.21261149555795,877.5952434413954) (39.21261149555792,877.5952434413954) (39.21261149555792,903.5906471642056) (40.21261149555789,903.5906471642056) (40.21261149555789,929.5860508870159) (41.21261149555787,929.5860508870159) (41.21261149555787,955.5814546098261) (42.21261149555784,955.5814546098261) (42.21261149555784,981.5768583326363) (43.21261149555781,981.5768583326363) (43.21261149555781,1007.572262055447) (44.21261149555778,1007.572262055447) (44.21261149555778,1033.567665778257) (45.21261149555777,1033.567665778257) (45.21261149555777,1059.563069501067) (46.21261149555776,1059.563069501067) (46.21261149555776,1085.558473223878) (47.21261149555774,1085.558473223878) (47.21261149555774,1111.553876946688) (48.21261149555773,1111.553876946688) (48.21261149555773,1137.549280669498) (49.21261149555772,1137.549280669498) (49.21261149555772,1163.544684392309) (50.2126114955577,1163.544684392309) (50.2126114955577,1189.540088115119) (51.21261149555769,1189.540088115119) (51.21261149555769,1215.535491837929) (52.21261149555767,1215.535491837929) (52.21261149555767,1241.53089556074) (53.21261149555766,1241.53089556074) (53.21261149555766,1267.52629928355) (54.21261149555765,1267.52629928355) (54.21261149555765,1293.52170300636) (55.21261149555763,1293.52170300636) (55.21261149555763,1319.517106729171) (56.21261149555762,1319.517106729171) (56.21261149555762,1345.512510451981) (57.2126114955576,1345.512510451981) (57.2126114955576,1371.507914174791) (58.21261149555759,1371.507914174791) (58.21261149555759,1397.503317897602) (59.21261149555757,1397.503317897602) (59.21261149555757,1423.498721620412) (60.21261149555756,1423.498721620412) (60.21261149555756,1478) (61.21261149555755,1478) (61.21261149555755,1504) (62.21261149555752,1504) (62.21261149555752,1530) (63.2126114955575,1530) (63.2126114955575,1556) (64.21261149555748,1556) (64.21261149555748,1582) (65.21261149555747,1582) (65.21261149555747,1608) (66.21261149555745,1608) (66.21261149555745,1634) (67.21261149555744,1634) (67.21261149555744,1660) (68.21261149555741,1660) (68.21261149555741,1686) (69.2126114955574,1686) (69.2126114955574,1712) (70.21261149555738,1712) (70.21261149555738,1738) (71.21261149555737,1738) (71.21261149555737,1764) (72.21261149555735,1764) (72.21261149555735,1790) (73.2126114955573,1790) (73.2126114955573,1816) (74.21261149555724,1816) (74.21261149555724,1842) (75.21261149555718,1842) (75.21261149555718,1868) (76.21261149555713,1868) (76.21261149555713,1894) (77.21261149555708,1894) (77.21261149555708,1920) (78.21261149555703,1920) (78.21261149555703,1946) (79.21261149555696,1946) (79.21261149555696,1972) (80.21261149555691,1972) (80.21261149555691,1998) (81.21261149555686,1998) (81.21261149555686,2024) (82.21261149555679,2024) (82.21261149555679,2050) (83.21261149555673,2050) (83.21261149555673,2076) (84.21261149555667,2076) (84.21261149555667,2102) (85.21261149555662,2102) (85.21261149555662,2128) (86.21261149555656,2128) (86.21261149555656,2154) (87.2126114955565,2154) (87.2126114955565,2180) (88.21261149555644,2180) (88.21261149555644,2206) (89.2126114955564,2206) (89.2126114955564,2232) (90.21261149555633,2232) (90.21261149555633,2258) (91.21261149555627,2258) (91.21261149555627,2284) (92.21261149555622,2284) (92.21261149555622,2310) (93.21261149555616,2310) (93.21261149555616,2336) (94.2126114955561,2336) (94.2126114955561,2362) (95.21261149555603,2362) (95.21261149555603,2388) (96.21261149555598,2388) (96.21261149555598,2414) (97.21261149555592,2414) (97.21261149555592,2440) (98.21261149555586,2440) (98.21261149555586,2466) (99.21261149555581,2466) (99.21261149555581,2492) (100.2126114955557,2492) (100.2126114955557,2518) (101.2126114955557,2518) (101.2126114955557,2544) (102.2126114955556,2544) (102.2126114955556,2570) (103.2126114955556,2570) (103.2126114955556,2596) (104.2126114955555,2596) (104.2126114955555,2622) (105.2126114955555,2622) (105.2126114955555,2648) (106.2126114955554,2648) (106.2126114955554,2674) (107.2126114955554,2674) (107.2126114955554,2700) (108.2126114955553,2700) (108.2126114955553,2726) (109.2126114955552,2726) (109.2126114955552,2752) (110.2126114955552,2752) (110.2126114955552,2778) (111.2126114955551,2778) (111.2126114955551,2804) (112.2126114955551,2804) (112.2126114955551,2830) (113.212611495555,2830) (113.212611495555,2856) (114.212611495555,2856) (114.212611495555,2882) (115.2126114955549,2882) (115.2126114955549,2908) (116.2126114955548,2908) (116.2126114955548,2934) (117.2126114955548,2934) (117.2126114955548,2960) (118.2126114955547,2960) (118.2126114955547,2986) (119.2126114955547,2986) (119.2126114955547,3012) (120.2126114955546,3012) (120.2126114955546,3038) (121.2126114955546,3038) (121.2126114955546,3088.5) (122.2126114955545,3088.5) (122.2126114955545,3114.5) (123.2126114955544,3114.5) (123.2126114955544,3140.5) (124.2126114955544,3140.5) (124.2126114955544,3166.5) (125.2126114955543,3166.5) (125.2126114955543,3192.5) (126.2126114955543,3192.5) (126.2126114955543,3218.5) (127.2126114955542,3218.5) (127.2126114955542,3244.5) (128.2126114955542,3244.5) (128.2126114955542,3270.5) (129.2126114955542,3270.5) (129.2126114955542,3296.5) (130.2126114955543,3296.5) (130.2126114955543,3322.5) (131.2126114955543,3322.5) (131.2126114955543,3348.5) (132.2126114955544,3348.5) (132.2126114955544,3374.5) (133.2126114955545,3374.5) (133.2126114955545,3400.5) (134.2126114955545,3400.5) (134.2126114955545,3426.5) (135.2126114955546,3426.5) (135.2126114955546,3452.5) (136.2126114955546,3452.5) (136.2126114955546,3478.5) (137.2126114955546,3478.5) (137.2126114955546,3504.5) (138.2126114955546,3504.5) (138.2126114955546,3530.5) (139.2126114955546,3530.5) (139.2126114955546,3556.5) (140.2126114955546,3556.5) (140.2126114955546,3582.5) (141.2126114955546,3582.5) (141.2126114955546,3608.5) (142.2126114955546,3608.5) (142.2126114955546,3634.5) (143.2126114955546,3634.5) (143.2126114955546,3660.5) (144.2126114955546,3660.5) (144.2126114955546,3686.5) (145.2126114955546,3686.5) (145.2126114955546,3712.5) (146.2126114955546,3712.5) (146.2126114955546,3738.5) (147.2126114955546,3738.5) (147.2126114955546,3764.5) (148.2126114955546,3764.5) (148.2126114955546,3790.5) (149.2126114955546,3790.5) (149.2126114955546,3816.5) (150.2126114955546,3816.5) (150.2126114955546,3842.5) (151.2126114955546,3842.5) (151.2126114955546,3868.5) (152.2126114955546,3868.5) (152.2126114955546,3894.5) (153.2126114955546,3894.5) (153.2126114955546,3920.5) (154.2126114955546,3920.5) (154.2126114955546,3946.5) (155.2126114955546,3946.5) (155.2126114955546,3972.5) (156.2126114955546,3972.5) (156.2126114955546,3998.5) (157.2126114955546,3998.5) (157.2126114955546,4024.5) (158.2126114955546,4024.5) (158.2126114955546,4050.5) (159.2126114955546,4050.5) (159.2126114955546,4076.5) (160.2126114955546,4076.5) (160.2126114955546,4102.5) (161.2126114955545,4102.5) (161.2126114955545,4128.5) (162.2126114955544,4128.5) (162.2126114955544,4154.5) (163.2126114955543,4154.5) (163.2126114955543,4180.5) (164.2126114955542,4180.5) (164.2126114955542,4206.5) (165.2126114955541,4206.5) (165.2126114955541,4232.5) (166.2126114955539,4232.5) (166.2126114955539,4258.5) (167.2126114955538,4258.5) (167.2126114955538,4284.5) (168.2126114955537,4284.5) (168.2126114955537,4310.5) (169.2126114955536,4310.5) (169.2126114955536,4336.5) (170.2126114955535,4336.5) (170.2126114955535,4362.5) (171.2126114955534,4362.5) (171.2126114955534,4388.5) (172.2126114955533,4388.5) (172.2126114955533,4416.265463717128) (173.2126114955532,4416.265463717128) (173.2126114955532,4415.530927434256) (174.2126114955531,4415.530927434256) (174.2126114955531,4414.796391151384) (175.212611495553,4414.796391151384) (175.212611495553,4414.061854868512) (176.2126114955529,4414.061854868512) (176.2126114955529,4413.327318585641) (177.2126114955528,4413.327318585641) (177.2126114955528,4412.592782302769) (178.2126114955527,4412.592782302769) (178.2126114955527,4411.858246019897) (179.2126114955527,4411.858246019897) (179.2126114955527,4411.123709737025) (180.2126114955526,4411.123709737025) (180.2126114955526,4410.389173454153) (181.2126114955524,4410.389173454153) (181.2126114955524,4409.654637171281) (182.2126114955523,4409.654637171281) (182.2126114955523,4408.920100888409) (183.2126114955522,4408.920100888409) (183.2126114955522,4408.185564605537) (184.2126114955521,4408.185564605537) (184.2126114955521,4407.451028322665) (185.212611495552,4407.451028322665) (185.212611495552,4406.716492039794) (186.2126114955519,4406.716492039794) (186.2126114955519,4405.981955756922) (187.2126114955518,4405.981955756922) (187.2126114955518,4405.24741947405) (188.2126114955517,4405.24741947405) (188.2126114955517,4404.512883191178) (189.2126114955516,4404.512883191178) (189.2126114955516,4403.778346908306) (190.2126114955515,4403.778346908306) (190.2126114955515,4403.043810625434) (191.2126114955514,4403.043810625434) (191.2126114955514,4402.309274342562) (192.2126114955512,4402.309274342562) (192.2126114955512,4401.57473805969) (193.2126114955511,4401.57473805969) (193.2126114955511,4400.840201776819) (700,4400.840201776819)
humanPositionY[0]:
[0]: (0,0) (0,163.5) (1,163.5) (1,188.9679078844919) (9.212611495558157,188.9679078844919) (9.212611495558157,188.479046668909) (10.21261149555816,188.479046668909) (10.21261149555816,187.9901854533261) (11.21261149555816,187.9901854533261) (11.21261149555816,187.5013242377432) (12.21261149555816,187.5013242377432) (12.21261149555816,187.0124630221603) (13.21261149555816,187.0124630221603) (13.21261149555816,186.5236018065774) (14.21261149555816,186.5236018065774) (14.21261149555816,186.0347405909945) (15.21261149555816,186.0347405909945) (15.21261149555816,185.5458793754117) (16.21261149555816,185.5458793754117) (16.21261149555816,185.0570181598288) (17.21261149555816,185.0570181598288) (17.21261149555816,184.5681569442459) (18.21261149555816,184.5681569442459) (18.21261149555816,184.079295728663) (19.21261149555816,184.079295728663) (19.21261149555816,183.5904345130801) (20.21261149555816,183.5904345130801) (20.21261149555816,183.1015732974972) (21.21261149555816,183.1015732974972) (21.21261149555816,182.6127120819143) (22.21261149555816,182.6127120819143) (22.21261149555816,182.1238508663315) (23.21261149555816,182.1238508663315) (23.21261149555816,181.6349896507486) (24.21261149555816,181.6349896507486) (24.21261149555816,181.1461284351657) (25.21261149555816,181.1461284351657) (25.21261149555816,180.6572672195828) (26.21261149555817,180.6572672195828) (26.21261149555817,180.1684060039999) (27.21261149555817,180.1684060039999) (27.21261149555817,179.679544788417) (28.21261149555817,179.679544788417) (28.21261149555817,179.1906835728341) (29.21261149555817,179.1906835728341) (29.21261149555817,178.7018223572512) (30.21261149555817,178.7018223572512) (30.21261149555817,178.2129611416684) (31.21261149555817,178.2129611416684) (31.21261149555817,177.7240999260855) (32.21261149555816,177.7240999260855) (32.21261149555816,177.2352387105026) (33.21261149555813,177.2352387105026) (33.21261149555813,176.7463774949197) (34.21261149555809,176.7463774949197) (34.21261149555809,176.2575162793368) (35.21261149555806,176.2575162793368) (35.21261149555806,175.7686550637539) (36.21261149555802,175.7686550637539) (36.21261149555802,175.279793848171) (37.21261149555799,175.279793848171) (37.21261149555799,174.7909326325882) (38.21261149555795,174.7909326325882) (38.21261149555795,174.3020714170053) (39.21261149555792,174.3020714170053) (39.21261149555792,173.8132102014224) (40.21261149555789,173.8132102014224) (40.21261149555789,173.3243489858395) (41.21261149555787,173.3243489858395) (41.21261149555787,172.8354877702566) (42.21261149555784,172.8354877702566) (42.21261149555784,172.3466265546737) (43.21261149555781,172.3466265546737) (43.21261149555781,171.8577653390908) (44.21261149555778,171.8577653390908) (44.21261149555778,171.3689041235079) (45.21261149555777,171.3689041235079) (45.21261149555777,170.8800429079251) (46.21261149555776,170.8800429079251) (46.21261149555776,170.3911816923422) (47.21261149555774,170.3911816923422) (47.21261149555774,169.9023204767593) (48.21261149555773,169.9023204767593) (48.21261149555773,169.4134592611764) (49.21261149555772,169.4134592611764) (49.21261149555772,168.9245980455935) (50.2126114955577,168.9245980455935) (50.2126114955577,168.4357368300106) (51.21261149555769,168.4357368300106) (51.21261149555769,167.9468756144277) (52.21261149555767,167.9468756144277) (52.21261149555767,167.4580143988449) (53.21261149555766,167.4580143988449) (53.21261149555766,166.969153183262) (54.21261149555765,166.969153183262) (54.21261149555765,166.4802919676791) (55.21261149555763,166.4802919676791) (55.21261149555763,165.9914307520962) (56.21261149555762,165.9914307520962) (56.21261149555762,165.5025695365133) (57.2126114955576,165.5025695365133) (57.2126114955576,165.0137083209304) (58.21261149555759,165.0137083209304) (58.21261149555759,164.5248471053475) (59.21261149555757,164.5248471053475) (59.21261149555757,164.0359858897646) (60.21261149555756,164.0359858897646) (60.21261149555756,163.5) (172.2126114955533,163.5) (172.2126114955533,189.4896220913107) (173.2126114955532,189.4896220913107) (173.2126114955532,215.4792441826214) (174.2126114955531,215.4792441826214) (174.2126114955531,241.4688662739321) (175.212611495553,241.4688662739321) (175.212611495553,267.4584883652428) (176.2126114955529,267.4584883652428) (176.2126114955529,293.4481104565535) (177.2126114955528,293.4481104565535) (177.2126114955528,319.4377325478642) (178.2126114955527,319.4377325478642) (178.2126114955527,345.427354639175) (179.2126114955527,345.427354639175) (179.2126114955527,371.4169767304857) (180.2126114955526,371.4169767304857) (180.2126114955526,397.4065988217964) (181.2126114955524,397.4065988217964) (181.2126114955524,423.3962209131071) (182.2126114955523,423.3962209131071) (182.2126114955523,449.3858430044178) (183.2126114955522,449.3858430044178) (183.2126114955522,475.3754650957285) (184.2126114955521,475.3754650957285) (184.2126114955521,501.3650871870392) (185.212611495552,501.3650871870392) (185.212611495552,527.3547092783499) (186.2126114955519,527.3547092783499) (186.2126114955519,553.3443313696606) (187.2126114955518,553.3443313696606) (187.2126114955518,579.3339534609713) (188.2126114955517,579.3339534609713) (188.2126114955517,605.323575552282) (189.2126114955516,605.323575552282) (189.2126114955516,631.3131976435927) (190.2126114955515,631.3131976435927) (190.2126114955515,657.3028197349034) (191.2126114955514,657.3028197349034) (191.2126114955514,683.2924418262141) (192.2126114955512,683.2924418262141) (192.2126114955512,709.2820639175249) (193.2126114955511,709.2820639175249) (193.2126114955511,735.2716860088356) (700,735.2716860088356)
robPositionX[0]:
[0]: (0,0) (0,92.5) (2,92.5) (2,97.73313175708738) (11.21261149555816,97.73313175708738) (11.21261149555816,123.7285354798977) (12.21261149555816,123.7285354798977) (12.21261149555816,149.723939202708) (13.2314149580414,149.723939202708) (13.2314149580414,175.7193429255182) (14.2314149580414,175.7193429255182) (14.2314149580414,201.7147466483285) (15.2314149580414,201.7147466483285) (15.2314149580414,227.7101503711388) (16.2314149580414,227.7101503711388) (16.2314149580414,253.7055540939491) (17.2314149580414,253.7055540939491) (17.2314149580414,279.7009578167594) (18.2314149580414,279.7009578167594) (18.2314149580414,305.6963615395697) (19.2314149580414,305.6963615395697) (19.2314149580414,331.69176526238) (20.2314149580414,331.69176526238) (20.2314149580414,357.6871689851903) (21.2314149580414,357.6871689851903) (21.2314149580414,383.6825727080006) (22.2314149580414,383.6825727080006) (22.2314149580414,409.6779764308109) (23.23141495804141,409.6779764308109) (23.23141495804141,435.6733801536212) (24.23141495804141,435.6733801536212) (24.23141495804141,461.6687838764315) (25.23141495804141,461.6687838764315) (25.23141495804141,487.6641875992418) (26.23141495804142,487.6641875992418) (26.23141495804142,513.6595913220521) (27.23141495804142,513.6595913220521) (27.23141495804142,539.6549950448623) (28.23141495804142,539.6549950448623) (28.23141495804142,565.6503987676725) (29.23141495804142,565.6503987676725) (29.23141495804142,591.6458024904828) (30.23141495804142,591.6458024904828) (30.23141495804142,617.641206213293) (31.23141495804142,617.641206213293) (31.23141495804142,643.6366099361032) (32.23141495804141,643.6366099361032) (32.23141495804141,669.6320136589135) (33.23141495804138,669.6320136589135) (33.23141495804138,695.6274173817237) (34.23141495804134,695.6274173817237) (34.23141495804134,721.622821104534) (35.23141495804131,721.622821104534) (35.23141495804131,747.6182248273442) (36.23141495804127,747.6182248273442) (36.23141495804127,773.6136285501544) (37.23141495804123,773.6136285501544) (37.23141495804123,799.6090322729647) (38.23141495804121,799.6090322729647) (38.23141495804121,825.6044359957749) (39.23141495804118,825.6044359957749) (39.23141495804118,851.5998397185851) (40.23141495804115,851.5998397185851) (40.23141495804115,877.5952434413954) (41.23141495804112,877.5952434413954) (41.23141495804112,903.5906471642056) (42.23141495804109,903.5906471642056) (42.23141495804109,929.5860508870159) (43.23141495804106,929.5860508870159) (43.23141495804106,955.5814546098261) (44.23141495804104,955.5814546098261) (44.23141495804104,981.5768583326363) (45.23141495804103,981.5768583326363) (45.23141495804103,1007.572262055447) (46.23141495804101,1007.572262055447) (46.23141495804101,1033.567665778257) (47.231414958041,1033.567665778257) (47.231414958041,1059.563069501067) (48.23141495804099,1059.563069501067) (48.23141495804099,1085.558473223878) (49.23141495804097,1085.558473223878) (49.23141495804097,1111.553876946688) (50.23141495804096,1111.553876946688) (50.23141495804096,1137.549280669498) (51.23141495804094,1137.549280669498) (51.23141495804094,1163.544684392309) (52.23141495804093,1163.544684392309) (52.23141495804093,1189.540088115119) (53.23141495804092,1189.540088115119) (53.23141495804092,1215.535491837929) (54.2314149580409,1215.535491837929) (54.2314149580409,1241.53089556074) (55.23141495804089,1241.53089556074) (55.23141495804089,1267.52629928355) (56.23141495804087,1267.52629928355) (56.23141495804087,1293.52170300636) (57.23141495804086,1293.52170300636) (57.23141495804086,1319.517106729171) (58.23141495804084,1319.517106729171) (58.23141495804084,1345.512510451981) (59.23141495804083,1345.512510451981) (59.23141495804083,1371.507914174791) (60.23141495804082,1371.507914174791) (60.23141495804082,1397.503317897602) (61.24414581489994,1397.503317897602) (61.24414581489994,1423.501210954746) (62.25276503257911,1423.501210954746) (62.25276503257911,1449.500245178851) (63.25860047334699,1449.500245178851) (63.25860047334699,1475.499802499311) (64.26255120439525,1475.499802499311) (64.26255120439525,1501.499599591989) (65.26522593681537,1501.499599591989) (65.26522593681537,1527.499506587529) (66.26703678813759,1527.499506587529) (66.26703678813759,1553.499463958168) (67.26826277284576,1553.499463958168) (67.26826277284576,1579.49944441867) (68.2690927902957,1579.49944441867) (68.2690927902957,1605.499435462594) (69.26965472952541,1605.499435462594) (69.26965472952541,1631.49943135751) (70.27003517415871,1631.49943135751) (70.27003517415871,1657.499429475914) (71.27029274314188,1657.499429475914) (71.27029274314188,1683.499428613471) (72.27046712273548,1683.499428613471) (72.27046712273548,1709.499428218164) (73.27058518136967,1709.499428218164) (73.27058518136967,1735.499428036972) (74.27066510953702,1735.499428036972) (74.27066510953702,1761.499427953921) (75.27071922257811,1761.499427953921) (75.27071922257811,1787.499427915854) (76.27075585823974,1787.499427915854) (76.27075585823974,1813.499427898406) (77.27078066135118,1813.499427898406) (77.27078066135118,1839.499427890409) (78.27079745357804,1839.499427890409) (78.27079745357804,1865.499427886743) (79.2708088222558,1865.499427886743) (79.2708088222558,1891.499427885063) (80.27081651909137,1891.499427885063) (80.27081651909137,1917.499427884293) (81.27082173000416,1917.499427884293) (81.27082173000416,1943.499427883939) (82.27082525789925,1943.499427883939) (82.27082525789925,1969.499427883778) (83.27082764636522,1969.499427883778) (83.27082764636522,1995.499427883703) (84.27082926339864,1995.499427883703) (84.27082926339864,2021.499427883669) (85.27083035820303,2021.499427883669) (85.27083035820303,2047.499427883654) (86.27083109937661,2047.499427883654) (86.27083109937661,2073.499427883647) (87.27083160117191,2073.499427883647) (87.27083160117191,2099.499427883643) (88.27083194097061,2099.499427883643) (88.27083194097061,2125.499427883642) (89.27083217133692,2125.499427883642) (89.27083217133692,2151.499427883641) (90.27083232619427,2151.499427883641) (90.27083232619427,2177.499427883641) (91.27083243050234,2177.499427883641) (91.27083243050234,2203.499427883641) (92.27083250350276,2203.499427883641) (92.27083250350276,2229.499427883641) (93.27083255292426,2229.499427883641) (93.27083255292426,2255.499427883641) (94.27083258624421,2255.499427883641) (94.27083258624421,2281.499427883641) (95.27083260731757,2281.499427883641) (95.27083260731757,2307.499427883641) (96.27083260731752,2307.499427883641) (96.27083260731752,2333.499427883641) (97.27083260731746,2333.499427883641) (97.27083260731746,2359.499427883641) (98.2708326073174,2359.499427883641) (98.2708326073174,2385.499427883641) (99.27083260731735,2385.499427883641) (99.27083260731735,2411.499427883641) (100.2708326073173,2411.499427883641) (100.2708326073173,2437.499427883641) (101.2708326073172,2437.499427883641) (101.2708326073172,2463.499427883641) (102.2708326073172,2463.499427883641) (102.2708326073172,2489.499427883641) (103.2708326073171,2489.499427883641) (103.2708326073171,2515.499427883641) (104.2708326073171,2515.499427883641) (104.2708326073171,2541.499427883641) (105.270832607317,2541.499427883641) (105.270832607317,2567.499427883641) (106.2708326073169,2567.499427883641) (106.2708326073169,2593.499427883641) (107.2708326073169,2593.499427883641) (107.2708326073169,2619.499427883641) (108.2708326073168,2619.499427883641) (108.2708326073168,2645.499427883641) (109.2708326073168,2645.499427883641) (109.2708326073168,2671.499427883641) (110.2708326073167,2671.499427883641) (110.2708326073167,2697.499427883641) (111.2708326073167,2697.499427883641) (111.2708326073167,2723.499427883641) (112.2708326073166,2723.499427883641) (112.2708326073166,2749.499427883641) (113.2708326073165,2749.499427883641) (113.2708326073165,2775.499427883641) (114.2708326073165,2775.499427883641) (114.2708326073165,2801.499427883641) (115.2708326073164,2801.499427883641) (115.2708326073164,2827.499427883641) (116.2708326073164,2827.499427883641) (116.2708326073164,2853.499427883641) (117.2708326073163,2853.499427883641) (117.2708326073163,2879.499427883641) (118.2708326073163,2879.499427883641) (118.2708326073163,2905.499427883641) (119.2708326073162,2905.499427883641) (119.2708326073162,2931.499427883641) (120.2708326073162,2931.499427883641) (120.2708326073162,2957.499427883641) (121.2708326073161,2957.499427883641) (121.2708326073161,2983.499427883641) (122.270832607316,2983.499427883641) (122.270832607316,3009.499427883641) (123.270832607316,3009.499427883641) (123.270832607316,3035.499427883641) (124.2708326073159,3035.499427883641) (124.2708326073159,3061.499427883641) (125.2708326073159,3061.499427883641) (125.2708326073159,3087.499427883641) (126.2708326073158,3087.499427883641) (126.2708326073158,3113.499427883641) (127.2708326073158,3113.499427883641) (127.2708326073158,3139.499427883641) (128.2708326073157,3139.499427883641) (128.2708326073157,3165.499427883641) (129.2708326073158,3165.499427883641) (129.2708326073158,3191.499427883641) (130.2708326073158,3191.499427883641) (130.2708326073158,3217.499427883641) (131.2708326073159,3217.499427883641) (131.2708326073159,3243.499427883641) (132.2708326073159,3243.499427883641) (132.2708326073159,3269.499427883641) (133.270832607316,3269.499427883641) (133.270832607316,3295.499427883641) (134.270832607316,3295.499427883641) (134.270832607316,3321.499427883641) (135.2708326073161,3321.499427883641) (135.2708326073161,3347.499427883641) (136.2708326073162,3347.499427883641) (136.2708326073162,3373.499427883641) (137.2708326073162,3373.499427883641) (137.2708326073162,3399.499427883641) (138.2708326073162,3399.499427883641) (138.2708326073162,3425.499427883641) (139.2708326073162,3425.499427883641) (139.2708326073162,3451.499427883641) (140.2708326073162,3451.499427883641) (140.2708326073162,3477.499427883641) (141.2708326073162,3477.499427883641) (141.2708326073162,3503.499427883641) (142.2708326073162,3503.499427883641) (142.2708326073162,3529.499427883641) (143.2708326073162,3529.499427883641) (143.2708326073162,3555.499427883641) (144.2708326073162,3555.499427883641) (144.2708326073162,3581.499427883641) (145.2708326073162,3581.499427883641) (145.2708326073162,3607.499427883641) (146.2708326073162,3607.499427883641) (146.2708326073162,3633.499427883641) (147.2708326073162,3633.499427883641) (147.2708326073162,3659.499427883641) (148.2708326073162,3659.499427883641) (148.2708326073162,3685.499427883641) (149.2708326073162,3685.499427883641) (149.2708326073162,3711.499427883641) (150.2708326073162,3711.499427883641) (150.2708326073162,3737.499427883641) (151.2708326073162,3737.499427883641) (151.2708326073162,3763.499427883641) (152.2708326073162,3763.499427883641) (152.2708326073162,3789.499427883641) (153.2708326073162,3789.499427883641) (153.2708326073162,3815.499427883641) (154.2708326073162,3815.499427883641) (154.2708326073162,3841.499427883641) (155.2708326073162,3841.499427883641) (155.2708326073162,3867.499427883641) (156.2708326073162,3867.499427883641) (156.2708326073162,3893.499427883641) (157.2708326073162,3893.499427883641) (157.2708326073162,3919.499427883641) (158.2708326073162,3919.499427883641) (158.2708326073162,3945.499427883641) (159.2708326073162,3945.499427883641) (159.2708326073162,3971.499427883641) (160.2708326073162,3971.499427883641) (160.2708326073162,3997.499427883641) (161.270832607316,3997.499427883641) (161.270832607316,4023.499427883641) (162.2708326073159,4023.499427883641) (162.2708326073159,4049.499427883641) (163.2708326073158,4049.499427883641) (163.2708326073158,4075.499427883641) (164.2708326073157,4075.499427883641) (164.2708326073157,4101.49942788364) (165.2708326073156,4101.49942788364) (165.2708326073156,4127.49942788364) (166.2708326073155,4127.49942788364) (166.2708326073155,4153.49942788364) (167.2708326073154,4153.49942788364) (167.2708326073154,4179.49942788364) (168.2708326073152,4179.49942788364) (168.2708326073152,4205.49942788364) (169.2708326073151,4205.49942788364) (169.2708326073151,4231.49942788364) (170.270832607315,4231.49942788364) (170.270832607315,4257.49942788364) (171.2708326073149,4257.49942788364) (171.2708326073149,4283.49942788364) (172.2708326073148,4283.49942788364) (172.2708326073148,4309.49942788364) (173.5096144030695,4309.49942788364) (173.5096144030695,4334.761725317672) (175.0257304999828,4334.761725317672) (175.0257304999828,4357.375029374853) (176.8245876791559,4357.375029374853) (176.8245876791559,4371.80338971305) (178.9602953224491,4371.80338971305) (178.9602953224491,4380.472858151295) (181.2685937813533,4380.472858151295) (181.2685937813533,4385.010512952947) (183.6947338290992,4385.010512952947) (183.6947338290992,4388.172157803916) (186.1634350571214,4388.172157803916) (186.1634350571214,4390.428283375573) (188.6608020926489,4390.428283375573) (188.6608020926489,4391.835488330516) (191.1852672551012,4391.835488330516) (191.1852672551012,4392.871718959358) (193.7221050932226,4392.871718959358) (193.7221050932226,4393.515439372457) (196.2720603132983,4393.515439372457) (196.2720603132983,4394.057268921059) (198.8220155333741,4394.057268921059) (198.8220155333741,4394.599098469662) (201.3719707534498,4394.599098469662) (201.3719707534498,4395.140928018264) (203.9219259735256,4395.140928018264) (203.9219259735256,4395.682757566867) (206.4718811936013,4395.682757566867) (206.4718811936013,4396.224587115469) (209.0218364136771,4396.224587115469) (209.0218364136771,4396.766416664072) (211.5717916337528,4396.766416664072) (211.5717916337528,4397.308246212675) (214.1217468538286,4397.308246212675) (214.1217468538286,4397.850075761278) (216.6717020739043,4397.850075761278) (216.6717020739043,4398.391905309881) (219.2216572939801,4398.391905309881) (219.2216572939801,4398.933734858484) (221.7716125140559,4398.933734858484) (221.7716125140559,4399.475564407086) (224.3215677341316,4399.475564407086) (224.3215677341316,4400.01739395569) (226.8715229542073,4400.01739395569) (226.8715229542073,4400.559223504292) (229.421478174283,4400.559223504292) (229.421478174283,4400.840201776819) (700,4400.840201776819)
robPositionY[0]:
[0]: (0,0) (0,163.5) (2,163.5) (2,188.9679078844919) (11.21261149555816,188.9679078844919) (11.21261149555816,188.479046668909) (12.21261149555816,188.479046668909) (12.21261149555816,187.9901854533262) (13.2314149580414,187.9901854533262) (13.2314149580414,187.5013242377433) (14.2314149580414,187.5013242377433) (14.2314149580414,187.0124630221605) (15.2314149580414,187.0124630221605) (15.2314149580414,186.5236018065776) (16.2314149580414,186.5236018065776) (16.2314149580414,186.0347405909947) (17.2314149580414,186.0347405909947) (17.2314149580414,185.5458793754118) (18.2314149580414,185.5458793754118) (18.2314149580414,185.0570181598289) (19.2314149580414,185.0570181598289) (19.2314149580414,184.568156944246) (20.2314149580414,184.568156944246) (20.2314149580414,184.0792957286631) (21.2314149580414,184.0792957286631) (21.2314149580414,183.5904345130803) (22.2314149580414,183.5904345130803) (22.2314149580414,183.1015732974974) (23.23141495804141,183.1015732974974) (23.23141495804141,182.6127120819145) (24.23141495804141,182.6127120819145) (24.23141495804141,182.1238508663316) (25.23141495804141,182.1238508663316) (25.23141495804141,181.6349896507487) (26.23141495804142,181.6349896507487) (26.23141495804142,181.1461284351658) (27.23141495804142,181.1461284351658) (27.23141495804142,180.6572672195829) (28.23141495804142,180.6572672195829) (28.23141495804142,180.168406004) (29.23141495804142,180.168406004) (29.23141495804142,179.6795447884172) (30.23141495804142,179.6795447884172) (30.23141495804142,179.1906835728343) (31.23141495804142,179.1906835728343) (31.23141495804142,178.7018223572514) (32.23141495804141,178.7018223572514) (32.23141495804141,178.2129611416685) (33.23141495804138,178.2129611416685) (33.23141495804138,177.7240999260856) (34.23141495804134,177.7240999260856) (34.23141495804134,177.2352387105027) (35.23141495804131,177.2352387105027) (35.23141495804131,176.7463774949198) (36.23141495804127,176.7463774949198) (36.23141495804127,176.257516279337) (37.23141495804123,176.257516279337) (37.23141495804123,175.7686550637541) (38.23141495804121,175.7686550637541) (38.23141495804121,175.2797938481712) (39.23141495804118,175.2797938481712) (39.23141495804118,174.7909326325883) (40.23141495804115,174.7909326325883) (40.23141495804115,174.3020714170054) (41.23141495804112,174.3020714170054) (41.23141495804112,173.8132102014225) (42.23141495804109,173.8132102014225) (42.23141495804109,173.3243489858396) (43.23141495804106,173.3243489858396) (43.23141495804106,172.8354877702567) (44.23141495804104,172.8354877702567) (44.23141495804104,172.3466265546739) (45.23141495804103,172.3466265546739) (45.23141495804103,171.857765339091) (46.23141495804101,171.857765339091) (46.23141495804101,171.3689041235081) (47.231414958041,171.3689041235081) (47.231414958041,170.8800429079252) (48.23141495804099,170.8800429079252) (48.23141495804099,170.3911816923423) (49.23141495804097,170.3911816923423) (49.23141495804097,169.9023204767594) (50.23141495804096,169.9023204767594) (50.23141495804096,169.4134592611765) (51.23141495804094,169.4134592611765) (51.23141495804094,168.9245980455937) (52.23141495804093,168.9245980455937) (52.23141495804093,168.4357368300108) (53.23141495804092,168.4357368300108) (53.23141495804092,167.9468756144279) (54.2314149580409,167.9468756144279) (54.2314149580409,167.458014398845) (55.23141495804089,167.458014398845) (55.23141495804089,166.9691531832621) (56.23141495804087,166.9691531832621) (56.23141495804087,166.4802919676792) (57.23141495804086,166.4802919676792) (57.23141495804086,165.9914307520963) (58.23141495804084,165.9914307520963) (58.23141495804084,165.5025695365134) (59.23141495804083,165.5025695365134) (59.23141495804083,165.0137083209306) (60.23141495804082,165.0137083209306) (60.23141495804082,164.5248471053477) (61.24414581489994,164.5248471053477) (61.24414581489994,164.1938537681208) (62.25276503257911,164.1938537681208) (62.25276503257911,163.969756883213) (63.25860047334699,163.969756883213) (63.25860047334699,163.8180362843253) (64.26255120439525,163.8180362843253) (64.26255120439525,163.7153175442811) (65.26522593681537,163.7153175442811) (65.26522593681537,163.6457745842783) (66.26703678813759,163.6457745842783) (66.26703678813759,163.5986924756321) (67.26826277284576,163.5986924756321) (67.26826277284576,163.566816881204) (68.2690927902957,163.566816881204) (68.2690927902957,163.545236429983) (69.26965472952541,163.545236429983) (69.26965472952541,163.5306260107791) (70.27003517415871,163.5306260107791) (70.27003517415871,163.5207344505516) (71.27029274314188,163.5207344505516) (71.27029274314188,163.5140376570627) (72.27046712273548,163.5140376570627) (72.27046712273548,163.5095037876518) (73.27058518136967,163.5095037876518) (73.27058518136967,163.5064342631685) (74.27066510953702,163.5064342631685) (74.27066510953702,163.5043561308182) (75.27071922257811,163.5043561308182) (75.27071922257811,163.5029491917491) (76.27075585823974,163.5029491917491) (76.27075585823974,163.5019966645455) (77.27078066135118,163.5019966645455) (77.27078066135118,163.5013517836466) (78.27079745357804,163.5013517836466) (78.27079745357804,163.5009151857469) (79.2708088222558,163.5009151857469) (79.2708088222558,163.5006196001235) (80.27081651909137,163.5006196001235) (80.27081651909137,163.5004194823974) (81.27082173000416,163.5004194823974) (81.27082173000416,163.5002839986634) (82.27082525789925,163.5002839986634) (82.27082525789925,163.5001922733894) (83.27082764636522,163.5001922733894) (83.27082764636522,163.5001301732726) (84.27082926339864,163.5001301732726) (84.27082926339864,163.5000881304022) (85.27083035820303,163.5000881304022) (85.27083035820303,163.5000596654866) (86.27083109937661,163.5000596654866) (86.27083109937661,163.5000403949721) (87.27083160117191,163.5000403949721) (87.27083160117191,163.5000273482928) (88.27083194097061,163.5000273482928) (88.27083194097061,163.5000185135251) (89.27083217133692,163.5000185135251) (89.27083217133692,163.5000125239997) (90.27083232619427,163.5000125239997) (90.27083232619427,163.5000084977071) (91.27083243050234,163.5000084977071) (91.27083243050234,163.5000057856957) (92.27083250350276,163.5000057856957) (92.27083250350276,163.5000038876832) (93.27083255292426,163.5000038876832) (93.27083255292426,163.5000026027226) (94.27083258624421,163.5000026027226) (94.27083258624421,163.5000017364024) (95.27083260731757,163.5000017364024) (95.27083260731757,163.5000011884933) (96.27083260731752,163.5000011884933) (96.27083260731752,163.5000006405843) (173.5096144030695,163.5000006405843) (173.5096144030695,169.6494988603188) (175.0257304999828,169.6494988603188) (175.0257304999828,182.4806515605829) (176.8245876791559,182.4806515605829) (176.8245876791559,204.1098544573876) (178.9602953224491,204.1098544573876) (178.9602953224491,228.6218987825405) (181.2685937813533,228.6218987825405) (181.2685937813533,254.2228692504944) (183.6947338290992,254.2228692504944) (183.6947338290992,280.0299225855101) (186.1634350571214,280.0299225855101) (186.1634350571214,305.9318510350467) (188.6608020926489,305.9318510350467) (188.6608020926489,331.8937418408948) (191.1852672551012,331.8937418408948) (191.1852672551012,357.873084135954) (193.7221050932226,357.873084135954) (193.7221050932226,383.8651141457428) (196.2720603132983,383.8651141457428) (196.2720603132983,409.8594677776426) (198.8220155333741,409.8594677776426) (198.8220155333741,435.8538214095424) (201.3719707534498,435.8538214095424) (201.3719707534498,461.8481750414421) (203.9219259735256,461.8481750414421) (203.9219259735256,487.8425286733419) (206.4718811936013,487.8425286733419) (206.4718811936013,513.8368823052417) (209.0218364136771,513.8368823052417) (209.0218364136771,539.8312359371415) (211.5717916337528,539.8312359371415) (211.5717916337528,565.8255895690413) (214.1217468538286,565.8255895690413) (214.1217468538286,591.8199432009411) (216.6717020739043,591.8199432009411) (216.6717020739043,617.8142968328409) (219.2216572939801,617.8142968328409) (219.2216572939801,643.8086504647407) (221.7716125140559,643.8086504647407) (221.7716125140559,669.8030040966405) (224.3215677341316,669.8030040966405) (224.3215677341316,695.7973577285403) (226.8715229542073,695.7973577285403) (226.8715229542073,721.7917113604401) (229.421478174283,721.7917113604401) (229.421478174283,735.2716860088356) (700,735.2716860088356)
batteryCharge[0]:
[0]: (0,100) (700,100)
user_guided_transport.end:
[0]: (0,0) (231.4214781742821,0) (231.4214781742821,1) (700,1)
[2K
Verifying formula 5 at /nta/queries/query[5]/formula
 -- Formula: simulate[<=700]{robot_inventory[0][0], user_guided_transport.end*2}
[2K -- Formula is satisfied.
robot_inventory[0][0]:
[0]: (0,0) (11.01574471476488,0) (11.01574471476488,1) (700,1)
user_guided_transport.end * 2:
[0]: (0,0) (234.2434148559894,0) (234.2434148559894,2) (700,2)
[2K
Verifying formula 6 at /nta/queries/query[6]/formula
 -- Formula: simulate[<=700]{bedroom[0], bedroom[1], kitchen[0], kitchen[1]}
[2K -- Formula is satisfied.
bedroom[0]:
[0]: (0,100) (700,100)
bedroom[1]:
[0]: (0,200) (700,200)
kitchen[0]:
[0]: (0,4400) (700,4400)
kitchen[1]:
[0]: (0,765) (700,765)
[2K
Verifying formula 7 at /nta/queries/query[7]/formula
 -- Formula: simulate[<=700]{rm_1.idle, rf_1.idle, rp_1.idle, rd_1.idle}
[2K -- Formula is satisfied.
rm_1.idle:
[0]: (0,0) (0,1) (0,0) (3,0) (3,1) (700,1)
rf_1.idle:
[0]: (0,0) (0,1) (7.674881370880569,1) (7.674881370880569,0) (229.9025515120886,0) (229.9025515120886,1) (700,1)
rp_1.idle:
[0]: (0,0) (0,1) (2,1) (2,0) (7.674881370880569,0) (7.674881370880569,1) (700,1)
rd_1.idle:
[0]: (0,0) (0,1) (700,1)
[2K
Verifying formula 8 at /nta/queries/query[8]/formula
 -- Formula: Pr[<=700](<>!rm_1.idle || !rf_1.idle || !rp_1.idle || !rd_1.idle)
[2K -- Formula is satisfied.
(72/72 runs) Pr(<> …) in [0.950056,1] (95% CI)
Values in [0,0] mean=0 steps=2.22045e-16: 72
[2K
Verifying formula 9 at /nta/queries/query[9]/formula
 -- Formula: Pr[<=700]([] (user_guided_transport.end imply (rm_1.idle && rf_1.idle && rp_1.idle && rd_1.idle)))
 -- Throughput: 562625 runs/sec, Load: 335 runs[K
[2K -- Formula is satisfied.
(72/72 runs) Pr([] …) in [0.950056,1] (95% CI)
[2K
Verifying formula 10 at /nta/queries/query[10]/formula
 -- Formula: Pr[<=700] (<> pow(humanPositionX[0] - kitchen[0], 2) + pow(humanPositionY[0] - kitchen[1], 2) <= 900 )
[2K -- Formula is satisfied.
(72/72 runs) Pr(<> …) in [0.950056,1] (95% CI)
Values in [192.079,196.949] mean=194.238 steps=0.541046: 10 8 10 11 9 7 4 9 4
[2K
Verifying formula 11 at /nta/queries/query[11]/formula
 -- Formula: Pr[<=700] (<> pow(humanPositionX[0] - bedroom[0], 2) + pow(humanPositionY[0] - bedroom[1], 2) <= 900 )
[2K -- Formula is satisfied.
(72/72 runs) Pr(<> …) in [0.950056,1] (95% CI)
Values in [1,1] mean=1 steps=2.22045e-16: 72
[2K
Verifying formula 12 at /nta/queries/query[12]/formula
 -- Formula: Pr[<=700] (<> pow(robPositionX[0] - bedroom[0], 2) + pow(robPositionY[0] - bedroom[1], 2) <= 900 )
[2K -- Formula is satisfied.
(72/72 runs) Pr(<> …) in [0.950056,1] (95% CI)
Values in [2,2] mean=2 steps=2.22045e-16: 72
[2K
Verifying formula 13 at /nta/queries/query[13]/formula
 -- Formula: Pr[<=700] (<> !isValidPosition(humanPositionX[0], humanPositionY[0]))
[2K -- Formula is satisfied.
(72/72 runs) Pr(<> …) in [0.950056,1] (95% CI)
Values in [0,0] mean=0 steps=2.22045e-16: 72
[2K
Verifying formula 14 at /nta/queries/query[14]/formula
 -- Formula: Pr[<=700] (<> !isValidPosition(robPositionX[0], robPositionY[0]))
[2K -- Formula is satisfied.
(72/72 runs) Pr(<> …) in [0.950056,1] (95% CI)
Values in [0,0] mean=0 steps=2.22045e-16: 72
[2K
Verifying formula 15 at /nta/queries/query[15]/formula
 -- Formula: Pr[<=700] (<> currP > 2)
 -- Throughput: 593573 runs/sec, Load: 332 runs[K
[2K -- Formula is satisfied.
(0/72 runs) Pr(<> …) in [0,0.0499441] (95% CI)
