Options for the verification:
  Generating no trace
  Search order is breadth first
  Using conservative space optimisation
  Seed is 1784973286
  State space representation uses minimal constraint systems with future testing
  Using HashMap + Compress integers for discrete state storage
[2K
Verifying formula 1 at /nta/queries/query[1]/formula
 -- Formula: simulate[<=700]{user_guided_transport_robot1_def.s1_start, user_guided_transport_robot1_def.s1_end, user_guided_transport_robot1_def.s2_start, user_guided_transport_robot1_def.s2_end, user_guided_transport_robot1_def.s3_start, user_guided_transport_robot1_def.s3_end, user_guided_transport.end}
[2K -- Formula is satisfied.
user_guided_transport_robot1_def.s1_start:
[0]: (0,0) (0,1) (0,0) (700,0)
user_guided_transport_robot1_def.s1_end:
[0]: (0,0) (2,0) (2,1) (2,0) (700,0)
user_guided_transport_robot1_def.s2_start:
[0]: (0,0) (2,0) (2,1) (2,0) (700,0)
user_guided_transport_robot1_def.s2_end:
[0]: (0,0) (10.68109165958989,0) (10.68109165958989,1) (10.68109165958989,0) (700,0)
user_guided_transport_robot1_def.s3_start:
[0]: (0,0) (10.68109165958989,0) (10.68109165958989,1) (10.68109165958989,0) (700,0)
user_guided_transport_robot1_def.s3_end:
[0]: (0,0) (201.2989466038236,0) (201.2989466038236,1) (201.2989466038236,0) (700,0)
user_guided_transport.end:
[0]: (0,0) (203.2989466038227,0) (203.2989466038227,1) (700,1)
[2K
Verifying formula 2 at /nta/queries/query[2]/formula
 -- Formula: simulate[<=700]{user_guided_transport_human1_def.s1_start, user_guided_transport_human1_def.s1_end, user_guided_transport_human1_def.s2_start, user_guided_transport_human1_def.s2_idle, user_guided_transport_human1_def.s3_start, user_guided_transport_human1_def.s3_end, user_guided_transport.end}
[2K -- Formula is satisfied.
user_guided_transport_human1_def.s1_start:
[0]: (0,0) (0,1) (0,0) (700,0)
user_guided_transport_human1_def.s1_end:
[0]: (0,0) (1,0) (1,1) (2,1) (2,0) (700,0)
user_guided_transport_human1_def.s2_start:
[0]: (0,0) (2,0) (2,1) (2,0) (700,0)
user_guided_transport_human1_def.s2_idle:
[0]: (0,0) (2,0) (2,1) (11.47916140576509,1) (11.47916140576509,0) (700,0)
user_guided_transport_human1_def.s3_start:
[0]: (0,0) (11.47916140576509,0) (11.47916140576509,1) (11.47916140576509,0) (16.47916140576507,0) (16.47916140576507,1) (16.47916140576507,0) (21.47916140576505,0) (21.47916140576505,1) (21.47916140576505,0) (26.479161405765,0) (26.479161405765,1) (26.479161405765,0) (31.47916140576495,0) (31.47916140576495,1) (31.47916140576495,0) (36.47916140576504,0) (36.47916140576504,1) (36.47916140576504,0) (41.47916140576515,0) (41.47916140576515,1) (41.47916140576515,0) (46.47916140576523,0) (46.47916140576523,1) (46.47916140576523,0) (51.47916140576523,0) (51.47916140576523,1) (51.47916140576523,0) (56.47916140576523,0) (56.47916140576523,1) (56.47916140576523,0) (61.47916140576523,0) (61.47916140576523,1) (61.47916140576523,0) (66.47916140576523,0) (66.47916140576523,1) (66.47916140576523,0) (71.47916140576523,0) (71.47916140576523,1) (71.47916140576523,0) (76.47916140576518,0) (76.47916140576518,1) (76.47916140576518,0) (81.479161405765,0) (81.479161405765,1) (81.479161405765,0) (86.47916140576521,0) (86.47916140576521,1) (86.47916140576521,0) (91.47916140576542,0) (91.47916140576542,1) (91.47916140576542,0) (96.47916140576564,0) (96.47916140576564,1) (96.47916140576564,0) (101.4791614057654,0) (101.4791614057654,1) (101.4791614057654,0) (106.4791614057651,0) (106.4791614057651,1) (106.4791614057651,0) (111.4791614057648,0) (111.4791614057648,1) (111.4791614057648,0) (116.4791614057645,0) (116.4791614057645,1) (116.4791614057645,0) (121.4791614057642,0) (121.4791614057642,1) (121.4791614057642,0) (126.4791614057639,0) (126.4791614057639,1) (126.4791614057639,0) (131.4791614057642,0) (131.4791614057642,1) (131.4791614057642,0) (136.4791614057646,0) (136.4791614057646,1) (136.4791614057646,0) (141.479161405765,0) (141.479161405765,1) (141.479161405765,0) (146.4791614057654,0) (146.4791614057654,1) (146.4791614057654,0) (151.4791614057659,0) (151.4791614057659,1) (151.4791614057659,0) (156.4791614057663,0) (156.4791614057663,1) (156.4791614057663,0) (161.4791614057667,0) (161.4791614057667,1) (161.4791614057667,0) (166.4791614057671,0) (166.4791614057671,1) (166.4791614057671,0) (171.4791614057676,0) (171.4791614057676,1) (171.4791614057676,0) (176.479161405768,0) (176.479161405768,1) (176.479161405768,0) (181.4791614057684,0) (181.4791614057684,1) (181.4791614057684,0) (186.4791614057688,0) (186.4791614057688,1) (186.4791614057688,0) (191.4791614057693,0) (191.4791614057693,1) (191.4791614057693,0) (196.4791614057697,0) (196.4791614057697,1) (196.4791614057697,0) (700,0)
user_guided_transport_human1_def.s3_end:
[0]: (0,0) (196.4791614057697,0) (196.4791614057697,1) (202.097016349995,1) (202.097016349995,0) (700,0)
user_guided_transport.end:
[0]: (0,0) (204.097016349994,0) (204.097016349994,1) (700,1)
[2K
Verifying formula 3 at /nta/queries/query[3]/formula
 -- Formula: Pr[<=700] (<> user_guided_transport.end)
[2K -- Formula is satisfied.
(72/72 runs) Pr(<> …) in [0.950056,1] (95% CI)
Values in [199.667,204.554] mean=202.25 steps=0.543033: 1 9 10 10 8 14 4 6 10
[2K
Verifying formula 4 at /nta/queries/query[4]/formula
 -- Formula: simulate[<=700]{humanPositionX[0], humanPositionY[0], robPositionX[0], robPositionY[0], batteryCharge[0], user_guided_transport.end}
[2K -- Formula is satisfied.
humanPositionX[0]:
[0]: (0,0) (0,92.5) (1,92.5) (1,97.73313175708738) (9.360830497479922,97.73313175708738) (9.360830497479922,123.7285354798977) (10.36083049747992,123.7285354798977) (10.36083049747992,149.723939202708) (11.36083049747992,149.723939202708) (11.36083049747992,175.7193429255182) (12.36083049747992,175.7193429255182) (12.36083049747992,201.7147466483285) (13.36083049747992,201.7147466483285) (13.36083049747992,227.7101503711388) (14.36083049747992,227.7101503711388) (14.36083049747992,253.7055540939491) (15.36083049747992,253.7055540939491) (15.36083049747992,279.7009578167594) (16.36083049747992,279.7009578167594) (16.36083049747992,305.6963615395697) (17.36083049747992,305.6963615395697) (17.36083049747992,331.69176526238) (18.36083049747992,331.69176526238) (18.36083049747992,357.6871689851903) (19.36083049747992,357.6871689851903) (19.36083049747992,383.6825727080006) (20.36083049747992,383.6825727080006) (20.36083049747992,409.6779764308109) (21.36083049747992,409.6779764308109) (21.36083049747992,435.6733801536212) (22.36083049747992,435.6733801536212) (22.36083049747992,461.6687838764315) (23.36083049747992,461.6687838764315) (23.36083049747992,487.6641875992418) (24.36083049747992,487.6641875992418) (24.36083049747992,513.6595913220521) (25.36083049747992,513.6595913220521) (25.36083049747992,539.6549950448623) (26.36083049747992,539.6549950448623) (26.36083049747992,565.6503987676725) (27.36083049747992,565.6503987676725) (27.36083049747992,591.6458024904828) (28.36083049747992,591.6458024904828) (28.36083049747992,617.641206213293) (29.36083049747992,617.641206213293) (29.36083049747992,643.6366099361032) (30.36083049747992,643.6366099361032) (30.36083049747992,669.6320136589135) (31.36083049747992,669.6320136589135) (31.36083049747992,695.6274173817237) (32.3608304974799,695.6274173817237) (32.3608304974799,721.622821104534) (33.36083049747987,721.622821104534) (33.36083049747987,747.6182248273442) (34.36083049747983,747.6182248273442) (34.36083049747983,773.6136285501544) (35.3608304974798,773.6136285501544) (35.3608304974798,799.6090322729647) (36.36083049747976,799.6090322729647) (36.36083049747976,825.6044359957749) (37.36083049747972,825.6044359957749) (37.36083049747972,851.5998397185851) (38.36083049747968,851.5998397185851) (38.36083049747968,877.5952434413954) (39.36083049747965,877.5952434413954) (39.36083049747965,903.5906471642056) (40.36083049747963,903.5906471642056) (40.36083049747963,929.5860508870159) (41.3608304974796,929.5860508870159) (41.3608304974796,955.5814546098261) (42.36083049747957,955.5814546098261) (42.36083049747957,981.5768583326363) (43.36083049747956,981.5768583326363) (43.36083049747956,1007.572262055447) (44.36083049747955,1007.572262055447) (44.36083049747955,1033.567665778257) (45.36083049747953,1033.567665778257) (45.36083049747953,1059.563069501067) (46.36083049747952,1059.563069501067) (46.36083049747952,1085.558473223878) (47.3608304974795,1085.558473223878) (47.3608304974795,1111.553876946688) (48.36083049747948,1111.553876946688) (48.36083049747948,1137.549280669498) (49.36083049747947,1137.549280669498) (49.36083049747947,1163.544684392309) (50.36083049747945,1163.544684392309) (50.36083049747945,1189.540088115119) (51.36083049747944,1189.540088115119) (51.36083049747944,1215.535491837929) (52.36083049747943,1215.535491837929) (52.36083049747943,1241.53089556074) (53.36083049747941,1241.53089556074) (53.36083049747941,1267.52629928355) (54.36083049747938,1267.52629928355) (54.36083049747938,1293.52170300636) (55.36083049747936,1293.52170300636) (55.36083049747936,1319.517106729171) (56.36083049747934,1319.517106729171) (56.36083049747934,1345.512510451981) (57.36083049747932,1345.512510451981) (57.36083049747932,1371.507914174791) (58.3608304974793,1371.507914174791) (58.3608304974793,1397.503317897602) (59.36083049747928,1397.503317897602) (59.36083049747928,1423.498721620412) (60.36083049747927,1423.498721620412) (60.36083049747927,1478) (61.36083049747926,1478) (61.36083049747926,1504) (62.36083049747924,1504) (62.36083049747924,1530) (63.36083049747923,1530) (63.36083049747923,1556) (64.36083049747921,1556) (64.36083049747921,1582) (65.3608304974792,1582) (65.3608304974792,1608) (66.36083049747918,1608) (66.36083049747918,1634) (67.36083049747917,1634) (67.36083049747917,1660) (68.36083049747916,1660) (68.36083049747916,1686) (69.36083049747914,1686) (69.36083049747914,1712) (70.36083049747913,1712) (70.36083049747913,1738) (71.36083049747911,1738) (71.36083049747911,1764) (72.3608304974791,1764) (72.3608304974791,1790) (73.36083049747914,1790) (73.36083049747914,1816) (74.3608304974792,1816) (74.3608304974792,1842) (75.36083049747926,1842) (75.36083049747926,1868) (76.36083049747931,1868) (76.36083049747931,1894) (77.36083049747937,1894) (77.36083049747937,1920) (78.36083049747941,1920) (78.36083049747941,1946) (79.36083049747943,1946) (79.36083049747943,1972) (80.36083049747944,1972) (80.36083049747944,1998) (81.36083049747945,1998) (81.36083049747945,2024) (82.36083049747947,2024) (82.36083049747947,2050) (83.36083049747948,2050) (83.36083049747948,2076) (84.3608304974795,2076) (84.3608304974795,2102) (85.36083049747951,2102) (85.36083049747951,2128) (86.36083049747953,2128) (86.36083049747953,2154) (87.36083049747954,2154) (87.36083049747954,2180) (88.36083049747955,2180) (88.36083049747955,2206) (89.36083049747958,2206) (89.36083049747958,2232) (90.36083049747961,2232) (90.36083049747961,2258) (91.36083049747964,2258) (91.36083049747964,2284) (92.36083049747967,2284) (92.36083049747967,2310) (93.3608304974797,2310) (93.3608304974797,2336) (94.36083049747965,2336) (94.36083049747965,2362) (95.3608304974796,2362) (95.3608304974796,2388) (96.36083049747954,2388) (96.36083049747954,2414) (97.36083049747948,2414) (97.36083049747948,2440) (98.36083049747943,2440) (98.36083049747943,2466) (99.36083049747937,2466) (99.36083049747937,2492) (100.3608304974793,2492) (100.3608304974793,2518) (101.3608304974793,2518) (101.3608304974793,2544) (102.3608304974792,2544) (102.3608304974792,2570) (103.3608304974791,2570) (103.3608304974791,2596) (104.3608304974791,2596) (104.3608304974791,2622) (105.360830497479,2622) (105.360830497479,2648) (106.360830497479,2648) (106.360830497479,2674) (107.3608304974789,2674) (107.3608304974789,2700) (108.3608304974789,2700) (108.3608304974789,2726) (109.3608304974788,2726) (109.3608304974788,2752) (110.3608304974787,2752) (110.3608304974787,2778) (111.3608304974787,2778) (111.3608304974787,2804) (112.3608304974786,2804) (112.3608304974786,2830) (113.3608304974786,2830) (113.3608304974786,2856) (114.3608304974785,2856) (114.3608304974785,2882) (115.3608304974785,2882) (115.3608304974785,2908) (116.3608304974784,2908) (116.3608304974784,2934) (117.3608304974783,2934) (117.3608304974783,2960) (118.3608304974783,2960) (118.3608304974783,2986) (119.3608304974782,2986) (119.3608304974782,3012) (120.3608304974782,3012) (120.3608304974782,3038) (121.3608304974781,3038) (121.3608304974781,3088.5) (122.3608304974781,3088.5) (122.3608304974781,3114.5) (123.360830497478,3114.5) (123.360830497478,3140.5) (124.3608304974779,3140.5) (124.3608304974779,3166.5) (125.3608304974779,3166.5) (125.3608304974779,3192.5) (126.3608304974778,3192.5) (126.3608304974778,3218.5) (127.3608304974778,3218.5) (127.3608304974778,3244.5) (128.3608304974778,3244.5) (128.3608304974778,3270.5) (129.3608304974778,3270.5) (129.3608304974778,3296.5) (130.3608304974779,3296.5) (130.3608304974779,3322.5) (131.360830497478,3322.5) (131.360830497478,3348.5) (132.3608304974781,3348.5) (132.3608304974781,3374.5) (133.3608304974782,3374.5) (133.3608304974782,3400.5) (134.3608304974783,3400.5) (134.3608304974783,3426.5) (135.3608304974784,3426.5) (135.3608304974784,3452.5) (136.3608304974784,3452.5) (136.3608304974784,3478.5) (137.3608304974785,3478.5) (137.3608304974785,3504.5) (138.3608304974786,3504.5) (138.3608304974786,3530.5) (139.3608304974787,3530.5) (139.3608304974787,3556.5) (140.3608304974788,3556.5) (140.3608304974788,3582.5) (141.3608304974789,3582.5) (141.3608304974789,3608.5) (142.360830497479,3608.5) (142.360830497479,3634.5) (143.360830497479,3634.5) (143.360830497479,3660.5) (144.3608304974791,3660.5) (144.3608304974791,3686.5) (145.3608304974792,3686.5) (145.3608304974792,3712.5) (146.3608304974793,3712.5) (146.3608304974793,3738.5) (147.3608304974794,3738.5) (147.3608304974794,3764.5) (148.3608304974795,3764.5) (148.3608304974795,3790.5) (149.3608304974796,3790.5) (149.3608304974796,3816.5) (150.3608304974796,3816.5) (150.3608304974796,3842.5) (151.3608304974797,3842.5) (151.3608304974797,3868.5) (152.3608304974798,3868.5) (152.3608304974798,3894.5) (153.3608304974799,3894.5) (153.3608304974799,3920.5) (154.36083049748,3920.5) (154.36083049748,3946.5) (155.3608304974801,3946.5) (155.3608304974801,3972.5) (156.3608304974802,3972.5) (156.3608304974802,3998.5) (157.3608304974802,3998.5) (157.3608304974802,4024.5) (158.3608304974803,4024.5) (158.3608304974803,4050.5) (159.3608304974804,4050.5) (159.3608304974804,4076.5) (160.3608304974805,4076.5) (160.3608304974805,4102.5) (161.3608304974806,4102.5) (161.3608304974806,4128.5) (162.3608304974807,4128.5) (162.3608304974807,4154.5) (163.3608304974807,4154.5) (163.3608304974807,4180.5) (164.3608304974808,4180.5) (164.3608304974808,4206.5) (165.3608304974809,4206.5) (165.3608304974809,4232.5) (166.360830497481,4232.5) (166.360830497481,4258.5) (167.3608304974811,4258.5) (167.3608304974811,4284.5) (168.3608304974812,4284.5) (168.3608304974812,4310.5) (169.3608304974813,4310.5) (169.3608304974813,4336.5) (170.3608304974813,4336.5) (170.3608304974813,4362.5) (171.3608304974814,4362.5) (171.3608304974814,4388.5) (172.3608304974815,4388.5) (172.3608304974815,4416.265463717128) (173.3608304974816,4416.265463717128) (173.3608304974816,4415.530927434256) (174.3608304974817,4415.530927434256) (174.3608304974817,4414.796391151384) (175.3608304974818,4414.796391151384) (175.3608304974818,4414.061854868512) (176.3608304974819,4414.061854868512) (176.3608304974819,4413.327318585641) (177.3608304974819,4413.327318585641) (177.3608304974819,4412.592782302769) (178.360830497482,4412.592782302769) (178.360830497482,4411.858246019897) (179.3608304974821,4411.858246019897) (179.3608304974821,4411.123709737025) (180.3608304974822,4411.123709737025) (180.3608304974822,4410.389173454153) (181.3608304974823,4410.389173454153) (181.3608304974823,4409.654637171281) (182.3608304974824,4409.654637171281) (182.3608304974824,4408.920100888409) (183.3608304974825,4408.920100888409) (183.3608304974825,4408.185564605537) (184.3608304974825,4408.185564605537) (184.3608304974825,4407.451028322665) (185.3608304974826,4407.451028322665) (185.3608304974826,4406.716492039794) (186.3608304974827,4406.716492039794) (186.3608304974827,4405.981955756922) (187.3608304974828,4405.981955756922) (187.3608304974828,4405.24741947405) (188.3608304974829,4405.24741947405) (188.3608304974829,4404.512883191178) (189.360830497483,4404.512883191178) (189.360830497483,4403.778346908306) (190.3608304974831,4403.778346908306) (190.3608304974831,4403.043810625434) (191.3608304974831,4403.043810625434) (191.3608304974831,4402.309274342562) (192.3608304974832,4402.309274342562) (192.3608304974832,4401.57473805969) (193.3608304974833,4401.57473805969) (193.3608304974833,4400.840201776819) (700,4400.840201776819)
humanPositionY[0]:
[0]: (0,0) (0,163.5) (1,163.5) (1,188.9679078844919) (9.360830497479922,188.9679078844919) (9.360830497479922,188.479046668909) (10.36083049747992,188.479046668909) (10.36083049747992,187.9901854533261) (11.36083049747992,187.9901854533261) (11.36083049747992,187.5013242377432) (12.36083049747992,187.5013242377432) (12.36083049747992,187.0124630221603) (13.36083049747992,187.0124630221603) (13.36083049747992,186.5236018065774) (14.36083049747992,186.5236018065774) (14.36083049747992,186.0347405909945) (15.36083049747992,186.0347405909945) (15.36083049747992,185.5458793754117) (16.36083049747992,185.5458793754117) (16.36083049747992,185.0570181598288) (17.36083049747992,185.0570181598288) (17.36083049747992,184.5681569442459) (18.36083049747992,184.5681569442459) (18.36083049747992,184.079295728663) (19.36083049747992,184.079295728663) (19.36083049747992,183.5904345130801) (20.36083049747992,183.5904345130801) (20.36083049747992,183.1015732974972) (21.36083049747992,183.1015732974972) (21.36083049747992,182.6127120819143) (22.36083049747992,182.6127120819143) (22.36083049747992,182.1238508663315) (23.36083049747992,182.1238508663315) (23.36083049747992,181.6349896507486) (24.36083049747992,181.6349896507486) (24.36083049747992,181.1461284351657) (25.36083049747992,181.1461284351657) (25.36083049747992,180.6572672195828) (26.36083049747992,180.6572672195828) (26.36083049747992,180.1684060039999) (27.36083049747992,180.1684060039999) (27.36083049747992,179.679544788417) (28.36083049747992,179.679544788417) (28.36083049747992,179.1906835728341) (29.36083049747992,179.1906835728341) (29.36083049747992,178.7018223572512) (30.36083049747992,178.7018223572512) (30.36083049747992,178.2129611416684) (31.36083049747992,178.2129611416684) (31.36083049747992,177.7240999260855) (32.3608304974799,177.7240999260855) (32.3608304974799,177.2352387105026) (33.36083049747987,177.2352387105026) (33.36083049747987,176.7463774949197) (34.36083049747983,176.7463774949197) (34.36083049747983,176.2575162793368) (35.3608304974798,176.2575162793368) (35.3608304974798,175.7686550637539) (36.36083049747976,175.7686550637539) (36.36083049747976,175.279793848171) (37.36083049747972,175.279793848171) (37.36083049747972,174.7909326325882) (38.36083049747968,174.7909326325882) (38.36083049747968,174.3020714170053) (39.36083049747965,174.3020714170053) (39.36083049747965,173.8132102014224) (40.36083049747963,173.8132102014224) (40.36083049747963,173.3243489858395) (41.3608304974796,173.3243489858395) (41.3608304974796,172.8354877702566) (42.36083049747957,172.8354877702566) (42.36083049747957,172.3466265546737) (43.36083049747956,172.3466265546737) (43.36083049747956,171.8577653390908) (44.36083049747955,171.8577653390908) (44.36083049747955,171.3689041235079) (45.36083049747953,171.3689041235079) (45.36083049747953,170.8800429079251) (46.36083049747952,170.8800429079251) (46.36083049747952,170.3911816923422) (47.3608304974795,170.3911816923422) (47.3608304974795,169.9023204767593) (48.36083049747948,169.9023204767593) (48.36083049747948,169.4134592611764) (49.36083049747947,169.4134592611764) (49.36083049747947,168.9245980455935) (50.36083049747945,168.9245980455935) (50.36083049747945,168.4357368300106) (51.36083049747944,168.4357368300106) (51.36083049747944,167.9468756144277) (52.36083049747943,167.9468756144277) (52.36083049747943,167.4580143988449) (53.36083049747941,167.4580143988449) (53.36083049747941,166.969153183262) (54.36083049747938,166.969153183262) (54.36083049747938,166.4802919676791) (55.36083049747936,166.4802919676791) (55.36083049747936,165.9914307520962) (56.36083049747934,165.9914307520962) (56.36083049747934,165.5025695365133) (57.36083049747932,165.5025695365133) (57.36083049747932,165.0137083209304) (58.3608304974793,165.0137083209304) (58.3608304974793,164.5248471053475) (59.36083049747928,164.5248471053475) (59.36083049747928,164.0359858897646) (60.36083049747927,164.0359858897646) (60.36083049747927,163.5) (172.3608304974815,163.5) (172.3608304974815,189.4896220913107) (173.3608304974816,189.4896220913107) (173.3608304974816,215.4792441826214) (174.3608304974817,215.4792441826214) (174.3608304974817,241.4688662739321) (175.3608304974818,241.4688662739321) (175.3608304974818,267.4584883652428) (176.3608304974819,267.4584883652428) (176.3608304974819,293.4481104565535) (177.3608304974819,293.4481104565535) (177.3608304974819,319.4377325478642) (178.360830497482,319.4377325478642) (178.360830497482,345.427354639175) (179.3608304974821,345.427354639175) (179.3608304974821,371.4169767304857) (180.3608304974822,371.4169767304857) (180.3608304974822,397.4065988217964) (181.3608304974823,397.4065988217964) (181.3608304974823,423.3962209131071) (182.3608304974824,423.3962209131071) (182.3608304974824,449.3858430044178) (183.3608304974825,449.3858430044178) (183.3608304974825,475.3754650957285) (184.3608304974825,475.3754650957285) (184.3608304974825,501.3650871870392) (185.3608304974826,501.3650871870392) (185.3608304974826,527.3547092783499) (186.3608304974827,527.3547092783499) (186.3608304974827,553.3443313696606) (187.3608304974828,553.3443313696606) (187.3608304974828,579.3339534609713) (188.3608304974829,579.3339534609713) (188.3608304974829,605.323575552282) (189.360830497483,605.323575552282) (189.360830497483,631.3131976435927) (190.3608304974831,631.3131976435927) (190.3608304974831,657.3028197349034) (191.3608304974831,657.3028197349034) (191.3608304974831,683.2924418262141) (192.3608304974832,683.2924418262141) (192.3608304974832,709.2820639175249) (193.3608304974833,709.2820639175249) (193.3608304974833,735.2716860088356) (700,735.2716860088356)
robPositionX[0]:
[0]: (0,0) (0,92.5) (2,92.5) (2,97.73313175708738) (10.36083049747992,97.73313175708738) (10.36083049747992,123.7285354798977) (11.37963395996317,123.7285354798977) (11.37963395996317,149.723939202708) (12.37963395996317,149.723939202708) (12.37963395996317,175.7193429255182) (13.37963395996317,175.7193429255182) (13.37963395996317,201.7147466483285) (14.37963395996317,201.7147466483285) (14.37963395996317,227.7101503711388) (15.37963395996317,227.7101503711388) (15.37963395996317,253.7055540939491) (16.37963395996317,253.7055540939491) (16.37963395996317,279.7009578167594) (17.37963395996317,279.7009578167594) (17.37963395996317,305.6963615395697) (18.37963395996317,305.6963615395697) (18.37963395996317,331.69176526238) (19.37963395996317,331.69176526238) (19.37963395996317,357.6871689851903) (20.37963395996317,357.6871689851903) (20.37963395996317,383.6825727080006) (21.37963395996317,383.6825727080006) (21.37963395996317,409.6779764308109) (22.37963395996317,409.6779764308109) (22.37963395996317,435.6733801536212) (23.37963395996317,435.6733801536212) (23.37963395996317,461.6687838764315) (24.37963395996317,461.6687838764315) (24.37963395996317,487.6641875992418) (25.37963395996317,487.6641875992418) (25.37963395996317,513.6595913220521) (26.37963395996317,513.6595913220521) (26.37963395996317,539.6549950448623) (27.37963395996317,539.6549950448623) (27.37963395996317,565.6503987676725) (28.37963395996317,565.6503987676725) (28.37963395996317,591.6458024904828) (29.37963395996317,591.6458024904828) (29.37963395996317,617.641206213293) (30.37963395996317,617.641206213293) (30.37963395996317,643.6366099361032) (31.37963395996317,643.6366099361032) (31.37963395996317,669.6320136589135) (32.37963395996315,669.6320136589135) (32.37963395996315,695.6274173817237) (33.37963395996312,695.6274173817237) (33.37963395996312,721.622821104534) (34.37963395996308,721.622821104534) (34.37963395996308,747.6182248273442) (35.37963395996304,747.6182248273442) (35.37963395996304,773.6136285501544) (36.37963395996301,773.6136285501544) (36.37963395996301,799.6090322729647) (37.37963395996297,799.6090322729647) (37.37963395996297,825.6044359957749) (38.37963395996294,825.6044359957749) (38.37963395996294,851.5998397185851) (39.37963395996291,851.5998397185851) (39.37963395996291,877.5952434413954) (40.37963395996288,877.5952434413954) (40.37963395996288,903.5906471642056) (41.37963395996285,903.5906471642056) (41.37963395996285,929.5860508870159) (42.37963395996282,929.5860508870159) (42.37963395996282,955.5814546098261) (43.37963395996282,955.5814546098261) (43.37963395996282,981.5768583326363) (44.3796339599628,981.5768583326363) (44.3796339599628,1007.572262055447) (45.37963395996279,1007.572262055447) (45.37963395996279,1033.567665778257) (46.37963395996277,1033.567665778257) (46.37963395996277,1059.563069501067) (47.37963395996276,1059.563069501067) (47.37963395996276,1085.558473223878) (48.37963395996274,1085.558473223878) (48.37963395996274,1111.553876946688) (49.37963395996272,1111.553876946688) (49.37963395996272,1137.549280669498) (50.37963395996271,1137.549280669498) (50.37963395996271,1163.544684392309) (51.3796339599627,1163.544684392309) (51.3796339599627,1189.540088115119) (52.37963395996268,1189.540088115119) (52.37963395996268,1215.535491837929) (53.37963395996266,1215.535491837929) (53.37963395996266,1241.53089556074) (54.37963395996264,1241.53089556074) (54.37963395996264,1267.52629928355) (55.37963395996262,1267.52629928355) (55.37963395996262,1293.52170300636) (56.3796339599626,1293.52170300636) (56.3796339599626,1319.517106729171) (57.37963395996258,1319.517106729171) (57.37963395996258,1345.512510451981) (58.37963395996256,1345.512510451981) (58.37963395996256,1371.507914174791) (59.37963395996255,1371.507914174791) (59.37963395996255,1397.503317897602) (60.37963395996253,1397.503317897602) (60.37963395996253,1423.498721620412) (61.37963395996252,1423.498721620412) (61.37963395996252,1452) (62.3796339599625,1452) (62.3796339599625,1478) (63.37963395996249,1478) (63.37963395996249,1504) (64.37963395996248,1504) (64.37963395996248,1530) (65.37963395996246,1530) (65.37963395996246,1556) (66.37963395996245,1556) (66.37963395996245,1582) (67.37963395996243,1582) (67.37963395996243,1608) (68.37963395996242,1608) (68.37963395996242,1634) (69.3796339599624,1634) (69.3796339599624,1660) (70.37963395996239,1660) (70.37963395996239,1686) (71.37963395996238,1686) (71.37963395996238,1712) (72.37963395996236,1712) (72.37963395996236,1738) (73.3796339599624,1738) (73.3796339599624,1764) (74.37963395996246,1764) (74.37963395996246,1790) (75.37963395996252,1790) (75.37963395996252,1816) (76.37963395996258,1816) (76.37963395996258,1842) (77.37963395996263,1842) (77.37963395996263,1868) (78.37963395996267,1868) (78.37963395996267,1894) (79.37963395996269,1894) (79.37963395996269,1920) (80.3796339599627,1920) (80.3796339599627,1946) (81.37963395996272,1946) (81.37963395996272,1972) (82.37963395996273,1972) (82.37963395996273,1998) (83.37963395996275,1998) (83.37963395996275,2024) (84.37963395996276,2024) (84.37963395996276,2050) (85.37963395996277,2050) (85.37963395996277,2076) (86.37963395996279,2076) (86.37963395996279,2102) (87.3796339599628,2102) (87.3796339599628,2128) (88.37963395996283,2128) (88.37963395996283,2154) (89.37963395996286,2154) (89.37963395996286,2180) (90.37963395996289,2180) (90.37963395996289,2206) (91.37963395996292,2206) (91.37963395996292,2232) (92.37963395996294,2232) (92.37963395996294,2258) (93.37963395996297,2258) (93.37963395996297,2284) (94.37963395996293,2284) (94.37963395996293,2310) (95.37963395996287,2310) (95.37963395996287,2336) (96.37963395996282,2336) (96.37963395996282,2362) (97.37963395996276,2362) (97.37963395996276,2388) (98.3796339599627,2388) (98.3796339599627,2414) (99.37963395996265,2414) (99.37963395996265,2440) (100.3796339599626,2440) (100.3796339599626,2466) (101.3796339599625,2466) (101.3796339599625,2492) (102.3796339599625,2492) (102.3796339599625,2518) (103.3796339599624,2518) (103.3796339599624,2544) (104.3796339599624,2544) (104.3796339599624,2570) (105.3796339599623,2570) (105.3796339599623,2596) (106.3796339599622,2596) (106.3796339599622,2622) (107.3796339599622,2622) (107.3796339599622,2648) (108.3796339599621,2648) (108.3796339599621,2674) (109.3796339599621,2674) (109.3796339599621,2700) (110.379633959962,2700) (110.379633959962,2726) (111.379633959962,2726) (111.379633959962,2752) (112.3796339599619,2752) (112.3796339599619,2778) (113.3796339599619,2778) (113.3796339599619,2804) (114.3796339599618,2804) (114.3796339599618,2830) (115.3796339599617,2830) (115.3796339599617,2856) (116.3796339599617,2856) (116.3796339599617,2882) (117.3796339599616,2882) (117.3796339599616,2908) (118.3796339599616,2908) (118.3796339599616,2934) (119.3796339599615,2934) (119.3796339599615,2960) (120.3796339599615,2960) (120.3796339599615,2986) (121.3796339599614,2986) (121.3796339599614,3012) (122.3796339599613,3012) (122.3796339599613,3038) (123.3796339599613,3038) (123.3796339599613,3062.5) (124.3796339599612,3062.5) (124.3796339599612,3088.5) (125.3796339599612,3088.5) (125.3796339599612,3114.5) (126.3796339599611,3114.5) (126.3796339599611,3140.5) (127.3796339599611,3140.5) (127.3796339599611,3166.5) (128.379633959961,3166.5) (128.379633959961,3192.5) (129.3796339599611,3192.5) (129.3796339599611,3218.5) (130.3796339599612,3218.5) (130.3796339599612,3244.5) (131.3796339599613,3244.5) (131.3796339599613,3270.5) (132.3796339599614,3270.5) (132.3796339599614,3296.5) (133.3796339599615,3296.5) (133.3796339599615,3322.5) (134.3796339599616,3322.5) (134.3796339599616,3348.5) (135.3796339599616,3348.5) (135.3796339599616,3374.5) (136.3796339599617,3374.5) (136.3796339599617,3400.5) (137.3796339599618,3400.5) (137.3796339599618,3426.5) (138.3796339599619,3426.5) (138.3796339599619,3452.5) (139.379633959962,3452.5) (139.379633959962,3478.5) (140.3796339599621,3478.5) (140.3796339599621,3504.5) (141.3796339599621,3504.5) (141.3796339599621,3530.5) (142.3796339599622,3530.5) (142.3796339599622,3556.5) (143.3796339599623,3556.5) (143.3796339599623,3582.5) (144.3796339599624,3582.5) (144.3796339599624,3608.5) (145.3796339599625,3608.5) (145.3796339599625,3634.5) (146.3796339599626,3634.5) (146.3796339599626,3660.5) (147.3796339599627,3660.5) (147.3796339599627,3686.5) (148.3796339599627,3686.5) (148.3796339599627,3712.5) (149.3796339599628,3712.5) (149.3796339599628,3738.5) (150.3796339599629,3738.5) (150.3796339599629,3764.5) (151.379633959963,3764.5) (151.379633959963,3790.5) (152.3796339599631,3790.5) (152.3796339599631,3816.5) (153.3796339599632,3816.5) (153.3796339599632,3842.5) (154.3796339599633,3842.5) (154.3796339599633,3868.5) (155.3796339599633,3868.5) (155.3796339599633,3894.5) (156.3796339599634,3894.5) (156.3796339599634,3920.5) (157.3796339599635,3920.5) (157.3796339599635,3946.5) (158.3796339599636,3946.5) (158.3796339599636,3972.5) (159.3796339599637,3972.5) (159.3796339599637,3998.5) (160.3796339599638,3998.5) (160.3796339599638,4024.5) (161.3796339599639,4024.5) (161.3796339599639,4050.5) (162.3796339599639,4050.5) (162.3796339599639,4076.5) (163.379633959964,4076.5) (163.379633959964,4102.5) (164.3796339599641,4102.5) (164.3796339599641,4128.5) (165.3796339599642,4128.5) (165.3796339599642,4154.5) (166.3796339599643,4154.5) (166.3796339599643,4180.5) (167.3796339599644,4180.5) (167.3796339599644,4206.5) (168.3796339599645,4206.5) (168.3796339599645,4232.5) (169.3796339599645,4232.5) (169.3796339599645,4258.5) (170.3796339599646,4258.5) (170.3796339599646,4284.5) (171.3796339599647,4284.5) (171.3796339599647,4310.5) (172.3796339599648,4310.5) (172.3796339599648,4336.5) (173.3796339599649,4336.5) (173.3796339599649,4362.5) (174.379633959965,4362.5) (174.379633959965,4388.5) (175.379633959965,4388.5) (175.379633959965,4417) (177.9786854417068,4417) (177.9786854417068,4416.265463717128) (178.9786854417069,4416.265463717128) (178.9786854417069,4415.530927434256) (179.978685441707,4415.530927434256) (179.978685441707,4414.796391151384) (180.9786854417071,4414.796391151384) (180.9786854417071,4414.061854868512) (181.9786854417071,4414.061854868512) (181.9786854417071,4413.327318585641) (182.9786854417072,4413.327318585641) (182.9786854417072,4412.592782302769) (183.9786854417073,4412.592782302769) (183.9786854417073,4411.858246019897) (184.9786854417074,4411.858246019897) (184.9786854417074,4411.123709737025) (185.9786854417075,4411.123709737025) (185.9786854417075,4410.389173454153) (186.9786854417076,4410.389173454153) (186.9786854417076,4409.654637171281) (187.9786854417077,4409.654637171281) (187.9786854417077,4408.920100888409) (188.9786854417077,4408.920100888409) (188.9786854417077,4408.185564605537) (189.9786854417078,4408.185564605537) (189.9786854417078,4407.451028322665) (190.9786854417079,4407.451028322665) (190.9786854417079,4406.716492039794) (191.978685441708,4406.716492039794) (191.978685441708,4405.981955756922) (192.9786854417081,4405.981955756922) (192.9786854417081,4405.24741947405) (193.9786854417082,4405.24741947405) (193.9786854417082,4404.512883191178) (194.9786854417083,4404.512883191178) (194.9786854417083,4403.778346908306) (195.9786854417083,4403.778346908306) (195.9786854417083,4403.043810625434) (196.9786854417084,4403.043810625434) (196.9786854417084,4402.309274342562) (197.9786854417085,4402.309274342562) (197.9786854417085,4401.57473805969) (198.9786854417086,4401.57473805969) (198.9786854417086,4400.840201776819) (700,4400.840201776819)
robPositionY[0]:
[0]: (0,0) (0,163.5) (2,163.5) (2,188.9679078844919) (10.36083049747992,188.9679078844919) (10.36083049747992,188.479046668909) (11.37963395996317,188.479046668909) (11.37963395996317,187.9901854533261) (12.37963395996317,187.9901854533261) (12.37963395996317,187.5013242377432) (13.37963395996317,187.5013242377432) (13.37963395996317,187.0124630221603) (14.37963395996317,187.0124630221603) (14.37963395996317,186.5236018065774) (15.37963395996317,186.5236018065774) (15.37963395996317,186.0347405909945) (16.37963395996317,186.0347405909945) (16.37963395996317,185.5458793754117) (17.37963395996317,185.5458793754117) (17.37963395996317,185.0570181598288) (18.37963395996317,185.0570181598288) (18.37963395996317,184.5681569442459) (19.37963395996317,184.5681569442459) (19.37963395996317,184.079295728663) (20.37963395996317,184.079295728663) (20.37963395996317,183.5904345130801) (21.37963395996317,183.5904345130801) (21.37963395996317,183.1015732974972) (22.37963395996317,183.1015732974972) (22.37963395996317,182.6127120819143) (23.37963395996317,182.6127120819143) (23.37963395996317,182.1238508663315) (24.37963395996317,182.1238508663315) (24.37963395996317,181.6349896507486) (25.37963395996317,181.6349896507486) (25.37963395996317,181.1461284351657) (26.37963395996317,181.1461284351657) (26.37963395996317,180.6572672195828) (27.37963395996317,180.6572672195828) (27.37963395996317,180.1684060039999) (28.37963395996317,180.1684060039999) (28.37963395996317,179.679544788417) (29.37963395996317,179.679544788417) (29.37963395996317,179.1906835728341) (30.37963395996317,179.1906835728341) (30.37963395996317,178.7018223572512) (31.37963395996317,178.7018223572512) (31.37963395996317,178.2129611416684) (32.37963395996315,178.2129611416684) (32.37963395996315,177.7240999260855) (33.37963395996312,177.7240999260855) (33.37963395996312,177.2352387105026) (34.37963395996308,177.2352387105026) (34.37963395996308,176.7463774949197) (35.37963395996304,176.7463774949197) (35.37963395996304,176.2575162793368) (36.37963395996301,176.2575162793368) (36.37963395996301,175.7686550637539) (37.37963395996297,175.7686550637539) (37.37963395996297,175.279793848171) (38.37963395996294,175.279793848171) (38.37963395996294,174.7909326325882) (39.37963395996291,174.7909326325882) (39.37963395996291,174.3020714170053) (40.37963395996288,174.3020714170053) (40.37963395996288,173.8132102014224) (41.37963395996285,173.8132102014224) (41.37963395996285,173.3243489858395) (42.37963395996282,173.3243489858395) (42.37963395996282,172.8354877702566) (43.37963395996282,172.8354877702566) (43.37963395996282,172.3466265546737) (44.3796339599628,172.3466265546737) (44.3796339599628,171.8577653390908) (45.37963395996279,171.8577653390908) (45.37963395996279,171.3689041235079) (46.37963395996277,171.3689041235079) (46.37963395996277,170.8800429079251) (47.37963395996276,170.8800429079251) (47.37963395996276,170.3911816923422) (48.37963395996274,170.3911816923422) (48.37963395996274,169.9023204767593) (49.37963395996272,169.9023204767593) (49.37963395996272,169.4134592611764) (50.37963395996271,169.4134592611764) (50.37963395996271,168.9245980455935) (51.3796339599627,168.9245980455935) (51.3796339599627,168.4357368300106) (52.37963395996268,168.4357368300106) (52.37963395996268,167.9468756144277) (53.37963395996266,167.9468756144277) (53.37963395996266,167.4580143988449) (54.37963395996264,167.4580143988449) (54.37963395996264,166.969153183262) (55.37963395996262,166.969153183262) (55.37963395996262,166.4802919676791) (56.3796339599626,166.4802919676791) (56.3796339599626,165.9914307520962) (57.37963395996258,165.9914307520962) (57.37963395996258,165.5025695365133) (58.37963395996256,165.5025695365133) (58.37963395996256,165.0137083209304) (59.37963395996255,165.0137083209304) (59.37963395996255,164.5248471053475) (60.37963395996253,164.5248471053475) (60.37963395996253,164.0359858897646) (61.37963395996252,164.0359858897646) (61.37963395996252,163.5) (177.9786854417068,163.5) (177.9786854417068,189.4896220913107) (178.9786854417069,189.4896220913107) (178.9786854417069,215.4792441826214) (179.978685441707,215.4792441826214) (179.978685441707,241.4688662739321) (180.9786854417071,241.4688662739321) (180.9786854417071,267.4584883652428) (181.9786854417071,267.4584883652428) (181.9786854417071,293.4481104565535) (182.9786854417072,293.4481104565535) (182.9786854417072,319.4377325478642) (183.9786854417073,319.4377325478642) (183.9786854417073,345.427354639175) (184.9786854417074,345.427354639175) (184.9786854417074,371.4169767304857) (185.9786854417075,371.4169767304857) (185.9786854417075,397.4065988217964) (186.9786854417076,397.4065988217964) (186.9786854417076,423.3962209131071) (187.9786854417077,423.3962209131071) (187.9786854417077,449.3858430044178) (188.9786854417077,449.3858430044178) (188.9786854417077,475.3754650957285) (189.9786854417078,475.3754650957285) (189.9786854417078,501.3650871870392) (190.9786854417079,501.3650871870392) (190.9786854417079,527.3547092783499) (191.978685441708,527.3547092783499) (191.978685441708,553.3443313696606) (192.9786854417081,553.3443313696606) (192.9786854417081,579.3339534609713) (193.9786854417082,579.3339534609713) (193.9786854417082,605.323575552282) (194.9786854417083,605.323575552282) (194.9786854417083,631.3131976435927) (195.9786854417083,631.3131976435927) (195.9786854417083,657.3028197349034) (196.9786854417084,657.3028197349034) (196.9786854417084,683.2924418262141) (197.9786854417085,683.2924418262141) (197.9786854417085,709.2820639175249) (198.9786854417086,709.2820639175249) (198.9786854417086,735.2716860088356) (700,735.2716860088356)
batteryCharge[0]:
[0]: (0,100) (700,100)
user_guided_transport.end:
[0]: (0,0) (200.9786854417077,0) (200.9786854417077,1) (700,1)
[2K
Verifying formula 5 at /nta/queries/query[5]/formula
 -- Formula: simulate[<=700]{robot_inventory[0][0], user_guided_transport.end*2}
[2K -- Formula is satisfied.
robot_inventory[0][0]:
[0]: (0,0) (9.873497514957027,0) (9.873497514957027,1) (700,1)
user_guided_transport.end * 2:
[0]: (0,0) (202.4913524591856,0) (202.4913524591856,2) (700,2)
[2K
Verifying formula 6 at /nta/queries/query[6]/formula
 -- Formula: simulate[<=700]{bedroom[0], bedroom[1], kitchen[0], kitchen[1]}
[2K -- Formula is satisfied.
bedroom[0]:
[0]: (0,100) (700,100)
bedroom[1]:
[0]: (0,200) (700,200)
kitchen[0]:
[0]: (0,4400) (700,4400)
kitchen[1]:
[0]: (0,765) (700,765)
[2K
Verifying formula 7 at /nta/queries/query[7]/formula
 -- Formula: simulate[<=700]{rm_1.idle, rf_1.idle, rp_1.idle, rd_1.idle}
[2K -- Formula is satisfied.
rm_1.idle:
[0]: (0,0) (0,1) (0,0) (3,0) (3,1) (10.9866163868262,1) (10.9866163868262,0) (202.6044713310535,0) (202.6044713310535,1) (700,1)
rf_1.idle:
[0]: (0,0) (0,1) (700,1)
rp_1.idle:
[0]: (0,0) (0,1) (2,1) (2,0) (10.9866163868262,0) (10.9866163868262,1) (700,1)
rd_1.idle:
[0]: (0,0) (0,1) (700,1)
[2K
Verifying formula 8 at /nta/queries/query[8]/formula
 -- Formula: Pr[<=700](<>!rm_1.idle || !rf_1.idle || !rp_1.idle || !rd_1.idle)
[2K -- Formula is satisfied.
(72/72 runs) Pr(<> …) in [0.950056,1] (95% CI)
Values in [0,0] mean=0 steps=2.22045e-16: 72
[2K
Verifying formula 9 at /nta/queries/query[9]/formula
 -- Formula: Pr[<=700]([] (user_guided_transport.end imply (rm_1.idle && rf_1.idle && rp_1.idle && rd_1.idle)))
 -- Throughput: 686615 runs/sec, Load: 324 runs[K
[2K -- Formula is satisfied.
(72/72 runs) Pr([] …) in [0.950056,1] (95% CI)
[2K
Verifying formula 10 at /nta/queries/query[10]/formula
 -- Formula: Pr[<=700] (<> pow(robPositionX[0] - kitchen[0], 2) + pow(robPositionY[0] - kitchen[1], 2) <= 900 )
[2K -- Formula is satisfied.
(72/72 runs) Pr(<> …) in [0.950056,1] (95% CI)
Values in [197.628,202.524] mean=200.556 steps=0.543998: 3 8 5 6 7 7 13 10 13
[2K
Verifying formula 11 at /nta/queries/query[11]/formula
 -- Formula: Pr[<=700] (<> pow(robPositionX[0] - bedroom[0], 2) + pow(robPositionY[0] - bedroom[1], 2) <= 900 )
[2K -- Formula is satisfied.
(72/72 runs) Pr(<> …) in [0.950056,1] (95% CI)
Values in [2,2] mean=2 steps=2.22045e-16: 72
[2K
Verifying formula 12 at /nta/queries/query[12]/formula
 -- Formula: Pr[<=700] (<> pow(humanPositionX[0] - kitchen[0], 2) + pow(humanPositionY[0] - kitchen[1], 2) <= 900 )
[2K -- Formula is satisfied.
(88/89 runs) Pr(<> …) in [0.938982,0.999716] (95% CI)
Values in [192.031,196.979] mean=194.678 steps=0.494865: 8 9 8 9 5 9 9 7 11 13
[2K
Verifying formula 13 at /nta/queries/query[13]/formula
 -- Formula: Pr[<=700] (<> pow(humanPositionX[0] - bedroom[0], 2) + pow(humanPositionY[0] - bedroom[1], 2) <= 900 )
[2K -- Formula is satisfied.
(72/72 runs) Pr(<> …) in [0.950056,1] (95% CI)
Values in [1,1] mean=1 steps=2.22045e-16: 72
[2K
Verifying formula 14 at /nta/queries/query[14]/formula
 -- Formula: Pr[<=700] (<> !isValidPosition(humanPositionX[0], humanPositionY[0]))
[2K -- Formula is satisfied.
(72/72 runs) Pr(<> …) in [0.950056,1] (95% CI)
Values in [0,0] mean=0 steps=2.22045e-16: 72
[2K
Verifying formula 15 at /nta/queries/query[15]/formula
 -- Formula: Pr[<=700] (<> !isValidPosition(robPositionX[0], robPositionY[0]))
[2K -- Formula is satisfied.
(72/72 runs) Pr(<> …) in [0.950056,1] (95% CI)
Values in [0,0] mean=0 steps=2.22045e-16: 72
[2K
Verifying formula 16 at /nta/queries/query[16]/formula
 -- Formula: Pr[<=700] (<> currP > 2)
 -- Throughput: 686268 runs/sec, Load: 324 runs[K
[2K -- Formula is satisfied.
(0/72 runs) Pr(<> …) in [0,0.0499441] (95% CI)
